0
0.000000 0.000000 98304.000000 98304.000000 99936.000000 99984.000000 99840.000000 67072.000000 46560.000000 48608.000000 99912.000000 99968.000000 99840.000000 99840.000000 99616.000000 83168.000000 99992.000000 99776.000000 99904.000000 100000.000000 96640.000000 100000.000000 98304.000000 99840.000000 99936.000000 99984.000000 99904.000000 99816.000000 90536.000000 0.000000 0.000000 99752.000000 99944.000000 98304.000000 99944.000000 99896.000000 99992.000000 99872.000000 99872.000000 98848.000000 0.000000 0.000000 99904.000000 98304.000000 99936.000000 85248.000000 99968.000000 99968.000000 99904.000000 0.000000 87904.000000 0.000000 100000.000000 99840.000000 99840.000000 99984.000000 99968.000000 99904.000000 99816.000000 100000.000000 99936.000000 
1
0.000000 0.000000 98304.000000 98304.000000 99936.000000 99984.000000 99840.000000 67072.000000 46560.000000 48608.000000 99912.000000 99968.000000 99840.000000 99840.000000 99616.000000 83168.000000 99992.000000 99776.000000 99904.000000 100000.000000 96640.000000 100000.000000 98304.000000 99840.000000 99936.000000 99984.000000 99904.000000 99816.000000 90024.000000 0.000000 0.000000 99752.000000 99944.000000 98304.000000 99944.000000 99896.000000 99968.000000 99872.000000 99872.000000 97824.000000 0.000000 0.000000 99904.000000 98304.000000 99936.000000 99888.000000 99968.000000 99840.000000 99840.000000 0.000000 87008.000000 0.000000 99840.000000 98304.000000 99984.000000 99952.000000 99992.000000 99904.000000 99816.000000 100000.000000 99936.000000 
2
0.000000 0.000000 98304.000000 98304.000000 99936.000000 99984.000000 99984.000000 99840.000000 99840.000000 0.000000 99976.000000 99968.000000 99840.000000 99840.000000 99840.000000 87936.000000 100000.000000 99904.000000 99648.000000 100000.000000 96128.000000 100000.000000 97920.000000 99456.000000 99936.000000 99984.000000 99968.000000 99936.000000 89632.000000 0.000000 0.000000 99904.000000 99976.000000 97920.000000 99968.000000 99968.000000 99992.000000 100000.000000 100000.000000 96480.000000 0.000000 0.000000 99968.000000 97920.000000 99936.000000 86304.000000 99984.000000 99840.000000 99776.000000 0.000000 86688.000000 0.000000 99712.000000 99936.000000 99936.000000 99984.000000 99968.000000 99968.000000 99936.000000 100000.000000 99936.000000 
3
0.000000 0.000000 98304.000000 98304.000000 99936.000000 99888.000000 99984.000000 67072.000000 48096.000000 51168.000000 99784.000000 99992.000000 99840.000000 99936.000000 99936.000000 83072.000000 100000.000000 99760.000000 76976.000000 99824.000000 95792.000000 100000.000000 98304.000000 99840.000000 99840.000000 99984.000000 99904.000000 99904.000000 91104.000000 0.000000 0.000000 99936.000000 99816.000000 98112.000000 99936.000000 99984.000000 99960.000000 99136.000000 69184.000000 73760.000000 0.000000 65312.000000 99904.000000 98112.000000 99936.000000 86616.000000 99960.000000 60736.000000 70720.000000 0.000000 64256.000000 64032.000000 99872.000000 98112.000000 99936.000000 100000.000000 99960.000000 99136.000000 94784.000000 100000.000000 99936.000000 
4
0.000000 0.000000 98304.000000 98304.000000 99936.000000 99888.000000 99968.000000 99840.000000 99840.000000 0.000000 99976.000000 99976.000000 99840.000000 99840.000000 99936.000000 99984.000000 99936.000000 99752.000000 74280.000000 96936.000000 99752.000000 99968.000000 98304.000000 99840.000000 99744.000000 99984.000000 99328.000000 49920.000000 0.000000 0.000000 0.000000 85856.000000 99912.000000 99840.000000 99936.000000 86328.000000 99984.000000 99328.000000 68864.000000 74464.000000 0.000000 0.000000 99845.000000 98304.000000 99904.000000 80832.000000 99984.000000 60544.000000 69024.000000 0.000000 64056.000000 0.000000 99968.000000 97920.000000 99936.000000 99960.000000 99984.000000 99968.000000 99968.000000 100000.000000 99936.000000 
5
0.000000 0.000000 98304.000000 98304.000000 99936.000000 99888.000000 99968.000000 99816.000000 99816.000000 0.000000 99952.000000 99968.000000 99840.000000 99840.000000 99488.000000 84992.000000 100000.000000 99752.000000 99880.000000 99976.000000 96776.000000 100000.000000 98304.000000 99840.000000 99936.000000 99984.000000 99328.000000 47904.000000 0.000000 0.000000 0.000000 84832.000000 99784.000000 99840.000000 99840.000000 81792.000000 99936.000000 99968.000000 67712.000000 72800.000000 0.000000 0.000000 99968.000000 97152.000000 99936.000000 99984.000000 99968.000000 62592.000000 77440.000000 0.000000 70968.000000 0.000000 99936.000000 97152.000000 100000.000000 99984.000000 99936.000000 99968.000000 68480.000000 100000.000000 99936.000000 
6
0.000000 0.000000 98308.000000 98304.000000 99936.000000 78936.000000 99968.000000 99816.000000 99816.000000 0.000000 99952.000000 99968.000000 99840.000000 99840.000000 98304.000000 99984.000000 99936.000000 100000.000000 72224.000000 99712.000000 99008.000000 100000.000000 98304.000000 99840.000000 99936.000000 99984.000000 99904.000000 48704.000000 0.000000 0.000000 0.000000 84640.000000 99976.000000 99648.000000 99840.000000 83232.000000 99936.000000 99584.000000 67840.000000 73440.000000 0.000000 0.000000 99968.000000 96768.000000 99968.000000 84192.000000 99968.000000 58432.000000 67392.000000 0.000000 61944.000000 0.000000 100000.000000 95808.000000 99936.000000 99888.000000 99968.000000 99904.000000 99904.000000 100000.000000 99936.000000 
7
0.000000 0.000000 98308.000000 98304.000000 99936.000000 78912.000000 99968.000000 99816.000000 99752.000000 0.000000 99952.000000 99976.000000 99840.000000 99840.000000 99808.000000 84992.000000 100000.000000 99840.000000 99968.000000 99968.000000 96864.000000 100000.000000 98304.000000 99840.000000 99840.000000 99984.000000 99840.000000 99840.000000 90688.000000 0.000000 0.000000 99872.000000 99976.000000 98304.000000 99936.000000 99984.000000 99968.000000 99840.000000 99840.000000 95744.000000 0.000000 0.000000 99968.000000 98304.000000 99904.000000 87840.000000 99968.000000 99840.000000 99840.000000 0.000000 93592.000000 0.000000 99840.000000 99936.000000 99744.000000 99984.000000 99968.000000 99840.000000 99840.000000 100000.000000 99936.000000 
8
0.000000 0.000000 98307.000000 98304.000000 99840.000000 77184.000000 99968.000000 99816.000000 99752.000000 0.000000 99952.000000 99976.000000 99840.000000 99840.000000 98304.000000 98304.000000 100000.000000 99936.000000 99680.000000 100000.000000 95872.000000 100000.000000 98304.000000 99840.000000 99552.000000 99984.000000 99776.000000 99944.000000 89768.000000 0.000000 0.000000 99944.000000 99976.000000 97152.000000 99936.000000 99928.000000 99960.000000 99968.000000 99968.000000 95616.000000 0.000000 0.000000 99968.000000 97152.000000 99936.000000 86112.000000 100000.000000 99840.000000 99840.000000 0.000000 83672.000000 0.000000 99968.000000 97152.000000 99936.000000 100000.000000 99968.000000 99944.000000 99944.000000 100000.000000 99936.000000 
9
0.000000 0.000000 98307.000000 98304.000000 99840.000000 77184.000000 99968.000000 99808.000000 99744.000000 0.000000 99944.000000 99976.000000 99840.000000 99840.000000 98304.000000 98304.000000 99984.000000 99776.000000 74048.000000 96704.000000 99936.000000 100000.000000 98304.000000 99840.000000 99936.000000 99984.000000 100000.000000 99880.000000 90664.000000 0.000000 0.000000 99912.000000 100000.000000 98112.000000 100000.000000 99984.000000 99968.000000 99936.000000 99936.000000 99872.000000 0.000000 0.000000 99904.000000 98112.000000 99936.000000 99936.000000 99984.000000 99904.000000 99904.000000 0.000000 87320.000000 0.000000 99968.000000 98112.000000 99936.000000 100000.000000 99984.000000 100000.000000 99880.000000 100000.000000 99936.000000 
10
0.000000 0.000000 33820.000000 0.000000 0.000000 0.000000 100000.000000 99978.000000 99978.000000 99978.000000 100000.000000 99912.000000 99840.000000 99840.000000 99840.000000 87840.000000 100000.000000 99776.000000 99776.000000 100000.000000 98176.000000 100000.000000 99840.000000 99840.000000 99840.000000 99968.000000 100000.000000 100000.000000 100000.000000 98048.000000 98048.000000 100000.000000 99912.000000 99840.000000 99840.000000 99840.000000 99968.000000 100000.000000 100000.000000 99936.000000 97088.000000 99998.000000 100000.000000 100000.000000 99968.000000 99840.000000 100000.000000 99840.000000 99840.000000 99840.000000 99992.000000 100000.000000 99996.000000 100000.000000 100000.000000 99972.000000 100000.000000 99997.000000 99997.000000 100000.000000 99978.000000 
11
0.000000 0.000000 33824.000000 0.000000 0.000000 0.000000 100000.000000 99978.000000 99978.000000 99978.000000 100000.000000 99912.000000 99840.000000 99840.000000 99936.000000 83904.000000 100000.000000 99776.000000 99776.000000 100000.000000 98176.000000 100000.000000 99840.000000 99840.000000 99840.000000 99968.000000 100000.000000 100000.000000 100000.000000 98048.000000 98048.000000 100000.000000 100000.000000 99840.000000 99840.000000 99840.000000 99968.000000 100000.000000 99968.000000 99936.000000 99712.000000 99998.000000 100000.000000 100000.000000 99868.000000 99840.000000 100000.000000 99840.000000 99840.000000 99840.000000 100000.000000 99992.000000 100000.000000 100000.000000 100000.000000 99992.000000 100000.000000 99997.000000 99997.000000 100000.000000 99978.000000 
12
0.000000 0.000000 33792.000000 0.000000 0.000000 0.000000 100000.000000 99946.000000 99978.000000 99992.000000 99972.000000 99968.000000 99840.000000 99840.000000 98304.000000 98304.000000 99984.000000 99776.000000 73536.000000 95680.000000 99840.000000 100000.000000 99840.000000 99840.000000 99840.000000 99968.000000 100000.000000 99244.000000 94396.000000 94204.000000 94204.000000 100000.000000 99924.000000 99840.000000 99840.000000 99840.000000 99968.000000 100000.000000 99936.000000 100000.000000 99168.000000 99996.000000 100000.000000 100000.000000 100000.000000 99840.000000 100000.000000 99840.000000 99840.000000 99840.000000 99864.000000 99992.000000 100000.000000 100000.000000 100000.000000 99996.000000 100000.000000 99998.000000 99982.000000 100000.000000 99936.000000 
13
0.000000 0.000000 33793.888889 0.000000 0.000000 0.000000 100000.000000 99978.000000 99978.000000 99978.000000 100000.000000 99940.000000 99840.000000 99840.000000 99936.000000 85728.000000 100000.000000 99840.000000 99840.000000 100000.000000 96096.000000 100000.000000 99648.000000 99648.000000 99648.000000 99840.000000 100000.000000 99964.000000 100000.000000 97440.000000 97440.000000 100000.000000 99948.000000 99648.000000 99648.000000 99840.000000 99984.000000 100000.000000 100000.000000 99968.000000 98496.000000 100000.000000 99997.888889 100000.000000 99676.000000 99648.000000 99988.000000 99840.000000 99840.000000 99840.000000 99864.000000 100000.000000 100000.000000 100000.000000 100000.000000 99996.000000 100000.000000 99996.000000 99980.000000 100000.000000 99936.000000 
14
0.000000 0.000000 33792.000000 0.000000 0.000000 0.000000 100000.000000 99974.000000 99972.000000 99972.000000 100000.000000 100000.000000 99984.000000 99364.000000 0.000000 0.000000 100000.000000 100000.000000 100000.000000 99970.000000 98498.000000 100000.000000 99840.000000 99840.000000 99840.000000 99968.000000 100000.000000 99996.000000 100000.000000 97632.000000 97632.000000 100000.000000 100000.000000 99840.000000 99840.000000 99984.000000 99936.000000 100000.000000 100000.000000 99872.000000 97920.000000 99994.000000 99998.000000 100000.000000 99868.000000 99840.000000 100000.000000 99840.000000 99840.000000 99840.000000 99864.000000 99992.000000 100000.000000 100000.000000 100000.000000 100000.000000 100000.000000 99996.000000 99996.000000 100000.000000 99990.000000 
15
0.000000 0.000000 33792.000000 0.000000 0.000000 0.000000 100000.000000 99974.000000 99972.000000 99972.000000 100000.000000 100000.000000 99984.000000 99704.000000 0.000000 0.000000 100000.000000 100000.000000 100000.000000 99970.000000 98082.000000 100000.000000 99840.000000 99840.000000 99840.000000 99968.000000 100000.000000 99988.000000 100000.000000 97632.000000 97632.000000 100000.000000 100000.000000 99840.000000 99840.000000 99968.000000 98856.000000 100000.000000 100000.000000 100000.000000 99360.000000 99998.000000 99998.000000 100000.000000 99868.000000 99840.000000 100000.000000 99840.000000 99840.000000 99840.000000 99864.000000 99992.000000 100000.000000 100000.000000 99988.000000 99992.000000 100000.000000 99964.000000 99964.000000 100000.000000 99990.000000 
16
0.000000 0.000000 33792.000000 0.000000 0.000000 0.000000 100000.000000 99972.000000 99972.000000 99972.000000 100000.000000 100000.000000 99984.000000 99336.000000 0.000000 0.000000 100000.000000 100000.000000 100000.000000 99970.000000 97986.000000 100000.000000 99840.000000 99840.000000 99840.000000 99968.000000 100000.000000 99988.000000 100000.000000 98304.000000 98304.000000 100000.000000 100000.000000 99840.000000 99840.000000 99992.000000 98856.000000 100000.000000 100000.000000 99968.000000 98976.000000 100000.000000 99996.000000 100000.000000 99866.000000 99840.000000 99988.000000 99840.000000 99840.000000 99840.000000 99864.000000 99992.000000 100000.000000 100000.000000 100000.000000 99992.000000 100000.000000 99981.000000 99981.000000 100000.000000 99958.000000 
17
0.000000 0.000000 33792.000000 0.000000 0.000000 0.000000 100000.000000 99972.000000 99972.000000 99972.000000 100000.000000 100000.000000 99984.000000 99337.888889 0.000000 0.000000 100000.000000 100000.000000 100000.000000 99970.000000 97986.000000 100000.000000 99840.000000 99840.000000 99840.000000 99968.000000 100000.000000 99992.000000 100000.000000 98688.000000 98688.000000 100000.000000 100000.000000 99840.000000 99840.000000 99968.000000 98856.000000 100000.000000 100000.000000 100000.000000 98304.000000 99998.000000 99996.000000 100000.000000 99990.000000 99840.000000 100000.000000 99840.000000 99840.000000 99968.000000 100000.000000 100000.000000 99984.000000 99936.000000 99996.000000 99964.000000 100000.000000 99949.000000 99997.000000 100000.000000 99958.000000 
18
0.000000 0.000000 33792.000000 0.000000 0.000000 0.000000 100000.000000 99974.000000 99972.000000 99972.000000 100000.000000 100000.000000 99984.000000 99792.000000 0.000000 0.000000 100000.000000 100000.000000 100000.000000 99996.000000 99868.000000 100000.000000 99840.000000 99840.000000 99840.000000 99968.000000 100000.000000 100000.000000 100000.000000 96768.000000 96768.000000 100000.000000 100000.000000 99840.000000 99840.000000 99968.000000 98856.000000 100000.000000 100000.000000 99936.000000 98304.000000 100000.000000 99998.000000 100000.000000 99986.000000 99840.000000 99989.000000 99840.000000 99840.000000 99840.000000 100000.000000 100000.000000 99984.000000 99936.000000 99996.000000 99992.000000 100000.000000 99997.000000 99997.000000 100000.000000 99958.000000 
19
0.000000 0.000000 33792.000000 0.000000 0.000000 0.000000 100000.000000 99974.000000 99972.000000 99972.000000 100000.000000 100000.000000 99984.000000 99960.000000 0.000000 0.000000 100000.000000 100000.000000 100000.000000 99964.000000 99868.000000 100000.000000 99840.000000 99840.000000 99840.000000 99968.000000 100000.000000 100000.000000 100000.000000 96768.000000 96768.000000 100000.000000 100000.000000 99840.000000 99840.000000 99968.000000 98856.000000 100000.000000 100000.000000 99936.000000 98304.000000 100000.000000 99998.000000 100000.000000 99984.000000 99840.000000 99989.000000 99968.000000 99840.000000 99968.000000 100000.000000 100000.000000 99984.000000 99936.000000 99996.000000 99992.000000 100000.000000 99965.000000 99997.000000 100000.000000 99958.000000 
