0
0.000000 0.000000 82680.000000 21240.000000 30720.000000 0.000000 19880.000000 2800.000000 0.000000 7168.000000 166400.000000 102464.000000 37312.000000 55296.000000 70656.000000 6144.000000 0.000000 0.000000 0.000000 79257.000000 13772.000000 129024.000000 61440.000000 0.000000 18432.000000 23080.000000 26400.000000 2170.000000 0.000000 0.000000 0.000000 0.000000 110592.000000 43008.000000 52224.000000 0.000000 23608.000000 17600.000000 6510.000000 0.000000 0.000000 0.000000 97792.000000 30208.000000 49152.000000 0.000000 0.000000 2800.000000 0.000000 0.000000 0.000000 0.000000 23508.000000 1.000000 24576.000000 0.000000 23080.000000 8800.000000 0.000000 275717.000000 207840.000000 
1
0.000000 0.000000 82680.000000 21240.000000 27648.000000 0.000000 19880.000000 2800.000000 0.000000 7168.000000 164928.000000 100992.000000 34944.000000 55296.000000 70656.000000 6144.000000 7580.000000 0.000000 0.000000 79257.000000 13772.000000 123096.000000 55512.000000 1536.000000 18432.000000 22552.000000 26400.000000 2170.000000 0.000000 0.000000 0.000000 0.000000 105528.000000 37944.000000 52224.000000 0.000000 23608.000000 17600.000000 4340.000000 0.000000 0.000000 0.000000 97792.000000 30208.000000 49152.000000 0.000000 0.000000 0.000000 0.000000 0.000000 0.000000 0.000000 23400.000000 1.000000 24576.000000 0.000000 22552.000000 8800.000000 0.000000 275001.000000 207124.000000 
2
0.000000 0.000000 82572.000000 21132.000000 30720.000000 0.000000 19880.000000 2800.000000 0.000000 6144.000000 164928.000000 100992.000000 34944.000000 55296.000000 70656.000000 6144.000000 7580.000000 0.000000 0.000000 79214.000000 13729.000000 123096.000000 55512.000000 1536.000000 18432.000000 22740.000000 26400.000000 2170.000000 0.000000 0.000000 0.000000 0.000000 105420.000000 37836.000000 55296.000000 0.000000 23796.000000 8800.000000 4340.000000 0.000000 0.000000 0.000000 97792.000000 30208.000000 49152.000000 0.000000 0.000000 0.000000 0.000000 0.000000 0.000000 0.000000 23412.000000 1.000000 24576.000000 0.000000 22740.000000 8800.000000 0.000000 275571.000000 207919.000000 
3
0.000000 0.000000 82572.000000 21132.000000 30720.000000 0.000000 19880.000000 0.000000 0.000000 6144.000000 166400.000000 102464.000000 36416.000000 49152.000000 70656.000000 6144.000000 0.000000 0.000000 0.000000 79214.000000 13729.000000 122988.000000 55404.000000 1536.000000 15360.000000 22740.000000 26400.000000 2170.000000 0.000000 0.000000 0.000000 0.000000 105312.000000 37728.000000 55296.000000 0.000000 23796.000000 8800.000000 4340.000000 0.000000 0.000000 0.000000 97792.000000 30208.000000 49152.000000 0.000000 0.000000 0.000000 0.000000 0.000000 0.000000 0.000000 23412.000000 1.000000 24576.000000 0.000000 22740.000000 8800.000000 0.000000 275571.000000 207919.000000 
4
0.000000 0.000000 82680.000000 21240.000000 30720.000000 0.000000 19880.000000 2800.000000 0.000000 7168.000000 166400.000000 102464.000000 37312.000000 55296.000000 70656.000000 6144.000000 0.000000 0.000000 0.000000 79257.000000 13772.000000 129024.000000 61440.000000 0.000000 18432.000000 23080.000000 26400.000000 2170.000000 0.000000 0.000000 0.000000 0.000000 110700.000000 43116.000000 52224.000000 0.000000 23608.000000 17600.000000 6510.000000 0.000000 0.000000 0.000000 102912.000000 35328.000000 49152.000000 0.000000 0.000000 0.000000 0.000000 0.000000 0.000000 0.000000 104448.000000 36864.000000 52224.000000 0.000000 23080.000000 8800.000000 0.000000 271352.000000 204788.000000 
5
0.000000 0.000000 82680.000000 21240.000000 27648.000000 0.000000 19880.000000 2800.000000 0.000000 7168.000000 164928.000000 100992.000000 34944.000000 55296.000000 70656.000000 6144.000000 7580.000000 0.000000 0.000000 79257.000000 13772.000000 123096.000000 55512.000000 1536.000000 18432.000000 22552.000000 26400.000000 2170.000000 0.000000 0.000000 0.000000 0.000000 105420.000000 37836.000000 52224.000000 0.000000 23608.000000 17600.000000 4340.000000 0.000000 0.000000 0.000000 102912.000000 35328.000000 49152.000000 0.000000 0.000000 0.000000 0.000000 0.000000 0.000000 0.000000 104448.000000 36864.000000 49152.000000 0.000000 22552.000000 8800.000000 0.000000 272051.000000 205487.000000 
6
0.000000 0.000000 82572.000000 21132.000000 30720.000000 0.000000 19880.000000 2800.000000 0.000000 6144.000000 164928.000000 100992.000000 34944.000000 55296.000000 70656.000000 6144.000000 7580.000000 0.000000 0.000000 79214.000000 13729.000000 123096.000000 55512.000000 1536.000000 18432.000000 22740.000000 26400.000000 2170.000000 0.000000 0.000000 0.000000 0.000000 105420.000000 37836.000000 52224.000000 0.000000 23796.000000 8800.000000 4340.000000 0.000000 0.000000 0.000000 102912.000000 35328.000000 49152.000000 0.000000 0.000000 0.000000 0.000000 0.000000 0.000000 0.000000 104448.000000 36864.000000 49152.000000 0.000000 22740.000000 8800.000000 0.000000 272068.000000 205504.000000 
7
0.000000 0.000000 82572.000000 21132.000000 30720.000000 0.000000 19880.000000 0.000000 0.000000 6144.000000 166400.000000 102464.000000 36416.000000 49152.000000 70656.000000 6144.000000 0.000000 0.000000 0.000000 79214.000000 13729.000000 122988.000000 55404.000000 1536.000000 15360.000000 22740.000000 26400.000000 2170.000000 0.000000 0.000000 0.000000 0.000000 105312.000000 37728.000000 55296.000000 0.000000 23796.000000 8800.000000 4340.000000 0.000000 0.000000 0.000000 102912.000000 35328.000000 49152.000000 0.000000 0.000000 0.000000 0.000000 0.000000 0.000000 0.000000 104448.000000 36864.000000 49152.000000 0.000000 22740.000000 8800.000000 0.000000 271890.000000 205551.000000 
8
0.000000 0.000000 82680.000000 21240.000000 52224.000000 0.000000 0.000000 2800.000000 0.000000 0.000000 166400.000000 102464.000000 37312.000000 12408.000000 70656.000000 6144.000000 18000.000000 2800.000000 0.000000 79214.000000 13729.000000 129024.000000 61440.000000 0.000000 18432.000000 22552.000000 26400.000000 2170.000000 0.000000 0.000000 0.000000 0.000000 92160.000000 30720.000000 33792.000000 0.000000 23608.000000 17600.000000 4340.000000 0.000000 0.000000 0.000000 97792.000000 30208.000000 49152.000000 0.000000 0.000000 0.000000 0.000000 0.000000 0.000000 0.000000 23400.000000 1.000000 24576.000000 0.000000 22552.000000 8800.000000 0.000000 274372.000000 207647.000000 
9
0.000000 0.000000 82572.000000 21132.000000 49152.000000 0.000000 0.000000 2800.000000 0.000000 0.000000 164928.000000 100992.000000 34944.000000 12300.000000 70656.000000 6144.000000 21080.000000 0.000000 0.000000 79257.000000 13772.000000 123096.000000 55512.000000 1536.000000 18432.000000 22552.000000 26400.000000 2170.000000 0.000000 0.000000 0.000000 0.000000 87420.000000 25980.000000 36864.000000 0.000000 23608.000000 17600.000000 4340.000000 0.000000 0.000000 0.000000 97792.000000 30208.000000 49152.000000 0.000000 0.000000 0.000000 0.000000 0.000000 0.000000 0.000000 23400.000000 1.000000 24576.000000 0.000000 22552.000000 8800.000000 0.000000 274419.000000 207919.000000 
10
0.000000 0.000000 82572.000000 21132.000000 49152.000000 0.000000 900.000000 2800.000000 0.000000 0.000000 164928.000000 100992.000000 34944.000000 12300.000000 70656.000000 6144.000000 21080.000000 0.000000 0.000000 79229.000000 13744.000000 123096.000000 55512.000000 1536.000000 18432.000000 22740.000000 26400.000000 2170.000000 0.000000 0.000000 0.000000 0.000000 87420.000000 25980.000000 33792.000000 0.000000 23796.000000 8800.000000 4340.000000 0.000000 0.000000 0.000000 97792.000000 30208.000000 49152.000000 0.000000 0.000000 0.000000 0.000000 0.000000 0.000000 0.000000 23412.000000 1.000000 24576.000000 0.000000 22740.000000 8800.000000 0.000000 274404.000000 207904.000000 
11
0.000000 0.000000 82572.000000 21132.000000 49152.000000 0.000000 0.000000 0.000000 0.000000 0.000000 166400.000000 102464.000000 36416.000000 12300.000000 70656.000000 6144.000000 17100.000000 0.000000 0.000000 79242.000000 13757.000000 122988.000000 55404.000000 1024.000000 15360.000000 22740.000000 26400.000000 2170.000000 0.000000 0.000000 0.000000 0.000000 87420.000000 19836.000000 36864.000000 0.000000 23796.000000 8800.000000 4340.000000 0.000000 0.000000 0.000000 97792.000000 30208.000000 49152.000000 0.000000 0.000000 0.000000 0.000000 0.000000 0.000000 0.000000 23412.000000 0.000000 24576.000000 0.000000 22740.000000 8800.000000 0.000000 273832.000000 207332.000000 
12
0.000000 0.000000 82680.000000 21240.000000 49152.000000 0.000000 19880.000000 2800.000000 0.000000 7168.000000 166400.000000 102464.000000 37312.000000 55296.000000 73728.000000 9216.000000 7580.000000 2800.000000 0.000000 78854.000000 13369.000000 117060.000000 51852.000000 512.000000 18432.000000 39840.000000 26400.000000 4340.000000 0.000000 0.000000 0.000000 0.000000 122988.000000 55404.000000 64512.000000 0.000000 15160.000000 17600.000000 0.000000 0.000000 0.000000 0.000000 97792.000000 30208.000000 52224.000000 0.000000 8520.000000 0.000000 0.000000 0.000000 0.000000 0.000000 116736.000000 49152.000000 61440.000000 0.000000 15160.000000 8800.000000 0.000000 194281.000000 130345.000000 
13
0.000000 0.000000 82572.000000 21132.000000 49152.000000 0.000000 19880.000000 2800.000000 0.000000 7168.000000 164938.000000 101002.000000 34954.000000 55296.000000 70656.000000 6144.000000 2640.000000 2800.000000 0.000000 78925.000000 13440.000000 117060.000000 51852.000000 0.000000 18432.000000 39840.000000 26400.000000 2170.000000 0.000000 0.000000 0.000000 0.000000 122988.000000 55404.000000 64512.000000 0.000000 15160.000000 17600.000000 0.000000 0.000000 0.000000 0.000000 97792.000000 30208.000000 49152.000000 0.000000 8520.000000 0.000000 0.000000 0.000000 0.000000 0.000000 116736.000000 49152.000000 61440.000000 0.000000 15160.000000 8800.000000 0.000000 194232.000000 130296.000000 
14
0.000000 0.000000 82572.000000 21132.000000 49152.000000 0.000000 19880.000000 2800.000000 0.000000 6144.000000 167306.000000 101002.000000 38218.000000 55296.000000 70656.000000 6144.000000 2640.000000 2800.000000 0.000000 78854.000000 13369.000000 117060.000000 51852.000000 512.000000 18432.000000 40360.000000 26400.000000 2170.000000 0.000000 0.000000 0.000000 0.000000 122988.000000 55404.000000 64512.000000 0.000000 14780.000000 17600.000000 0.000000 0.000000 0.000000 0.000000 97280.000000 29696.000000 49152.000000 0.000000 8520.000000 0.000000 0.000000 0.000000 0.000000 0.000000 116736.000000 49152.000000 61440.000000 0.000000 13880.000000 8800.000000 0.000000 194264.000000 130328.000000 
15
0.000000 0.000000 82572.000000 21132.000000 49152.000000 0.000000 19880.000000 0.000000 0.000000 6144.000000 166400.000000 102464.000000 36416.000000 49152.000000 70656.000000 6144.000000 0.000000 0.000000 0.000000 79186.000000 15572.000000 116952.000000 51852.000000 512.000000 18432.000000 34060.000000 26400.000000 2170.000000 0.000000 0.000000 0.000000 0.000000 118356.000000 50772.000000 67584.000000 3072.000000 16060.000000 8800.000000 0.000000 0.000000 0.000000 0.000000 97280.000000 29696.000000 49152.000000 0.000000 8520.000000 0.000000 0.000000 0.000000 0.000000 0.000000 110592.000000 43008.000000 58368.000000 0.000000 15160.000000 8800.000000 0.000000 193533.000000 129597.000000 
16
0.000000 0.000000 82680.000000 21240.000000 49152.000000 0.000000 0.000000 2800.000000 0.000000 0.000000 109568.000000 43840.000000 0.000000 86016.000000 58368.000000 0.000000 7580.000000 0.000000 0.000000 34325.000000 0.000000 107592.000000 46920.000000 5120.000000 18432.000000 15160.000000 0.000000 0.000000 0.000000 0.000000 0.000000 0.000000 24072.000000 9216.000000 33792.000000 0.000000 15160.000000 17600.000000 0.000000 0.000000 0.000000 0.000000 98304.000000 30720.000000 49152.000000 0.000000 8520.000000 0.000000 0.000000 0.000000 0.000000 0.000000 122880.000000 55296.000000 70656.000000 6144.000000 38040.000000 8800.000000 0.000000 193649.000000 129713.000000 
17
0.000000 0.000000 82572.000000 21132.000000 49152.000000 0.000000 0.000000 2800.000000 0.000000 0.000000 108096.000000 44736.000000 0.000000 86016.000000 55296.000000 0.000000 2640.000000 0.000000 0.000000 34381.000000 0.000000 107484.000000 46812.000000 5120.000000 18432.000000 15160.000000 0.000000 0.000000 0.000000 0.000000 0.000000 0.000000 24072.000000 9728.000000 30720.000000 0.000000 15160.000000 17600.000000 0.000000 0.000000 0.000000 0.000000 98304.000000 30720.000000 49152.000000 0.000000 8520.000000 0.000000 0.000000 0.000000 0.000000 0.000000 122880.000000 55296.000000 67584.000000 3072.000000 38040.000000 8800.000000 0.000000 193816.000000 127512.000000 
18
0.000000 0.000000 82572.000000 21132.000000 49152.000000 0.000000 0.000000 0.000000 0.000000 0.000000 109568.000000 46208.000000 0.000000 86016.000000 55296.000000 0.000000 2112.000000 0.000000 0.000000 33937.000000 0.000000 107484.000000 46812.000000 5120.000000 18432.000000 7580.000000 0.000000 0.000000 0.000000 0.000000 0.000000 0.000000 23964.000000 9728.000000 30720.000000 0.000000 7580.000000 17600.000000 0.000000 0.000000 0.000000 0.000000 94208.000000 26624.000000 49152.000000 0.000000 8520.000000 0.000000 0.000000 0.000000 0.000000 0.000000 122880.000000 55296.000000 67584.000000 3072.000000 38560.000000 8800.000000 0.000000 193068.000000 126764.000000 
19
0.000000 0.000000 82572.000000 21132.000000 49152.000000 0.000000 0.000000 0.000000 0.000000 0.000000 107200.000000 43840.000000 0.000000 79872.000000 55296.000000 0.000000 7580.000000 0.000000 0.000000 33937.000000 0.000000 107496.000000 46824.000000 5120.000000 15360.000000 15160.000000 0.000000 0.000000 0.000000 0.000000 0.000000 0.000000 23964.000000 8704.000000 30720.000000 0.000000 15160.000000 8800.000000 0.000000 0.000000 0.000000 0.000000 94208.000000 26624.000000 49152.000000 0.000000 8520.000000 0.000000 0.000000 0.000000 0.000000 0.000000 122880.000000 55296.000000 67584.000000 3072.000000 33160.000000 8800.000000 0.000000 191150.000000 127214.000000 
20
0.000000 0.000000 82680.000000 21240.000000 49152.000000 0.000000 0.000000 2800.000000 0.000000 0.000000 166400.000000 102464.000000 37312.000000 55296.000000 70656.000000 6144.000000 7580.000000 0.000000 0.000000 78869.000000 13384.000000 129024.000000 61440.000000 0.000000 18432.000000 22740.000000 26400.000000 0.000000 0.000000 0.000000 0.000000 0.000000 43008.000000 1.000000 30720.000000 0.000000 15160.000000 17600.000000 0.000000 0.000000 0.000000 0.000000 105984.000000 38400.000000 12288.000000 0.000000 8520.000000 2800.000000 0.000000 0.000000 0.000000 0.000000 79872.000000 18432.000000 24576.000000 0.000000 15160.000000 25560.000000 0.000000 273507.000000 205566.000000 
21
0.000000 0.000000 82572.000000 21132.000000 49152.000000 0.000000 0.000000 2800.000000 0.000000 0.000000 164928.000000 100992.000000 34944.000000 55296.000000 70656.000000 6144.000000 3696.000000 0.000000 0.000000 78882.000000 13397.000000 123096.000000 55512.000000 1536.000000 18432.000000 22740.000000 26400.000000 0.000000 0.000000 0.000000 0.000000 0.000000 43008.000000 1.000000 30720.000000 0.000000 15160.000000 17600.000000 0.000000 0.000000 0.000000 0.000000 105984.000000 38400.000000 12288.000000 0.000000 8520.000000 0.000000 0.000000 0.000000 0.000000 0.000000 79872.000000 18432.000000 24576.000000 0.000000 15160.000000 22720.000000 0.000000 273401.000000 206901.000000 
22
0.000000 0.000000 82572.000000 21132.000000 49152.000000 0.000000 0.000000 0.000000 0.000000 0.000000 166400.000000 102464.000000 36416.000000 49152.000000 70656.000000 6144.000000 3168.000000 0.000000 0.000000 79214.000000 13729.000000 123096.000000 55512.000000 1536.000000 18432.000000 15160.000000 26400.000000 0.000000 0.000000 0.000000 0.000000 0.000000 36864.000000 1.000000 30720.000000 0.000000 7580.000000 17600.000000 0.000000 0.000000 0.000000 0.000000 105984.000000 38400.000000 9216.000000 0.000000 8520.000000 0.000000 0.000000 0.000000 0.000000 0.000000 79872.000000 12288.000000 24576.000000 0.000000 7580.000000 22720.000000 0.000000 273307.000000 206807.000000 
23
0.000000 0.000000 82572.000000 21132.000000 49152.000000 0.000000 0.000000 0.000000 0.000000 0.000000 164032.000000 100096.000000 34048.000000 49152.000000 70656.000000 6144.000000 7580.000000 0.000000 0.000000 78854.000000 13369.000000 122988.000000 55404.000000 1024.000000 18432.000000 15160.000000 26400.000000 0.000000 0.000000 0.000000 0.000000 0.000000 36864.000000 0.000000 30720.000000 0.000000 15160.000000 8800.000000 0.000000 0.000000 0.000000 0.000000 105472.000000 37888.000000 9216.000000 0.000000 8520.000000 0.000000 0.000000 0.000000 0.000000 0.000000 73728.000000 6144.000000 27648.000000 0.000000 15160.000000 22720.000000 0.000000 273401.000000 206901.000000 
24
0.000000 0.000000 87960.000000 26520.000000 49152.000000 0.000000 0.000000 2800.000000 0.000000 0.000000 109568.000000 43840.000000 0.000000 116736.000000 49152.000000 0.000000 7580.000000 0.000000 0.000000 79214.000000 13729.000000 117060.000000 51852.000000 0.000000 18432.000000 22740.000000 26400.000000 0.000000 0.000000 0.000000 0.000000 0.000000 30720.000000 2048.000000 30720.000000 0.000000 15160.000000 17600.000000 0.000000 0.000000 0.000000 0.000000 95744.000000 28160.000000 49152.000000 0.000000 8520.000000 0.000000 0.000000 0.000000 0.000000 0.000000 116736.000000 49152.000000 61440.000000 0.000000 15160.000000 8800.000000 0.000000 273655.000000 205714.000000 
25
0.000000 0.000000 87960.000000 26520.000000 46080.000000 0.000000 0.000000 2800.000000 0.000000 0.000000 108096.000000 44736.000000 0.000000 110592.000000 43008.000000 0.000000 2112.000000 0.000000 0.000000 78854.000000 13369.000000 117060.000000 51852.000000 512.000000 18432.000000 22740.000000 26400.000000 0.000000 0.000000 0.000000 0.000000 0.000000 27816.000000 1536.000000 30720.000000 0.000000 15160.000000 17600.000000 0.000000 0.000000 0.000000 0.000000 95744.000000 28160.000000 49152.000000 0.000000 8520.000000 0.000000 0.000000 0.000000 0.000000 0.000000 116736.000000 49152.000000 58368.000000 0.000000 15160.000000 8800.000000 0.000000 273401.000000 206901.000000 
26
0.000000 0.000000 87960.000000 26520.000000 46080.000000 0.000000 0.000000 0.000000 0.000000 0.000000 109568.000000 42944.000000 0.000000 110592.000000 43008.000000 0.000000 2112.000000 0.000000 0.000000 78897.000000 13412.000000 117060.000000 51852.000000 512.000000 18432.000000 15160.000000 26400.000000 0.000000 0.000000 0.000000 0.000000 0.000000 27708.000000 1536.000000 30720.000000 0.000000 7580.000000 17600.000000 0.000000 0.000000 0.000000 0.000000 95744.000000 28160.000000 49152.000000 0.000000 8520.000000 0.000000 0.000000 0.000000 0.000000 0.000000 110592.000000 43008.000000 58368.000000 0.000000 7580.000000 8800.000000 0.000000 273384.000000 206884.000000 
27
0.000000 0.000000 87960.000000 26520.000000 46080.000000 0.000000 0.000000 0.000000 0.000000 0.000000 107200.000000 43840.000000 0.000000 110592.000000 43008.000000 0.000000 0.000000 0.000000 0.000000 78854.000000 13369.000000 116952.000000 51852.000000 512.000000 15360.000000 15160.000000 26400.000000 0.000000 0.000000 0.000000 0.000000 0.000000 27708.000000 1536.000000 30720.000000 0.000000 15160.000000 8800.000000 0.000000 0.000000 0.000000 0.000000 95232.000000 27648.000000 49152.000000 0.000000 8520.000000 0.000000 0.000000 0.000000 0.000000 0.000000 110592.000000 43008.000000 58368.000000 0.000000 15160.000000 8800.000000 0.000000 273176.000000 206676.000000 
28
0.000000 0.000000 87960.000000 26520.000000 46080.000000 0.000000 0.000000 2800.000000 0.000000 0.000000 166400.000000 102464.000000 37312.000000 55296.000000 70656.000000 6144.000000 0.000000 0.000000 0.000000 79214.000000 13729.000000 123096.000000 55512.000000 3072.000000 18432.000000 31360.000000 26400.000000 4340.000000 0.000000 0.000000 0.000000 0.000000 122988.000000 55404.000000 67584.000000 3072.000000 31360.000000 17600.000000 6510.000000 0.000000 0.000000 0.000000 99840.000000 32256.000000 49152.000000 0.000000 0.000000 2800.000000 0.000000 0.000000 0.000000 0.000000 23508.000000 1.000000 27648.000000 0.000000 31360.000000 8800.000000 0.000000 273132.000000 205191.000000 
29
0.000000 0.000000 87960.000000 26520.000000 46080.000000 0.000000 0.000000 2800.000000 0.000000 0.000000 164928.000000 100992.000000 34944.000000 55296.000000 70656.000000 6144.000000 0.000000 0.000000 0.000000 78854.000000 13369.000000 122988.000000 55404.000000 2560.000000 18432.000000 30460.000000 26400.000000 2170.000000 0.000000 0.000000 0.000000 0.000000 122988.000000 55404.000000 67584.000000 3072.000000 30460.000000 17600.000000 4340.000000 0.000000 0.000000 0.000000 99840.000000 32256.000000 49152.000000 0.000000 0.000000 0.000000 0.000000 0.000000 0.000000 0.000000 23400.000000 2.000000 24576.000000 0.000000 30460.000000 8800.000000 0.000000 273474.000000 206974.000000 
30
0.000000 0.000000 87960.000000 26520.000000 46080.000000 0.000000 0.000000 0.000000 0.000000 0.000000 166400.000000 102464.000000 36416.000000 49152.000000 70656.000000 6144.000000 7580.000000 0.000000 0.000000 78897.000000 13412.000000 122988.000000 55404.000000 2560.000000 18432.000000 32640.000000 26400.000000 2170.000000 0.000000 0.000000 0.000000 0.000000 122880.000000 55296.000000 67584.000000 3072.000000 32640.000000 8800.000000 4340.000000 0.000000 0.000000 0.000000 99328.000000 31744.000000 49152.000000 0.000000 0.000000 0.000000 0.000000 0.000000 0.000000 0.000000 23412.000000 2.000000 24576.000000 0.000000 32640.000000 8800.000000 0.000000 273609.000000 207109.000000 
31
0.000000 0.000000 87960.000000 26520.000000 46080.000000 0.000000 0.000000 0.000000 0.000000 0.000000 164032.000000 100096.000000 34048.000000 49152.000000 70656.000000 6144.000000 7580.000000 0.000000 0.000000 78854.000000 13369.000000 122988.000000 55404.000000 2560.000000 15360.000000 32640.000000 26400.000000 2170.000000 0.000000 0.000000 0.000000 0.000000 118356.000000 50772.000000 67584.000000 3072.000000 32640.000000 8800.000000 4340.000000 0.000000 0.000000 0.000000 99328.000000 31744.000000 49152.000000 0.000000 0.000000 0.000000 0.000000 0.000000 0.000000 0.000000 23412.000000 0.000000 24576.000000 0.000000 32640.000000 8800.000000 0.000000 273401.000000 206901.000000 
32
0.000000 0.000000 87960.000000 26520.000000 46080.000000 0.000000 0.000000 2800.000000 0.000000 0.000000 166400.000000 102464.000000 37312.000000 129024.000000 61440.000000 0.000000 4752.000000 0.000000 0.000000 78869.000000 13384.000000 129024.000000 61440.000000 0.000000 18432.000000 23080.000000 26400.000000 4340.000000 0.000000 0.000000 0.000000 0.000000 122988.000000 55404.000000 67584.000000 3072.000000 35860.000000 17600.000000 6510.000000 0.000000 0.000000 0.000000 99328.000000 31744.000000 49152.000000 0.000000 0.000000 2800.000000 0.000000 0.000000 0.000000 0.000000 141312.000000 73728.000000 43008.000000 0.000000 23080.000000 8800.000000 0.000000 272489.000000 204548.000000 
33
0.000000 0.000000 87960.000000 26520.000000 46080.000000 0.000000 0.000000 2800.000000 0.000000 0.000000 164928.000000 100992.000000 34944.000000 135168.000000 67584.000000 0.000000 4752.000000 0.000000 0.000000 78882.000000 13397.000000 123096.000000 55512.000000 2048.000000 18432.000000 22552.000000 26400.000000 2170.000000 0.000000 0.000000 0.000000 0.000000 122988.000000 55404.000000 64512.000000 0.000000 35860.000000 17600.000000 4340.000000 0.000000 0.000000 0.000000 99328.000000 31744.000000 49152.000000 0.000000 0.000000 0.000000 0.000000 0.000000 0.000000 0.000000 135168.000000 67584.000000 43008.000000 0.000000 22552.000000 8800.000000 0.000000 273219.000000 204351.000000 
34
0.000000 0.000000 87960.000000 26520.000000 46080.000000 0.000000 0.000000 0.000000 0.000000 0.000000 164032.000000 100096.000000 34048.000000 129024.000000 67584.000000 0.000000 7580.000000 0.000000 0.000000 79214.000000 13729.000000 123096.000000 55512.000000 2048.000000 18432.000000 22740.000000 26400.000000 2170.000000 0.000000 0.000000 0.000000 0.000000 117600.000000 50016.000000 67584.000000 0.000000 37140.000000 8800.000000 4340.000000 0.000000 0.000000 0.000000 99328.000000 31744.000000 49152.000000 0.000000 0.000000 0.000000 0.000000 0.000000 0.000000 0.000000 135168.000000 67584.000000 43008.000000 0.000000 15160.000000 8800.000000 0.000000 272664.000000 203796.000000 
35
0.000000 0.000000 87960.000000 26520.000000 46080.000000 0.000000 0.000000 0.000000 0.000000 0.000000 164032.000000 100096.000000 34048.000000 122880.000000 61440.000000 0.000000 7580.000000 0.000000 0.000000 78854.000000 13369.000000 123096.000000 55512.000000 1536.000000 15360.000000 22740.000000 26400.000000 2170.000000 0.000000 0.000000 0.000000 0.000000 117600.000000 50016.000000 67584.000000 0.000000 37140.000000 8800.000000 4340.000000 0.000000 0.000000 0.000000 98816.000000 31232.000000 49152.000000 0.000000 0.000000 0.000000 0.000000 0.000000 0.000000 0.000000 135168.000000 67584.000000 39936.000000 0.000000 15160.000000 8800.000000 0.000000 272876.000000 204008.000000 
36
0.000000 0.000000 87960.000000 26520.000000 46080.000000 0.000000 0.000000 2800.000000 0.000000 0.000000 166400.000000 102464.000000 37312.000000 129024.000000 61440.000000 0.000000 0.000000 0.000000 0.000000 34325.000000 0.000000 117060.000000 49476.000000 0.000000 18432.000000 23080.000000 26400.000000 4340.000000 0.000000 0.000000 0.000000 0.000000 92160.000000 30720.000000 0.000000 0.000000 23608.000000 17600.000000 0.000000 0.000000 0.000000 0.000000 107008.000000 39424.000000 52224.000000 0.000000 900.000000 0.000000 0.000000 0.000000 0.000000 0.000000 110592.000000 43008.000000 52224.000000 0.000000 23080.000000 8800.000000 0.000000 272489.000000 204548.000000 
37
0.000000 0.000000 87960.000000 26520.000000 46080.000000 0.000000 0.000000 2800.000000 0.000000 0.000000 164928.000000 100992.000000 34944.000000 135168.000000 67584.000000 0.000000 7580.000000 0.000000 0.000000 34325.000000 0.000000 117060.000000 49476.000000 0.000000 18432.000000 22552.000000 26400.000000 2170.000000 0.000000 0.000000 0.000000 0.000000 92160.000000 30720.000000 0.000000 0.000000 23608.000000 17600.000000 0.000000 0.000000 0.000000 0.000000 107008.000000 39424.000000 49152.000000 0.000000 900.000000 0.000000 0.000000 0.000000 0.000000 0.000000 104448.000000 36864.000000 52224.000000 0.000000 22552.000000 8800.000000 0.000000 273219.000000 204351.000000 
38
0.000000 0.000000 87960.000000 26520.000000 46080.000000 0.000000 0.000000 0.000000 0.000000 0.000000 164032.000000 100096.000000 34048.000000 122880.000000 61440.000000 0.000000 7580.000000 0.000000 0.000000 33965.000000 0.000000 117060.000000 49476.000000 0.000000 18432.000000 22740.000000 26400.000000 2170.000000 0.000000 0.000000 0.000000 0.000000 86016.000000 24576.000000 0.000000 0.000000 23796.000000 8800.000000 0.000000 0.000000 0.000000 0.000000 107008.000000 39424.000000 49152.000000 0.000000 900.000000 0.000000 0.000000 0.000000 0.000000 0.000000 104448.000000 36864.000000 52224.000000 0.000000 15160.000000 8800.000000 0.000000 272664.000000 203796.000000 
39
0.000000 0.000000 87960.000000 26520.000000 46080.000000 0.000000 0.000000 0.000000 0.000000 0.000000 164032.000000 100096.000000 34048.000000 122880.000000 61440.000000 0.000000 7580.000000 0.000000 0.000000 33965.000000 0.000000 116952.000000 49368.000000 0.000000 15360.000000 22740.000000 26400.000000 2170.000000 0.000000 0.000000 0.000000 0.000000 86016.000000 18432.000000 0.000000 0.000000 23796.000000 8800.000000 0.000000 0.000000 0.000000 0.000000 106496.000000 38912.000000 49152.000000 0.000000 0.000000 0.000000 0.000000 0.000000 0.000000 0.000000 104448.000000 36864.000000 49152.000000 0.000000 15160.000000 8800.000000 0.000000 272876.000000 204008.000000 
40
0.000000 0.000000 0.000000 0.000000 0.000000 0.000000 63660.000000 130307.000000 113250.000000 55957.000000 115680.000000 51264.000000 0.000000 7128.000000 70656.000000 6144.000000 0.000000 0.000000 0.000000 79214.000000 13729.000000 269504.000000 205568.000000 139264.000000 74048.000000 10240.000000 96998.000000 35334.000000 146885.000000 81400.000000 15915.000000 280128.000000 213824.000000 149888.000000 84160.000000 19968.000000 0.000000 57515.000000 170642.000000 114789.000000 49304.000000 26817.000000 32268.000000 496421.000000 432485.000000 368549.000000 322435.000000 257283.000000 193794.000000 129354.000000 64288.000000 50176.000000 43725.000000 86097.000000 19335.000000 0.000000 158073.000000 92588.000000 31080.000000 296636.000000 229651.000000 
41
0.000000 0.000000 0.000000 0.000000 0.000000 0.000000 68077.000000 130537.000000 114645.000000 55304.000000 116672.000000 52736.000000 0.000000 7128.000000 70656.000000 6144.000000 7580.000000 0.000000 0.000000 78854.000000 13369.000000 270592.000000 206656.000000 140352.000000 78400.000000 10368.000000 102410.000000 37767.000000 147245.000000 81760.000000 18146.000000 280128.000000 213824.000000 149888.000000 84160.000000 19456.000000 0.000000 57419.000000 170642.000000 114789.000000 49304.000000 26833.000000 32332.000000 498750.000000 432446.000000 368510.000000 324322.000000 259170.000000 193313.000000 128873.000000 64287.000000 46592.000000 35427.000000 81264.000000 16134.000000 0.000000 157808.000000 92323.000000 31215.000000 297177.000000 231344.000000 
42
0.000000 0.000000 0.000000 0.000000 0.000000 0.000000 63564.000000 128436.000000 113179.000000 53838.000000 114784.000000 50368.000000 0.000000 7236.000000 70656.000000 6144.000000 7580.000000 0.000000 0.000000 78897.000000 13412.000000 272064.000000 205760.000000 141824.000000 77504.000000 11520.000000 103915.000000 39079.000000 147993.000000 82508.000000 18894.000000 281600.000000 215296.000000 151360.000000 85632.000000 21312.000000 0.000000 61932.000000 170642.000000 114789.000000 49304.000000 26692.000000 32450.000000 500069.000000 436133.000000 369829.000000 324265.000000 259113.000000 193256.000000 128816.000000 64230.000000 50176.000000 37959.000000 82576.000000 21060.000000 0.000000 157842.000000 92357.000000 31249.000000 297337.000000 230352.000000 
43
0.000000 0.000000 0.000000 0.000000 0.000000 0.000000 63564.000000 130830.000000 112446.000000 53105.000000 114306.000000 50368.000000 0.000000 7128.000000 70656.000000 6144.000000 7580.000000 0.000000 0.000000 78854.000000 13369.000000 269441.000000 205505.000000 139201.000000 73985.000000 10242.000000 96998.000000 35526.000000 146864.000000 81379.000000 15894.000000 279250.000000 212947.000000 149011.000000 83283.000000 19475.000000 0.000000 57419.000000 170642.000000 114767.000000 49282.000000 27112.000000 32332.000000 501221.000000 434917.000000 370981.000000 323991.000000 258839.000000 195350.000000 130910.000000 62740.000000 50176.000000 43725.000000 81264.000000 16134.000000 0.000000 158072.000000 92587.000000 31106.000000 296758.000000 229548.000000 
44
0.000000 0.000000 0.000000 0.000000 0.000000 0.000000 63660.000000 130307.000000 112862.000000 55569.000000 114304.000000 50368.000000 0.000000 24576.000000 70656.000000 6144.000000 0.000000 0.000000 0.000000 78882.000000 13397.000000 270592.000000 206656.000000 140352.000000 78400.000000 10881.000000 97577.000000 35430.000000 146885.000000 81400.000000 17786.000000 295808.000000 229504.000000 165568.000000 99840.000000 35520.000000 0.000000 63660.000000 136442.000000 74768.000000 8535.000000 17288.000000 17896.000000 577102.000000 513166.000000 446862.000000 403052.000000 344318.000000 271823.000000 207383.000000 142943.000000 126695.000000 116590.000000 153946.000000 91637.000000 26229.000000 158606.000000 93121.000000 31265.000000 297202.000000 229992.000000 
45
0.000000 0.000000 0.000000 0.000000 0.000000 0.000000 68077.000000 130537.000000 114285.000000 54944.000000 116672.000000 52736.000000 0.000000 24576.000000 70656.000000 6144.000000 7580.000000 0.000000 0.000000 78882.000000 13397.000000 269760.000000 205824.000000 139520.000000 75200.000000 9728.000000 97577.000000 35430.000000 146864.000000 81379.000000 17765.000000 294379.000000 228076.000000 164140.000000 97516.000000 35244.000000 0.000000 68077.000000 137336.000000 73988.000000 9255.000000 15968.000000 14278.000000 577063.000000 513127.000000 446823.000000 403737.000000 345003.000000 280563.000000 208068.000000 143628.000000 129364.000000 121104.000000 155480.000000 91726.000000 30630.000000 158553.000000 93068.000000 31212.000000 296684.000000 228483.000000 
46
0.000000 0.000000 0.000000 0.000000 0.000000 0.000000 63564.000000 128436.000000 112819.000000 53478.000000 115200.000000 51264.000000 0.000000 18432.000000 70656.000000 6144.000000 7580.000000 0.000000 0.000000 78854.000000 13369.000000 270656.000000 206720.000000 140416.000000 75200.000000 10880.000000 102950.000000 39079.000000 147993.000000 82508.000000 17023.000000 295808.000000 229504.000000 165568.000000 98944.000000 35520.000000 0.000000 63564.000000 136064.000000 75110.000000 9252.000000 15968.000000 14316.000000 579248.000000 512944.000000 449008.000000 402157.000000 341055.000000 276615.000000 212175.000000 150295.000000 130079.000000 111819.000000 157703.000000 93380.000000 28998.000000 158400.000000 92915.000000 30659.000000 297161.000000 230176.000000 
47
0.000000 0.000000 0.000000 0.000000 0.000000 0.000000 63564.000000 130830.000000 112431.000000 53090.000000 114544.000000 50368.000000 0.000000 18432.000000 70656.000000 6144.000000 7580.000000 0.000000 0.000000 79201.000000 13716.000000 270593.000000 206657.000000 140353.000000 75137.000000 10881.000000 102217.000000 37767.000000 147245.000000 81760.000000 18146.000000 293440.000000 229504.000000 165568.000000 98944.000000 35520.000000 0.000000 63564.000000 136064.000000 75110.000000 9252.000000 17040.000000 17780.000000 579618.000000 515682.000000 449378.000000 403081.000000 341979.000000 277539.000000 213099.000000 150419.000000 124635.000000 112208.000000 155692.000000 91685.000000 30342.000000 158682.000000 93197.000000 31341.000000 296861.000000 229876.000000 
48
0.000000 0.000000 0.000000 0.000000 0.000000 0.000000 63468.000000 86228.000000 67943.000000 9688.000000 164928.000000 100992.000000 34944.000000 135168.000000 67584.000000 0.000000 0.000000 0.000000 0.000000 34325.000000 0.000000 238656.000000 172352.000000 108992.000000 42304.000000 0.000000 27889.000000 0.000000 146885.000000 81400.000000 15915.000000 277760.000000 213824.000000 149888.000000 84160.000000 19456.000000 0.000000 83503.000000 192776.000000 134993.000000 69508.000000 48764.000000 73328.000000 583958.000000 519794.000000 453490.000000 408762.000000 348611.000000 284171.000000 219731.000000 155291.000000 141027.000000 107208.000000 140504.000000 82904.000000 16139.000000 153829.000000 90215.000000 27211.000000 292416.000000 225528.000000 
49
0.000000 0.000000 0.000000 0.000000 0.000000 0.000000 63532.000000 84880.000000 67583.000000 9024.000000 164928.000000 100992.000000 34944.000000 129024.000000 61440.000000 0.000000 7580.000000 0.000000 0.000000 33965.000000 0.000000 236288.000000 172352.000000 106624.000000 42304.000000 0.000000 28468.000000 0.000000 146885.000000 81400.000000 15915.000000 276875.000000 212939.000000 149003.000000 83275.000000 19467.000000 0.000000 86512.000000 193044.000000 133157.000000 67672.000000 50391.000000 71508.000000 583542.000000 520098.000000 453794.000000 408800.000000 346281.000000 281841.000000 217401.000000 155041.000000 140777.000000 107091.000000 144243.000000 82224.000000 15498.000000 153734.000000 90120.000000 27916.000000 292759.000000 225871.000000 
50
0.000000 0.000000 0.000000 0.000000 0.000000 0.000000 63468.000000 83009.000000 69383.000000 9024.000000 166400.000000 102464.000000 36416.000000 129024.000000 61440.000000 0.000000 7580.000000 0.000000 0.000000 33965.000000 0.000000 236288.000000 172352.000000 106624.000000 42304.000000 0.000000 27889.000000 0.000000 146864.000000 81379.000000 15894.000000 276874.000000 212939.000000 149003.000000 83275.000000 18955.000000 0.000000 86512.000000 192296.000000 133157.000000 67672.000000 50379.000000 71517.000000 586207.000000 522866.000000 456562.000000 408858.000000 348707.000000 284267.000000 219827.000000 155387.000000 137539.000000 100405.000000 141557.000000 77295.000000 15363.000000 154093.000000 90479.000000 28275.000000 292759.000000 225871.000000 
51
0.000000 0.000000 0.000000 0.000000 0.000000 0.000000 63468.000000 84880.000000 67512.000000 8664.000000 164032.000000 100096.000000 34048.000000 122880.000000 61440.000000 0.000000 7580.000000 0.000000 0.000000 33965.000000 0.000000 236288.000000 172352.000000 108992.000000 42304.000000 0.000000 33938.000000 0.000000 146122.000000 80637.000000 15152.000000 277760.000000 213824.000000 149888.000000 83264.000000 19456.000000 0.000000 83439.000000 192519.000000 134926.000000 71312.000000 49487.000000 71660.000000 586331.000000 523067.000000 456763.000000 408739.000000 346220.000000 281780.000000 217340.000000 155140.000000 140876.000000 100405.000000 144142.000000 82704.000000 15939.000000 155896.000000 90411.000000 28130.000000 292061.000000 223732.000000 
52
0.000000 0.000000 0.000000 0.000000 0.000000 0.000000 63532.000000 127611.000000 110920.000000 53450.000000 116672.000000 52736.000000 0.000000 30720.000000 70656.000000 6144.000000 17100.000000 0.000000 0.000000 78854.000000 13369.000000 269440.000000 205504.000000 139200.000000 77248.000000 10240.000000 96998.000000 35430.000000 147245.000000 81760.000000 18146.000000 277760.000000 211456.000000 147520.000000 83520.000000 16576.000000 0.000000 68077.000000 167121.000000 102856.000000 39242.000000 19800.000000 17036.000000 555097.000000 488793.000000 423961.000000 375141.000000 310235.000000 245795.000000 181355.000000 121235.000000 101874.000000 96243.000000 133689.000000 70510.000000 0.000000 153724.000000 90110.000000 28654.000000 261878.000000 194356.000000 
53
0.000000 0.000000 0.000000 0.000000 0.000000 0.000000 63468.000000 128959.000000 111004.000000 51663.000000 115200.000000 51264.000000 0.000000 30720.000000 70656.000000 6144.000000 20180.000000 0.000000 0.000000 78854.000000 13369.000000 269504.000000 205568.000000 139264.000000 74048.000000 9729.000000 101638.000000 37767.000000 147249.000000 81764.000000 18150.000000 275435.000000 209132.000000 145196.000000 81196.000000 15788.000000 0.000000 68077.000000 166380.000000 102835.000000 39221.000000 19872.000000 16933.000000 552290.000000 485986.000000 422050.000000 376130.000000 316911.000000 252471.000000 188031.000000 123591.000000 101862.000000 89375.000000 132136.000000 70510.000000 0.000000 155639.000000 90154.000000 27898.000000 262609.000000 195087.000000 
54
0.000000 0.000000 0.000000 0.000000 0.000000 0.000000 63468.000000 127611.000000 110905.000000 54459.000000 114304.000000 50368.000000 0.000000 30720.000000 70656.000000 6144.000000 20180.000000 0.000000 0.000000 78854.000000 13369.000000 271808.000000 205504.000000 141568.000000 76352.000000 11520.000000 96902.000000 35334.000000 146885.000000 81400.000000 17786.000000 276864.000000 210560.000000 146624.000000 82624.000000 16576.000000 0.000000 65068.000000 166600.000000 104658.000000 39173.000000 19632.000000 17004.000000 552181.000000 485877.000000 421045.000000 377848.000000 315310.000000 250870.000000 186430.000000 121990.000000 102359.000000 89375.000000 131546.000000 70518.000000 0.000000 153768.000000 90154.000000 28698.000000 262449.000000 196079.000000 
55
0.000000 0.000000 0.000000 0.000000 0.000000 0.000000 63468.000000 127088.000000 110976.000000 51635.000000 115200.000000 51264.000000 0.000000 24576.000000 70656.000000 6144.000000 16200.000000 0.000000 0.000000 78897.000000 13412.000000 271744.000000 205440.000000 141504.000000 76288.000000 11520.000000 103722.000000 39079.000000 147248.000000 81763.000000 18149.000000 276864.000000 210560.000000 146624.000000 82624.000000 16576.000000 0.000000 65004.000000 166452.000000 105393.000000 39908.000000 20032.000000 17880.000000 554711.000000 488407.000000 425943.000000 375153.000000 315934.000000 251494.000000 187054.000000 122614.000000 100885.000000 95200.000000 133253.000000 70574.000000 0.000000 155510.000000 90025.000000 27744.000000 262234.000000 194712.000000 
56
0.000000 0.000000 0.000000 0.000000 0.000000 0.000000 63532.000000 128959.000000 111323.000000 53006.000000 116672.000000 52736.000000 0.000000 0.000000 0.000000 0.000000 7978.000000 114007.000000 49866.000000 78882.000000 13397.000000 266048.000000 202112.000000 135808.000000 70592.000000 7296.000000 102217.000000 37767.000000 146885.000000 81400.000000 17786.000000 235968.000000 169664.000000 105728.000000 40256.000000 0.000000 0.000000 68077.000000 177749.000000 114832.000000 49347.000000 28461.000000 24292.000000 574448.000000 508144.000000 444208.000000 397861.000000 339127.000000 274687.000000 210247.000000 137752.000000 123607.000000 113408.000000 148942.000000 85372.000000 21541.000000 157572.000000 92087.000000 30979.000000 220507.000000 151672.000000 
57
0.000000 0.000000 0.000000 0.000000 0.000000 0.000000 63468.000000 127611.000000 111653.000000 54183.000000 114323.000000 50441.000000 0.000000 0.000000 0.000000 0.000000 8070.000000 113942.000000 48500.000000 78854.000000 13369.000000 267136.000000 200832.000000 136896.000000 71680.000000 6913.000000 96805.000000 35238.000000 146864.000000 81379.000000 17765.000000 233600.000000 169664.000000 105728.000000 40256.000000 0.000000 0.000000 65068.000000 177451.000000 115509.000000 50024.000000 29900.000000 23304.000000 574734.000000 508430.000000 444494.000000 397825.000000 335772.000000 271332.000000 206892.000000 143412.000000 125180.000000 116208.000000 150348.000000 85243.000000 24971.000000 157572.000000 92087.000000 30606.000000 220652.000000 153033.000000 
58
0.000000 0.000000 0.000000 0.000000 0.000000 0.000000 63468.000000 128959.000000 111364.000000 52023.000000 115200.000000 51264.000000 0.000000 0.000000 0.000000 0.000000 8108.000000 114007.000000 49866.000000 78869.000000 13384.000000 266304.000000 202368.000000 136064.000000 70848.000000 5760.000000 103529.000000 39079.000000 146885.000000 81400.000000 17786.000000 231276.000000 167340.000000 103404.000000 37932.000000 0.000000 0.000000 68077.000000 177374.000000 115177.000000 49692.000000 29548.000000 25193.000000 576880.000000 510576.000000 446640.000000 400568.000000 341834.000000 269339.000000 204899.000000 143339.000000 120042.000000 107865.000000 149735.000000 85814.000000 21162.000000 157701.000000 92216.000000 30708.000000 220324.000000 152705.000000 
59
0.000000 0.000000 0.000000 0.000000 0.000000 0.000000 63468.000000 127088.000000 111336.000000 51995.000000 115200.000000 51264.000000 0.000000 0.000000 0.000000 0.000000 8108.000000 113975.000000 48522.000000 78854.000000 13369.000000 267136.000000 203200.000000 136896.000000 71680.000000 6912.000000 96709.000000 35526.000000 146870.000000 81385.000000 17771.000000 235072.000000 168768.000000 104832.000000 37888.000000 0.000000 0.000000 65004.000000 177232.000000 115128.000000 51514.000000 29829.000000 23484.000000 576768.000000 510464.000000 446528.000000 398202.000000 336149.000000 271709.000000 207269.000000 143309.000000 125077.000000 107789.000000 151446.000000 85652.000000 24261.000000 157408.000000 91923.000000 30790.000000 219919.000000 152300.000000 
60
0.000000 0.000000 0.000000 0.000000 0.000000 0.000000 63532.000000 128959.000000 111323.000000 53006.000000 116672.000000 52736.000000 0.000000 0.000000 0.000000 0.000000 7686.000000 115223.000000 49776.000000 78854.000000 13369.000000 268608.000000 204672.000000 138368.000000 73152.000000 9600.000000 94876.000000 35430.000000 145374.000000 81760.000000 16275.000000 237504.000000 171200.000000 107264.000000 42624.000000 0.000000 0.000000 64044.000000 156645.000000 94611.000000 29126.000000 15776.000000 13837.000000 576315.000000 510011.000000 446075.000000 397301.000000 332880.000000 268440.000000 204000.000000 141960.000000 122247.000000 107333.000000 149407.000000 84776.000000 20772.000000 157575.000000 92090.000000 30982.000000 219919.000000 152300.000000 
61
0.000000 0.000000 0.000000 0.000000 0.000000 0.000000 63468.000000 127611.000000 111653.000000 54183.000000 114323.000000 50429.000000 0.000000 0.000000 0.000000 0.000000 7748.000000 115223.000000 49775.000000 78897.000000 13412.000000 270656.000000 206720.000000 140416.000000 75200.000000 10368.000000 101696.000000 39079.000000 146122.000000 82508.000000 17023.000000 238976.000000 172672.000000 108736.000000 42624.000000 0.000000 0.000000 64012.000000 155149.000000 94915.000000 29430.000000 15684.000000 11368.000000 576702.000000 510398.000000 446462.000000 397894.000000 333473.000000 269033.000000 204593.000000 141913.000000 125784.000000 107065.000000 147841.000000 84837.000000 22411.000000 157575.000000 92090.000000 30209.000000 220532.000000 152913.000000 
62
0.000000 0.000000 0.000000 0.000000 0.000000 0.000000 63468.000000 128959.000000 111364.000000 52023.000000 115200.000000 51264.000000 0.000000 0.000000 0.000000 0.000000 7714.000000 115159.000000 51018.000000 78826.000000 13341.000000 271744.000000 207808.000000 141504.000000 76288.000000 11520.000000 95648.000000 35334.000000 145374.000000 81760.000000 16275.000000 236651.000000 170347.000000 106411.000000 40299.000000 0.000000 0.000000 68077.000000 156566.000000 93846.000000 28361.000000 14596.000000 11948.000000 573760.000000 509824.000000 443520.000000 399798.000000 335377.000000 270937.000000 206497.000000 142057.000000 120241.000000 113352.000000 150639.000000 84722.000000 24203.000000 157704.000000 92219.000000 31111.000000 220492.000000 151657.000000 
63
0.000000 0.000000 0.000000 0.000000 0.000000 0.000000 63468.000000 127088.000000 111336.000000 51995.000000 115200.000000 51264.000000 0.000000 0.000000 0.000000 0.000000 7810.000000 115159.000000 51018.000000 78882.000000 13397.000000 270592.000000 206656.000000 140352.000000 75136.000000 10369.000000 99516.000000 37767.000000 145021.000000 81407.000000 15922.000000 237504.000000 171200.000000 106368.000000 42624.000000 0.000000 0.000000 63948.000000 155904.000000 94950.000000 29465.000000 16000.000000 13660.000000 573685.000000 509749.000000 443445.000000 399478.000000 335057.000000 270617.000000 206177.000000 141897.000000 123665.000000 113557.000000 149993.000000 84612.000000 19716.000000 157411.000000 91926.000000 30793.000000 220459.000000 152840.000000 
64
0.000000 0.000000 0.000000 0.000000 0.000000 0.000000 63468.000000 127611.000000 111668.000000 54198.000000 116672.000000 52736.000000 0.000000 0.000000 0.000000 0.000000 7782.000000 113623.000000 49482.000000 78854.000000 13369.000000 270656.000000 206720.000000 140416.000000 75200.000000 10368.000000 101696.000000 39079.000000 144682.000000 81068.000000 15583.000000 239894.000000 173590.000000 109654.000000 45014.000000 0.000000 0.000000 64044.000000 154028.000000 93074.000000 27589.000000 15776.000000 10068.000000 569845.000000 505909.000000 441077.000000 394257.000000 334572.000000 270132.000000 205692.000000 141252.000000 119052.000000 101725.000000 142466.000000 83479.000000 16714.000000 157507.000000 92022.000000 30514.000000 220232.000000 152613.000000 
65
0.000000 0.000000 0.000000 0.000000 0.000000 0.000000 63532.000000 128959.000000 111364.000000 52023.000000 115200.000000 51264.000000 0.000000 0.000000 0.000000 0.000000 7940.000000 113654.000000 48212.000000 78537.000000 13052.000000 269760.000000 205824.000000 139520.000000 74304.000000 10752.000000 94876.000000 34566.000000 145375.000000 81761.000000 16276.000000 239893.000000 173589.000000 109653.000000 42645.000000 0.000000 0.000000 68077.000000 154697.000000 91977.000000 26492.000000 15656.000000 10029.000000 569442.000000 505506.000000 441570.000000 394812.000000 332759.000000 268319.000000 203879.000000 141199.000000 117518.000000 101573.000000 145032.000000 82576.000000 14499.000000 157377.000000 91892.000000 30784.000000 220412.000000 152793.000000 
66
0.000000 0.000000 0.000000 0.000000 0.000000 0.000000 63468.000000 128959.000000 111336.000000 51995.000000 115200.000000 51264.000000 0.000000 0.000000 0.000000 0.000000 7906.000000 113623.000000 49482.000000 78494.000000 13009.000000 270592.000000 204288.000000 140352.000000 75136.000000 9217.000000 94683.000000 34566.000000 145374.000000 81760.000000 16275.000000 241344.000000 175040.000000 111104.000000 44992.000000 0.000000 0.000000 63948.000000 154029.000000 92715.000000 27230.000000 15796.000000 10028.000000 569442.000000 505506.000000 441570.000000 394126.000000 332073.000000 267633.000000 203193.000000 141153.000000 117472.000000 101573.000000 143772.000000 82128.000000 15401.000000 157377.000000 91892.000000 30411.000000 219759.000000 150924.000000 
67
0.000000 0.000000 0.000000 0.000000 0.000000 0.000000 63468.000000 127088.000000 111308.000000 52991.000000 114304.000000 50428.000000 0.000000 0.000000 0.000000 0.000000 7906.000000 113623.000000 49482.000000 78826.000000 13341.000000 270592.000000 204288.000000 140352.000000 75136.000000 10368.000000 95648.000000 34566.000000 145713.000000 82099.000000 16614.000000 241344.000000 175040.000000 111104.000000 44992.000000 0.000000 0.000000 64012.000000 154026.000000 93072.000000 27587.000000 15584.000000 12216.000000 572085.000000 505781.000000 440949.000000 393949.000000 334264.000000 269824.000000 205384.000000 141104.000000 118904.000000 109581.000000 142725.000000 83088.000000 16323.000000 157309.000000 91824.000000 30691.000000 220251.000000 152632.000000 
68
0.000000 0.000000 0.000000 0.000000 0.000000 0.000000 63468.000000 127611.000000 111668.000000 54198.000000 116672.000000 52736.000000 0.000000 0.000000 0.000000 0.000000 7392.000000 112471.000000 48330.000000 78522.000000 13037.000000 270656.000000 206720.000000 140416.000000 75200.000000 10368.000000 95744.000000 35430.000000 143130.000000 79516.000000 14031.000000 237504.000000 171200.000000 107264.000000 42624.000000 0.000000 0.000000 52778.000000 170642.000000 114429.000000 48944.000000 25036.000000 30248.000000 441613.000000 375309.000000 311373.000000 266284.000000 199660.000000 140907.000000 70515.000000 5268.000000 50176.000000 35389.000000 75119.000000 16132.000000 0.000000 157381.000000 91896.000000 30415.000000 220532.000000 152913.000000 
69
0.000000 0.000000 0.000000 0.000000 0.000000 0.000000 63468.000000 128959.000000 111364.000000 52023.000000 115200.000000 51264.000000 0.000000 0.000000 0.000000 0.000000 7422.000000 112406.000000 46964.000000 78841.000000 13356.000000 268608.000000 204672.000000 138368.000000 73152.000000 9600.000000 95744.000000 35334.000000 145001.000000 79516.000000 14031.000000 238976.000000 172672.000000 108736.000000 42624.000000 0.000000 0.000000 55787.000000 170642.000000 114379.000000 48894.000000 23776.000000 30344.000000 440898.000000 374594.000000 310658.000000 265772.000000 200044.000000 141291.000000 68915.000000 5716.000000 50176.000000 43721.000000 75119.000000 11304.000000 0.000000 157381.000000 91896.000000 30040.000000 219951.000000 152332.000000 
70
0.000000 0.000000 0.000000 0.000000 0.000000 0.000000 63532.000000 128959.000000 111336.000000 51995.000000 115200.000000 51264.000000 0.000000 0.000000 0.000000 0.000000 7422.000000 112471.000000 48330.000000 78854.000000 13369.000000 270592.000000 206656.000000 140352.000000 75136.000000 10369.000000 101696.000000 39079.000000 144266.000000 80652.000000 15167.000000 236651.000000 170347.000000 106411.000000 40299.000000 0.000000 0.000000 52714.000000 169519.000000 114386.000000 48901.000000 25355.000000 30224.000000 443083.000000 376779.000000 312843.000000 266689.000000 200065.000000 138944.000000 70655.000000 4916.000000 46592.000000 35414.000000 81264.000000 16131.000000 0.000000 157476.000000 91991.000000 29735.000000 220252.000000 153785.000000 
71
0.000000 0.000000 0.000000 0.000000 0.000000 0.000000 63468.000000 127088.000000 111308.000000 52991.000000 114304.000000 50423.000000 0.000000 0.000000 0.000000 0.000000 7422.000000 112342.000000 48201.000000 78494.000000 13009.000000 270592.000000 204288.000000 140352.000000 75136.000000 9216.000000 99613.000000 37767.000000 145001.000000 79516.000000 14031.000000 237504.000000 171200.000000 106368.000000 42624.000000 0.000000 0.000000 55787.000000 171165.000000 113709.000000 48224.000000 24648.000000 29221.000000 441060.000000 374756.000000 310820.000000 263837.000000 200477.000000 139356.000000 69083.000000 5734.000000 46592.000000 35388.000000 76431.000000 14499.000000 0.000000 157347.000000 91862.000000 30729.000000 219919.000000 152300.000000 
72
0.000000 0.000000 0.000000 0.000000 0.000000 0.000000 61932.000000 128959.000000 111351.000000 52010.000000 114304.000000 50422.000000 0.000000 0.000000 0.000000 0.000000 7460.000000 112471.000000 48330.000000 78537.000000 13052.000000 269441.000000 205505.000000 139201.000000 73985.000000 9216.000000 99709.000000 37767.000000 146497.000000 81012.000000 15527.000000 237504.000000 171200.000000 107264.000000 42624.000000 0.000000 0.000000 55787.000000 171390.000000 114434.000000 48949.000000 26052.000000 30020.000000 446786.000000 382850.000000 316546.000000 269912.000000 203288.000000 144535.000000 74143.000000 8826.000000 50176.000000 43719.000000 75119.000000 9670.000000 0.000000 157466.000000 91981.000000 30500.000000 219919.000000 152300.000000 
73
0.000000 0.000000 0.000000 0.000000 0.000000 0.000000 61995.000000 127611.000000 111653.000000 54183.000000 115200.000000 51264.000000 0.000000 0.000000 0.000000 0.000000 7494.000000 112406.000000 46963.000000 78522.000000 13037.000000 269440.000000 203136.000000 139200.000000 73984.000000 8065.000000 95744.000000 34566.000000 146169.000000 80684.000000 15199.000000 238976.000000 172672.000000 108736.000000 42624.000000 0.000000 0.000000 52778.000000 170642.000000 114402.000000 48917.000000 26236.000000 30021.000000 443892.000000 379956.000000 313652.000000 269669.000000 205413.000000 144292.000000 73900.000000 9398.000000 50176.000000 35386.000000 75119.000000 14499.000000 0.000000 157500.000000 92015.000000 29759.000000 220252.000000 153785.000000 
74
0.000000 0.000000 0.000000 0.000000 0.000000 0.000000 61932.000000 128959.000000 111364.000000 52023.000000 115200.000000 51264.000000 0.000000 0.000000 0.000000 0.000000 7518.000000 112342.000000 48201.000000 78826.000000 13341.000000 269440.000000 205504.000000 139200.000000 73984.000000 9216.000000 95551.000000 34566.000000 146482.000000 80997.000000 15512.000000 236651.000000 170347.000000 106411.000000 40299.000000 0.000000 0.000000 55787.000000 169894.000000 114401.000000 48916.000000 26058.000000 30084.000000 443931.000000 379995.000000 313691.000000 268460.000000 202732.000000 143979.000000 73587.000000 9470.000000 46592.000000 35386.000000 70286.000000 14565.000000 0.000000 157370.000000 91885.000000 30029.000000 220564.000000 152945.000000 
75
0.000000 0.000000 0.000000 0.000000 0.000000 0.000000 61932.000000 127088.000000 111308.000000 52991.000000 116672.000000 52736.000000 0.000000 0.000000 0.000000 0.000000 7570.000000 112471.000000 48330.000000 78826.000000 13341.000000 269760.000000 205824.000000 139520.000000 74304.000000 10752.000000 95648.000000 34566.000000 145737.000000 80252.000000 16638.000000 237504.000000 171200.000000 106368.000000 42624.000000 0.000000 0.000000 52714.000000 170042.000000 113666.000000 48181.000000 25140.000000 29912.000000 444852.000000 380916.000000 314612.000000 270564.000000 203940.000000 142819.000000 74411.000000 9032.000000 46592.000000 35421.000000 75119.000000 14499.000000 0.000000 157207.000000 91722.000000 30589.000000 219919.000000 152300.000000 
76
0.000000 0.000000 0.000000 0.000000 0.000000 0.000000 61932.000000 129482.000000 111336.000000 53866.000000 115200.000000 51264.000000 0.000000 0.000000 0.000000 0.000000 7680.000000 112471.000000 48330.000000 78522.000000 13037.000000 269441.000000 205505.000000 139201.000000 73985.000000 9216.000000 96130.000000 34566.000000 146497.000000 81012.000000 15527.000000 237504.000000 171200.000000 107264.000000 42624.000000 0.000000 0.000000 55787.000000 170642.000000 114429.000000 48944.000000 26052.000000 29660.000000 440740.000000 374436.000000 310500.000000 265174.000000 198550.000000 139797.000000 69524.000000 5190.000000 50176.000000 35395.000000 75119.000000 14499.000000 0.000000 157466.000000 91981.000000 29725.000000 220187.000000 152568.000000 
77
0.000000 0.000000 0.000000 0.000000 0.000000 0.000000 61995.000000 127611.000000 111668.000000 54198.000000 116672.000000 52736.000000 0.000000 0.000000 0.000000 0.000000 7700.000000 112406.000000 46963.000000 78841.000000 13356.000000 267456.000000 203520.000000 137216.000000 72000.000000 7425.000000 99516.000000 37767.000000 146150.000000 80665.000000 15180.000000 238976.000000 172672.000000 108736.000000 42624.000000 0.000000 0.000000 52714.000000 170642.000000 114404.000000 48919.000000 26058.000000 29544.000000 440228.000000 376292.000000 309988.000000 266467.000000 199843.000000 138722.000000 70433.000000 5254.000000 50176.000000 35395.000000 76431.000000 14566.000000 0.000000 157500.000000 92015.000000 29759.000000 220252.000000 151417.000000 
78
0.000000 0.000000 0.000000 0.000000 0.000000 0.000000 61932.000000 128959.000000 111364.000000 52023.000000 115200.000000 51264.000000 0.000000 0.000000 0.000000 0.000000 7710.000000 112471.000000 48330.000000 78854.000000 13369.000000 270592.000000 206656.000000 140352.000000 75136.000000 10368.000000 95551.000000 34566.000000 146486.000000 81001.000000 15516.000000 236651.000000 170347.000000 106411.000000 40299.000000 0.000000 0.000000 55787.000000 170642.000000 114404.000000 48919.000000 26236.000000 29660.000000 443035.000000 379099.000000 312795.000000 265681.000000 199953.000000 141200.000000 70808.000000 5108.000000 46592.000000 35395.000000 75119.000000 14499.000000 0.000000 157370.000000 91885.000000 30804.000000 219983.000000 152364.000000 
79
0.000000 0.000000 0.000000 0.000000 0.000000 0.000000 61932.000000 127088.000000 111308.000000 52991.000000 114304.000000 50429.000000 0.000000 0.000000 0.000000 0.000000 7638.000000 112342.000000 48201.000000 78494.000000 13009.000000 270592.000000 204288.000000 140352.000000 75136.000000 10240.000000 95455.000000 34566.000000 145752.000000 80267.000000 16653.000000 237504.000000 171200.000000 106368.000000 42624.000000 0.000000 0.000000 52778.000000 170042.000000 113666.000000 48181.000000 25140.000000 29629.000000 440244.000000 373940.000000 310004.000000 265173.000000 198549.000000 139796.000000 69404.000000 4710.000000 46592.000000 43727.000000 75119.000000 9669.000000 0.000000 157207.000000 91722.000000 30589.000000 220232.000000 152613.000000 
