task94
0.012000 1.060873 2.011066 2.093232 3.025121 3.028588 4.011337 4.011551 5.140555 5.160238 
task0
0.022000 1.160976 2.169066 2.241748 3.033121 3.044190 4.022139 4.022520 5.178555 5.199877 
task13
0.022000 1.075829 2.101349 2.101385 3.031479 3.031534 4.021819 4.034391 5.170455 5.176843 
task10
0.022000 1.074435 2.100956 2.101049 3.031430 3.031486 4.021796 4.034368 5.177847 5.182466 
task15
0.022000 1.071854 2.101234 2.101425 3.031200 3.036262 4.021775 4.021837 5.170487 5.176911 
task3
0.024000 1.165308 2.243543 2.246572 3.107379 3.172780 4.075660 4.076629 5.213806 5.288500 
task1
0.024000 1.164408 2.243384 2.245373 3.045611 3.048571 4.024667 4.025007 5.234265 5.237737 
task14
0.024000 1.162192 2.242808 2.243198 3.045200 3.046349 4.032601 4.032911 5.236197 5.239632 
task12
0.024000 1.161743 2.242974 2.243788 3.045150 3.046015 4.041980 4.042552 5.235952 5.239495 
task11
0.024000 1.162923 2.243903 2.246812 3.045397 3.047656 4.033289 4.208343 5.237450 5.239361 
task2
0.024000 1.162666 2.242906 2.243528 3.045247 3.046625 4.040059 4.046095 5.235950 5.239475 
task9
0.024000 1.165108 2.243023 2.244175 3.044868 3.045206 4.040538 4.041102 5.236002 5.239403 
task6
0.024000 1.161897 2.243127 2.244362 3.044981 3.045589 4.032634 4.036425 5.234618 5.238148 
task4
0.024000 1.171428 2.243363 2.244758 3.045295 3.047042 4.036117 4.042958 5.236178 5.239582 
task7
0.024000 1.165431 2.243404 2.245758 3.045528 3.048228 4.035946 4.042829 5.238364 5.241460 
task5
0.024000 1.163108 2.243377 2.245094 3.045411 3.047778 4.036582 4.044437 5.234279 5.237665 
task8
0.024000 1.164117 2.242516 2.242832 3.045383 3.047169 4.038485 4.045594 5.234518 5.237994 
task16
0.032000 1.247494 2.293066 2.371516 3.191151 3.339649 4.102167 4.208116 5.400555 5.567706 
task17
0.032305 0.043852 1.247680 1.259195 2.372040 2.383440 2.405181 2.416130 3.339871 3.359691 4.208644 4.218367 4.269343 4.289041 4.464345 4.480452 4.483429 4.499834 5.567847 5.579178 5.596555 5.606510 
task20
0.033293 0.062751 1.248545 1.278403 2.372542 2.402658 3.339944 3.379818 4.269687 4.311505 5.568281 5.607277 
task19
0.129122 0.137308 0.366000 0.374815 1.345048 1.354057 1.585479 1.594331 2.501470 2.510643 2.524724 2.534025 2.751181 2.760072 3.710152 3.712711 3.831151 3.839708 4.269115 4.279668 4.464218 4.472431 4.483345 4.490835 5.704811 5.707649 5.960588 5.960667 5.999381 5.960667 5.998569 5.960667 5.960673 5.960673 5.972029 5.969108 
task18
0.140702 0.145994 1.355983 1.356254 2.518451 2.518875 3.716589 3.716987 4.410062 4.416736 5.712965 5.713235 
task21
0.190702 0.191643 1.423983 1.425089 2.574451 2.575524 3.770589 3.771688 4.476062 4.477246 5.768965 5.768965 5.963709 5.768965 5.979065 5.769877 
task22
0.374702 0.375048 1.617988 1.618168 2.764451 2.764995 3.974622 3.975357 4.703489 4.722380 5.962965 5.962965 5.993038 5.962965 5.992920 5.962965 5.992917 5.962965 5.992799 5.962965 5.992678 5.962965 5.992557 5.962965 5.992339 5.962965 5.992100 5.962965 5.991979 5.962965 5.991858 5.962965 5.991561 5.962965 5.991440 5.962965 5.991263 5.962965 5.991260 5.962965 5.991143 5.962965 5.991025 5.962965 5.991022 5.962965 5.990904 5.962965 5.990783 5.962965 5.990624 5.962965 5.990478 5.962965 5.990358 5.962965 5.990181 5.962965 5.990178 5.962965 5.990060 5.962965 5.989939 5.962965 5.989806 5.962965 5.989685 5.962965 5.989526 5.962965 5.989408 5.962965 5.989290 5.962965 5.989287 5.962965 5.989169 5.962965 5.989048 5.962965 5.988915 5.962965 5.988598 5.962965 5.988525 5.962965 5.988407 5.962965 5.988290 5.962965 5.988287 5.962965 5.988169 5.962965 5.988048 5.962965 5.987914 5.962965 5.987793 5.962965 5.987575 5.962965 5.987457 5.962965 5.987454 5.962965 5.987336 5.962965 5.987156 5.962965 5.987023 5.962965 5.986902 5.962965 5.986782 5.962965 5.986577 5.962965 5.986459 5.962965 5.986456 5.962965 5.986338 5.962965 5.986221 5.962965 5.986159 5.962965 5.986038 5.962965 5.985917 5.962965 5.985725 5.962965 5.985606 5.962965 5.985488 5.962965 5.985309 5.962965 5.985133 5.962965 5.985071 5.962965 5.984879 5.962965 5.984762 5.962965 5.984498 5.962965 5.984381 5.962965 5.984202 5.962965 5.984026 5.962965 5.983938 5.962965 5.983746 5.962965 5.983628 5.962965 5.983438 5.962965 5.983320 5.962965 5.983084 5.962965 5.982879 5.962965 5.982614 5.962965 5.982319 5.962965 5.982201 5.962965 5.981895 5.962965 5.981645 5.962965 5.981571 5.962965 5.981335 5.962965 5.981100 5.962965 5.980720 5.962965 5.980541 5.962965 5.980423 5.962965 5.980187 5.962965 5.980009 5.962965 5.979773 5.962965 5.979656 5.962965 5.979420 5.962965 5.979185 5.962965 5.979065 5.962965 5.978830 5.962965 5.978651 5.962965 5.978475 5.962965 5.978413 5.962965 5.978235 5.962965 5.978117 5.962965 5.977881 5.962965 5.977703 5.962965 5.977469 5.962965 5.979067 5.962965 5.977467 5.962965 5.978117 5.962965 5.980009 5.962965 5.977173 5.962965 5.977881 5.962965 5.980909 5.962965 5.977054 5.962965 5.977587 5.962965 5.981027 5.962965 5.976818 5.962965 5.977351 5.962965 5.982084 5.962965 5.976640 5.962965 5.977289 5.962965 5.982319 5.962965 5.976406 5.962965 5.977054 5.962965 5.982686 5.962965 5.976226 5.962965 5.976818 5.962965 5.982879 5.962965 5.976108 5.962965 5.976524 5.962965 5.983438 5.962965 5.975873 5.962965 5.976288 5.962965 5.983556 5.962965 5.975695 5.962965 5.976226 5.962965 5.983746 5.962965 5.975459 5.962965 5.975991 5.962965 5.983820 5.962965 5.975341 5.962965 5.975755 5.962965 5.984142 5.962965 5.975047 5.962965 5.975461 5.962965 5.993111 5.962965 5.984202 5.962965 5.975045 5.962965 5.975459 5.962965 5.993036 5.962965 5.984204 5.962965 5.974927 5.962965 5.975225 5.962965 5.992917 5.962965 5.984320 5.962965 5.974810 5.962965 5.975223 5.962965 5.992739 5.962965 5.984381 5.962965 5.974692 5.962965 5.975163 5.962965 5.992678 5.962965 5.984498 5.962965 5.974631 5.962965 5.974929 5.962965 5.992618 5.962965 5.984571 5.962965 5.974514 5.962965 5.974927 5.962965 5.992557 5.962965 5.984573 5.962965 5.974396 5.962965 5.974693 5.962965 5.992460 5.962965 5.984689 5.962965 5.974280 5.962965 5.974692 5.962965 5.992458 5.962965 5.984762 5.962965 5.974278 5.962965 5.974631 5.962965 5.992342 5.962965 5.984879 5.962965 5.974160 5.962965 5.974397 5.962965 5.992340 5.962965 5.984953 5.962965 5.974043 5.962965 5.974396 5.962965 5.992339 5.962965 5.984955 5.962965 5.973982 5.962965 5.974162 5.962965 5.992223 5.962965 5.985071 5.962965 5.973864 5.962965 5.974160 5.962965 5.992221 5.962965 5.985249 5.962965 5.973747 5.962965 5.973982 5.962965 5.992161 5.962965 5.985309 5.962965 5.973630 5.962965 5.973866 5.962965 5.992100 5.962965 5.985311 5.962965 5.973629 5.962965 5.973864 5.962965 5.992040 5.962965 5.985427 5.962965 5.973511 5.962965 5.973747 5.962965 5.991979 5.962965 5.985488 5.962965 5.973393 5.962965 5.973629 5.962965 5.991919 5.962965 5.985605 5.962965 5.973333 5.962965 5.973511 5.962965 5.991858 5.962965 5.985725 5.962965 5.973215 5.962965 5.973395 5.962965 5.991742 5.962965 5.985785 5.962965 5.972978 5.962965 5.973393 5.962965 5.991741 5.962965 5.985787 5.962965 5.972859 5.962965 5.973333 5.962965 5.991680 5.962965 5.985917 5.962965 5.972700 5.962965 5.973134 5.962965 5.991603 5.963004 5.991680 5.963004 5.991500 5.963004 5.991380 5.963004 5.991141 5.963004 5.990843 5.963004 5.990684 5.963004 5.990551 5.963004 5.990418 5.963004 5.990297 5.963004 5.990000 5.963004 5.989866 5.963004 5.989746 5.963004 5.989600 5.963004 5.989406 5.963004 5.989109 5.963004 5.988988 5.963004 5.988915 5.963004 5.988799 5.963004 5.983201 5.963004 5.988797 5.963004 5.983083 5.963004 5.988685 5.963004 5.982951 5.963004 5.988598 5.963004 5.982748 5.963004 5.988525 5.963004 5.982747 5.963004 5.988406 5.963004 5.982686 5.963004 5.988287 5.963004 5.982497 5.963004 5.988108 5.963004 5.982496 5.963004 5.988048 5.963004 5.982011 5.963004 5.987974 5.963004 5.981893 5.963004 5.987914 5.963004 5.981763 5.963004 5.987853 5.963004 5.981762 5.963004 5.987793 5.963004 5.981571 5.963004 5.987733 5.963004 5.981455 5.963004 5.987661 5.963004 5.981453 5.963004 5.987660 5.963004 5.981335 5.963004 5.987454 5.963004 5.981218 5.963004 5.987279 5.963004 5.981100 5.963004 5.987277 5.963004 5.981027 5.963004 5.987217 5.963004 5.980837 5.963004 5.987156 5.963004 5.980719 5.963004 5.987096 5.963004 5.980601 5.963004 5.987023 5.963004 5.980541 5.963004 5.986963 5.963004 5.980423 5.963004 5.986902 5.963004 5.980305 5.963004 5.986842 5.963004 5.980189 5.963004 5.986782 5.963004 5.980187 5.963004 5.986665 5.963004 5.980009 5.963004 5.986664 5.963004 5.979893 5.963004 5.986662 5.963004 5.979891 5.963004 5.986456 5.963004 5.979773 5.963004 5.986337 5.963004 5.979656 5.963004 5.986159 5.963004 5.979538 5.963004 5.986098 5.963004 5.979422 5.963004 5.986038 5.963004 5.979420 5.963004 5.985977 5.963004 5.979360 5.963004 5.985917 5.963004 5.979183 5.963004 5.985725 5.963004 5.979065 5.963004 5.985427 5.963004 5.978949 5.963004 5.985249 5.963004 5.978947 5.963004 5.985071 5.963004 5.978830 5.963004 5.984879 5.963004 5.978769 5.963004 5.984689 5.963004 5.978653 5.963004 5.984498 5.963004 5.978651 5.963004 5.984320 5.963004 5.978591 5.963004 5.984142 5.963004 5.978413 5.963004 5.983938 5.963004 5.978297 5.963004 5.983746 5.963004 5.978295 5.963004 5.983556 5.963004 5.978235 5.963004 5.983318 5.963004 5.978117 5.963004 5.983202 5.963004 5.978001 5.963004 5.983201 5.963004 5.977999 5.963004 5.983083 5.963004 5.977821 5.963004 5.982953 5.963004 5.977705 5.963004 5.982951 5.963004 5.977703 5.963004 5.982686 5.963004 5.977585 5.963004 5.982614 5.963004 5.977467 5.963004 5.982439 5.963004 5.977350 5.963004 5.982437 5.963004 5.977289 5.963004 5.982319 5.963004 5.977171 5.963004 5.982201 5.963004 5.977054 5.963004 5.982084 5.963004 5.976937 5.963004 5.982011 5.963004 5.976936 5.963004 5.981893 5.963004 5.976758 5.963004 5.981762 5.963004 5.976641 5.963004 5.981644 5.963004 5.976640 5.963004 5.981571 5.963004 5.976522 5.963004 5.981453 5.963004 5.976404 5.963004 5.981335 5.963004 5.976287 5.963004 5.981219 5.963004 5.976226 5.963004 5.981218 5.963004 5.976108 5.963004 5.981027 5.963004 5.975991 5.963004 5.980909 5.963004 5.975874 5.963004 5.980837 5.963004 5.975873 5.963004 5.980603 5.963004 5.975695 5.963004 5.980601 5.963004 5.975578 5.963004 5.980541 5.963004 5.975577 5.963004 5.980307 5.963004 5.975459 5.963004 5.980305 5.963004 5.975341 5.963004 5.980071 5.963004 5.975223 5.963004 5.980069 5.963004 5.975163 5.963004 5.980009 5.963004 5.975045 5.963004 5.979775 5.963004 5.974927 5.963004 5.979773 5.963004 5.974811 5.963004 5.979539 5.963004 5.974810 5.963004 5.979538 5.963004 5.974631 5.963004 5.979360 5.963004 5.974515 5.963004 5.979243 5.963004 5.974514 5.963004 5.979242 5.963004 5.974396 5.963004 5.978769 5.963004 5.974278 5.963004 5.978591 5.963004 5.974160 5.963004 5.978413 5.963004 5.974044 5.963004 5.978235 5.963004 5.974043 5.963004 5.977821 5.963004 5.973982 5.963004 5.977289 5.963004 5.973748 5.963004 5.976758 5.963004 5.973747 5.963004 5.976226 5.963004 5.973512 5.963004 5.975695 5.963004 5.973511 5.963004 5.975163 5.963004 5.973333 5.963004 5.974631 5.963004 5.973216 5.963004 5.973982 5.963004 5.973215 5.963004 5.973333 5.963004 5.973040 5.963004 5.973038 5.963004 5.973038 5.963004 5.972978 5.963004 5.972978 5.963004 5.972862 5.963004 5.972859 5.963004 5.972860 5.963004 5.972609 5.963004 5.972859 5.963004 5.972607 5.963004 5.972547 5.963004 5.972547 5.963004 5.972487 5.963004 5.972487 5.963004 5.972354 5.963004 5.972354 5.963004 5.972222 5.963004 5.972222 5.963004 5.972088 5.963004 5.972088 5.963004 5.971956 5.963004 5.971956 5.963004 5.971823 5.963004 5.971823 5.963004 5.971690 5.963004 5.971690 5.963004 5.971557 5.963004 5.971425 5.963004 5.971425 5.963004 5.971291 5.963004 5.971291 5.963004 5.971159 5.963004 5.971159 5.963004 5.971026 5.963004 5.971026 5.963004 5.970893 5.963004 5.970893 5.963004 5.970760 5.963004 5.970760 5.963004 5.970628 5.963004 5.970628 5.963004 5.970495 5.963004 5.970495 5.963004 5.970362 5.963004 5.970230 5.963004 5.970230 5.963004 5.970096 5.963004 5.970096 5.963004 5.969964 5.963004 5.969964 5.963004 5.969831 5.963004 5.969831 5.963004 5.969698 5.963004 5.969565 5.963004 5.969565 5.963004 5.969433 5.963004 5.969433 5.963004 5.969299 5.963004 5.969299 5.963004 5.969167 5.963004 5.969034 5.963004 5.969034 5.963004 5.968901 5.963004 5.968901 5.963004 5.968769 5.963004 5.968769 5.963004 5.968636 5.963004 5.968636 5.963004 5.968503 5.963004 5.968372 5.963004 5.968370 5.963004 5.968370 5.963004 5.968239 5.963004 5.968118 5.963004 5.968238 5.963004 5.967869 5.963004 5.968121 5.963004 5.967867 5.963004 5.968120 5.963004 5.967568 5.963004 5.968118 5.963004 5.967507 5.963004 5.968002 5.963004 5.967447 5.963004 5.968001 5.963004 5.967386 5.963004 5.967867 5.963004 5.967243 5.963004 5.967747 5.963004 5.967183 5.963004 5.967746 5.963004 5.967123 5.963004 5.967630 5.963004 5.967062 5.963004 5.967628 5.963004 5.967002 5.963004 5.967568 5.963004 5.966882 5.963004 5.967507 5.963004 5.966763 5.963004 5.967447 5.963004 5.966644 5.963004 5.967386 5.963004 5.966469 5.963004 5.967243 5.963004 5.966467 5.963004 5.967183 5.963004 5.966407 5.963004 5.967123 5.963004 5.966346 5.963004 5.967062 5.963004 5.966286 5.963004 5.967002 5.963004 5.966225 5.963004 5.966885 5.963004 5.966165 5.963004 5.966884 5.963004 5.966104 5.963004 5.966882 5.963004 5.966044 5.963004 5.966766 5.963004 5.965984 5.963004 5.966765 5.963004 5.965923 5.963004 5.966763 5.963004 5.965807 5.963004 5.966647 5.963004 5.965805 5.963004 5.966645 5.963004 5.965804 5.963004 5.966644 5.963004 5.965688 5.963004 5.966527 5.963004 5.965686 5.963004 5.966526 5.963004 5.965685 5.963004 5.966407 5.963004 5.965568 5.963004 5.966346 5.963004 5.965567 5.963004 5.966286 5.963004 5.965565 5.963004 5.966225 5.963004 5.965449 5.963004 5.966165 5.963004 5.965447 5.963004 5.966104 5.963004 5.965387 5.963004 5.966044 5.963004 5.965327 5.963004 5.965984 5.963004 5.965266 5.963004 5.965923 5.963004 5.965206 5.963004 5.965804 5.963004 5.965145 5.963004 5.965685 5.963004 5.965085 5.963004 5.965565 5.963004 5.965024 5.963004 5.965387 5.963004 5.964964 5.963004 5.965327 5.963004 5.964848 5.963004 5.965266 5.963004 5.964846 5.963004 5.965206 5.963004 5.964845 5.963004 5.965145 5.963004 5.964728 5.963004 5.965085 5.963004 5.964727 5.963004 5.965024 5.963004 5.964725 5.963004 5.964964 5.963004 5.964609 5.963004 5.964845 5.963004 5.964608 5.963004 5.964725 5.963004 5.964606 5.963004 5.964606 5.963004 5.964490 5.963004 5.964487 5.963004 5.964488 5.963004 5.964308 5.963004 5.964487 5.963004 5.964248 5.963004 5.964370 5.963004 5.964188 5.963004 5.964369 5.963004 5.964127 5.963004 5.964308 5.963004 5.964067 5.963004 5.964248 5.963004 5.964006 5.963004 5.964188 5.963004 5.963946 5.963004 5.964127 5.963004 5.963885 5.963004 5.964067 5.963004 5.963768 5.963004 5.964006 5.963004 5.963650 5.963004 5.963946 5.963004 5.963589 5.963004 5.963885 5.963004 5.963529 5.963004 5.963768 5.963004 5.963413 5.963004 5.963589 5.963004 
task23
0.432000 0.432938 1.674424 1.676307 2.829767 2.830876 4.197249 4.203632 4.854949 4.855742 
task24
0.433710 0.433882 1.676925 1.677003 2.832617 2.832666 4.271976 4.317438 4.857297 4.857309 
task31
0.440259 0.442214 0.442349 0.442560 0.443220 0.444334 0.474792 0.475300 1.680205 1.682532 1.718307 1.718391 1.718671 1.718923 2.840355 2.840442 2.840451 2.841420 2.841471 2.842222 2.842375 2.842520 2.878746 2.879220 4.530123 4.530454 4.530471 4.531179 4.531410 4.531825 4.531923 4.532535 4.555988 4.561940 4.675770 4.676952 4.678618 4.687891 4.698165 4.699086 4.703604 4.714643 4.780169 4.786488 4.880178 4.880278 4.880279 4.880734 4.881384 4.896395 4.896487 4.896655 
task25
0.440259 0.444803 0.464532 0.466157 0.468108 0.471298 0.471505 0.474622 0.474792 0.475757 1.680205 1.708423 1.709296 1.711060 1.711862 1.715789 1.718307 1.747728 2.840356 2.868651 2.869842 2.873169 2.873473 2.877283 2.878746 2.907951 4.530124 4.561877 4.635376 4.643721 4.675806 4.687178 4.698165 4.703383 4.703604 4.779311 4.780169 4.864894 4.880178 4.881205 4.881384 4.953983 
task54
0.440370 0.440937 0.440961 0.441269 0.474896 0.475200 1.680279 1.680617 1.680743 1.680774 1.682057 1.682500 1.718671 1.718937 2.840525 2.840868 2.841176 2.842103 2.878880 2.879037 4.530123 4.530422 4.530673 4.531078 4.532004 4.532332 4.557389 4.560314 4.675770 4.686643 4.880178 4.880260 4.880618 4.880705 4.881847 4.884014 4.896487 4.896645 
task30
0.440416 0.440894 0.440949 0.442932 0.443220 0.455578 0.474896 0.506209 1.680299 1.680509 1.680737 1.682691 1.718671 1.719306 2.840356 2.841905 2.841999 2.843046 2.878746 2.879603 4.530123 4.530566 4.530599 4.531773 4.532004 4.532466 4.555988 4.571882 4.675806 4.677420 4.678618 4.687105 4.880178 4.881131 4.881384 4.884757 4.896487 4.954131 
task35
0.442055 0.442910 1.681542 1.682279 2.842000 2.842848 4.530850 4.531404 4.880949 4.881514 
task90
0.442754 0.455786 0.464532 0.466077 0.468108 0.474415 0.474792 0.506325 1.681488 1.694654 1.706715 1.708254 1.709296 1.711423 1.711862 1.715712 1.718307 1.720374 2.840914 2.854215 2.867075 2.868497 2.871609 2.873177 2.873473 2.877231 2.878746 2.880468 4.530854 4.573543 4.642026 4.753237 4.880178 4.885532 4.896487 4.898217 
task83
0.442754 0.455095 0.464532 0.485902 1.681488 1.694079 1.706715 1.729254 2.840914 2.853562 2.867075 2.889526 4.530854 4.573426 4.642376 4.650938 4.678569 4.693878 4.703028 4.722319 4.782196 4.799070 4.880178 4.911500 
task26
0.477031 0.478442 0.478792 0.487185 1.720798 1.728605 2.881014 2.882385 2.882918 2.888912 4.776364 4.779386 4.780169 4.788871 4.795604 4.797367 4.808508 4.812641 4.881384 4.883240 4.884265 4.896260 4.954555 4.955618 
task86
0.478810 0.518775 1.722671 1.744746 1.744928 1.763573 2.882843 2.899323 2.905087 2.923246 4.651847 4.664995 4.678569 4.690571 4.702709 4.734184 4.782196 4.795762 4.884265 4.914438 4.954555 5.138162 
task84
0.478886 0.491751 0.501192 0.601073 1.722720 1.846242 2.882996 3.006104 4.651847 4.876174 4.884265 4.976487 
task33
0.479671 0.517985 1.723188 1.761780 2.883299 2.925975 4.866244 4.910104 4.954265 4.954432 
task27
0.501073 0.518814 0.518893 0.519660 0.519671 0.520312 1.744837 1.745117 1.745847 1.761960 1.762900 1.763685 2.905069 2.905637 2.915252 2.922102 2.923347 2.923900 2.927542 2.927913 4.842178 4.845558 4.866244 4.869404 4.893688 4.902578 5.035847 5.036914 5.037438 5.037595 5.047747 5.070576 5.140555 5.141475 
task28
0.501164 0.536740 1.744928 1.762255 1.762900 1.864816 2.905087 2.922397 2.923365 2.940169 4.842178 4.882583 4.893733 5.044664 5.047747 5.075324 5.140555 5.177058 
task87
0.501437 0.529237 1.745153 1.772108 2.905152 2.934139 4.791847 4.801144 4.866265 4.878103 5.047747 5.053860 5.096265 5.101223 
task88
0.550926 0.565383 0.621737 0.635383 1.842491 1.857573 1.865394 1.879109 3.002864 3.017149 3.025379 3.039040 4.823847 4.838849 4.893747 5.030328 5.075438 5.090322 5.214405 5.230111 
task29
0.561214 0.562271 0.562931 0.565038 0.619199 0.619635 0.621723 0.622212 1.806476 1.807845 1.807863 1.808228 1.864963 1.865785 2.966828 2.967954 3.025121 3.025718 4.861847 4.863035 4.863297 4.863734 4.866244 4.873031 4.893733 4.908400 5.177449 5.178951 5.179950 5.181934 5.214405 5.218674 
task85
0.572945 0.581278 0.621737 0.637871 1.816490 1.818823 1.865394 1.881485 2.976864 2.978425 3.025379 3.041425 4.719847 4.722158 4.750618 4.752062 4.773604 4.781479 4.901950 4.903438 4.953847 4.956667 5.047747 5.077465 
task32
0.621473 0.621714 1.867189 1.870611 3.031186 3.031534 4.876487 4.876820 5.234522 5.238189 
task36
0.627199 0.627617 1.872963 1.873335 3.033121 3.033497 4.880526 4.904289 5.218555 5.218778 
task34
0.641559 0.641782 1.897203 1.933254 3.053200 3.074291 4.896487 4.902972 5.262522 5.262788 
task39
0.643229 0.650591 0.657580 0.658923 0.703737 0.717716 1.888886 1.891985 1.897066 1.899509 1.947394 1.961502 3.053200 3.056432 3.075151 3.076313 3.108007 3.120681 4.901384 4.915589 4.954178 4.955848 5.047747 5.195699 5.314255 5.317427 5.336442 5.342299 5.400555 5.401744 
task37
0.643420 0.647214 0.649293 0.652368 0.657587 0.679994 0.703744 0.772006 1.889107 1.901714 1.947401 2.015732 3.053430 3.060732 3.074249 3.078166 3.108014 3.168976 4.901396 4.953268 4.954178 4.958714 5.047759 5.198760 5.395170 5.399080 5.400555 5.411173 
task38
0.704988 0.706389 0.719302 0.720889 0.731786 0.814839 1.952496 1.954629 1.967066 1.967881 1.975443 2.058514 3.130249 3.132708 3.136021 3.142373 3.145151 3.145870 4.999408 5.001351 5.047754 5.076490 5.140555 5.172386 5.596555 5.674312 
task89
0.715806 0.722294 0.731796 0.749314 1.959888 1.965874 1.975453 1.993083 3.119871 3.126255 3.136061 3.190011 5.018265 5.024608 5.047800 5.092249 5.324669 5.331069 5.336442 5.346434 
task91
0.720381 0.720599 1.967739 1.967968 3.126375 3.126536 5.022949 5.023202 5.332949 5.333091 
task92
0.720997 0.725643 0.731791 0.798618 1.968505 1.973306 1.975448 2.042416 3.126859 3.132706 3.136026 3.146434 5.023427 5.030608 5.047766 5.197190 5.333475 5.439393 
task40
0.723811 0.739539 1.970802 1.974103 1.975408 1.981130 3.148859 3.152142 3.157151 3.159119 3.190062 3.255842 5.169438 5.172374 5.178555 5.181390 5.214406 5.331970 5.889625 5.893137 5.960667 5.960667 5.998369 5.960667 5.997489 5.960667 5.997757 5.960667 5.998442 5.960667 5.996794 5.960667 5.995914 5.960667 5.996182 5.960667 5.996867 5.960667 5.995218 5.960667 5.994338 5.960667 5.994606 5.960667 5.995291 5.960667 5.993643 5.960667 5.992763 5.960667 5.993031 5.960667 5.993716 5.960667 5.992068 5.960667 5.991188 5.960667 5.991456 5.960667 5.992140 5.960673 5.981880 5.960673 5.979906 5.960673 5.980305 5.960673 5.978331 5.960673 5.978729 5.960673 5.976755 5.960673 5.977154 5.960673 5.975180 5.960673 5.975578 5.960673 5.973605 5.960673 5.974003 5.962965 5.962971 5.962971 5.987646 5.962971 5.972698 5.962971 5.973133 5.962971 5.991602 5.962971 5.989287 5.962971 5.971123 5.962971 5.971557 5.963004 5.986455 5.963004 5.966860 5.963004 5.966977 5.963004 5.993316 5.963004 5.984879 5.963004 5.965284 5.963004 5.965402 5.963004 
task42
0.741817 0.747780 0.763302 0.767277 0.799796 0.804681 1.988808 1.994314 2.011066 2.015259 2.035384 2.039686 2.043453 2.048408 3.167164 3.172528 3.190061 3.196565 5.190265 5.195845 5.214405 5.227000 5.993004 5.993038 5.993052 5.993052 5.996813 5.993995 5.998842 5.993995 5.998857 5.993995 5.998815 5.993995 5.998834 5.994580 5.999320 5.994580 5.999340 5.994580 5.999400 5.994580 5.999402 5.994739 5.999719 5.994739 5.999747 5.994739 5.999724 5.994739 5.999684 5.994884 5.999754 5.994884 5.999692 5.994884 5.999814 5.994884 5.999700 5.995032 5.999805 5.995032 5.999952 5.995032 5.999889 5.995032 5.999880 5.995180 5.995254 5.995402 5.995476 5.995476 5.995625 5.995699 
task41
0.741818 0.785784 1.988808 2.034647 2.035384 2.112118 3.167164 3.205426 5.190265 5.245520 5.993995 5.993995 5.994580 5.994580 5.994739 5.994739 5.994884 5.994884 5.994899 5.994899 5.995032 5.995032 5.995106 5.995699 
task93
0.741818 0.809037 1.985382 1.987018 2.043454 2.052712 3.142383 3.143929 3.190067 3.228855 5.046265 5.091587 5.346570 5.348091 5.408442 5.431419 
task43
0.889810 0.896991 0.919302 0.925579 2.055903 2.062562 2.067460 2.075881 2.083384 2.089768 2.169066 2.177254 3.235205 3.242243 3.254383 3.262943 3.347151 3.440312 5.357847 5.364586 5.396570 5.460998 
task46
0.956385 0.956689 2.207744 2.207858 3.742375 3.742627 5.454949 5.455182 
task47
0.958405 0.959569 2.209763 2.210938 3.744375 3.745507 5.456949 5.458061 
task48
0.959346 0.960670 0.961023 0.961755 1.043308 1.044442 2.210808 2.213283 2.293072 2.297896 3.745375 3.747658 3.770589 3.820781 3.831279 3.865299 5.457847 5.460234 5.596555 5.898349 
task44
1.029806 1.030780 1.031038 1.032035 1.043302 1.044985 2.277349 2.279757 2.293066 2.297797 3.741965 3.743114 3.743375 3.744189 3.770605 3.865660 5.778899 5.780265 5.960667 5.960673 5.985607 5.960673 5.986088 5.960673 5.984753 5.960673 5.985300 5.960673 5.962985 5.963004 5.990967 5.963004 5.988242 5.963004 5.968655 5.963004 
task49
1.045056 1.046960 2.298040 2.300714 3.865449 3.868269 3.869336 3.925964 3.974695 3.992648 5.899032 5.903517 5.960667 5.960667 5.989612 5.960667 5.989880 5.960667 5.988612 5.960667 5.988929 5.960667 5.987660 5.960667 5.987989 5.960667 5.986603 5.960667 5.987037 5.960673 5.983965 5.960673 5.984512 5.960673 5.983024 5.960673 5.983569 5.960673 5.982025 5.960673 5.982628 5.960673 5.981041 5.960673 5.981585 5.962985 5.990179 5.962985 5.989134 5.962985 5.963004 5.963004 5.991859 5.963004 
task45
1.053607 1.059332 1.067419 1.077079 2.314650 2.380685 3.869308 3.873768 3.974709 4.009461 
task50
1.055070 1.057625 1.063621 1.069833 2.308650 2.312372 2.319127 2.373396 3.888039 3.891763 3.935336 3.937383 3.974622 3.978958 5.987995 5.988580 5.992212 5.988580 5.992214 5.988580 5.992132 5.988580 5.992152 5.988580 5.990440 5.988580 5.990442 5.988580 5.990360 5.988580 5.990380 5.988671 5.996076 5.988739 5.996104 5.988739 5.994309 5.988739 5.994269 5.988739 5.994270 5.988739 5.994331 5.988739 5.996081 5.988739 5.996041 5.988739 5.992459 5.988739 5.992496 5.988739 5.992498 5.988739 5.992559 5.988739 5.990644 5.988739 5.990724 5.988739 5.990648 5.988739 5.990724 5.988884 5.996049 5.988884 5.994398 5.988884 5.994285 5.988884 5.994338 5.988884 5.994277 5.988884 5.996171 5.988884 5.996057 5.988884 5.996111 5.988899 5.992585 5.988899 5.992469 5.988899 5.992557 5.988899 5.992545 5.988899 5.990812 5.988899 5.990697 5.988899 5.990785 5.988899 5.990772 5.989032 5.996162 5.989032 5.994537 5.989032 5.994474 5.989032 5.994465 5.989032 5.994389 5.989032 5.996309 5.989032 5.996246 5.989032 5.996237 5.989106 5.992808 5.989106 5.992820 5.989106 5.992826 5.989106 5.992657 5.989106 5.991035 5.989106 5.991048 5.989106 5.991054 5.989106 5.990885 5.989180 5.996366 5.989180 5.994645 5.989180 5.994643 5.989180 5.994663 5.989180 5.994594 5.989180 5.996417 5.989180 5.996415 5.989180 5.996435 5.989254 5.992842 5.989254 5.992900 5.989254 5.992862 5.989254 5.992948 5.989254 5.991069 5.989254 5.991128 5.989254 5.991089 5.989254 5.991175 5.989328 5.996605 5.989328 5.994723 5.989328 5.994818 5.989328 5.994662 5.989328 5.994832 5.989328 5.996495 5.989328 5.996591 5.989328 5.996434 5.989402 5.992998 5.989402 5.992963 5.989402 5.992991 5.989402 5.993008 5.989402 5.991226 5.989402 5.991191 5.989402 5.991218 5.989402 5.991235 5.989476 5.996623 5.989476 5.996668 5.989476 5.994800 5.989476 5.994965 5.989476 5.994851 5.989476 5.994895 5.989476 5.996572 5.989476 5.996737 5.989476 5.993028 5.989476 5.993192 5.989476 5.993078 5.989476 5.993123 5.989476 5.991255 5.989476 5.991420 5.989476 5.991306 5.989476 5.991351 5.989625 5.996885 5.989625 5.996914 5.989625 5.995091 5.989625 5.995060 5.989625 5.995112 5.989625 5.995142 5.989625 5.996863 5.989625 5.996832 5.989625 5.993318 5.989625 5.993288 5.989625 5.993340 5.989625 5.993369 5.989625 5.991546 5.989625 5.991515 5.989625 5.991568 5.989625 5.991597 5.989699 5.996842 5.989699 5.995025 5.989699 5.995126 5.989699 5.995051 5.989699 5.995069 5.989699 5.996797 5.989699 5.996898 5.989699 5.996823 5.991525 5.993038 5.993052 
task51
1.073899 1.075122 2.315259 2.318073 3.984667 3.985205 4.021580 4.021950 
task52
1.105913 1.105982 1.113989 1.114186 2.335259 2.335455 2.373800 2.402688 4.133263 4.133414 4.141332 4.141504 4.208220 4.229117 
task53
1.115457 1.115505 1.115619 1.115684 1.116032 1.116187 2.468114 2.478782 4.269115 4.269174 4.269457 4.269517 4.270018 4.270034 4.270158 4.270298 4.270659 4.275222 4.489770 4.539132 
task55
1.115865 1.120843 2.479029 2.487483 4.544031 4.573838 4.678618 4.734895 4.782244 4.864754 
task56
1.121092 1.132454 1.149419 1.160062 2.489638 2.501086 2.751255 2.768428 4.569847 4.587674 4.642266 4.667926 4.678618 4.727959 4.782244 4.800857 
task57
1.131941 1.141100 2.501102 2.514672 4.583847 4.592391 
task58
4.010226 4.024351 
task61
4.011337 4.011452 4.016661 4.019945 4.021438 4.021580 4.021580 4.021680 4.021758 4.021822 4.021822 4.021962 4.021980 4.024255 
task62
4.011355 4.028231 
task74
4.014710 4.020517 4.021809 4.045902 
task69
4.021783 4.028212 
task73
4.021925 4.029062 
task59
4.032139 4.034023 4.076384 4.083131 
task75
4.032634 4.036320 
task64
4.032634 4.039146 4.040605 4.050068 
task76
4.037210 4.039675 4.040440 4.043938 4.074139 4.075468 4.121373 4.121770 
task60
4.083814 4.092982 
task63
4.093148 4.097429 
task65
4.097957 4.138238 4.141332 4.199170 4.208263 4.216409 
task66
4.120375 4.121694 
task67
4.121982 4.146534 4.149077 4.160873 4.191588 4.213277 
task80
4.160837 4.163234 4.164768 4.174874 4.179781 4.182932 4.195332 4.199634 4.204218 4.217341 
task82
4.161077 4.218187 
task71
4.161762 4.274126 
task68
4.165000 4.262565 
task77
4.165000 4.189958 4.204142 4.432855 
task70
4.375568 4.393323 4.464536 4.538702 4.642028 4.658954 
task72
4.401236 4.411798 4.483537 4.488215 4.489770 4.530382 
task78
4.417954 4.436908 4.442470 4.453809 4.464536 4.531476 4.642026 4.649388 
task81
4.483537 4.485065 4.489770 4.520460 
task79
4.542980 4.550129 4.550809 4.561043 4.642028 4.750437 4.782244 4.789123 
