0
0.000000 7537536.000000 7897920.000000 8258368.000000 9573184.000000 9999974.000000 9999992.000000 9999986.000000 9999905.000000 9999905.000000 9999969.000000 9999993.000000 9999917.000000 9999997.000000 9999996.000000 9999996.000000 9999980.000000 9999990.000000 10000000.000000 9999986.000000 9999905.000000 9999905.000000 9999905.000000 9999969.000000 10000000.000000 9999996.000000 10000000.000000 10000000.000000 9999980.000000 9999990.000000 10000000.000000 9999998.000000 9999994.000000 9999974.000000 9999986.000000 9999986.000000 9999984.000000 10000000.000000 10000000.000000 10000000.000000 9999920.000000 9999998.000000 9999998.000000 9999994.000000 9999986.000000 9999814.000000 9999998.000000 10000000.000000 10000000.000000 10000000.000000 9999998.000000 9999894.000000 9999888.000000 9999996.000000 9999986.000000 9999986.000000 10000000.000000 9999985.000000 10000000.000000 10000000.000000 10000000.000000 
1
0.000000 238592.000000 6732289.000000 9999937.000000 9999969.000000 9999942.000000 9999991.000000 9999993.000000 9999997.000000 9999985.000000 9999985.000000 9999973.000000 9999989.000000 9999941.000000 9999973.000000 9999989.000000 9999997.000000 9999969.000000 9999991.000000 9999986.000000 9999997.000000 9999985.000000 9999985.000000 9999997.000000 9999997.000000 9999989.000000 9999989.000000 9999997.000000 9999969.000000 9999942.000000 9999991.000000 9999986.000000 9999950.000000 9999986.000000 9999986.000000 9999794.000000 0.000000 0.000000 9999986.000000 10000000.000000 9999996.000000 9999999.000000 10000000.000000 9999998.000000 9999990.000000 10000000.000000 9999999.000000 9999999.000000 9999999.000000 9999999.000000 10000000.000000 10000000.000000 9999992.000000 9999984.000000 9989552.000000 9999984.000000 9998816.000000 9999968.000000 9999986.000000 10000000.000000 10000000.000000 
2
0.000000 237824.000000 856320.000000 0.000000 0.000000 1583943.000000 2047282.000000 2072049.000000 2135585.000000 2202793.000000 2314801.000000 2392453.000000 3023276.000000 2997676.000000 3005868.000000 0.000000 0.000000 3134438.000000 3223795.000000 3000717.000000 2992652.000000 2991948.000000 2991948.000000 3025996.000000 3000396.000000 3000396.000000 3008588.000000 0.000000 0.000000 3225939.000000 3226515.000000 3037197.000000 3037197.000000 3003405.000000 3011597.000000 3011597.000000 0.000000 0.000000 3019789.000000 3011597.000000 3003405.000000 3114349.000000 4574413.000000 4791193.000000 4999809.000000 5130831.000000 5188871.000000 5190399.000000 5474333.000000 5475053.000000 5459293.000000 5459245.000000 5459245.000000 5493293.000000 5459501.000000 5459501.000000 5467693.000000 5467693.000000 5475885.000000 5475885.000000 5475885.000000 
3
0.000000 237568.000000 856064.000000 0.000000 0.000000 1444247.000000 1749306.000000 1774393.000000 1873469.000000 1890557.000000 2017129.000000 2090389.000000 2228500.000000 2202900.000000 2211092.000000 0.000000 0.000000 2346830.000000 2428651.000000 2206165.000000 2198676.000000 2197268.000000 0.000000 2231060.000000 2205460.000000 2205460.000000 2213652.000000 0.000000 0.000000 2431211.000000 2431211.000000 2242197.000000 2242197.000000 2208405.000000 2216597.000000 2216597.000000 0.000000 0.000000 2224789.000000 2216597.000000 0.000000 2330582.000000 2735602.000000 2754474.000000 2786032.000000 2806376.000000 3033478.000000 3033478.000000 3033478.000000 3025286.000000 3017094.000000 3017094.000000 3017094.000000 3050886.000000 3017094.000000 3017094.000000 3025286.000000 3025286.000000 3033478.000000 3033478.000000 3033478.000000 
4
0.000000 256067.000000 866309.000000 0.000000 0.000000 1486971.000000 1767773.000000 1793628.000000 1892704.000000 1908256.000000 2034828.000000 2108088.000000 2246199.000000 2220664.000000 2228792.000000 0.000000 0.000000 2326546.000000 2446382.000000 2223864.000000 2216375.000000 2214967.000000 0.000000 2248759.000000 2223223.000000 2223224.000000 2231352.000000 0.000000 0.000000 2448942.000000 2448942.000000 2259896.000000 2259896.000000 2226104.000000 2234360.000000 2234360.000000 0.000000 0.000000 2242488.000000 2234296.000000 0.000000 2311464.000000 2503528.000000 2520412.000000 2520412.000000 2576628.000000 2803778.000000 2803778.000000 2803778.000000 2795586.000000 2787394.000000 2787362.000000 2787362.000000 2821154.000000 2787362.000000 2787362.000000 2795618.000000 2795618.000000 2803746.000000 2803746.000000 2803746.000000 
5
0.000000 231491.000000 866309.000000 0.000000 0.000000 9278740.000000 9458399.000000 9484254.000000 9583330.000000 9598882.000000 9725454.000000 9798714.000000 9936825.000000 9911289.000000 9919417.000000 0.000000 0.000000 9999999.000000 9998509.000000 9773175.000000 9765174.000000 9764278.000000 0.000000 9798070.000000 9856502.000000 9913849.000000 9921977.000000 0.000000 0.000000 9999761.000000 9993904.000000 9803066.000000 9803066.000000 9769274.000000 9843066.000000 9924986.000000 0.000000 0.000000 9933114.000000 9924922.000000 0.000000 9999999.000000 9999997.000000 9999998.000000 10000000.000000 9999998.000000 10000000.000000 9999987.000000 9999988.000000 9999997.000000 9999993.000000 9999997.000000 9999997.000000 9999999.000000 9999991.000000 9999999.000000 9995540.000000 9999988.000000 10000000.000000 9998100.000000 10000000.000000 
6
0.000000 206211.000000 849220.000000 0.000000 0.000000 1473137.000000 1759948.000000 1785803.000000 1884879.000000 1900431.000000 2027003.000000 2098727.000000 2236880.000000 2211344.000000 2219472.000000 0.000000 0.000000 2341376.000000 2437021.000000 2214503.000000 2207014.000000 2205606.000000 0.000000 2239440.000000 2213904.000000 2213904.000000 2222032.000000 0.000000 0.000000 2439581.000000 2439581.000000 2250577.000000 2250577.000000 2216785.000000 2225041.000000 2225041.000000 0.000000 0.000000 2233169.000000 2224977.000000 0.000000 2337538.000000 2497922.000000 2514806.000000 2514806.000000 2571054.000000 2798162.000000 2798162.000000 2798162.000000 2789970.000000 2781778.000000 2781746.000000 2781746.000000 2815538.000000 2781746.000000 2781746.000000 2790002.000000 2790002.000000 2798130.000000 2798130.000000 2798130.000000 
7
0.000000 205824.000000 848896.000000 0.000000 0.000000 1443671.000000 1758146.000000 1784001.000000 1883333.000000 1898885.000000 2025457.000000 2097181.000000 2235260.000000 2209660.000000 2217852.000000 0.000000 0.000000 2322518.000000 2435443.000000 2212925.000000 2205436.000000 2204028.000000 0.000000 2237820.000000 2212220.000000 2212220.000000 2220412.000000 0.000000 0.000000 2438003.000000 2438003.000000 2248957.000000 2248957.000000 2215165.000000 2223357.000000 2223357.000000 0.000000 0.000000 2231549.000000 2223357.000000 2223357.000000 2300702.000000 2625966.000000 2642770.000000 2676634.000000 2745688.000000 2973046.000000 2973046.000000 2973046.000000 2964854.000000 2956662.000000 2956630.000000 2956630.000000 2990422.000000 2956630.000000 2956630.000000 2964822.000000 2964822.000000 2973014.000000 2973014.000000 2973014.000000 
8
0.000000 238592.000000 848896.000000 0.000000 0.000000 1508537.000000 1840474.000000 1865561.000000 1964765.000000 1980317.000000 2106793.000000 2182981.000000 2321060.000000 2295460.000000 2303652.000000 0.000000 0.000000 2394494.000000 2521243.000000 2298821.000000 2290820.000000 2289924.000000 0.000000 2323716.000000 2298116.000000 2298116.000000 2306308.000000 0.000000 0.000000 2523899.000000 2523899.000000 2334853.000000 2334853.000000 2301061.000000 2309253.000000 2309253.000000 0.000000 0.000000 2317445.000000 2309253.000000 0.000000 2540454.000000 2859614.000000 2868062.000000 2874494.000000 2922196.000000 2963184.000000 3225450.000000 3225450.000000 3217258.000000 3209066.000000 3209034.000000 3209034.000000 3242826.000000 3209034.000000 3209034.000000 3217226.000000 3217226.000000 3225418.000000 3225418.000000 3225418.000000 
9
0.000000 238592.000000 848896.000000 0.000000 0.000000 1551672.000000 1862052.000000 1887907.000000 1987239.000000 1999591.000000 2048023.000000 2122699.000000 2387251.000000 2361651.000000 2369843.000000 0.000000 0.000000 2484877.000000 2587434.000000 2364724.000000 2356723.000000 2355827.000000 0.000000 2389619.000000 2364019.000000 2364019.000000 2372211.000000 0.000000 0.000000 2589802.000000 2589802.000000 2400756.000000 2400756.000000 2366964.000000 2375156.000000 2375156.000000 0.000000 0.000000 2383348.000000 2375156.000000 0.000000 2447061.000000 2733533.000000 2750345.000000 2784209.000000 2858895.000000 3086269.000000 3086269.000000 3086269.000000 3086269.000000 3069885.000000 3069853.000000 3069853.000000 3103645.000000 3069853.000000 3069853.000000 3078045.000000 3078045.000000 3086237.000000 3086237.000000 3086237.000000 
10
0.000000 238592.000000 848896.000000 0.000000 0.000000 1448215.000000 1702010.000000 1726713.000000 1825917.000000 1854141.000000 1976173.000000 2052993.000000 2140476.000000 2114876.000000 2123068.000000 0.000000 0.000000 2227702.000000 2340627.000000 2117949.000000 2109948.000000 2109052.000000 0.000000 2142844.000000 2117244.000000 2117244.000000 2125436.000000 0.000000 0.000000 2342995.000000 2342995.000000 2153981.000000 2153981.000000 2120189.000000 2128381.000000 2128381.000000 0.000000 0.000000 2136573.000000 2128381.000000 0.000000 2200286.000000 2486750.000000 2503570.000000 2537434.000000 2612120.000000 2839462.000000 2839462.000000 2839462.000000 2839462.000000 2823078.000000 2823078.000000 2823078.000000 2856870.000000 2823078.000000 2823078.000000 2831270.000000 2831270.000000 2839462.000000 2839462.000000 2839462.000000 
11
0.000000 238592.000000 848896.000000 0.000000 0.000000 1448343.000000 1702010.000000 1727737.000000 1826813.000000 1843901.000000 1975501.000000 2052353.000000 2139868.000000 2114268.000000 2122460.000000 0.000000 0.000000 2230550.000000 2340019.000000 2117341.000000 2109340.000000 2108444.000000 0.000000 2142236.000000 2116636.000000 2116636.000000 2124828.000000 0.000000 0.000000 2342387.000000 2342387.000000 2153373.000000 2153373.000000 2119581.000000 2127773.000000 2127773.000000 0.000000 0.000000 2135965.000000 2127773.000000 0.000000 2204542.000000 2500166.000000 2517162.000000 2548722.000000 2622384.000000 2849710.000000 2849710.000000 2849710.000000 2849710.000000 2833326.000000 2833326.000000 2833326.000000 2867118.000000 2833326.000000 2833326.000000 2841518.000000 2841518.000000 2849710.000000 2849710.000000 2849710.000000 
12
0.000000 238592.000000 848896.000000 0.000000 0.000000 1448343.000000 1702010.000000 1727737.000000 1826813.000000 1843901.000000 1975533.000000 2052385.000000 2139868.000000 2114268.000000 2122460.000000 0.000000 0.000000 2282390.000000 2341811.000000 2117341.000000 2109852.000000 2108444.000000 0.000000 2142236.000000 2116636.000000 2116636.000000 2124828.000000 0.000000 0.000000 2342387.000000 2342387.000000 2153373.000000 2153373.000000 2119581.000000 2127773.000000 2127773.000000 0.000000 0.000000 2135965.000000 2127773.000000 2127773.000000 2202430.000000 2500166.000000 2517162.000000 2548722.000000 2622384.000000 2849710.000000 2849710.000000 2849710.000000 2849710.000000 2833326.000000 2833326.000000 2833326.000000 2867118.000000 2833326.000000 2833326.000000 2841518.000000 2841518.000000 2849710.000000 2849710.000000 2849710.000000 
13
0.000000 211968.000000 855040.000000 0.000000 0.000000 1454331.000000 1708126.000000 1733853.000000 1836001.000000 1850017.000000 1981649.000000 2058529.000000 2112220.000000 2120412.000000 2128604.000000 0.000000 0.000000 2247062.000000 2346135.000000 2123457.000000 2115456.000000 2114560.000000 2114588.000000 2114588.000000 2122780.000000 2122780.000000 2130972.000000 0.000000 0.000000 2348503.000000 2348503.000000 2125725.000000 2125725.000000 2125725.000000 2133917.000000 2133917.000000 0.000000 0.000000 2142109.000000 2133917.000000 2133917.000000 2462686.000000 2779022.000000 2795826.000000 2827386.000000 2901104.000000 3128178.000000 3128178.000000 3128178.000000 3128178.000000 3111794.000000 3111794.000000 3111794.000000 3111794.000000 3111794.000000 3111794.000000 3119986.000000 3119986.000000 3128178.000000 3128178.000000 3128178.000000 
14
0.000000 205952.000000 849024.000000 0.000000 0.000000 1623591.000000 1931833.000000 1957688.000000 2057020.000000 2072572.000000 2199336.000000 2272596.000000 2398423.000000 2406615.000000 2414807.000000 0.000000 0.000000 2557489.000000 2632398.000000 2409688.000000 2402199.000000 2400791.000000 2400791.000000 2400791.000000 2408983.000000 2408983.000000 2417175.000000 0.000000 0.000000 2634766.000000 2634766.000000 2411928.000000 2411928.000000 2411928.000000 2420120.000000 2420120.000000 0.000000 0.000000 2428312.000000 2420120.000000 2420120.000000 2746745.000000 3065177.000000 3081997.000000 3113557.000000 3187275.000000 3414409.000000 3414409.000000 3414409.000000 3414409.000000 3398025.000000 3397993.000000 3397993.000000 3397993.000000 3397993.000000 3397993.000000 3406185.000000 3406185.000000 3414377.000000 3414377.000000 3414377.000000 
15
0.000000 455680.000000 1098752.000000 0.000000 0.000000 1894601.000000 2052565.000000 3527055.000000 3626551.000000 3641975.000000 3718775.000000 3788523.000000 3836958.000000 3845150.000000 3853342.000000 0.000000 0.000000 3947624.000000 4072324.000000 3847822.000000 3841230.000000 3839438.000000 3839454.000000 0.000000 3847646.000000 3847646.000000 3855838.000000 0.000000 0.000000 4071492.000000 4074820.000000 3853854.000000 3853854.000000 3853854.000000 3862046.000000 3862046.000000 0.000000 0.000000 3870238.000000 3862046.000000 3862046.000000 3927375.000000 4364335.000000 4498527.000000 4530085.000000 4550429.000000 4777563.000000 4777563.000000 4777563.000000 4769371.000000 4761179.000000 4761147.000000 4761147.000000 4761147.000000 4761147.000000 4761147.000000 4769339.000000 4769339.000000 4777531.000000 4777531.000000 4777531.000000 
