0
0.000000 196608.000000 129024.000000 61440.000000 0.000000 1372.000000 18808.000000 14524.000000 84928.000000 18944.000000 35904.000000 34382.000000 0.000000 202752.000000 141312.000000 73728.000000 13368.000000 0.000000 40632.000000 44616.000000 10240.000000 49728.000000 67649.000000 13568.000000 39494.000000 183188.000000 114380.000000 55296.000000 7009.000000 4116.000000 18616.000000 30840.000000 100480.000000 35520.000000 295744.000000 232384.000000 170560.000000 106752.000000 43008.000000 25958.000000 0.000000 3072.000000 7150.000000 219360.000000 151776.000000 93024.000000 25440.000000 18792.000000 15200.000000 2868.000000 94006.000000 28314.000000 12749.000000 66339.000000 0.000000 63572.000000 246116.000000 185036.000000 115916.000000 55296.000000 30496.000000 
1
0.000000 190464.000000 122880.000000 55296.000000 0.000000 2058.000000 13768.000000 14524.000000 83904.000000 18944.000000 35904.000000 34264.000000 0.000000 196608.000000 135168.000000 67584.000000 11544.000000 0.000000 40454.000000 44616.000000 10240.000000 49728.000000 67648.000000 13636.000000 4608.000000 184320.000000 116736.000000 55296.000000 10033.000000 4802.000000 16116.000000 30840.000000 99456.000000 52096.000000 295360.000000 232000.000000 165888.000000 100608.000000 43008.000000 25958.000000 0.000000 3072.000000 18403.000000 219360.000000 151776.000000 93024.000000 25440.000000 19397.000000 15200.000000 2832.000000 93858.000000 28914.000000 12422.000000 66433.000000 0.000000 63572.000000 251188.000000 187588.000000 126148.000000 55656.000000 30352.000000 
2
0.000000 190464.000000 122880.000000 55296.000000 0.000000 2058.000000 13768.000000 14524.000000 84928.000000 18944.000000 35904.000000 36208.000000 0.000000 196608.000000 135168.000000 67584.000000 10896.000000 0.000000 41030.000000 44616.000000 9216.000000 49728.000000 67648.000000 13636.000000 4608.000000 184320.000000 116736.000000 55296.000000 7009.000000 4116.000000 16500.000000 30840.000000 99456.000000 35520.000000 289984.000000 226240.000000 159168.000000 97728.000000 36864.000000 26390.000000 0.000000 3072.000000 6215.000000 216240.000000 154800.000000 89904.000000 28464.000000 19828.000000 15200.000000 2736.000000 93610.000000 28604.000000 12422.000000 66433.000000 0.000000 63572.000000 251204.000000 185084.000000 122176.000000 56376.000000 31240.000000 
3
0.000000 190464.000000 122880.000000 55296.000000 0.000000 2058.000000 13768.000000 13176.000000 84928.000000 18944.000000 35904.000000 34382.000000 0.000000 196608.000000 135168.000000 67584.000000 11328.000000 0.000000 41126.000000 44468.000000 9216.000000 49728.000000 67648.000000 13056.000000 5862.000000 179328.000000 110592.000000 49152.000000 7009.000000 4116.000000 16500.000000 30092.000000 99456.000000 35520.000000 289984.000000 226240.000000 159168.000000 97728.000000 36864.000000 24314.000000 0.000000 3072.000000 14414.000000 219144.000000 151560.000000 86880.000000 25440.000000 18991.000000 15200.000000 3648.000000 93320.000000 28314.000000 12556.000000 66338.000000 0.000000 63572.000000 245380.000000 184324.000000 115992.000000 55296.000000 31064.000000 
4
0.000000 36864.000000 110080.000000 45568.000000 533.000000 17554.000000 16024.000000 19712.000000 23360.000000 22848.000000 0.000000 9120.000000 0.000000 49152.000000 10692.000000 71680.000000 12288.000000 0.000000 43890.000000 48468.000000 31838.000000 6528.000000 0.000000 2900.000000 67584.000000 12290.000000 99840.000000 39424.000000 623.000000 18926.000000 18864.000000 17986.000000 21380.000000 0.000000 43008.000000 0.000000 0.000000 0.000000 100592.000000 42560.000000 13719.000000 45956.000000 25856.000000 67456.000000 12624.000000 112832.000000 59904.000000 563.000000 66163.000000 98217.000000 37985.000000 82334.000000 17780.000000 37155.000000 10688.000000 0.000000 61440.000000 0.000000 96256.000000 38400.000000 25705.000000 
5
0.000000 36864.000000 110080.000000 45568.000000 426.000000 17554.000000 14680.000000 17986.000000 22607.000000 22848.000000 0.000000 8880.000000 0.000000 49152.000000 10476.000000 71680.000000 11776.000000 0.000000 42450.000000 49240.000000 35884.000000 9792.000000 0.000000 2900.000000 61441.000000 6229.000000 99840.000000 39936.000000 94.000000 18926.000000 17520.000000 30096.000000 26413.000000 0.000000 43008.000000 0.000000 0.000000 0.000000 101104.000000 43072.000000 7955.000000 47864.000000 4608.000000 71567.000000 14880.000000 113476.000000 59904.000000 512.000000 64346.000000 98191.000000 38081.000000 83028.000000 17684.000000 40354.000000 8636.000000 0.000000 61440.000000 0.000000 96256.000000 38400.000000 28453.000000 
6
0.000000 30720.000000 110192.000000 45568.000000 0.000000 17015.000000 16120.000000 18372.000000 21282.000000 16320.000000 0.000000 8880.000000 0.000000 43008.000000 13500.000000 70904.000000 11776.000000 0.000000 43876.000000 48468.000000 31238.000000 13056.000000 0.000000 2320.000000 67584.000000 12290.000000 99840.000000 40448.000000 0.000000 17701.000000 18864.000000 18372.000000 23708.000000 0.000000 36864.000000 0.000000 0.000000 0.000000 100592.000000 42672.000000 6091.000000 47864.000000 0.000000 71567.000000 16512.000000 113152.000000 58880.000000 0.000000 63926.000000 98220.000000 33512.000000 80793.000000 14200.000000 44032.000000 12066.000000 0.000000 55296.000000 0.000000 96256.000000 38912.000000 25664.000000 
7
0.000000 30720.000000 110192.000000 45568.000000 32.000000 17018.000000 14680.000000 19184.000000 20992.000000 19584.000000 0.000000 8880.000000 0.000000 43008.000000 13392.000000 71200.000000 11776.000000 0.000000 43504.000000 45061.000000 34950.000000 9792.000000 0.000000 2320.000000 61440.000000 77.000000 99840.000000 39936.000000 149.000000 17704.000000 17520.000000 30096.000000 26472.000000 0.000000 36864.000000 0.000000 0.000000 0.000000 101104.000000 42672.000000 6091.000000 46320.000000 0.000000 67029.000000 12934.000000 113076.000000 59904.000000 0.000000 65552.000000 99537.000000 35656.000000 84074.000000 17684.000000 36762.000000 10688.000000 0.000000 55296.000000 0.000000 96256.000000 38400.000000 28519.000000 
8
0.000000 36864.000000 0.000000 0.000000 0.000000 17599.000000 0.000000 0.000000 33946.000000 19584.000000 0.000000 0.000000 0.000000 49152.000000 0.000000 0.000000 0.000000 0.000000 0.000000 8836.000000 26055.000000 21056.000000 0.000000 3480.000000 67584.000000 12290.000000 0.000000 0.000000 0.000000 23325.000000 0.000000 0.000000 40906.000000 0.000000 43008.000000 0.000000 0.000000 0.000000 0.000000 0.000000 0.000000 12288.000000 18909.000000 108608.000000 43014.000000 195760.000000 130064.000000 63520.000000 48727.000000 22710.000000 0.000000 4770.000000 30784.000000 0.000000 32866.000000 0.000000 61440.000000 0.000000 0.000000 5528.000000 33088.000000 
9
0.000000 36864.000000 0.000000 0.000000 0.000000 17599.000000 0.000000 0.000000 32981.000000 16320.000000 0.000000 0.000000 0.000000 49152.000000 0.000000 0.000000 0.000000 0.000000 0.000000 8088.000000 26055.000000 21056.000000 0.000000 3480.000000 67584.000000 12290.000000 0.000000 0.000000 0.000000 23325.000000 0.000000 0.000000 42250.000000 0.000000 43008.000000 0.000000 0.000000 0.000000 0.000000 0.000000 0.000000 12288.000000 20755.000000 117040.000000 52221.000000 193642.000000 129930.000000 66240.000000 52302.000000 23075.000000 0.000000 4770.000000 30784.000000 0.000000 32866.000000 0.000000 61440.000000 0.000000 0.000000 5528.000000 34304.000000 
10
0.000000 30720.000000 0.000000 0.000000 0.000000 16624.000000 0.000000 0.000000 32543.000000 16320.000000 0.000000 0.000000 0.000000 43008.000000 0.000000 0.000000 0.000000 0.000000 0.000000 8088.000000 26055.000000 18688.000000 0.000000 2900.000000 61440.000000 12290.000000 0.000000 0.000000 0.000000 23228.000000 0.000000 0.000000 42250.000000 0.000000 36864.000000 0.000000 0.000000 0.000000 0.000000 0.000000 0.000000 11520.000000 20755.000000 116038.000000 51219.000000 195211.000000 130507.000000 64168.000000 53449.000000 25913.000000 0.000000 4770.000000 30784.000000 0.000000 32866.000000 0.000000 55296.000000 0.000000 0.000000 4948.000000 34304.000000 
11
0.000000 30720.000000 0.000000 0.000000 0.000000 15255.000000 0.000000 0.000000 32543.000000 16320.000000 0.000000 0.000000 0.000000 43008.000000 0.000000 0.000000 0.000000 0.000000 0.000000 8088.000000 25090.000000 17792.000000 0.000000 2900.000000 61440.000000 12290.000000 0.000000 0.000000 0.000000 25085.000000 0.000000 0.000000 40261.000000 0.000000 36864.000000 0.000000 0.000000 0.000000 0.000000 0.000000 0.000000 11520.000000 18908.000000 116628.000000 51818.000000 196786.000000 128498.000000 62872.000000 44708.000000 24585.000000 0.000000 3805.000000 28416.000000 0.000000 31901.000000 0.000000 55296.000000 0.000000 0.000000 4948.000000 34304.000000 
12
0.000000 36864.000000 0.000000 0.000000 0.000000 21867.000000 0.000000 0.000000 2368.000000 22848.000000 0.000000 0.000000 0.000000 49152.000000 0.000000 0.000000 0.000000 0.000000 0.000000 9584.000000 30784.000000 0.000000 0.000000 2900.000000 67584.000000 12290.000000 0.000000 0.000000 0.000000 21867.000000 0.000000 0.000000 16576.000000 0.000000 43008.000000 0.000000 0.000000 0.000000 0.000000 0.000000 0.000000 3072.000000 28910.000000 63816.000000 5184.000000 0.000000 0.000000 0.000000 0.000000 21963.000000 0.000000 17600.000000 30784.000000 0.000000 8088.000000 0.000000 61440.000000 0.000000 0.000000 4368.000000 37824.000000 
13
0.000000 36864.000000 0.000000 0.000000 0.000000 16827.000000 0.000000 0.000000 2368.000000 19584.000000 0.000000 0.000000 0.000000 49152.000000 0.000000 0.000000 0.000000 0.000000 0.000000 10184.000000 28416.000000 0.000000 0.000000 2900.000000 67584.000000 6145.000000 0.000000 0.000000 0.000000 24407.000000 0.000000 0.000000 16576.000000 0.000000 43008.000000 0.000000 0.000000 0.000000 0.000000 0.000000 0.000000 2304.000000 35502.000000 63816.000000 5184.000000 0.000000 0.000000 0.000000 0.000000 24506.000000 0.000000 8800.000000 30784.000000 0.000000 8088.000000 0.000000 61440.000000 0.000000 0.000000 4504.000000 35456.000000 
14
0.000000 30720.000000 0.000000 0.000000 0.000000 16990.000000 0.000000 0.000000 2368.000000 19584.000000 0.000000 0.000000 0.000000 43008.000000 0.000000 0.000000 0.000000 0.000000 0.000000 8836.000000 28416.000000 0.000000 0.000000 2900.000000 61440.000000 12290.000000 0.000000 0.000000 0.000000 24570.000000 0.000000 0.000000 16576.000000 0.000000 36864.000000 0.000000 0.000000 0.000000 0.000000 0.000000 0.000000 2304.000000 27975.000000 62304.000000 11328.000000 0.000000 0.000000 0.000000 0.000000 24570.000000 0.000000 8800.000000 30784.000000 0.000000 8088.000000 0.000000 55296.000000 0.000000 0.000000 3924.000000 36672.000000 
15
0.000000 30720.000000 0.000000 0.000000 0.000000 17233.000000 0.000000 0.000000 0.000000 19584.000000 0.000000 0.000000 0.000000 43008.000000 0.000000 0.000000 0.000000 0.000000 0.000000 8836.000000 27072.000000 0.000000 0.000000 2900.000000 61440.000000 12290.000000 0.000000 0.000000 0.000000 24813.000000 0.000000 0.000000 14208.000000 0.000000 36864.000000 0.000000 0.000000 0.000000 0.000000 0.000000 0.000000 2304.000000 28910.000000 62305.000000 11328.000000 0.000000 0.000000 0.000000 0.000000 24570.000000 0.000000 8800.000000 28416.000000 0.000000 8088.000000 0.000000 55296.000000 0.000000 0.000000 3924.000000 36672.000000 
16
0.000000 36864.000000 0.000000 0.000000 0.000000 15800.000000 0.000000 0.000000 2368.000000 22848.000000 0.000000 0.000000 0.000000 49152.000000 0.000000 0.000000 0.000000 0.000000 0.000000 8836.000000 30784.000000 0.000000 0.000000 2900.000000 67584.000000 6145.000000 0.000000 0.000000 0.000000 22020.000000 0.000000 0.000000 16576.000000 0.000000 43008.000000 0.000000 0.000000 0.000000 0.000000 0.000000 0.000000 0.000000 12187.000000 63640.000000 0.000000 0.000000 0.000000 0.000000 0.000000 3232.000000 2520.000000 17600.000000 30784.000000 0.000000 6740.000000 0.000000 61440.000000 0.000000 0.000000 3072.000000 35456.000000 
17
0.000000 30976.000000 0.000000 0.000000 0.000000 20792.000000 0.000000 0.000000 2368.000000 19584.000000 0.000000 0.000000 0.000000 43264.000000 0.000000 0.000000 0.000000 0.000000 0.000000 10184.000000 30784.000000 0.000000 0.000000 2900.000000 61952.000000 6145.000000 0.000000 0.000000 0.000000 24560.000000 0.000000 0.000000 16576.000000 0.000000 37120.000000 0.000000 0.000000 0.000000 0.000000 0.000000 0.000000 0.000000 19585.000000 63680.000000 0.000000 0.000000 0.000000 0.000000 0.000000 2323.000000 2520.000000 8800.000000 30784.000000 0.000000 9436.000000 0.000000 55808.000000 0.000000 0.000000 2048.000000 35456.000000 
18
0.000000 30976.000000 0.000000 0.000000 0.000000 21918.000000 0.000000 0.000000 0.000000 19584.000000 0.000000 0.000000 0.000000 43264.000000 0.000000 0.000000 0.000000 0.000000 0.000000 8088.000000 28416.000000 0.000000 0.000000 2900.000000 61952.000000 6145.000000 0.000000 0.000000 0.000000 24570.000000 0.000000 0.000000 14208.000000 0.000000 37120.000000 0.000000 0.000000 0.000000 0.000000 0.000000 0.000000 0.000000 10399.000000 62560.000000 0.000000 0.000000 0.000000 0.000000 0.000000 2374.000000 2520.000000 8800.000000 28416.000000 0.000000 9436.000000 0.000000 55808.000000 0.000000 0.000000 2048.000000 36672.000000 
19
0.000000 30720.000000 0.000000 0.000000 0.000000 21867.000000 0.000000 0.000000 0.000000 19584.000000 0.000000 0.000000 0.000000 43008.000000 0.000000 0.000000 0.000000 0.000000 0.000000 8088.000000 27072.000000 0.000000 0.000000 2900.000000 61696.000000 6145.000000 0.000000 0.000000 0.000000 24966.000000 0.000000 0.000000 14208.000000 0.000000 36864.000000 0.000000 0.000000 0.000000 0.000000 0.000000 0.000000 0.000000 10399.000000 63424.000000 0.000000 0.000000 0.000000 0.000000 0.000000 3918.000000 2160.000000 8800.000000 28416.000000 0.000000 9436.000000 0.000000 55552.000000 0.000000 0.000000 2048.000000 36672.000000 
20
0.000000 36864.000000 0.000000 0.000000 0.000000 11492.000000 0.000000 0.000000 2368.000000 22848.000000 0.000000 0.000000 0.000000 49152.000000 0.000000 0.000000 0.000000 0.000000 0.000000 10184.000000 30784.000000 0.000000 0.000000 2320.000000 67584.000000 6145.000000 0.000000 0.000000 0.000000 14032.000000 0.000000 0.000000 16576.000000 0.000000 43008.000000 0.000000 0.000000 0.000000 0.000000 0.000000 0.000000 896.000000 23592.000000 65448.000000 11328.000000 0.000000 0.000000 0.000000 0.000000 2272.000000 2520.000000 17600.000000 30784.000000 0.000000 6740.000000 0.000000 61440.000000 0.000000 0.000000 3072.000000 33088.000000 
21
0.000000 37120.000000 0.000000 0.000000 0.000000 11492.000000 0.000000 0.000000 2368.000000 19584.000000 0.000000 0.000000 0.000000 43264.000000 0.000000 0.000000 0.000000 0.000000 0.000000 10184.000000 30784.000000 0.000000 0.000000 2320.000000 61952.000000 12290.000000 0.000000 0.000000 0.000000 14032.000000 0.000000 0.000000 16576.000000 0.000000 37120.000000 0.000000 0.000000 0.000000 0.000000 0.000000 0.000000 1792.000000 46577.000000 65860.000000 11328.000000 0.000000 0.000000 0.000000 0.000000 3966.000000 2520.000000 8800.000000 30784.000000 0.000000 9436.000000 0.000000 55552.000000 0.000000 0.000000 2048.000000 33088.000000 
22
0.000000 37120.000000 0.000000 0.000000 0.000000 10806.000000 0.000000 0.000000 0.000000 19584.000000 0.000000 0.000000 0.000000 43264.000000 0.000000 0.000000 0.000000 0.000000 0.000000 9436.000000 28416.000000 0.000000 0.000000 2320.000000 61952.000000 12290.000000 0.000000 0.000000 0.000000 13346.000000 0.000000 0.000000 14208.000000 0.000000 37120.000000 0.000000 0.000000 0.000000 0.000000 0.000000 0.000000 896.000000 26397.000000 63680.000000 30976.000000 17152.000000 0.000000 0.000000 0.000000 1790.000000 2520.000000 8800.000000 28416.000000 0.000000 9436.000000 0.000000 55552.000000 0.000000 0.000000 2048.000000 34304.000000 
23
0.000000 36864.000000 0.000000 0.000000 0.000000 10806.000000 0.000000 0.000000 0.000000 19584.000000 0.000000 0.000000 0.000000 43008.000000 0.000000 0.000000 0.000000 0.000000 0.000000 9436.000000 28416.000000 0.000000 0.000000 2320.000000 61696.000000 12290.000000 0.000000 0.000000 0.000000 13346.000000 0.000000 0.000000 14208.000000 0.000000 36864.000000 0.000000 0.000000 0.000000 0.000000 0.000000 0.000000 896.000000 22468.000000 62952.000000 13920.000000 0.000000 0.000000 0.000000 0.000000 2476.000000 1800.000000 8800.000000 28416.000000 0.000000 9436.000000 0.000000 55552.000000 0.000000 0.000000 2048.000000 34304.000000 
24
0.000000 43008.000000 0.000000 0.000000 0.000000 22234.000000 0.000000 0.000000 2368.000000 22848.000000 0.000000 0.000000 0.000000 49152.000000 0.000000 0.000000 0.000000 0.000000 0.000000 8836.000000 30784.000000 0.000000 0.000000 2900.000000 67584.000000 6145.000000 0.000000 0.000000 0.000000 22020.000000 0.000000 0.000000 16576.000000 0.000000 43008.000000 0.000000 0.000000 0.000000 0.000000 0.000000 0.000000 0.000000 12187.000000 63640.000000 0.000000 0.000000 0.000000 0.000000 0.000000 4422.000000 2520.000000 17600.000000 30784.000000 0.000000 6740.000000 0.000000 61440.000000 0.000000 0.000000 3072.000000 33088.000000 
25
0.000000 37120.000000 0.000000 0.000000 0.000000 17676.000000 0.000000 0.000000 2368.000000 19584.000000 0.000000 0.000000 0.000000 43264.000000 0.000000 0.000000 0.000000 0.000000 0.000000 9436.000000 28416.000000 0.000000 0.000000 2900.000000 61952.000000 12290.000000 0.000000 0.000000 0.000000 24560.000000 0.000000 0.000000 16576.000000 0.000000 37120.000000 0.000000 0.000000 0.000000 0.000000 0.000000 0.000000 0.000000 19585.000000 62520.000000 0.000000 0.000000 0.000000 0.000000 0.000000 3966.000000 2520.000000 8800.000000 30784.000000 0.000000 9436.000000 0.000000 55552.000000 0.000000 0.000000 2048.000000 34304.000000 
26
0.000000 36864.000000 0.000000 0.000000 0.000000 17265.000000 0.000000 0.000000 0.000000 19584.000000 0.000000 0.000000 0.000000 43008.000000 0.000000 0.000000 0.000000 0.000000 0.000000 8088.000000 26048.000000 0.000000 0.000000 2900.000000 61696.000000 12290.000000 0.000000 0.000000 0.000000 24570.000000 0.000000 0.000000 14208.000000 0.000000 36864.000000 0.000000 0.000000 0.000000 0.000000 0.000000 0.000000 0.000000 10399.000000 63424.000000 0.000000 0.000000 0.000000 0.000000 0.000000 1790.000000 2520.000000 8800.000000 28416.000000 0.000000 9436.000000 0.000000 55296.000000 0.000000 0.000000 2048.000000 34304.000000 
27
0.000000 36864.000000 0.000000 0.000000 0.000000 17194.000000 0.000000 0.000000 0.000000 19584.000000 0.000000 0.000000 0.000000 43008.000000 0.000000 0.000000 0.000000 0.000000 0.000000 8088.000000 28416.000000 0.000000 0.000000 2900.000000 61696.000000 12290.000000 0.000000 0.000000 0.000000 24966.000000 0.000000 0.000000 14208.000000 0.000000 36864.000000 0.000000 0.000000 0.000000 0.000000 0.000000 0.000000 0.000000 10399.000000 63464.000000 0.000000 0.000000 0.000000 0.000000 0.000000 2476.000000 2160.000000 8800.000000 28416.000000 0.000000 9436.000000 0.000000 55296.000000 0.000000 0.000000 2048.000000 31936.000000 
28
0.000000 43008.000000 0.000000 0.000000 0.000000 22020.000000 0.000000 0.000000 2368.000000 22848.000000 0.000000 0.000000 0.000000 49152.000000 0.000000 0.000000 0.000000 0.000000 0.000000 8836.000000 30784.000000 0.000000 0.000000 1740.000000 67584.000000 12290.000000 0.000000 0.000000 0.000000 22020.000000 0.000000 0.000000 14208.000000 0.000000 43008.000000 0.000000 0.000000 0.000000 0.000000 1152.000000 0.000000 0.000000 12187.000000 64032.000000 2592.000000 0.000000 0.000000 0.000000 0.000000 2887.000000 0.000000 17600.000000 30784.000000 0.000000 6740.000000 0.000000 61440.000000 0.000000 0.000000 2048.000000 35456.000000 
29
0.000000 43008.000000 0.000000 0.000000 0.000000 16980.000000 0.000000 0.000000 2368.000000 19584.000000 0.000000 0.000000 0.000000 49152.000000 0.000000 0.000000 0.000000 0.000000 0.000000 9436.000000 30784.000000 0.000000 0.000000 1740.000000 67584.000000 6145.000000 0.000000 0.000000 0.000000 24560.000000 0.000000 0.000000 16576.000000 0.000000 43008.000000 0.000000 0.000000 0.000000 0.000000 0.000000 0.000000 0.000000 19585.000000 62520.000000 11328.000000 0.000000 0.000000 0.000000 0.000000 3966.000000 0.000000 8800.000000 30784.000000 0.000000 9436.000000 0.000000 61440.000000 0.000000 0.000000 2048.000000 36672.000000 
30
0.000000 36864.000000 0.000000 0.000000 0.000000 16990.000000 0.000000 0.000000 0.000000 19584.000000 0.000000 0.000000 0.000000 43008.000000 0.000000 0.000000 0.000000 0.000000 0.000000 8088.000000 28416.000000 0.000000 0.000000 1740.000000 61440.000000 6145.000000 0.000000 0.000000 0.000000 24570.000000 0.000000 0.000000 14208.000000 0.000000 36864.000000 0.000000 0.000000 0.000000 0.000000 0.000000 0.000000 0.000000 9464.000000 62520.000000 8736.000000 0.000000 0.000000 0.000000 0.000000 2476.000000 0.000000 8800.000000 28416.000000 0.000000 9436.000000 0.000000 55296.000000 0.000000 0.000000 2048.000000 36672.000000 
31
0.000000 36864.000000 0.000000 0.000000 0.000000 17386.000000 0.000000 0.000000 0.000000 19584.000000 0.000000 0.000000 0.000000 43008.000000 0.000000 0.000000 0.000000 0.000000 0.000000 8088.000000 26048.000000 0.000000 0.000000 1740.000000 61440.000000 6145.000000 0.000000 0.000000 0.000000 24966.000000 0.000000 0.000000 14208.000000 0.000000 36864.000000 0.000000 0.000000 0.000000 0.000000 0.000000 0.000000 0.000000 9464.000000 63816.000000 6264.000000 0.000000 0.000000 0.000000 0.000000 2476.000000 0.000000 8800.000000 28416.000000 0.000000 9436.000000 0.000000 55296.000000 0.000000 0.000000 2048.000000 34304.000000 
32
0.000000 36864.000000 0.000000 0.000000 0.000000 22020.000000 0.000000 0.000000 2368.000000 22848.000000 0.000000 0.000000 0.000000 49152.000000 0.000000 0.000000 0.000000 0.000000 0.000000 10784.000000 30784.000000 0.000000 0.000000 2900.000000 67584.000000 12290.000000 0.000000 0.000000 0.000000 22020.000000 0.000000 0.000000 16576.000000 0.000000 43008.000000 0.000000 0.000000 0.000000 0.000000 0.000000 0.000000 0.000000 195988.000000 130516.000000 64592.000000 127348.000000 61280.000000 38834.000000 0.000000 24800.000000 0.000000 17600.000000 30784.000000 0.000000 8088.000000 0.000000 61440.000000 0.000000 0.000000 4948.000000 35456.000000 
33
0.000000 36864.000000 0.000000 0.000000 0.000000 16982.000000 0.000000 0.000000 2368.000000 19584.000000 0.000000 0.000000 0.000000 49152.000000 0.000000 0.000000 0.000000 0.000000 0.000000 8088.000000 30784.000000 0.000000 0.000000 2900.000000 67584.000000 6145.000000 0.000000 0.000000 0.000000 24562.000000 0.000000 0.000000 16576.000000 0.000000 43008.000000 0.000000 0.000000 0.000000 0.000000 0.000000 0.000000 0.000000 187144.000000 121672.000000 57194.000000 127328.000000 57344.000000 38635.000000 0.000000 24776.000000 0.000000 8800.000000 30784.000000 0.000000 8088.000000 0.000000 61440.000000 0.000000 0.000000 4504.000000 36672.000000 
34
0.000000 30720.000000 0.000000 0.000000 0.000000 16990.000000 0.000000 0.000000 0.000000 19584.000000 0.000000 0.000000 0.000000 43008.000000 0.000000 0.000000 0.000000 0.000000 0.000000 8088.000000 28416.000000 0.000000 0.000000 2900.000000 61440.000000 6145.000000 0.000000 0.000000 0.000000 24570.000000 0.000000 0.000000 14208.000000 0.000000 36864.000000 0.000000 0.000000 0.000000 0.000000 0.000000 0.000000 0.000000 194738.000000 129266.000000 63657.000000 126445.000000 65069.000000 32824.000000 0.000000 22234.000000 0.000000 8800.000000 28416.000000 0.000000 8088.000000 0.000000 55296.000000 0.000000 0.000000 4504.000000 36672.000000 
35
0.000000 30720.000000 0.000000 0.000000 0.000000 17386.000000 0.000000 0.000000 0.000000 19584.000000 0.000000 0.000000 0.000000 43008.000000 0.000000 0.000000 0.000000 0.000000 0.000000 8088.000000 28416.000000 0.000000 0.000000 2320.000000 61440.000000 6145.000000 0.000000 0.000000 0.000000 24966.000000 0.000000 0.000000 14208.000000 0.000000 36864.000000 0.000000 0.000000 0.000000 0.000000 0.000000 0.000000 0.000000 187737.000000 122265.000000 57194.000000 127423.000000 60384.000000 35715.000000 0.000000 25256.000000 0.000000 8800.000000 28416.000000 0.000000 8088.000000 0.000000 55296.000000 0.000000 0.000000 4504.000000 34304.000000 
36
0.000000 36864.000000 0.000000 0.000000 0.000000 17676.000000 0.000000 0.000000 2368.000000 0.000000 0.000000 0.000000 0.000000 49152.000000 0.000000 0.000000 0.000000 0.000000 0.000000 8836.000000 30784.000000 0.000000 0.000000 2900.000000 67584.000000 30725.000000 0.000000 0.000000 0.000000 19612.000000 0.000000 0.000000 16576.000000 0.000000 43008.000000 0.000000 0.000000 0.000000 0.000000 0.000000 0.000000 0.000000 12187.000000 63816.000000 5184.000000 0.000000 18435.000000 0.000000 2840.000000 24570.000000 0.000000 17600.000000 30784.000000 0.000000 8088.000000 0.000000 61440.000000 0.000000 0.000000 2048.000000 35456.000000 
37
0.000000 36864.000000 0.000000 0.000000 0.000000 15167.000000 0.000000 0.000000 2368.000000 0.000000 0.000000 0.000000 0.000000 49152.000000 0.000000 0.000000 0.000000 0.000000 0.000000 9436.000000 28416.000000 0.000000 0.000000 2900.000000 67584.000000 30725.000000 0.000000 0.000000 0.000000 24333.000000 0.000000 0.000000 16576.000000 0.000000 43008.000000 0.000000 0.000000 0.000000 0.000000 0.000000 0.000000 0.000000 19585.000000 63816.000000 5184.000000 0.000000 18435.000000 0.000000 0.000000 24752.000000 0.000000 8800.000000 30784.000000 0.000000 6740.000000 0.000000 61440.000000 0.000000 0.000000 2048.000000 36672.000000 
38
0.000000 30720.000000 0.000000 0.000000 0.000000 22426.000000 0.000000 0.000000 0.000000 0.000000 0.000000 0.000000 0.000000 43008.000000 0.000000 0.000000 0.000000 0.000000 0.000000 8088.000000 28416.000000 0.000000 0.000000 2320.000000 61440.000000 33493.000000 0.000000 0.000000 0.000000 19293.000000 0.000000 0.000000 14208.000000 0.000000 36864.000000 0.000000 0.000000 0.000000 0.000000 0.000000 0.000000 0.000000 10399.000000 62304.000000 11328.000000 0.000000 18435.000000 0.000000 0.000000 22020.000000 0.000000 8800.000000 28416.000000 0.000000 6740.000000 0.000000 55296.000000 0.000000 0.000000 2048.000000 36672.000000 
39
0.000000 30720.000000 0.000000 0.000000 0.000000 17816.000000 0.000000 0.000000 0.000000 0.000000 0.000000 0.000000 0.000000 43008.000000 0.000000 0.000000 0.000000 0.000000 0.000000 8088.000000 30784.000000 0.000000 0.000000 2320.000000 61440.000000 32801.000000 0.000000 0.000000 0.000000 19740.000000 0.000000 0.000000 14208.000000 0.000000 36864.000000 0.000000 0.000000 0.000000 0.000000 0.000000 0.000000 0.000000 9464.000000 62304.000000 11328.000000 0.000000 18435.000000 0.000000 0.000000 24921.000000 0.000000 8800.000000 28416.000000 0.000000 6740.000000 0.000000 55296.000000 0.000000 0.000000 2048.000000 34304.000000 
40
0.000000 36864.000000 0.000000 0.000000 0.000000 17768.000000 0.000000 0.000000 2368.000000 19584.000000 0.000000 0.000000 0.000000 49152.000000 0.000000 0.000000 0.000000 0.000000 0.000000 8088.000000 30784.000000 0.000000 0.000000 3480.000000 67584.000000 12290.000000 0.000000 0.000000 0.000000 18926.000000 0.000000 0.000000 16576.000000 0.000000 43008.000000 0.000000 0.000000 0.000000 0.000000 0.000000 0.000000 0.000000 12187.000000 63816.000000 5184.000000 0.000000 0.000000 0.000000 2840.000000 26018.000000 0.000000 17600.000000 30784.000000 0.000000 8088.000000 0.000000 61440.000000 0.000000 0.000000 2048.000000 35456.000000 
41
0.000000 36864.000000 0.000000 0.000000 0.000000 17554.000000 0.000000 0.000000 2368.000000 19584.000000 0.000000 0.000000 0.000000 49152.000000 0.000000 0.000000 0.000000 0.000000 0.000000 8088.000000 30784.000000 0.000000 0.000000 3480.000000 67584.000000 6145.000000 0.000000 0.000000 0.000000 19140.000000 0.000000 0.000000 16576.000000 0.000000 43008.000000 0.000000 0.000000 0.000000 0.000000 0.000000 0.000000 0.000000 19585.000000 63816.000000 5184.000000 0.000000 0.000000 0.000000 0.000000 26506.000000 0.000000 8800.000000 30784.000000 0.000000 8088.000000 0.000000 61440.000000 0.000000 0.000000 2048.000000 34304.000000 
42
0.000000 30720.000000 0.000000 0.000000 0.000000 15426.000000 0.000000 0.000000 2368.000000 16320.000000 0.000000 0.000000 0.000000 43008.000000 0.000000 0.000000 0.000000 0.000000 0.000000 8088.000000 30784.000000 0.000000 0.000000 2900.000000 61440.000000 6145.000000 0.000000 0.000000 0.000000 23494.000000 0.000000 0.000000 16576.000000 0.000000 36864.000000 0.000000 0.000000 0.000000 0.000000 0.000000 0.000000 0.000000 10399.000000 62304.000000 11328.000000 0.000000 0.000000 0.000000 0.000000 22180.000000 0.000000 8800.000000 30784.000000 0.000000 9436.000000 0.000000 55296.000000 0.000000 0.000000 2048.000000 36672.000000 
43
0.000000 30720.000000 0.000000 0.000000 0.000000 16454.000000 0.000000 0.000000 2368.000000 19584.000000 0.000000 0.000000 0.000000 43008.000000 0.000000 0.000000 0.000000 0.000000 0.000000 8088.000000 30784.000000 0.000000 0.000000 2900.000000 61440.000000 6145.000000 0.000000 0.000000 0.000000 26290.000000 0.000000 0.000000 16576.000000 0.000000 36864.000000 0.000000 0.000000 0.000000 0.000000 0.000000 0.000000 0.000000 10399.000000 62304.000000 11328.000000 0.000000 0.000000 0.000000 0.000000 25256.000000 0.000000 8800.000000 30784.000000 0.000000 9436.000000 0.000000 55296.000000 0.000000 0.000000 2048.000000 36672.000000 
44
0.000000 36864.000000 0.000000 0.000000 0.000000 17554.000000 0.000000 0.000000 2368.000000 22848.000000 0.000000 0.000000 0.000000 49152.000000 0.000000 0.000000 0.000000 0.000000 0.000000 10784.000000 30784.000000 0.000000 0.000000 2900.000000 67584.000000 12290.000000 0.000000 0.000000 0.000000 18926.000000 0.000000 0.000000 16576.000000 0.000000 43008.000000 0.000000 0.000000 0.000000 0.000000 0.000000 0.000000 0.000000 13236.000000 62304.000000 11328.000000 0.000000 0.000000 0.000000 2840.000000 26506.000000 0.000000 17600.000000 30784.000000 0.000000 8088.000000 0.000000 61440.000000 0.000000 0.000000 4368.000000 35456.000000 
45
0.000000 36864.000000 0.000000 0.000000 0.000000 15327.000000 0.000000 0.000000 2368.000000 22848.000000 0.000000 0.000000 0.000000 49152.000000 0.000000 0.000000 0.000000 0.000000 0.000000 8836.000000 30784.000000 0.000000 0.000000 2900.000000 67584.000000 6145.000000 0.000000 0.000000 0.000000 19140.000000 0.000000 0.000000 16576.000000 0.000000 43008.000000 0.000000 0.000000 0.000000 0.000000 0.000000 0.000000 0.000000 20520.000000 63600.000000 5184.000000 0.000000 0.000000 0.000000 0.000000 25355.000000 0.000000 8800.000000 30784.000000 0.000000 8088.000000 0.000000 61440.000000 0.000000 0.000000 5528.000000 36672.000000 
46
0.000000 30720.000000 0.000000 0.000000 0.000000 15327.000000 0.000000 0.000000 2368.000000 19584.000000 0.000000 0.000000 0.000000 43008.000000 0.000000 0.000000 0.000000 0.000000 0.000000 8088.000000 28416.000000 0.000000 0.000000 2900.000000 61440.000000 12290.000000 0.000000 0.000000 0.000000 23494.000000 0.000000 0.000000 16576.000000 0.000000 36864.000000 0.000000 0.000000 0.000000 0.000000 0.000000 0.000000 0.000000 11448.000000 63600.000000 5184.000000 0.000000 0.000000 0.000000 0.000000 22129.000000 0.000000 8800.000000 30784.000000 0.000000 10784.000000 0.000000 55296.000000 0.000000 0.000000 5528.000000 36672.000000 
47
0.000000 30720.000000 0.000000 0.000000 0.000000 17089.000000 0.000000 0.000000 0.000000 19584.000000 0.000000 0.000000 0.000000 43008.000000 0.000000 0.000000 0.000000 0.000000 0.000000 8088.000000 30784.000000 0.000000 0.000000 2320.000000 61440.000000 12290.000000 0.000000 0.000000 0.000000 26290.000000 0.000000 0.000000 14208.000000 0.000000 36864.000000 0.000000 0.000000 0.000000 0.000000 0.000000 0.000000 0.000000 11448.000000 62088.000000 11328.000000 0.000000 0.000000 0.000000 0.000000 24669.000000 0.000000 8800.000000 28416.000000 0.000000 10784.000000 0.000000 55296.000000 0.000000 0.000000 5528.000000 36672.000000 
48
0.000000 36864.000000 0.000000 0.000000 0.000000 17554.000000 0.000000 0.000000 2368.000000 22848.000000 0.000000 0.000000 0.000000 49152.000000 0.000000 0.000000 0.000000 0.000000 0.000000 10784.000000 28416.000000 0.000000 0.000000 2900.000000 67584.000000 12290.000000 0.000000 0.000000 0.000000 18926.000000 0.000000 0.000000 16576.000000 0.000000 43008.000000 0.000000 0.000000 0.000000 0.000000 1152.000000 0.000000 0.000000 13236.000000 63816.000000 5184.000000 0.000000 0.000000 0.000000 2840.000000 26506.000000 0.000000 17600.000000 30784.000000 0.000000 8088.000000 0.000000 61440.000000 0.000000 0.000000 4948.000000 35456.000000 
49
0.000000 36864.000000 0.000000 0.000000 0.000000 15327.000000 0.000000 0.000000 2368.000000 22848.000000 0.000000 0.000000 0.000000 49152.000000 0.000000 0.000000 0.000000 0.000000 0.000000 10184.000000 30784.000000 0.000000 0.000000 2900.000000 67584.000000 6145.000000 0.000000 0.000000 0.000000 17768.000000 0.000000 0.000000 16576.000000 0.000000 43008.000000 0.000000 0.000000 0.000000 0.000000 0.000000 0.000000 0.000000 20520.000000 63816.000000 5184.000000 0.000000 0.000000 0.000000 0.000000 25355.000000 0.000000 8800.000000 30784.000000 0.000000 8088.000000 0.000000 61440.000000 0.000000 0.000000 4948.000000 36672.000000 
50
0.000000 30720.000000 0.000000 0.000000 0.000000 15327.000000 0.000000 0.000000 2368.000000 19584.000000 0.000000 0.000000 0.000000 43008.000000 0.000000 0.000000 0.000000 0.000000 0.000000 8836.000000 30784.000000 0.000000 0.000000 2320.000000 61440.000000 12290.000000 0.000000 0.000000 0.000000 17768.000000 0.000000 0.000000 14208.000000 0.000000 36864.000000 0.000000 0.000000 0.000000 0.000000 0.000000 0.000000 0.000000 11448.000000 68448.000000 11328.000000 0.000000 0.000000 0.000000 0.000000 22129.000000 0.000000 8800.000000 30784.000000 0.000000 9436.000000 0.000000 55296.000000 0.000000 0.000000 5528.000000 36672.000000 
51
0.000000 30720.000000 0.000000 0.000000 0.000000 17089.000000 0.000000 0.000000 0.000000 19584.000000 0.000000 0.000000 0.000000 43008.000000 0.000000 0.000000 0.000000 0.000000 0.000000 9436.000000 30784.000000 0.000000 0.000000 2320.000000 61440.000000 12290.000000 0.000000 0.000000 0.000000 19396.000000 0.000000 0.000000 14208.000000 0.000000 36864.000000 0.000000 0.000000 0.000000 0.000000 0.000000 0.000000 0.000000 11448.000000 62304.000000 11328.000000 0.000000 0.000000 0.000000 0.000000 24669.000000 0.000000 8800.000000 28416.000000 0.000000 9436.000000 0.000000 55296.000000 0.000000 0.000000 5528.000000 36672.000000 
52
0.000000 43008.000000 0.000000 0.000000 0.000000 17554.000000 0.000000 0.000000 2368.000000 22848.000000 0.000000 0.000000 0.000000 49152.000000 0.000000 0.000000 0.000000 0.000000 0.000000 10784.000000 30784.000000 0.000000 0.000000 3480.000000 67584.000000 12290.000000 0.000000 0.000000 0.000000 18926.000000 0.000000 0.000000 16576.000000 0.000000 43008.000000 0.000000 0.000000 0.000000 0.000000 1152.000000 0.000000 0.000000 12187.000000 64032.000000 5184.000000 0.000000 0.000000 0.000000 2840.000000 26506.000000 0.000000 17600.000000 30784.000000 0.000000 8088.000000 0.000000 61440.000000 0.000000 0.000000 2048.000000 33088.000000 
53
0.000000 43008.000000 0.000000 0.000000 0.000000 17768.000000 0.000000 0.000000 0.000000 22848.000000 0.000000 0.000000 0.000000 49152.000000 0.000000 0.000000 0.000000 0.000000 0.000000 8836.000000 30784.000000 0.000000 0.000000 3480.000000 67584.000000 6145.000000 0.000000 0.000000 0.000000 19140.000000 0.000000 0.000000 16576.000000 0.000000 43008.000000 0.000000 0.000000 0.000000 0.000000 0.000000 0.000000 0.000000 19585.000000 64032.000000 5184.000000 0.000000 0.000000 0.000000 0.000000 25355.000000 0.000000 8800.000000 30784.000000 0.000000 8088.000000 0.000000 61440.000000 0.000000 0.000000 2048.000000 34304.000000 
54
0.000000 36864.000000 0.000000 0.000000 0.000000 15228.000000 0.000000 0.000000 0.000000 19584.000000 0.000000 0.000000 0.000000 43008.000000 0.000000 0.000000 0.000000 0.000000 0.000000 8088.000000 30784.000000 0.000000 0.000000 2900.000000 61440.000000 12290.000000 0.000000 0.000000 0.000000 23494.000000 0.000000 0.000000 16576.000000 0.000000 36864.000000 0.000000 0.000000 0.000000 0.000000 0.000000 0.000000 0.000000 9464.000000 62520.000000 11328.000000 0.000000 0.000000 0.000000 0.000000 22129.000000 0.000000 8800.000000 30784.000000 0.000000 10784.000000 0.000000 55296.000000 0.000000 0.000000 2048.000000 34304.000000 
55
0.000000 36864.000000 0.000000 0.000000 0.000000 16652.000000 0.000000 0.000000 0.000000 19584.000000 0.000000 0.000000 0.000000 43008.000000 0.000000 0.000000 0.000000 0.000000 0.000000 8088.000000 28416.000000 0.000000 0.000000 2900.000000 61440.000000 12290.000000 0.000000 0.000000 0.000000 26290.000000 0.000000 0.000000 14208.000000 0.000000 36864.000000 0.000000 0.000000 0.000000 0.000000 0.000000 0.000000 0.000000 9464.000000 62520.000000 11328.000000 0.000000 0.000000 0.000000 0.000000 24669.000000 0.000000 8800.000000 28416.000000 0.000000 10784.000000 0.000000 55296.000000 0.000000 0.000000 2048.000000 34304.000000 
56
0.000000 43008.000000 0.000000 0.000000 0.000000 17554.000000 0.000000 0.000000 2368.000000 22848.000000 0.000000 0.000000 0.000000 49152.000000 0.000000 0.000000 0.000000 0.000000 0.000000 8836.000000 30784.000000 0.000000 0.000000 2320.000000 67584.000000 12290.000000 0.000000 0.000000 0.000000 23966.000000 0.000000 0.000000 16576.000000 0.000000 43008.000000 0.000000 0.000000 0.000000 0.000000 1152.000000 0.000000 0.000000 12187.000000 68448.000000 11328.000000 0.000000 0.000000 0.000000 2840.000000 1529.000000 2880.000000 17600.000000 30784.000000 0.000000 6740.000000 0.000000 61440.000000 0.000000 0.000000 3924.000000 33088.000000 
57
0.000000 43008.000000 0.000000 0.000000 0.000000 15381.000000 0.000000 0.000000 2368.000000 19584.000000 0.000000 0.000000 0.000000 49152.000000 0.000000 0.000000 0.000000 0.000000 0.000000 9436.000000 28416.000000 0.000000 0.000000 2320.000000 67584.000000 12290.000000 0.000000 0.000000 0.000000 23647.000000 0.000000 0.000000 16576.000000 0.000000 43008.000000 0.000000 0.000000 0.000000 0.000000 1152.000000 0.000000 0.000000 19585.000000 63816.000000 5184.000000 0.000000 0.000000 0.000000 0.000000 1525.000000 2880.000000 8800.000000 30784.000000 0.000000 9436.000000 0.000000 61440.000000 0.000000 0.000000 3924.000000 33088.000000 
58
0.000000 36864.000000 0.000000 0.000000 0.000000 17875.000000 0.000000 0.000000 0.000000 19584.000000 0.000000 0.000000 0.000000 43008.000000 0.000000 0.000000 0.000000 0.000000 0.000000 8088.000000 26048.000000 0.000000 0.000000 2320.000000 61440.000000 12290.000000 0.000000 0.000000 0.000000 24287.000000 0.000000 0.000000 14208.000000 0.000000 36864.000000 0.000000 0.000000 0.000000 0.000000 0.000000 0.000000 0.000000 10399.000000 68448.000000 11328.000000 0.000000 0.000000 0.000000 0.000000 1624.000000 2520.000000 8800.000000 28416.000000 0.000000 9436.000000 0.000000 55296.000000 0.000000 0.000000 3924.000000 34304.000000 
59
0.000000 36864.000000 0.000000 0.000000 0.000000 17197.000000 0.000000 0.000000 0.000000 19584.000000 0.000000 0.000000 0.000000 43008.000000 0.000000 0.000000 0.000000 0.000000 0.000000 8088.000000 30784.000000 0.000000 0.000000 2320.000000 61440.000000 12290.000000 0.000000 0.000000 0.000000 19737.000000 0.000000 0.000000 14208.000000 0.000000 36864.000000 0.000000 0.000000 0.000000 0.000000 0.000000 0.000000 0.000000 10399.000000 63600.000000 5184.000000 0.000000 0.000000 0.000000 0.000000 2938.000000 2520.000000 8800.000000 28416.000000 0.000000 9436.000000 0.000000 55296.000000 0.000000 0.000000 3924.000000 34304.000000 
60
0.000000 43008.000000 0.000000 0.000000 0.000000 12270.000000 0.000000 0.000000 2368.000000 19584.000000 0.000000 0.000000 0.000000 49152.000000 0.000000 0.000000 0.000000 0.000000 0.000000 23284.000000 30784.000000 0.000000 0.000000 3480.000000 67584.000000 12290.000000 0.000000 0.000000 0.000000 14810.000000 0.000000 0.000000 16576.000000 0.000000 43008.000000 0.000000 0.000000 0.000000 0.000000 1152.000000 0.000000 0.000000 42496.000000 64032.000000 5184.000000 0.000000 0.000000 0.000000 0.000000 36630.000000 0.000000 17600.000000 30784.000000 0.000000 9436.000000 0.000000 61440.000000 0.000000 0.000000 2048.000000 33088.000000 
61
0.000000 43008.000000 0.000000 0.000000 0.000000 11175.000000 0.000000 0.000000 0.000000 19584.000000 0.000000 0.000000 0.000000 49152.000000 0.000000 0.000000 0.000000 0.000000 0.000000 22976.000000 29440.000000 0.000000 0.000000 2900.000000 67584.000000 12290.000000 0.000000 0.000000 0.000000 13325.000000 0.000000 0.000000 16576.000000 0.000000 43008.000000 0.000000 0.000000 0.000000 0.000000 0.000000 0.000000 0.000000 41783.000000 64032.000000 5184.000000 0.000000 0.000000 0.000000 0.000000 36176.000000 0.000000 8800.000000 30784.000000 0.000000 8088.000000 0.000000 61440.000000 0.000000 0.000000 2048.000000 34304.000000 
62
0.000000 36864.000000 0.000000 0.000000 0.000000 11175.000000 0.000000 0.000000 0.000000 19584.000000 0.000000 0.000000 0.000000 43008.000000 0.000000 0.000000 0.000000 0.000000 0.000000 22320.000000 29440.000000 0.000000 0.000000 2900.000000 61440.000000 12290.000000 0.000000 0.000000 0.000000 13325.000000 0.000000 0.000000 14208.000000 0.000000 36864.000000 0.000000 0.000000 0.000000 0.000000 0.000000 0.000000 0.000000 42495.000000 62520.000000 11328.000000 0.000000 0.000000 0.000000 0.000000 37691.000000 0.000000 8800.000000 28416.000000 0.000000 8088.000000 0.000000 55296.000000 0.000000 0.000000 2048.000000 34304.000000 
63
0.000000 36864.000000 0.000000 0.000000 0.000000 16307.000000 0.000000 0.000000 2368.000000 19584.000000 0.000000 0.000000 0.000000 43008.000000 0.000000 0.000000 0.000000 0.000000 0.000000 22364.000000 30784.000000 0.000000 0.000000 2900.000000 61440.000000 12290.000000 0.000000 0.000000 0.000000 13767.000000 0.000000 0.000000 14208.000000 0.000000 36864.000000 0.000000 0.000000 0.000000 0.000000 0.000000 0.000000 0.000000 42166.000000 62520.000000 11328.000000 0.000000 0.000000 0.000000 0.000000 36596.000000 0.000000 8800.000000 28416.000000 0.000000 8088.000000 0.000000 55296.000000 0.000000 0.000000 2048.000000 31936.000000 
