0
0.000000 0.000000 0.000000 0.000000 4096.000000 226631.000000 5761.000000 3264.000000 0.000000 0.000000 0.000000 2432.000000 6144.000000 0.000000 0.000000 0.000000 4096.000000 124458.000000 107934.000000 3264.000000 0.000000 0.000000 0.000000 2400.000000 32.000000 0.000000 0.000000 0.000000 10240.000000 226631.000000 5761.000000 3264.000000 0.000000 0.000000 0.000000 0.000000 0.000000 0.000000 0.000000 8048.000000 32.000000 19794.000000 87968.000000 4096.000000 0.000000 0.000000 0.000000 246020.000000 3840.000000 5186.000000 0.000000 0.000000 0.000000 0.000000 0.000000 0.000000 1728.000000 0.000000 0.000000 0.000000 4768.000000 
1
0.000000 0.000000 0.000000 0.000000 4096.000000 226631.000000 5761.000000 3264.000000 0.000000 0.000000 0.000000 2432.000000 6144.000000 0.000000 0.000000 0.000000 4096.000000 124458.000000 107934.000000 3264.000000 0.000000 0.000000 0.000000 2400.000000 32.000000 0.000000 0.000000 0.000000 10240.000000 226631.000000 5761.000000 3264.000000 0.000000 0.000000 0.000000 0.000000 0.000000 0.000000 0.000000 8048.000000 32.000000 19794.000000 87968.000000 4096.000000 0.000000 0.000000 0.000000 246020.000000 3840.000000 5186.000000 0.000000 0.000000 0.000000 0.000000 0.000000 0.000000 1728.000000 0.000000 0.000000 0.000000 4768.000000 
2
0.000000 0.000000 0.000000 0.000000 4096.000000 226631.000000 5761.000000 3264.000000 0.000000 0.000000 0.000000 2432.000000 6144.000000 0.000000 0.000000 0.000000 4096.000000 124458.000000 107934.000000 3264.000000 0.000000 0.000000 0.000000 2400.000000 32.000000 0.000000 0.000000 0.000000 10240.000000 226631.000000 5761.000000 3264.000000 0.000000 0.000000 0.000000 0.000000 0.000000 0.000000 0.000000 8048.000000 32.000000 19794.000000 87968.000000 4096.000000 0.000000 0.000000 0.000000 246020.000000 3840.000000 5186.000000 0.000000 0.000000 0.000000 0.000000 0.000000 0.000000 1728.000000 0.000000 0.000000 0.000000 4768.000000 
3
0.000000 0.000000 0.000000 0.000000 4096.000000 226631.000000 5761.000000 3264.000000 0.000000 0.000000 0.000000 2432.000000 6144.000000 0.000000 0.000000 0.000000 4096.000000 124458.000000 107934.000000 3264.000000 0.000000 0.000000 0.000000 2400.000000 32.000000 0.000000 0.000000 0.000000 10240.000000 226631.000000 5761.000000 3264.000000 0.000000 0.000000 0.000000 0.000000 0.000000 0.000000 0.000000 8048.000000 32.000000 19794.000000 87968.000000 4096.000000 0.000000 0.000000 0.000000 246020.000000 3840.000000 5186.000000 0.000000 0.000000 0.000000 0.000000 0.000000 0.000000 1728.000000 0.000000 0.000000 0.000000 4768.000000 
4
0.000000 41984.000000 12289.000000 0.000000 0.000000 237783.000000 1937.000000 1536.000000 4032.000000 1536.000000 1728.000000 6564.000000 41424.000000 8192.000000 12288.000000 1.000000 0.000000 114106.000000 125614.000000 1536.000000 3264.000000 2304.000000 0.000000 39012.000000 12752.000000 6144.000000 12289.000000 0.000000 0.000000 237783.000000 1937.000000 1536.000000 37824.000000 1536.000000 8192.000000 0.000000 0.000000 0.000000 15936.000000 0.000000 4756.000000 46242.000000 79900.000000 29908.000000 13126.000000 65.000000 0.000000 86458.000000 157525.000000 3473.000000 0.000000 3264.000000 0.000000 34560.000000 0.000000 3264.000000 8192.000000 0.000000 12288.000000 0.000000 5956.000000 
5
0.000000 41984.000000 12289.000000 0.000000 0.000000 237783.000000 1937.000000 1536.000000 4032.000000 1536.000000 1728.000000 6564.000000 41424.000000 8192.000000 12288.000000 1.000000 0.000000 114106.000000 125614.000000 1536.000000 3264.000000 2304.000000 0.000000 39012.000000 12752.000000 6144.000000 12289.000000 0.000000 0.000000 237783.000000 1937.000000 1536.000000 37824.000000 1536.000000 8192.000000 0.000000 0.000000 0.000000 15936.000000 0.000000 4756.000000 46242.000000 79900.000000 29908.000000 13126.000000 65.000000 0.000000 86458.000000 157525.000000 3473.000000 0.000000 3264.000000 0.000000 34560.000000 0.000000 3264.000000 8192.000000 0.000000 12288.000000 0.000000 5956.000000 
6
0.000000 41984.000000 12289.000000 0.000000 0.000000 237783.000000 1937.000000 1536.000000 4032.000000 1536.000000 1728.000000 6564.000000 41424.000000 8192.000000 12288.000000 1.000000 0.000000 114106.000000 125614.000000 1536.000000 3264.000000 2304.000000 0.000000 39012.000000 12752.000000 6144.000000 12289.000000 0.000000 0.000000 237783.000000 1937.000000 1536.000000 37824.000000 1536.000000 8192.000000 0.000000 0.000000 0.000000 15936.000000 0.000000 4756.000000 46242.000000 79900.000000 29908.000000 13126.000000 65.000000 0.000000 86458.000000 157525.000000 3473.000000 0.000000 3264.000000 0.000000 34560.000000 0.000000 3264.000000 8192.000000 0.000000 12288.000000 0.000000 5956.000000 
7
0.000000 41984.000000 12289.000000 0.000000 0.000000 237783.000000 1937.000000 1536.000000 4032.000000 1536.000000 1728.000000 6564.000000 41424.000000 8192.000000 12288.000000 1.000000 0.000000 114106.000000 125614.000000 1536.000000 3264.000000 2304.000000 0.000000 39012.000000 12752.000000 6144.000000 12289.000000 0.000000 0.000000 237783.000000 1937.000000 1536.000000 37824.000000 1536.000000 8192.000000 0.000000 0.000000 0.000000 15936.000000 0.000000 4756.000000 46242.000000 79900.000000 29908.000000 13126.000000 65.000000 0.000000 86458.000000 157525.000000 3473.000000 0.000000 3264.000000 0.000000 34560.000000 0.000000 3264.000000 8192.000000 0.000000 12288.000000 0.000000 5956.000000 
8
0.000000 41984.000000 12288.000000 0.000000 0.000000 238391.000000 5265.000000 1536.000000 2048.000000 1536.000000 1728.000000 6180.000000 58999.000000 8192.000000 8192.000000 0.000000 0.000000 148666.000000 87101.000000 1536.000000 1920.000000 0.000000 0.000000 33792.000000 8192.000000 0.000000 8192.000000 0.000000 0.000000 233975.000000 3328.000000 33792.000000 0.000000 0.000000 8192.000000 0.000000 0.000000 0.000000 8192.000000 0.000000 0.000000 40160.000000 80712.000000 984.000000 0.000000 21446.000000 0.000000 0.000000 226646.000000 32.000000 0.000000 0.000000 0.000000 33792.000000 0.000000 0.000000 8192.000000 0.000000 8192.000000 0.000000 0.000000 
9
0.000000 41984.000000 12288.000000 0.000000 0.000000 238391.000000 5265.000000 1536.000000 2048.000000 1536.000000 1728.000000 6180.000000 58999.000000 8192.000000 8192.000000 0.000000 0.000000 148666.000000 87101.000000 1536.000000 1920.000000 0.000000 0.000000 33792.000000 8192.000000 0.000000 8192.000000 0.000000 0.000000 233975.000000 3328.000000 33792.000000 0.000000 0.000000 8192.000000 0.000000 0.000000 0.000000 8192.000000 0.000000 0.000000 40160.000000 80712.000000 984.000000 0.000000 21446.000000 0.000000 0.000000 226646.000000 32.000000 0.000000 0.000000 0.000000 33792.000000 0.000000 0.000000 8192.000000 0.000000 8192.000000 0.000000 0.000000 
10
0.000000 41984.000000 12288.000000 0.000000 0.000000 238391.000000 5265.000000 1536.000000 2048.000000 1536.000000 1728.000000 6180.000000 58999.000000 8192.000000 8192.000000 0.000000 0.000000 148666.000000 87101.000000 1536.000000 1920.000000 0.000000 0.000000 33792.000000 8192.000000 0.000000 8192.000000 0.000000 0.000000 233975.000000 3328.000000 33792.000000 0.000000 0.000000 8192.000000 0.000000 0.000000 0.000000 8192.000000 0.000000 0.000000 40160.000000 80712.000000 984.000000 0.000000 21446.000000 0.000000 0.000000 226646.000000 32.000000 0.000000 0.000000 0.000000 33792.000000 0.000000 0.000000 8192.000000 0.000000 8192.000000 0.000000 0.000000 
11
0.000000 41984.000000 12288.000000 0.000000 0.000000 238391.000000 5265.000000 1536.000000 2048.000000 1536.000000 1728.000000 6180.000000 58999.000000 8192.000000 8192.000000 0.000000 0.000000 148666.000000 87101.000000 1536.000000 1920.000000 0.000000 0.000000 33792.000000 8192.000000 0.000000 8192.000000 0.000000 0.000000 233975.000000 3328.000000 33792.000000 0.000000 0.000000 8192.000000 0.000000 0.000000 0.000000 8192.000000 0.000000 0.000000 40160.000000 80712.000000 984.000000 0.000000 21446.000000 0.000000 0.000000 226646.000000 32.000000 0.000000 0.000000 0.000000 33792.000000 0.000000 0.000000 8192.000000 0.000000 8192.000000 0.000000 0.000000 
12
0.000000 41984.000000 12288.000000 0.000000 0.000000 237783.000000 5905.000000 1536.000000 2368.000000 1536.000000 1728.000000 4644.000000 57927.000000 8192.000000 8192.000000 0.000000 0.000000 155578.000000 80157.000000 2176.000000 2240.000000 0.000000 0.000000 33792.000000 8192.000000 0.000000 8192.000000 0.000000 0.000000 233943.000000 3328.000000 34304.000000 0.000000 0.000000 8192.000000 0.000000 0.000000 0.000000 8192.000000 0.000000 0.000000 56753.000000 87776.000000 16384.000000 13126.000000 64.000000 226702.000000 0.000000 0.000000 0.000000 0.000000 0.000000 0.000000 33792.000000 0.000000 0.000000 8192.000000 0.000000 8192.000000 0.000000 0.000000 
13
0.000000 41984.000000 12288.000000 0.000000 0.000000 237783.000000 5905.000000 1536.000000 2368.000000 1536.000000 1728.000000 4644.000000 57927.000000 8192.000000 8192.000000 0.000000 0.000000 155578.000000 80157.000000 2176.000000 2240.000000 0.000000 0.000000 33792.000000 8192.000000 0.000000 8192.000000 0.000000 0.000000 233943.000000 3328.000000 34304.000000 0.000000 0.000000 8192.000000 0.000000 0.000000 0.000000 8192.000000 0.000000 0.000000 56753.000000 87776.000000 16384.000000 13126.000000 64.000000 226702.000000 0.000000 0.000000 0.000000 0.000000 0.000000 0.000000 33792.000000 0.000000 0.000000 8192.000000 0.000000 8192.000000 0.000000 0.000000 
14
0.000000 41984.000000 12288.000000 0.000000 0.000000 237783.000000 5905.000000 1536.000000 2368.000000 1536.000000 1728.000000 4644.000000 57927.000000 8192.000000 8192.000000 0.000000 0.000000 155578.000000 80157.000000 2176.000000 2240.000000 0.000000 0.000000 33792.000000 8192.000000 0.000000 8192.000000 0.000000 0.000000 233943.000000 3328.000000 34304.000000 0.000000 0.000000 8192.000000 0.000000 0.000000 0.000000 8192.000000 0.000000 0.000000 56753.000000 87776.000000 16384.000000 13126.000000 64.000000 226702.000000 0.000000 0.000000 0.000000 0.000000 0.000000 0.000000 33792.000000 0.000000 0.000000 8192.000000 0.000000 8192.000000 0.000000 0.000000 
15
0.000000 41984.000000 12288.000000 0.000000 0.000000 237783.000000 5905.000000 1536.000000 2368.000000 1536.000000 1728.000000 4644.000000 57927.000000 8192.000000 8192.000000 0.000000 0.000000 155578.000000 80157.000000 2176.000000 2240.000000 0.000000 0.000000 33792.000000 8192.000000 0.000000 8192.000000 0.000000 0.000000 233943.000000 3328.000000 34304.000000 0.000000 0.000000 8192.000000 0.000000 0.000000 0.000000 8192.000000 0.000000 0.000000 56753.000000 87776.000000 16384.000000 13126.000000 64.000000 226702.000000 0.000000 0.000000 0.000000 0.000000 0.000000 0.000000 33792.000000 0.000000 0.000000 8192.000000 0.000000 8192.000000 0.000000 0.000000 
16
0.000000 42048.000000 12288.000000 0.000000 0.000000 237814.000000 5904.000000 1536.000000 2368.000000 1536.000000 1728.000000 4644.000000 57927.000000 8256.000000 8192.000000 0.000000 0.000000 117594.000000 118172.000000 2176.000000 2240.000000 0.000000 0.000000 33792.000000 8256.000000 0.000000 8192.000000 0.000000 0.000000 233974.000000 3328.000000 34304.000000 0.000000 0.000000 8256.000000 0.000000 0.000000 0.000000 8192.000000 0.000000 0.000000 74064.000000 21728.000000 16448.000000 0.000000 3264.000000 226734.000000 0.000000 0.000000 0.000000 0.000000 0.000000 0.000000 33792.000000 0.000000 0.000000 8256.000000 0.000000 8192.000000 0.000000 0.000000 
17
0.000000 42048.000000 12288.000000 0.000000 0.000000 237814.000000 5904.000000 1536.000000 2368.000000 1536.000000 1728.000000 4644.000000 57927.000000 8256.000000 8192.000000 0.000000 0.000000 117594.000000 118172.000000 2176.000000 2240.000000 0.000000 0.000000 33792.000000 8256.000000 0.000000 8192.000000 0.000000 0.000000 233974.000000 3328.000000 34304.000000 0.000000 0.000000 8256.000000 0.000000 0.000000 0.000000 8192.000000 0.000000 0.000000 74064.000000 21728.000000 16448.000000 0.000000 3264.000000 226734.000000 0.000000 0.000000 0.000000 0.000000 0.000000 0.000000 33792.000000 0.000000 0.000000 8256.000000 0.000000 8192.000000 0.000000 0.000000 
18
0.000000 42048.000000 12288.000000 0.000000 0.000000 237814.000000 5904.000000 1536.000000 2368.000000 1536.000000 1728.000000 4644.000000 57927.000000 8256.000000 8192.000000 0.000000 0.000000 117594.000000 118172.000000 2176.000000 2240.000000 0.000000 0.000000 33792.000000 8256.000000 0.000000 8192.000000 0.000000 0.000000 233974.000000 3328.000000 34304.000000 0.000000 0.000000 8256.000000 0.000000 0.000000 0.000000 8192.000000 0.000000 0.000000 74064.000000 21728.000000 16448.000000 0.000000 3264.000000 226734.000000 0.000000 0.000000 0.000000 0.000000 0.000000 0.000000 33792.000000 0.000000 0.000000 8256.000000 0.000000 8192.000000 0.000000 0.000000 
19
0.000000 42048.000000 12288.000000 0.000000 0.000000 237814.000000 5904.000000 1536.000000 2368.000000 1536.000000 1728.000000 4644.000000 57927.000000 8256.000000 8192.000000 0.000000 0.000000 117594.000000 118172.000000 2176.000000 2240.000000 0.000000 0.000000 33792.000000 8256.000000 0.000000 8192.000000 0.000000 0.000000 233974.000000 3328.000000 34304.000000 0.000000 0.000000 8256.000000 0.000000 0.000000 0.000000 8192.000000 0.000000 0.000000 74064.000000 21728.000000 16448.000000 0.000000 3264.000000 226734.000000 0.000000 0.000000 0.000000 0.000000 0.000000 0.000000 33792.000000 0.000000 0.000000 8256.000000 0.000000 8192.000000 0.000000 0.000000 
20
0.000000 42048.000000 12288.000000 0.000000 0.000000 15831.000000 5905.000000 1536.000000 2368.000000 1536.000000 1728.000000 4644.000000 57927.000000 8256.000000 8192.000000 0.000000 0.000000 974.000000 9089.000000 2176.000000 2240.000000 0.000000 0.000000 33792.000000 8256.000000 0.000000 8192.000000 0.000000 0.000000 8271.000000 3328.000000 34304.000000 0.000000 0.000000 8256.000000 0.000000 0.000000 0.000000 8192.000000 0.000000 0.000000 53025.000000 83424.000000 25120.000000 13128.000000 3294.000000 23913.000000 9216.000000 3841.000000 3985.000000 2048.000000 1088.000000 768.000000 33792.000000 1536.000000 1728.000000 8256.000000 0.000000 12288.000000 0.000000 3140.000000 
21
0.000000 42048.000000 12288.000000 0.000000 0.000000 15831.000000 5905.000000 1536.000000 2368.000000 1536.000000 1728.000000 4644.000000 57927.000000 8256.000000 8192.000000 0.000000 0.000000 974.000000 9089.000000 2176.000000 2240.000000 0.000000 0.000000 33792.000000 8256.000000 0.000000 8192.000000 0.000000 0.000000 8271.000000 3328.000000 34304.000000 0.000000 0.000000 8256.000000 0.000000 0.000000 0.000000 8192.000000 0.000000 0.000000 53025.000000 83424.000000 25120.000000 13128.000000 3294.000000 23913.000000 9216.000000 3841.000000 3985.000000 2048.000000 1088.000000 768.000000 33792.000000 1536.000000 1728.000000 8256.000000 0.000000 12288.000000 0.000000 3140.000000 
22
0.000000 42048.000000 12288.000000 0.000000 0.000000 15831.000000 5905.000000 1536.000000 2368.000000 1536.000000 1728.000000 4644.000000 57927.000000 8256.000000 8192.000000 0.000000 0.000000 974.000000 9089.000000 2176.000000 2240.000000 0.000000 0.000000 33792.000000 8256.000000 0.000000 8192.000000 0.000000 0.000000 8271.000000 3328.000000 34304.000000 0.000000 0.000000 8256.000000 0.000000 0.000000 0.000000 8192.000000 0.000000 0.000000 53025.000000 83424.000000 25120.000000 13128.000000 3294.000000 23913.000000 9216.000000 3841.000000 3985.000000 2048.000000 1088.000000 768.000000 33792.000000 1536.000000 1728.000000 8256.000000 0.000000 12288.000000 0.000000 3140.000000 
23
0.000000 42048.000000 12288.000000 0.000000 0.000000 15831.000000 5905.000000 1536.000000 2368.000000 1536.000000 1728.000000 4644.000000 57927.000000 8256.000000 8192.000000 0.000000 0.000000 974.000000 9089.000000 2176.000000 2240.000000 0.000000 0.000000 33792.000000 8256.000000 0.000000 8192.000000 0.000000 0.000000 8271.000000 3328.000000 34304.000000 0.000000 0.000000 8256.000000 0.000000 0.000000 0.000000 8192.000000 0.000000 0.000000 53025.000000 83424.000000 25120.000000 13128.000000 3294.000000 23913.000000 9216.000000 3841.000000 3985.000000 2048.000000 1088.000000 768.000000 33792.000000 1536.000000 1728.000000 8256.000000 0.000000 12288.000000 0.000000 3140.000000 
24
0.000000 42048.000000 12288.000000 0.000000 0.000000 237773.000000 5905.000000 1536.000000 2368.000000 1536.000000 1728.000000 4644.000000 57927.000000 8256.000000 8192.000000 0.000000 0.000000 141744.000000 93981.000000 2176.000000 2240.000000 0.000000 0.000000 33792.000000 8256.000000 0.000000 8192.000000 0.000000 0.000000 233933.000000 3328.000000 34304.000000 0.000000 0.000000 8256.000000 0.000000 0.000000 0.000000 8192.000000 0.000000 0.000000 51665.000000 8768.000000 16448.000000 0.000000 3296.000000 226692.000000 0.000000 0.000000 0.000000 0.000000 0.000000 0.000000 33792.000000 0.000000 0.000000 8256.000000 0.000000 8192.000000 0.000000 0.000000 
25
0.000000 42048.000000 12288.000000 0.000000 0.000000 237773.000000 5905.000000 1536.000000 2368.000000 1536.000000 1728.000000 4644.000000 57927.000000 8256.000000 8192.000000 0.000000 0.000000 141744.000000 93981.000000 2176.000000 2240.000000 0.000000 0.000000 33792.000000 8256.000000 0.000000 8192.000000 0.000000 0.000000 233933.000000 3328.000000 34304.000000 0.000000 0.000000 8256.000000 0.000000 0.000000 0.000000 8192.000000 0.000000 0.000000 51665.000000 8768.000000 16448.000000 0.000000 3296.000000 226692.000000 0.000000 0.000000 0.000000 0.000000 0.000000 0.000000 33792.000000 0.000000 0.000000 8256.000000 0.000000 8192.000000 0.000000 0.000000 
26
0.000000 42048.000000 12288.000000 0.000000 0.000000 237773.000000 5905.000000 1536.000000 2368.000000 1536.000000 1728.000000 4644.000000 57927.000000 8256.000000 8192.000000 0.000000 0.000000 141744.000000 93981.000000 2176.000000 2240.000000 0.000000 0.000000 33792.000000 8256.000000 0.000000 8192.000000 0.000000 0.000000 233933.000000 3328.000000 34304.000000 0.000000 0.000000 8256.000000 0.000000 0.000000 0.000000 8192.000000 0.000000 0.000000 51665.000000 8768.000000 16448.000000 0.000000 3296.000000 226692.000000 0.000000 0.000000 0.000000 0.000000 0.000000 0.000000 33792.000000 0.000000 0.000000 8256.000000 0.000000 8192.000000 0.000000 0.000000 
27
0.000000 42048.000000 12288.000000 0.000000 0.000000 237773.000000 5905.000000 1536.000000 2368.000000 1536.000000 1728.000000 4644.000000 57927.000000 8256.000000 8192.000000 0.000000 0.000000 141744.000000 93981.000000 2176.000000 2240.000000 0.000000 0.000000 33792.000000 8256.000000 0.000000 8192.000000 0.000000 0.000000 233933.000000 3328.000000 34304.000000 0.000000 0.000000 8256.000000 0.000000 0.000000 0.000000 8192.000000 0.000000 0.000000 51665.000000 8768.000000 16448.000000 0.000000 3296.000000 226692.000000 0.000000 0.000000 0.000000 0.000000 0.000000 0.000000 33792.000000 0.000000 0.000000 8256.000000 0.000000 8192.000000 0.000000 0.000000 
28
0.000000 41984.000000 12288.000000 0.000000 0.000000 237815.000000 5905.000000 1536.000000 2368.000000 1536.000000 1728.000000 4644.000000 57895.000000 8192.000000 8192.000000 0.000000 0.000000 124506.000000 111261.000000 2176.000000 2240.000000 0.000000 0.000000 33792.000000 8192.000000 0.000000 8192.000000 0.000000 0.000000 233975.000000 3328.000000 34304.000000 0.000000 0.000000 8192.000000 0.000000 0.000000 0.000000 8192.000000 0.000000 0.000000 59569.000000 79360.000000 16384.000000 13128.000000 3294.000000 226734.000000 0.000000 0.000000 0.000000 0.000000 0.000000 0.000000 33792.000000 0.000000 0.000000 8192.000000 0.000000 8192.000000 0.000000 0.000000 
29
0.000000 41984.000000 12288.000000 0.000000 0.000000 237815.000000 5905.000000 1536.000000 2368.000000 1536.000000 1728.000000 4644.000000 57895.000000 8192.000000 8192.000000 0.000000 0.000000 124506.000000 111261.000000 2176.000000 2240.000000 0.000000 0.000000 33792.000000 8192.000000 0.000000 8192.000000 0.000000 0.000000 233975.000000 3328.000000 34304.000000 0.000000 0.000000 8192.000000 0.000000 0.000000 0.000000 8192.000000 0.000000 0.000000 59569.000000 79360.000000 16384.000000 13128.000000 3294.000000 226734.000000 0.000000 0.000000 0.000000 0.000000 0.000000 0.000000 33792.000000 0.000000 0.000000 8192.000000 0.000000 8192.000000 0.000000 0.000000 
30
0.000000 41984.000000 12288.000000 0.000000 0.000000 237815.000000 5905.000000 1536.000000 2368.000000 1536.000000 1728.000000 4644.000000 57895.000000 8192.000000 8192.000000 0.000000 0.000000 124506.000000 111261.000000 2176.000000 2240.000000 0.000000 0.000000 33792.000000 8192.000000 0.000000 8192.000000 0.000000 0.000000 233975.000000 3328.000000 34304.000000 0.000000 0.000000 8192.000000 0.000000 0.000000 0.000000 8192.000000 0.000000 0.000000 59569.000000 79360.000000 16384.000000 13128.000000 3294.000000 226734.000000 0.000000 0.000000 0.000000 0.000000 0.000000 0.000000 33792.000000 0.000000 0.000000 8192.000000 0.000000 8192.000000 0.000000 0.000000 
31
0.000000 41984.000000 12288.000000 0.000000 0.000000 237815.000000 5905.000000 1536.000000 2368.000000 1536.000000 1728.000000 4644.000000 57895.000000 8192.000000 8192.000000 0.000000 0.000000 124506.000000 111261.000000 2176.000000 2240.000000 0.000000 0.000000 33792.000000 8192.000000 0.000000 8192.000000 0.000000 0.000000 233975.000000 3328.000000 34304.000000 0.000000 0.000000 8192.000000 0.000000 0.000000 0.000000 8192.000000 0.000000 0.000000 59569.000000 79360.000000 16384.000000 13128.000000 3294.000000 226734.000000 0.000000 0.000000 0.000000 0.000000 0.000000 0.000000 33792.000000 0.000000 0.000000 8192.000000 0.000000 8192.000000 0.000000 0.000000 
32
0.000000 41984.000000 12288.000000 0.000000 0.000000 237847.000000 5905.000000 1536.000000 2368.000000 1536.000000 1728.000000 4612.000000 57895.000000 8192.000000 8192.000000 0.000000 0.000000 110682.000000 125085.000000 2176.000000 2240.000000 0.000000 0.000000 33792.000000 8192.000000 0.000000 8192.000000 0.000000 0.000000 233975.000000 3328.000000 34304.000000 0.000000 0.000000 8192.000000 0.000000 0.000000 0.000000 8192.000000 0.000000 0.000000 62593.000000 79232.000000 0.000000 0.000000 32742.000000 0.000000 226678.000000 0.000000 0.000000 0.000000 0.000000 0.000000 33792.000000 0.000000 0.000000 8192.000000 0.000000 8192.000000 0.000000 0.000000 
33
0.000000 41984.000000 12288.000000 0.000000 0.000000 237847.000000 5905.000000 1536.000000 2368.000000 1536.000000 1728.000000 4612.000000 57895.000000 8192.000000 8192.000000 0.000000 0.000000 110682.000000 125085.000000 2176.000000 2240.000000 0.000000 0.000000 33792.000000 8192.000000 0.000000 8192.000000 0.000000 0.000000 233975.000000 3328.000000 34304.000000 0.000000 0.000000 8192.000000 0.000000 0.000000 0.000000 8192.000000 0.000000 0.000000 62593.000000 79232.000000 0.000000 0.000000 32742.000000 0.000000 226678.000000 0.000000 0.000000 0.000000 0.000000 0.000000 33792.000000 0.000000 0.000000 8192.000000 0.000000 8192.000000 0.000000 0.000000 
34
0.000000 41984.000000 12288.000000 0.000000 0.000000 237847.000000 5905.000000 1536.000000 2368.000000 1536.000000 1728.000000 4612.000000 57895.000000 8192.000000 8192.000000 0.000000 0.000000 110682.000000 125085.000000 2176.000000 2240.000000 0.000000 0.000000 33792.000000 8192.000000 0.000000 8192.000000 0.000000 0.000000 233975.000000 3328.000000 34304.000000 0.000000 0.000000 8192.000000 0.000000 0.000000 0.000000 8192.000000 0.000000 0.000000 62593.000000 79232.000000 0.000000 0.000000 32742.000000 0.000000 226678.000000 0.000000 0.000000 0.000000 0.000000 0.000000 33792.000000 0.000000 0.000000 8192.000000 0.000000 8192.000000 0.000000 0.000000 
35
0.000000 41984.000000 12288.000000 0.000000 0.000000 237847.000000 5905.000000 1536.000000 2368.000000 1536.000000 1728.000000 4612.000000 57895.000000 8192.000000 8192.000000 0.000000 0.000000 110682.000000 125085.000000 2176.000000 2240.000000 0.000000 0.000000 33792.000000 8192.000000 0.000000 8192.000000 0.000000 0.000000 233975.000000 3328.000000 34304.000000 0.000000 0.000000 8192.000000 0.000000 0.000000 0.000000 8192.000000 0.000000 0.000000 62593.000000 79232.000000 0.000000 0.000000 32742.000000 0.000000 226678.000000 0.000000 0.000000 0.000000 0.000000 0.000000 33792.000000 0.000000 0.000000 8192.000000 0.000000 8192.000000 0.000000 0.000000 
36
0.000000 41984.000000 12288.000000 0.000000 0.000000 237847.000000 5905.000000 1536.000000 2368.000000 1536.000000 1728.000000 4644.000000 40296.000000 8192.000000 8192.000000 0.000000 0.000000 134874.000000 100893.000000 2176.000000 2240.000000 0.000000 0.000000 33792.000000 8192.000000 0.000000 8192.000000 0.000000 0.000000 233975.000000 3328.000000 34304.000000 0.000000 0.000000 8192.000000 0.000000 0.000000 0.000000 8192.000000 0.000000 0.000000 50321.000000 82336.000000 16384.000000 13128.000000 3294.000000 226734.000000 0.000000 0.000000 0.000000 0.000000 0.000000 0.000000 33792.000000 0.000000 0.000000 8192.000000 0.000000 8192.000000 0.000000 0.000000 
37
0.000000 41984.000000 12288.000000 0.000000 0.000000 237847.000000 5905.000000 1536.000000 2368.000000 1536.000000 1728.000000 4644.000000 40296.000000 8192.000000 8192.000000 0.000000 0.000000 134874.000000 100893.000000 2176.000000 2240.000000 0.000000 0.000000 33792.000000 8192.000000 0.000000 8192.000000 0.000000 0.000000 233975.000000 3328.000000 34304.000000 0.000000 0.000000 8192.000000 0.000000 0.000000 0.000000 8192.000000 0.000000 0.000000 50321.000000 82336.000000 16384.000000 13128.000000 3294.000000 226734.000000 0.000000 0.000000 0.000000 0.000000 0.000000 0.000000 33792.000000 0.000000 0.000000 8192.000000 0.000000 8192.000000 0.000000 0.000000 
38
0.000000 41984.000000 12288.000000 0.000000 0.000000 237847.000000 5905.000000 1536.000000 2368.000000 1536.000000 1728.000000 4644.000000 40296.000000 8192.000000 8192.000000 0.000000 0.000000 134874.000000 100893.000000 2176.000000 2240.000000 0.000000 0.000000 33792.000000 8192.000000 0.000000 8192.000000 0.000000 0.000000 233975.000000 3328.000000 34304.000000 0.000000 0.000000 8192.000000 0.000000 0.000000 0.000000 8192.000000 0.000000 0.000000 50321.000000 82336.000000 16384.000000 13128.000000 3294.000000 226734.000000 0.000000 0.000000 0.000000 0.000000 0.000000 0.000000 33792.000000 0.000000 0.000000 8192.000000 0.000000 8192.000000 0.000000 0.000000 
39
0.000000 41984.000000 12288.000000 0.000000 0.000000 237847.000000 5905.000000 1536.000000 2368.000000 1536.000000 1728.000000 4644.000000 40296.000000 8192.000000 8192.000000 0.000000 0.000000 134874.000000 100893.000000 2176.000000 2240.000000 0.000000 0.000000 33792.000000 8192.000000 0.000000 8192.000000 0.000000 0.000000 233975.000000 3328.000000 34304.000000 0.000000 0.000000 8192.000000 0.000000 0.000000 0.000000 8192.000000 0.000000 0.000000 50321.000000 82336.000000 16384.000000 13128.000000 3294.000000 226734.000000 0.000000 0.000000 0.000000 0.000000 0.000000 0.000000 33792.000000 0.000000 0.000000 8192.000000 0.000000 8192.000000 0.000000 0.000000 
40
0.000000 41984.000000 12288.000000 0.000000 0.000000 237783.000000 5905.000000 1536.000000 2368.000000 1536.000000 1728.000000 6532.000000 57531.000000 8192.000000 8192.000000 0.000000 0.000000 124474.000000 111261.000000 2176.000000 2240.000000 0.000000 0.000000 33792.000000 8192.000000 0.000000 8192.000000 0.000000 0.000000 233943.000000 3328.000000 34304.000000 0.000000 0.000000 8192.000000 0.000000 0.000000 0.000000 8192.000000 0.000000 0.000000 51377.000000 81280.000000 16384.000000 13128.000000 3294.000000 226702.000000 0.000000 0.000000 0.000000 0.000000 0.000000 0.000000 33792.000000 0.000000 0.000000 8192.000000 0.000000 8192.000000 0.000000 0.000000 
41
0.000000 41984.000000 12288.000000 0.000000 0.000000 237783.000000 5905.000000 1536.000000 2368.000000 1536.000000 1728.000000 6532.000000 57531.000000 8192.000000 8192.000000 0.000000 0.000000 124474.000000 111261.000000 2176.000000 2240.000000 0.000000 0.000000 33792.000000 8192.000000 0.000000 8192.000000 0.000000 0.000000 233943.000000 3328.000000 34304.000000 0.000000 0.000000 8192.000000 0.000000 0.000000 0.000000 8192.000000 0.000000 0.000000 51377.000000 81280.000000 16384.000000 13128.000000 3294.000000 226702.000000 0.000000 0.000000 0.000000 0.000000 0.000000 0.000000 33792.000000 0.000000 0.000000 8192.000000 0.000000 8192.000000 0.000000 0.000000 
42
0.000000 41984.000000 12288.000000 0.000000 0.000000 237783.000000 5905.000000 1536.000000 2368.000000 1536.000000 1728.000000 6532.000000 57531.000000 8192.000000 8192.000000 0.000000 0.000000 124474.000000 111261.000000 2176.000000 2240.000000 0.000000 0.000000 33792.000000 8192.000000 0.000000 8192.000000 0.000000 0.000000 233943.000000 3328.000000 34304.000000 0.000000 0.000000 8192.000000 0.000000 0.000000 0.000000 8192.000000 0.000000 0.000000 51377.000000 81280.000000 16384.000000 13128.000000 3294.000000 226702.000000 0.000000 0.000000 0.000000 0.000000 0.000000 0.000000 33792.000000 0.000000 0.000000 8192.000000 0.000000 8192.000000 0.000000 0.000000 
43
0.000000 41984.000000 12288.000000 0.000000 0.000000 237783.000000 5905.000000 1536.000000 2368.000000 1536.000000 1728.000000 6532.000000 57531.000000 8192.000000 8192.000000 0.000000 0.000000 124474.000000 111261.000000 2176.000000 2240.000000 0.000000 0.000000 33792.000000 8192.000000 0.000000 8192.000000 0.000000 0.000000 233943.000000 3328.000000 34304.000000 0.000000 0.000000 8192.000000 0.000000 0.000000 0.000000 8192.000000 0.000000 0.000000 51377.000000 81280.000000 16384.000000 13128.000000 3294.000000 226702.000000 0.000000 0.000000 0.000000 0.000000 0.000000 0.000000 33792.000000 0.000000 0.000000 8192.000000 0.000000 8192.000000 0.000000 0.000000 
44
0.000000 41984.000000 12288.000000 0.000000 0.000000 237783.000000 5905.000000 1536.000000 2368.000000 1536.000000 1728.000000 6564.000000 57531.000000 8192.000000 8192.000000 0.000000 0.000000 127930.000000 107805.000000 2176.000000 2240.000000 0.000000 0.000000 33792.000000 8192.000000 0.000000 8192.000000 0.000000 0.000000 233943.000000 3328.000000 34304.000000 0.000000 0.000000 8192.000000 0.000000 0.000000 0.000000 8192.000000 0.000000 0.000000 59089.000000 79840.000000 16384.000000 13128.000000 3294.000000 226702.000000 0.000000 0.000000 0.000000 0.000000 0.000000 0.000000 33792.000000 0.000000 0.000000 8192.000000 0.000000 8192.000000 0.000000 0.000000 
45
0.000000 41984.000000 12288.000000 0.000000 0.000000 237783.000000 5905.000000 1536.000000 2368.000000 1536.000000 1728.000000 6564.000000 57531.000000 8192.000000 8192.000000 0.000000 0.000000 127930.000000 107805.000000 2176.000000 2240.000000 0.000000 0.000000 33792.000000 8192.000000 0.000000 8192.000000 0.000000 0.000000 233943.000000 3328.000000 34304.000000 0.000000 0.000000 8192.000000 0.000000 0.000000 0.000000 8192.000000 0.000000 0.000000 59089.000000 79840.000000 16384.000000 13128.000000 3294.000000 226702.000000 0.000000 0.000000 0.000000 0.000000 0.000000 0.000000 33792.000000 0.000000 0.000000 8192.000000 0.000000 8192.000000 0.000000 0.000000 
46
0.000000 41984.000000 12288.000000 0.000000 0.000000 237783.000000 5905.000000 1536.000000 2368.000000 1536.000000 1728.000000 6564.000000 57531.000000 8192.000000 8192.000000 0.000000 0.000000 127930.000000 107805.000000 2176.000000 2240.000000 0.000000 0.000000 33792.000000 8192.000000 0.000000 8192.000000 0.000000 0.000000 233943.000000 3328.000000 34304.000000 0.000000 0.000000 8192.000000 0.000000 0.000000 0.000000 8192.000000 0.000000 0.000000 59089.000000 79840.000000 16384.000000 13128.000000 3294.000000 226702.000000 0.000000 0.000000 0.000000 0.000000 0.000000 0.000000 33792.000000 0.000000 0.000000 8192.000000 0.000000 8192.000000 0.000000 0.000000 
47
0.000000 41984.000000 12288.000000 0.000000 0.000000 237783.000000 5905.000000 1536.000000 2368.000000 1536.000000 1728.000000 6564.000000 57531.000000 8192.000000 8192.000000 0.000000 0.000000 127930.000000 107805.000000 2176.000000 2240.000000 0.000000 0.000000 33792.000000 8192.000000 0.000000 8192.000000 0.000000 0.000000 233943.000000 3328.000000 34304.000000 0.000000 0.000000 8192.000000 0.000000 0.000000 0.000000 8192.000000 0.000000 0.000000 59089.000000 79840.000000 16384.000000 13128.000000 3294.000000 226702.000000 0.000000 0.000000 0.000000 0.000000 0.000000 0.000000 33792.000000 0.000000 0.000000 8192.000000 0.000000 8192.000000 0.000000 0.000000 
48
0.000000 41984.000000 12288.000000 0.000000 0.000000 237783.000000 5905.000000 1536.000000 2368.000000 1536.000000 1728.000000 6564.000000 57531.000000 8192.000000 8192.000000 0.000000 0.000000 179770.000000 55965.000000 2176.000000 2240.000000 0.000000 0.000000 33792.000000 8192.000000 0.000000 8192.000000 0.000000 0.000000 233943.000000 3328.000000 34304.000000 0.000000 0.000000 8192.000000 0.000000 0.000000 0.000000 8192.000000 0.000000 0.000000 57553.000000 81376.000000 16384.000000 13128.000000 3294.000000 226702.000000 0.000000 0.000000 0.000000 0.000000 0.000000 0.000000 33792.000000 0.000000 0.000000 8192.000000 0.000000 8192.000000 0.000000 0.000000 
49
0.000000 41984.000000 12288.000000 0.000000 0.000000 237783.000000 5905.000000 1536.000000 2368.000000 1536.000000 1728.000000 6564.000000 57531.000000 8192.000000 8192.000000 0.000000 0.000000 179770.000000 55965.000000 2176.000000 2240.000000 0.000000 0.000000 33792.000000 8192.000000 0.000000 8192.000000 0.000000 0.000000 233943.000000 3328.000000 34304.000000 0.000000 0.000000 8192.000000 0.000000 0.000000 0.000000 8192.000000 0.000000 0.000000 57553.000000 81376.000000 16384.000000 13128.000000 3294.000000 226702.000000 0.000000 0.000000 0.000000 0.000000 0.000000 0.000000 33792.000000 0.000000 0.000000 8192.000000 0.000000 8192.000000 0.000000 0.000000 
50
0.000000 41984.000000 12288.000000 0.000000 0.000000 237783.000000 5905.000000 1536.000000 2368.000000 1536.000000 1728.000000 6564.000000 57531.000000 8192.000000 8192.000000 0.000000 0.000000 179770.000000 55965.000000 2176.000000 2240.000000 0.000000 0.000000 33792.000000 8192.000000 0.000000 8192.000000 0.000000 0.000000 233943.000000 3328.000000 34304.000000 0.000000 0.000000 8192.000000 0.000000 0.000000 0.000000 8192.000000 0.000000 0.000000 57553.000000 81376.000000 16384.000000 13128.000000 3294.000000 226702.000000 0.000000 0.000000 0.000000 0.000000 0.000000 0.000000 33792.000000 0.000000 0.000000 8192.000000 0.000000 8192.000000 0.000000 0.000000 
51
0.000000 41984.000000 12288.000000 0.000000 0.000000 237783.000000 5905.000000 1536.000000 2368.000000 1536.000000 1728.000000 6564.000000 57531.000000 8192.000000 8192.000000 0.000000 0.000000 179770.000000 55965.000000 2176.000000 2240.000000 0.000000 0.000000 33792.000000 8192.000000 0.000000 8192.000000 0.000000 0.000000 233943.000000 3328.000000 34304.000000 0.000000 0.000000 8192.000000 0.000000 0.000000 0.000000 8192.000000 0.000000 0.000000 57553.000000 81376.000000 16384.000000 13128.000000 3294.000000 226702.000000 0.000000 0.000000 0.000000 0.000000 0.000000 0.000000 33792.000000 0.000000 0.000000 8192.000000 0.000000 8192.000000 0.000000 0.000000 
52
0.000000 8192.000000 12288.000000 0.000000 0.000000 237755.000000 5905.000000 1536.000000 2368.000000 1536.000000 1728.000000 6564.000000 23739.000000 8192.000000 8192.000000 0.000000 0.000000 138298.000000 97409.000000 2176.000000 2240.000000 0.000000 0.000000 0.000000 8192.000000 0.000000 8192.000000 0.000000 0.000000 233915.000000 3328.000000 512.000000 0.000000 0.000000 8192.000000 0.000000 0.000000 0.000000 8192.000000 0.000000 0.000000 29137.000000 79264.000000 16384.000000 13128.000000 3294.000000 226674.000000 0.000000 0.000000 0.000000 0.000000 0.000000 0.000000 0.000000 0.000000 0.000000 8192.000000 0.000000 8192.000000 0.000000 0.000000 
53
0.000000 8192.000000 12288.000000 0.000000 0.000000 237755.000000 5905.000000 1536.000000 2368.000000 1536.000000 1728.000000 6564.000000 23739.000000 8192.000000 8192.000000 0.000000 0.000000 138298.000000 97409.000000 2176.000000 2240.000000 0.000000 0.000000 0.000000 8192.000000 0.000000 8192.000000 0.000000 0.000000 233915.000000 3328.000000 512.000000 0.000000 0.000000 8192.000000 0.000000 0.000000 0.000000 8192.000000 0.000000 0.000000 29137.000000 79264.000000 16384.000000 13128.000000 3294.000000 226674.000000 0.000000 0.000000 0.000000 0.000000 0.000000 0.000000 0.000000 0.000000 0.000000 8192.000000 0.000000 8192.000000 0.000000 0.000000 
54
0.000000 8192.000000 12288.000000 0.000000 0.000000 237755.000000 5905.000000 1536.000000 2368.000000 1536.000000 1728.000000 6564.000000 23739.000000 8192.000000 8192.000000 0.000000 0.000000 138298.000000 97409.000000 2176.000000 2240.000000 0.000000 0.000000 0.000000 8192.000000 0.000000 8192.000000 0.000000 0.000000 233915.000000 3328.000000 512.000000 0.000000 0.000000 8192.000000 0.000000 0.000000 0.000000 8192.000000 0.000000 0.000000 29137.000000 79264.000000 16384.000000 13128.000000 3294.000000 226674.000000 0.000000 0.000000 0.000000 0.000000 0.000000 0.000000 0.000000 0.000000 0.000000 8192.000000 0.000000 8192.000000 0.000000 0.000000 
55
0.000000 8192.000000 12288.000000 0.000000 0.000000 237755.000000 5905.000000 1536.000000 2368.000000 1536.000000 1728.000000 6564.000000 23739.000000 8192.000000 8192.000000 0.000000 0.000000 138298.000000 97409.000000 2176.000000 2240.000000 0.000000 0.000000 0.000000 8192.000000 0.000000 8192.000000 0.000000 0.000000 233915.000000 3328.000000 512.000000 0.000000 0.000000 8192.000000 0.000000 0.000000 0.000000 8192.000000 0.000000 0.000000 29137.000000 79264.000000 16384.000000 13128.000000 3294.000000 226674.000000 0.000000 0.000000 0.000000 0.000000 0.000000 0.000000 0.000000 0.000000 0.000000 8192.000000 0.000000 8192.000000 0.000000 0.000000 
56
0.000000 8192.000000 12288.000000 0.000000 0.000000 237847.000000 5905.000000 1536.000000 2368.000000 1536.000000 1728.000000 4644.000000 24475.000000 8192.000000 8192.000000 0.000000 0.000000 162522.000000 73245.000000 2176.000000 2240.000000 0.000000 0.000000 0.000000 8192.000000 0.000000 8192.000000 0.000000 0.000000 233975.000000 3328.000000 512.000000 0.000000 0.000000 8192.000000 0.000000 0.000000 0.000000 8192.000000 0.000000 0.000000 26993.000000 81376.000000 16384.000000 13128.000000 3294.000000 226734.000000 0.000000 0.000000 0.000000 0.000000 0.000000 0.000000 0.000000 0.000000 0.000000 8192.000000 0.000000 8192.000000 0.000000 0.000000 
57
0.000000 8192.000000 12288.000000 0.000000 0.000000 237847.000000 5905.000000 1536.000000 2368.000000 1536.000000 1728.000000 4644.000000 24475.000000 8192.000000 8192.000000 0.000000 0.000000 162522.000000 73245.000000 2176.000000 2240.000000 0.000000 0.000000 0.000000 8192.000000 0.000000 8192.000000 0.000000 0.000000 233975.000000 3328.000000 512.000000 0.000000 0.000000 8192.000000 0.000000 0.000000 0.000000 8192.000000 0.000000 0.000000 26993.000000 81376.000000 16384.000000 13128.000000 3294.000000 226734.000000 0.000000 0.000000 0.000000 0.000000 0.000000 0.000000 0.000000 0.000000 0.000000 8192.000000 0.000000 8192.000000 0.000000 0.000000 
58
0.000000 8192.000000 12288.000000 0.000000 0.000000 237847.000000 5905.000000 1536.000000 2368.000000 1536.000000 1728.000000 4644.000000 24475.000000 8192.000000 8192.000000 0.000000 0.000000 162522.000000 73245.000000 2176.000000 2240.000000 0.000000 0.000000 0.000000 8192.000000 0.000000 8192.000000 0.000000 0.000000 233975.000000 3328.000000 512.000000 0.000000 0.000000 8192.000000 0.000000 0.000000 0.000000 8192.000000 0.000000 0.000000 26993.000000 81376.000000 16384.000000 13128.000000 3294.000000 226734.000000 0.000000 0.000000 0.000000 0.000000 0.000000 0.000000 0.000000 0.000000 0.000000 8192.000000 0.000000 8192.000000 0.000000 0.000000 
59
0.000000 8192.000000 12288.000000 0.000000 0.000000 237847.000000 5905.000000 1536.000000 2368.000000 1536.000000 1728.000000 4644.000000 24475.000000 8192.000000 8192.000000 0.000000 0.000000 162522.000000 73245.000000 2176.000000 2240.000000 0.000000 0.000000 0.000000 8192.000000 0.000000 8192.000000 0.000000 0.000000 233975.000000 3328.000000 512.000000 0.000000 0.000000 8192.000000 0.000000 0.000000 0.000000 8192.000000 0.000000 0.000000 26993.000000 81376.000000 16384.000000 13128.000000 3294.000000 226734.000000 0.000000 0.000000 0.000000 0.000000 0.000000 0.000000 0.000000 0.000000 0.000000 8192.000000 0.000000 8192.000000 0.000000 0.000000 
60
0.000000 8192.000000 12288.000000 0.000000 0.000000 235910.000000 3984.000000 3648.000000 2368.000000 1536.000000 0.000000 4644.000000 24475.000000 8192.000000 8192.000000 0.000000 0.000000 114122.000000 119708.000000 4288.000000 2240.000000 0.000000 0.000000 0.000000 8192.000000 0.000000 8192.000000 0.000000 0.000000 232038.000000 3328.000000 2624.000000 0.000000 0.000000 8192.000000 0.000000 0.000000 0.000000 8192.000000 0.000000 0.000000 17233.000000 85184.000000 16384.000000 13126.000000 64.000000 226718.000000 0.000000 0.000000 0.000000 0.000000 0.000000 0.000000 0.000000 0.000000 0.000000 8192.000000 0.000000 8192.000000 0.000000 0.000000 
61
0.000000 8192.000000 12288.000000 0.000000 0.000000 235910.000000 3984.000000 3648.000000 2368.000000 1536.000000 0.000000 4644.000000 24475.000000 8192.000000 8192.000000 0.000000 0.000000 114122.000000 119708.000000 4288.000000 2240.000000 0.000000 0.000000 0.000000 8192.000000 0.000000 8192.000000 0.000000 0.000000 232038.000000 3328.000000 2624.000000 0.000000 0.000000 8192.000000 0.000000 0.000000 0.000000 8192.000000 0.000000 0.000000 17233.000000 85184.000000 16384.000000 13126.000000 64.000000 226718.000000 0.000000 0.000000 0.000000 0.000000 0.000000 0.000000 0.000000 0.000000 0.000000 8192.000000 0.000000 8192.000000 0.000000 0.000000 
62
0.000000 8192.000000 12288.000000 0.000000 0.000000 235910.000000 3984.000000 3648.000000 2368.000000 1536.000000 0.000000 4644.000000 24475.000000 8192.000000 8192.000000 0.000000 0.000000 114122.000000 119708.000000 4288.000000 2240.000000 0.000000 0.000000 0.000000 8192.000000 0.000000 8192.000000 0.000000 0.000000 232038.000000 3328.000000 2624.000000 0.000000 0.000000 8192.000000 0.000000 0.000000 0.000000 8192.000000 0.000000 0.000000 17233.000000 85184.000000 16384.000000 13126.000000 64.000000 226718.000000 0.000000 0.000000 0.000000 0.000000 0.000000 0.000000 0.000000 0.000000 0.000000 8192.000000 0.000000 8192.000000 0.000000 0.000000 
63
0.000000 8192.000000 12288.000000 0.000000 0.000000 235910.000000 3984.000000 3648.000000 2368.000000 1536.000000 0.000000 4644.000000 24475.000000 8192.000000 8192.000000 0.000000 0.000000 114122.000000 119708.000000 4288.000000 2240.000000 0.000000 0.000000 0.000000 8192.000000 0.000000 8192.000000 0.000000 0.000000 232038.000000 3328.000000 2624.000000 0.000000 0.000000 8192.000000 0.000000 0.000000 0.000000 8192.000000 0.000000 0.000000 17233.000000 85184.000000 16384.000000 13126.000000 64.000000 226718.000000 0.000000 0.000000 0.000000 0.000000 0.000000 0.000000 0.000000 0.000000 0.000000 8192.000000 0.000000 8192.000000 0.000000 0.000000 
