task94
0.052000 0.052200 1.002002 1.002076 2.002003 2.002151 3.052005 3.052027 4.052007 4.052102 5.050008 5.050013 
task19
0.102000 0.102200 1.052002 1.052076 2.052003 2.052151 3.102005 3.102026 4.102007 4.102135 5.100008 5.100010 
task16
0.102000 0.102200 1.052002 1.052076 2.052004 2.052151 3.102005 3.102027 4.102007 4.102137 5.100009 5.100012 
task13
0.102000 0.102200 1.052002 1.052076 2.052004 2.052151 3.102005 3.102027 4.102007 4.102137 5.100009 5.100012 
task10
0.102000 0.102200 1.052002 1.052076 2.052003 2.052151 3.102005 3.102027 4.102007 4.102137 5.100008 5.100012 
task0
0.102000 0.102200 1.052002 1.052076 2.052003 2.052151 3.102005 3.102027 4.102007 4.102137 5.100008 5.100012 
task15
0.102000 0.102200 1.052002 1.052076 2.052004 2.052151 3.102005 3.102027 4.102007 4.102138 5.100009 5.100014 
task17
0.104000 0.104012 1.054002 1.054086 2.054003 2.054161 3.104005 3.104036 4.104007 4.104146 5.102008 5.102021 
task20
0.104000 0.104000 1.054002 1.054076 2.054004 2.054151 3.104005 3.104026 4.104007 4.104135 5.102009 5.102010 
task18
0.104000 0.104011 1.054002 1.054086 2.054004 2.054160 3.104005 3.104035 4.104007 4.104145 5.102009 5.102020 
task1
0.104001 0.104011 1.054003 1.054086 2.054004 2.054160 3.104006 3.104035 4.104008 4.104145 5.102009 5.102020 
task14
0.104001 0.104011 1.054003 1.054086 2.054004 2.054160 3.104006 3.104035 4.104008 4.104145 5.102009 5.102020 
task12
0.104001 0.104011 1.054003 1.054086 2.054004 2.054160 3.104006 3.104035 4.104008 4.104145 5.102009 5.102020 
task11
0.104001 0.104011 1.054003 1.054086 2.054004 2.054160 3.104006 3.104035 4.104008 4.104145 5.102009 5.102020 
task2
0.104001 0.104011 1.054003 1.054086 2.054004 2.054161 3.104006 3.104036 4.104008 4.104146 5.102009 5.102021 
task9
0.104001 0.104011 1.054003 1.054086 2.054004 2.054161 3.104006 3.104036 4.104008 4.104146 5.102009 5.102021 
task6
0.104001 0.104011 1.054003 1.054086 2.054004 2.054161 3.104006 3.104036 4.104008 4.104146 5.102009 5.102021 
task3
0.104001 0.104011 1.054003 1.054086 2.054004 2.054161 3.104006 3.104036 4.104008 4.104146 5.102009 5.102021 
task5
0.104001 0.104011 1.054003 1.054086 2.054004 2.054160 3.104006 3.104035 4.104008 4.104144 5.102009 5.102219 
task8
0.104001 0.104011 1.054003 1.054086 2.054004 2.054160 3.104006 3.104035 4.104008 4.104144 5.102009 5.102219 
task4
0.104001 0.104011 1.054003 1.054086 2.054004 2.054160 3.104006 3.104035 4.104008 4.104144 5.102009 5.102219 
task7
0.104001 0.104011 1.054003 1.054086 2.054004 2.054160 3.104006 3.104035 4.104008 4.104144 5.102009 5.102219 
task21
0.106001 0.106013 1.056003 1.056087 2.056004 2.056162 3.106006 3.106037 4.106008 4.106147 5.104009 5.104022 
task22
0.108001 0.108012 1.058003 1.058087 2.058004 2.058161 3.108006 3.108036 4.108008 4.108145 5.106009 5.106020 
task23
0.110001 0.110017 1.060003 1.060092 2.060005 2.060167 3.110006 3.110042 4.110008 4.110152 5.108010 5.108026 
task24
0.112001 0.112018 1.062003 1.062093 2.062005 2.062168 3.112006 3.112043 4.112008 4.112152 5.110010 5.110028 
task83
0.152001 0.152018 1.102003 1.102093 2.102005 2.102167 3.152006 3.152042 4.152008 4.152152 5.150010 5.150026 
task84
0.152001 0.152019 1.102003 1.102094 2.102005 2.102169 3.152006 3.152043 4.152008 4.152153 5.150010 5.150027 
task86
0.152001 0.152021 1.102003 1.102096 2.102005 2.102171 3.152006 3.152046 4.152008 4.152155 5.150010 5.150030 
task90
0.152001 0.152022 1.102003 1.102097 2.102005 2.102172 3.152006 3.152047 4.152008 4.152156 5.150010 5.150031 
task25
0.152001 0.152021 1.102003 1.102096 2.102005 2.102170 3.152006 3.152045 4.152008 4.152155 5.150010 5.150029 
task30
0.152001 0.152021 1.102003 1.102096 2.102005 2.102170 3.152006 3.152045 4.152008 4.152155 5.150010 5.150029 
task31
0.152001 0.152021 1.102003 1.102096 2.102005 2.102171 3.152006 3.152045 4.152008 4.152156 5.150010 5.150030 
task33
0.152001 0.152021 1.102003 1.102096 2.102005 2.102171 3.152006 3.152045 4.152008 4.152155 5.150010 5.150029 
task54
0.152001 0.152022 1.102003 1.102097 2.102005 2.102172 3.152006 3.152047 4.152008 4.152156 5.150010 5.150031 
task28
0.152001 0.152021 0.154001 0.154022 0.156001 0.156022 1.102003 1.102096 1.104003 1.104096 1.106003 1.106097 2.102005 2.102171 2.104005 2.104171 2.106005 2.106172 3.152006 3.152045 3.154006 3.154046 3.156006 3.156046 4.152008 4.152155 4.154008 4.154156 4.156008 4.156156 5.150010 5.150029 5.152010 5.152031 5.154010 5.154030 
task27
0.156001 0.156022 1.106003 1.106097 2.106005 2.106171 3.156006 3.156046 4.156008 4.156156 5.154010 5.154030 
task26
0.156001 0.156023 0.158001 0.158023 1.106003 1.106097 1.108003 1.108098 2.106005 2.106172 2.108005 2.108173 3.156006 3.156047 3.158006 3.158048 4.156008 4.156157 4.158008 4.158158 5.154010 5.154032 5.156010 5.156033 
task85
0.158001 0.158023 1.108003 1.108098 2.108005 2.108173 3.158006 3.158048 4.158008 4.158158 5.156010 5.156033 
task87
0.158001 0.158024 1.108003 1.108099 2.108005 2.108173 3.158006 3.158048 4.158008 4.158158 5.156010 5.156033 
task32
0.158001 0.158024 1.108003 1.108099 2.108005 2.108174 3.158006 3.158049 4.158008 4.158159 5.156010 5.156034 
task34
0.158001 0.158024 1.108003 1.108098 2.108005 2.108173 3.158006 3.158048 4.158008 4.158157 5.156010 5.156032 
task55
0.158001 0.158024 1.108003 1.108098 2.108005 2.108173 3.158006 3.158048 4.158008 4.158157 5.156010 5.156032 
task88
0.160002 0.160027 1.110003 1.110101 2.110005 2.110176 3.160006 3.160050 4.160008 4.160160 5.158010 5.158035 
task45
0.160002 0.160028 1.110003 1.110102 2.110005 2.110177 3.160006 3.160052 4.160008 4.160161 5.158010 5.158036 
task56
0.160002 0.160030 1.110003 1.110104 2.110005 2.110179 3.160006 3.160054 4.160008 4.160164 5.158010 5.158039 
task35
0.160002 0.160034 1.110003 1.110109 2.110005 2.110183 3.160006 3.160058 4.160008 4.160168 5.158010 5.158043 
task29
0.160002 0.160034 1.110003 1.110109 2.110005 2.110183 3.160007 3.160058 4.160008 4.160167 5.158010 5.158042 
task89
0.162002 0.162035 1.112003 1.112109 2.112005 2.112184 3.162007 3.162059 4.162008 4.162168 5.160010 5.160043 
task57
0.162002 0.162034 1.112003 1.112109 2.112005 2.112184 3.162007 3.162059 4.162008 4.162169 5.160010 5.160043 
task36
0.162002 0.162035 1.112003 1.112110 2.112005 2.112184 3.162007 3.162059 4.162008 4.162169 5.160010 5.160044 
task93
0.164002 0.164035 1.114003 1.114110 2.114005 2.114184 3.164007 3.164059 4.164008 4.164169 5.162010 5.162043 
task91
0.164002 0.164036 1.114003 1.114111 2.114005 2.114186 3.164007 3.164061 4.164008 4.164170 5.162010 5.162045 
task37
0.164002 0.164037 1.114003 1.114112 2.114005 2.114187 3.164007 3.164062 4.164008 4.164171 5.162010 5.162046 
task47
0.164002 0.164042 0.166002 0.166049 1.114003 1.114117 1.116003 1.116123 2.114005 2.114191 2.116005 2.116198 3.164007 3.164066 3.166007 3.166073 4.164008 4.164175 4.166008 4.166182 5.162010 5.162050 5.164010 5.164057 
task39
0.166002 0.166049 0.168002 0.168049 1.116003 1.116123 1.118003 1.118124 2.116005 2.116198 2.118005 2.118198 3.166007 3.166073 3.168007 3.168073 4.166008 4.166183 4.168008 4.168183 5.164010 5.164058 5.166010 5.166057 
task92
0.168002 0.168050 1.118003 1.118125 2.118005 2.118199 3.168007 3.168074 4.168008 4.168183 5.166010 5.166058 
task38
0.168002 0.168050 1.118003 1.118125 2.118005 2.118199 3.168007 3.168074 4.168008 4.168184 5.166010 5.166058 
task48
0.168002 0.168050 1.118003 1.118125 2.118005 2.118200 3.168007 3.168074 4.168008 4.168185 5.166010 5.166059 
task49
0.170002 0.170051 1.120003 1.120125 2.120005 2.120200 3.170007 3.170075 4.170008 4.170184 5.168010 5.168059 
task40
0.170002 0.170052 1.120003 1.120127 2.120005 2.120202 3.170007 3.170077 4.170008 4.170187 5.168010 5.168062 
task46
0.172002 0.172061 0.174002 0.174066 1.122003 1.122136 1.124003 1.124141 2.122005 2.122210 2.124005 2.124016 3.172007 3.172085 3.174007 3.174090 4.172008 4.172195 4.174008 4.174200 5.170010 5.170070 5.172010 5.172074 
task43
0.174002 0.174069 1.124003 1.124144 2.124005 2.124018 3.174007 3.174093 4.174008 4.174203 5.172010 5.172077 
task50
0.174002 0.174070 1.124003 1.124145 2.124005 2.124019 3.174007 3.174094 4.174008 4.174204 5.172010 5.172079 
task41
0.174002 0.174070 0.176002 0.176072 1.124003 1.124145 1.126003 1.126147 2.124005 2.124020 2.126005 2.126021 3.174007 3.174095 3.176007 3.176096 4.174008 4.174204 4.176008 4.176206 5.172010 5.172079 5.174010 5.174081 
task42
0.176002 0.176075 1.126003 1.126150 2.126005 2.126024 3.176007 3.176099 4.176008 4.176208 5.174010 5.174083 
task44
0.176002 0.176074 1.126003 1.126149 2.126005 2.126023 3.176007 3.176098 4.176008 4.176208 5.174010 5.174082 
task51
0.176002 0.176075 1.126003 1.126150 2.126005 2.126025 3.176007 3.176100 4.176008 4.176210 5.174010 5.174085 
task52
0.178002 0.178075 1.128003 1.128150 2.128005 2.128024 3.178007 3.178099 4.178008 4.178208 5.176010 5.176083 
task53
0.180002 0.180075 1.130003 1.130149 2.130005 2.130024 3.180007 3.180098 4.180008 4.180208 5.178010 5.178083 
task72
4.052007 4.052100 
task73
4.052007 4.052102 
task74
4.052007 4.052101 
task69
4.052007 4.052100 
task62
4.052007 4.052101 
task64
4.052007 4.052103 
task61
4.052007 4.052103 
task59
4.052007 4.052101 
task58
4.052007 4.052103 
task71
4.054007 4.054103 
task75
4.054007 4.054103 
task63
4.054007 4.054104 
task65
4.054007 4.054105 
task60
4.054007 4.054105 
task76
4.056007 4.056105 
task67
4.056007 4.056107 
task66
4.056007 4.056124 
task70
4.058007 4.058126 
task77
4.058007 4.058128 
task68
4.058007 4.058127 
task80
4.058007 4.058126 4.060007 4.060128 
task82
4.060007 4.060131 
task78
4.060007 4.060134 
task79
4.062007 4.062133 
task81
4.062007 4.062135 
