5
0.000000 0.052200 1.000000 1.201374 2.000000 2.001263 3.000000 3.206595 4.000000 4.159540 5.000000 5.342155 6.000000 6.227554 7.000000 7.439938 
0
0.000000 0.109180 1.000000 1.773545 2.000000 2.214003 3.000000 4.345302 4.000000 4.857269 5.000000 6.728174 6.000000 7.046275 
4
0.000000 0.414448 1.000000 2.214002 2.000000 2.542906 3.000000 4.651655 4.000000 5.365526 5.000000 7.804026 
1
0.000000 1.991912 1.000000 4.214943 2.000000 5.344046 3.000000 6.726695 4.000000 7.816702 
3
0.000000 2.141205 1.000000 4.528191 2.000000 5.111397 3.000000 6.860392 4.000000 7.806686 
2
0.000000 2.214002 1.000000 5.365526 2.000000 7.802795 3.000000 7.831297 
