0
0.000000 0.000000 99328.000000 99968.000000 100000.000000 100000.000000 99928.000000 100000.000000 98880.000000 99904.000000 99968.000000 99896.000000 99456.000000 100000.000000 100000.000000 100000.000000 99992.000000 99904.000000 99968.000000 99992.000000 0.000000 99944.000000 99392.000000 99989.000000 100000.000000 100000.000000 99992.000000 100000.000000 99904.000000 99968.000000 0.000000 97960.000000 99816.000000 99936.000000 99999.000000 100000.000000 99928.000000 100000.000000 99840.000000 99968.000000 99776.000000 99980.000000 99986.000000 99584.000000 99961.000000 100000.000000 99936.000000 99999.000000 100000.000000 100000.000000 100000.000000 99992.000000 99776.000000 99904.000000 99968.000000 99984.000000 100000.000000 100000.000000 99864.000000 100000.000000 100000.000000 
1
0.000000 0.000000 99328.000000 99968.000000 100000.000000 100000.000000 99928.000000 100000.000000 98880.000000 99904.000000 99968.000000 99896.000000 99456.000000 100000.000000 100000.000000 100000.000000 100000.000000 99904.000000 99968.000000 99992.000000 0.000000 99944.000000 99392.000000 99989.000000 99992.000000 100000.000000 99992.000000 100000.000000 99904.000000 99968.000000 0.000000 0.000000 99904.000000 99984.000000 99992.000000 100000.000000 99928.000000 100000.000000 99840.000000 99968.000000 99772.000000 99998.000000 99986.000000 99584.000000 99961.000000 99968.000000 100000.000000 99984.000000 100000.000000 100000.000000 100000.000000 99992.000000 99776.000000 99904.000000 99992.000000 99984.000000 100000.000000 100000.000000 99992.000000 100000.000000 99948.000000 
2
0.000000 0.000000 98305.000000 99984.000000 100000.000000 100000.000000 99096.000000 100000.000000 98688.000000 99840.000000 100000.000000 99928.000000 99168.000000 99996.000000 100000.000000 100000.000000 99992.000000 99904.000000 99648.000000 99908.000000 0.000000 99856.000000 99008.000000 99999.000000 100000.000000 100000.000000 99992.000000 100000.000000 99712.000000 99968.000000 0.000000 0.000000 99976.000000 99984.000000 100000.000000 99988.000000 99960.000000 100000.000000 99648.000000 100000.000000 0.000000 99998.000000 99986.000000 99968.000000 99961.000000 99976.000000 100000.000000 99999.000000 100000.000000 100000.000000 100000.000000 99992.000000 99584.000000 99968.000000 99968.000000 99984.000000 100000.000000 100000.000000 99992.000000 100000.000000 99948.000000 
3
0.000000 0.000000 98305.000000 99984.000000 100000.000000 100000.000000 99096.000000 100000.000000 98688.000000 99840.000000 100000.000000 99928.000000 99168.000000 99996.000000 100000.000000 100000.000000 99992.000000 99904.000000 99648.000000 99908.000000 0.000000 99856.000000 99008.000000 99999.000000 100000.000000 100000.000000 99992.000000 100000.000000 99712.000000 99968.000000 0.000000 0.000000 99976.000000 99984.000000 100000.000000 99988.000000 99960.000000 100000.000000 99648.000000 100000.000000 0.000000 99998.000000 99986.000000 99968.000000 99961.000000 99976.000000 100000.000000 99999.000000 100000.000000 100000.000000 100000.000000 99992.000000 99584.000000 99968.000000 99968.000000 99984.000000 100000.000000 100000.000000 99992.000000 100000.000000 99948.000000 
4
0.000000 0.000000 98305.000000 99984.000000 100000.000000 99998.000000 99698.000000 100000.000000 98688.000000 99840.000000 100000.000000 99928.000000 99072.000000 99984.000000 100000.000000 99998.000000 100000.000000 99968.000000 99840.000000 99968.000000 0.000000 99912.000000 99200.000000 99993.000000 100000.000000 99998.000000 99986.000000 100000.000000 99904.000000 99984.000000 0.000000 0.000000 99952.000000 99984.000000 100000.000000 99998.000000 99794.000000 100000.000000 99840.000000 99968.000000 0.000000 100000.000000 100000.000000 99584.000000 99961.000000 99984.000000 99936.000000 99984.000000 99992.000000 100000.000000 99986.000000 100000.000000 99904.000000 99840.000000 99984.000000 99984.000000 100000.000000 99978.000000 99998.000000 100000.000000 99980.000000 
5
0.000000 0.000000 98305.000000 99984.000000 100000.000000 99998.000000 99698.000000 100000.000000 98688.000000 99840.000000 100000.000000 99928.000000 99072.000000 99984.000000 100000.000000 99998.000000 100000.000000 99968.000000 99840.000000 99968.000000 0.000000 99912.000000 99200.000000 99993.000000 100000.000000 99998.000000 99986.000000 100000.000000 99904.000000 99984.000000 0.000000 0.000000 99952.000000 99984.000000 100000.000000 99998.000000 99794.000000 100000.000000 99840.000000 99968.000000 0.000000 100000.000000 100000.000000 99584.000000 99961.000000 99984.000000 99936.000000 99984.000000 99992.000000 100000.000000 99986.000000 100000.000000 99904.000000 99840.000000 99984.000000 99984.000000 100000.000000 99978.000000 99998.000000 100000.000000 99980.000000 
6
0.000000 0.000000 98305.000000 99984.000000 100000.000000 99998.000000 99698.000000 100000.000000 98688.000000 99840.000000 100000.000000 99928.000000 99648.000000 99984.000000 99992.000000 100000.000000 100000.000000 100000.000000 99840.000000 99936.000000 0.000000 99992.000000 99200.000000 99993.000000 100000.000000 99998.000000 99954.000000 100000.000000 99520.000000 99900.000000 0.000000 0.000000 99792.000000 99936.000000 100000.000000 99998.000000 99922.000000 100000.000000 99968.000000 100000.000000 0.000000 99990.000000 100000.000000 99776.000000 99769.000000 99984.000000 100000.000000 99992.000000 99996.000000 100000.000000 99986.000000 100000.000000 99904.000000 99968.000000 99936.000000 99984.000000 100000.000000 99998.000000 99858.000000 100000.000000 99988.000000 
7
0.000000 0.000000 98305.000000 99984.000000 100000.000000 99998.000000 99698.000000 100000.000000 98688.000000 99840.000000 100000.000000 99928.000000 99648.000000 99984.000000 99992.000000 100000.000000 100000.000000 100000.000000 99840.000000 99936.000000 0.000000 99992.000000 99200.000000 99993.000000 100000.000000 99998.000000 99954.000000 100000.000000 99520.000000 99900.000000 0.000000 0.000000 99792.000000 99936.000000 100000.000000 99998.000000 99922.000000 100000.000000 99968.000000 100000.000000 0.000000 99990.000000 100000.000000 99776.000000 99769.000000 99984.000000 100000.000000 99992.000000 99996.000000 100000.000000 99986.000000 100000.000000 99904.000000 99968.000000 99936.000000 99984.000000 100000.000000 99998.000000 99858.000000 100000.000000 99988.000000 
8
0.000000 0.000000 98305.000000 99984.000000 99996.000000 99998.000000 99698.000000 100000.000000 98688.000000 99840.000000 100000.000000 99928.000000 99360.000000 100000.000000 100000.000000 100000.000000 100000.000000 99968.000000 99840.000000 100000.000000 0.000000 100000.000000 99200.000000 99996.000000 100000.000000 99998.000000 99986.000000 100000.000000 99712.000000 99968.000000 0.000000 0.000000 99976.000000 99984.000000 100000.000000 99998.000000 99890.000000 100000.000000 99648.000000 99776.000000 0.000000 99996.000000 99998.000000 99968.000000 99953.000000 99976.000000 99936.000000 99993.000000 100000.000000 100000.000000 99986.000000 100000.000000 99712.000000 99936.000000 99968.000000 99984.000000 99983.000000 99998.000000 99602.000000 100000.000000 99988.000000 
9
0.000000 0.000000 98305.000000 99984.000000 99996.000000 99998.000000 99698.000000 100000.000000 98688.000000 99840.000000 100000.000000 99928.000000 99360.000000 100000.000000 100000.000000 100000.000000 100000.000000 99968.000000 99840.000000 100000.000000 0.000000 100000.000000 99200.000000 99996.000000 100000.000000 99998.000000 99986.000000 100000.000000 99712.000000 99968.000000 0.000000 0.000000 99976.000000 99984.000000 100000.000000 99998.000000 99890.000000 100000.000000 99648.000000 99776.000000 0.000000 99996.000000 99998.000000 99968.000000 99953.000000 99976.000000 99936.000000 99993.000000 100000.000000 100000.000000 99986.000000 100000.000000 99712.000000 99936.000000 99968.000000 99984.000000 99983.000000 99998.000000 99602.000000 100000.000000 99988.000000 
10
0.000000 0.000000 99328.000000 99984.000000 100000.000000 99998.000000 99922.000000 100000.000000 98496.000000 99648.000000 99968.000000 99960.000000 98752.000000 99993.000000 99992.000000 99998.000000 100000.000000 99904.000000 99776.000000 99968.000000 0.000000 99976.000000 99840.000000 100000.000000 100000.000000 99998.000000 99986.000000 100000.000000 99840.000000 99968.000000 0.000000 0.000000 99824.000000 99984.000000 99977.000000 99994.000000 99890.000000 100000.000000 99584.000000 99968.000000 99580.000000 99996.000000 100000.000000 99968.000000 99953.000000 99984.000000 99964.000000 99993.000000 99992.000000 100000.000000 99986.000000 99986.000000 99648.000000 99872.000000 99936.000000 99984.000000 100000.000000 99998.000000 99986.000000 99988.000000 99980.000000 
11
0.000000 0.000000 99328.000000 99984.000000 100000.000000 99998.000000 99922.000000 100000.000000 98496.000000 99648.000000 99968.000000 99960.000000 98752.000000 99993.000000 99992.000000 99998.000000 100000.000000 99904.000000 99776.000000 99968.000000 0.000000 99976.000000 99840.000000 100000.000000 100000.000000 99998.000000 99986.000000 100000.000000 99840.000000 99968.000000 0.000000 0.000000 99824.000000 99984.000000 99977.000000 99994.000000 99890.000000 100000.000000 99584.000000 99968.000000 99580.000000 99996.000000 100000.000000 99968.000000 99953.000000 99984.000000 99964.000000 99993.000000 99992.000000 100000.000000 99986.000000 99986.000000 99648.000000 99872.000000 99936.000000 99984.000000 100000.000000 99998.000000 99986.000000 99992.000000 99984.000000 
12
0.000000 0.000000 99328.000000 99984.000000 100000.000000 100000.000000 95698.000000 100000.000000 99968.000000 99904.000000 99872.000000 99960.000000 98784.000000 99986.000000 100000.000000 100000.000000 100000.000000 99904.000000 99584.000000 99840.000000 0.000000 99864.000000 99936.000000 100000.000000 100000.000000 99998.000000 99986.000000 100000.000000 99968.000000 99900.000000 0.000000 0.000000 99932.000000 99912.000000 100000.000000 99998.000000 99922.000000 100000.000000 99840.000000 99904.000000 99992.000000 99984.000000 99976.000000 99584.000000 100000.000000 99984.000000 99772.000000 100000.000000 100000.000000 100000.000000 100000.000000 100000.000000 99840.000000 99968.000000 99904.000000 99984.000000 100000.000000 99990.000000 99890.000000 100000.000000 99948.000000 
13
0.000000 0.000000 99328.000000 99984.000000 100000.000000 100000.000000 95698.000000 100000.000000 99968.000000 99904.000000 99872.000000 99960.000000 98784.000000 99986.000000 100000.000000 100000.000000 100000.000000 99904.000000 99584.000000 99840.000000 0.000000 99864.000000 99936.000000 100000.000000 100000.000000 99998.000000 99986.000000 100000.000000 99968.000000 99900.000000 0.000000 0.000000 99932.000000 99912.000000 100000.000000 99998.000000 99922.000000 100000.000000 99840.000000 99904.000000 99992.000000 99984.000000 99976.000000 99584.000000 100000.000000 99984.000000 99772.000000 100000.000000 100000.000000 100000.000000 100000.000000 99986.000000 99840.000000 100000.000000 100000.000000 99984.000000 100000.000000 99990.000000 99634.000000 100000.000000 99984.000000 
14
0.000000 0.000000 99328.000000 99968.000000 100000.000000 100000.000000 99122.000000 100000.000000 99904.000000 100000.000000 99916.000000 99928.000000 99584.000000 100000.000000 100000.000000 100000.000000 100000.000000 99968.000000 99648.000000 99904.000000 0.000000 99828.000000 99584.000000 100000.000000 100000.000000 99998.000000 99986.000000 100000.000000 99968.000000 99960.000000 0.000000 0.000000 99812.000000 99960.000000 100000.000000 99998.000000 99890.000000 100000.000000 99680.000000 99768.000000 0.000000 100000.000000 100000.000000 99584.000000 100000.000000 99936.000000 99984.000000 99996.000000 100000.000000 77796.000000 99990.000000 100000.000000 99968.000000 99969.000000 99968.000000 99984.000000 100000.000000 99990.000000 99990.000000 100000.000000 99996.000000 
15
0.000000 0.000000 99328.000000 99968.000000 100000.000000 100000.000000 99122.000000 100000.000000 99904.000000 100000.000000 99916.000000 99928.000000 99584.000000 100000.000000 100000.000000 100000.000000 100000.000000 99968.000000 99648.000000 99904.000000 0.000000 99828.000000 99584.000000 100000.000000 100000.000000 99998.000000 99986.000000 100000.000000 99968.000000 99960.000000 0.000000 0.000000 99812.000000 99960.000000 100000.000000 99998.000000 99890.000000 100000.000000 99680.000000 99768.000000 0.000000 100000.000000 100000.000000 99584.000000 100000.000000 99936.000000 99984.000000 99996.000000 100000.000000 77796.000000 99990.000000 100000.000000 99968.000000 99969.000000 99968.000000 99984.000000 100000.000000 99990.000000 99990.000000 100000.000000 100000.000000 
16
0.000000 0.000000 99328.000000 99984.000000 100000.000000 100000.000000 94930.000000 100000.000000 99904.000000 100000.000000 99988.000000 99864.000000 99968.000000 100000.000000 100000.000000 100000.000000 100000.000000 99904.000000 99712.000000 99992.000000 0.000000 99936.000000 99904.000000 100000.000000 100000.000000 99998.000000 99986.000000 100000.000000 99968.000000 99560.000000 0.000000 0.000000 100000.000000 99960.000000 100000.000000 99998.000000 99890.000000 100000.000000 99584.000000 99948.000000 0.000000 100000.000000 99998.000000 99584.000000 99952.000000 99984.000000 99836.000000 100000.000000 100000.000000 100000.000000 100000.000000 99986.000000 99584.000000 99872.000000 99968.000000 99984.000000 100000.000000 99998.000000 99730.000000 100000.000000 100000.000000 
17
0.000000 0.000000 99328.000000 99984.000000 100000.000000 100000.000000 94930.000000 100000.000000 99904.000000 100000.000000 99988.000000 99864.000000 99968.000000 100000.000000 100000.000000 100000.000000 100000.000000 99904.000000 99712.000000 99992.000000 0.000000 99936.000000 99904.000000 100000.000000 100000.000000 99998.000000 99986.000000 100000.000000 99968.000000 99560.000000 0.000000 0.000000 100000.000000 99960.000000 100000.000000 99998.000000 99890.000000 100000.000000 99584.000000 99948.000000 0.000000 100000.000000 99998.000000 99584.000000 99952.000000 99984.000000 99840.000000 100000.000000 100000.000000 100000.000000 100000.000000 99986.000000 99584.000000 99872.000000 99968.000000 99984.000000 100000.000000 99990.000000 99922.000000 100000.000000 99996.000000 
18
0.000000 0.000000 99328.000000 99984.000000 100000.000000 100000.000000 95410.000000 100000.000000 100000.000000 99936.000000 99988.000000 99864.000000 99968.000000 100000.000000 100000.000000 100000.000000 100000.000000 99968.000000 99968.000000 99876.000000 0.000000 99960.000000 99968.000000 100000.000000 100000.000000 99998.000000 99986.000000 100000.000000 99712.000000 99676.000000 0.000000 0.000000 99892.000000 99984.000000 100000.000000 99998.000000 99986.000000 100000.000000 99968.000000 100000.000000 0.000000 99990.000000 99992.000000 99584.000000 99888.000000 99984.000000 99356.000000 100000.000000 100000.000000 100000.000000 100000.000000 99986.000000 99968.000000 100000.000000 99968.000000 99984.000000 100000.000000 99990.000000 99570.000000 100000.000000 99928.000000 
19
0.000000 0.000000 99328.000000 99984.000000 100000.000000 100000.000000 95410.000000 100000.000000 100000.000000 99936.000000 99988.000000 99864.000000 99968.000000 100000.000000 100000.000000 100000.000000 100000.000000 99968.000000 99968.000000 99880.000000 0.000000 99960.000000 99968.000000 100000.000000 100000.000000 99998.000000 99986.000000 100000.000000 99968.000000 99484.000000 0.000000 0.000000 99940.000000 99984.000000 100000.000000 99998.000000 99986.000000 100000.000000 99968.000000 100000.000000 0.000000 99990.000000 99992.000000 99584.000000 99888.000000 99984.000000 99356.000000 100000.000000 100000.000000 100000.000000 100000.000000 99986.000000 99968.000000 99968.000000 99968.000000 99984.000000 99996.000000 100000.000000 99890.000000 100000.000000 99952.000000 
