0
0.000000 0.000000 18432.000000 0.000000 43461.000000 37168.000000 0.000000 137472.000000 71168.000000 5696.000000 0.000000 49152.000000 24576.000000 11160.000000 10050.000000 40583.000000 133582.000000 69646.000000 2320.000000 0.000000 0.000000 49152.000000 21504.000000 11006.000000 23745.000000 45437.000000 177656.000000 113140.000000 49460.000000 0.000000 0.000000 0.000000 18432.000000 0.000000 50470.000000 78315.000000 14430.000000 116960.000000 56148.000000 0.000000 0.000000 11476.000000 158635.000000 92330.000000 52896.000000 23757.000000 3072.000000 12182.000000 55517.000000 57587.000000 144016.000000 89519.000000 24047.000000 52344.000000 2.000000 0.000000 38276.000000 75586.000000 16241.000000 125568.000000 61632.000000 
1
0.000000 0.000000 13801.000000 0.000000 43461.000000 36888.000000 0.000000 137472.000000 71168.000000 5696.000000 0.000000 44628.000000 21504.000000 11222.000000 10050.000000 42047.000000 133002.000000 69066.000000 2320.000000 0.000000 0.000000 44736.000000 21504.000000 11050.000000 23745.000000 43997.000000 177656.000000 113140.000000 49460.000000 0.000000 0.000000 0.000000 14016.000000 0.000000 50470.000000 78287.000000 14802.000000 116522.000000 53540.000000 0.000000 0.000000 11552.000000 158314.000000 89906.000000 53480.000000 24256.000000 3072.000000 12292.000000 53974.000000 58146.000000 145120.000000 87290.000000 22714.000000 55296.000000 1.000000 0.000000 38084.000000 75211.000000 16226.000000 124679.000000 60743.000000 
2
0.000000 0.000000 13908.000000 0.000000 47910.000000 35802.000000 0.000000 137648.000000 71344.000000 7856.000000 0.000000 44628.000000 21504.000000 10806.000000 8800.000000 40223.000000 133468.000000 69532.000000 2832.000000 0.000000 0.000000 44736.000000 21504.000000 10992.000000 18850.000000 48243.000000 177396.000000 113460.000000 47412.000000 0.000000 0.000000 0.000000 13908.000000 0.000000 54055.000000 78619.000000 15484.000000 116522.000000 57880.000000 0.000000 0.000000 11552.000000 158308.000000 89900.000000 51860.000000 23884.000000 3072.000000 12336.000000 54990.000000 58303.000000 142752.000000 87290.000000 22714.000000 52104.000000 1.000000 0.000000 41765.000000 75211.000000 16226.000000 124678.000000 60742.000000 
3
0.000000 0.000000 13908.000000 0.000000 43493.000000 37140.000000 0.000000 137680.000000 71376.000000 7888.000000 0.000000 44521.000000 21504.000000 11508.000000 8800.000000 39863.000000 133120.000000 69184.000000 4422.000000 0.000000 0.000000 44629.000000 21504.000000 10866.000000 18850.000000 47495.000000 177460.000000 111156.000000 47476.000000 0.000000 0.000000 0.000000 13908.000000 0.000000 54055.000000 79050.000000 15244.000000 116535.000000 55723.000000 0.000000 0.000000 10672.000000 158345.000000 89937.000000 52832.000000 23884.000000 3072.000000 12194.000000 55517.000000 57915.000000 144048.000000 84349.000000 19901.000000 52237.000000 1.000000 0.000000 41765.000000 74090.000000 18056.000000 124678.000000 60742.000000 
4
0.000000 0.000000 18432.000000 0.000000 43461.000000 37168.000000 0.000000 137472.000000 71168.000000 5696.000000 0.000000 49152.000000 24576.000000 11160.000000 10050.000000 40551.000000 133582.000000 69646.000000 2900.000000 0.000000 0.000000 49152.000000 21504.000000 10748.000000 18850.000000 48243.000000 177396.000000 113460.000000 47412.000000 0.000000 0.000000 0.000000 18432.000000 0.000000 50470.000000 78675.000000 14790.000000 116522.000000 55710.000000 0.000000 0.000000 11476.000000 158635.000000 92330.000000 52896.000000 23757.000000 3072.000000 10124.000000 54126.000000 52440.000000 140480.000000 81685.000000 16213.000000 55296.000000 1.000000 0.000000 38276.000000 75586.000000 16241.000000 125568.000000 61632.000000 
5
0.000000 0.000000 13801.000000 0.000000 43461.000000 36888.000000 0.000000 137472.000000 71168.000000 5696.000000 0.000000 44628.000000 21504.000000 10536.000000 10050.000000 41691.000000 133002.000000 69066.000000 2320.000000 0.000000 0.000000 44736.000000 21504.000000 10478.000000 23745.000000 44717.000000 178236.000000 113140.000000 49460.000000 0.000000 0.000000 0.000000 13908.000000 0.000000 50470.000000 78647.000000 14762.000000 116522.000000 55710.000000 0.000000 0.000000 11552.000000 158308.000000 89900.000000 51860.000000 24256.000000 3072.000000 10138.000000 54126.000000 52440.000000 138016.000000 81589.000000 17013.000000 52212.000000 1.000000 0.000000 41765.000000 75211.000000 16226.000000 124679.000000 60743.000000 
6
0.000000 0.000000 13908.000000 0.000000 47910.000000 35802.000000 0.000000 137648.000000 71344.000000 7856.000000 0.000000 44628.000000 21504.000000 10806.000000 8800.000000 39863.000000 133468.000000 69532.000000 2832.000000 0.000000 0.000000 44736.000000 21504.000000 10512.000000 23745.000000 44717.000000 177140.000000 113204.000000 49524.000000 0.000000 0.000000 0.000000 13908.000000 0.000000 54055.000000 79410.000000 15204.000000 116380.000000 55568.000000 0.000000 0.000000 11552.000000 158314.000000 89906.000000 53480.000000 23884.000000 3072.000000 10230.000000 55845.000000 54063.000000 139184.000000 82319.000000 17743.000000 52345.000000 1.000000 0.000000 38084.000000 75211.000000 16226.000000 124678.000000 60742.000000 
7
0.000000 0.000000 13908.000000 0.000000 43493.000000 37140.000000 0.000000 137680.000000 71376.000000 7888.000000 0.000000 44521.000000 21504.000000 11508.000000 8800.000000 39863.000000 133120.000000 69184.000000 4422.000000 0.000000 0.000000 44629.000000 21504.000000 10804.000000 18850.000000 47495.000000 177396.000000 111092.000000 47412.000000 0.000000 0.000000 0.000000 13908.000000 0.000000 54055.000000 79410.000000 15204.000000 117115.000000 56303.000000 0.000000 0.000000 10672.000000 158345.000000 89937.000000 52832.000000 23884.000000 3072.000000 10280.000000 55901.000000 52453.000000 139312.000000 79175.000000 17095.000000 52344.000000 0.000000 0.000000 41765.000000 74090.000000 18056.000000 124678.000000 60742.000000 
8
0.000000 0.000000 18432.000000 0.000000 43461.000000 72079.000000 6040.000000 139840.000000 73536.000000 8064.000000 0.000000 49152.000000 27648.000000 9788.000000 10050.000000 42855.000000 135836.000000 69532.000000 4060.000000 0.000000 0.000000 49152.000000 21504.000000 9006.000000 18850.000000 43874.000000 177396.000000 111092.000000 47412.000000 0.000000 0.000000 0.000000 12288.000000 0.000000 49606.000000 77041.000000 12808.000000 114167.000000 55723.000000 0.000000 0.000000 11476.000000 158226.000000 89937.000000 52832.000000 23757.000000 3072.000000 10220.000000 58018.000000 64347.000000 150560.000000 93690.000000 28218.000000 55296.000000 2.000000 0.000000 38276.000000 75586.000000 16231.000000 125568.000000 61632.000000 
9
0.000000 0.000000 13908.000000 0.000000 43461.000000 72344.000000 6680.000000 140048.000000 73744.000000 10256.000000 0.000000 44628.000000 27648.000000 9692.000000 10050.000000 42827.000000 133582.000000 69646.000000 5070.000000 0.000000 0.000000 44628.000000 21504.000000 9006.000000 18850.000000 43874.000000 177140.000000 110836.000000 46260.000000 0.000000 0.000000 0.000000 7982.000000 0.000000 49606.000000 77121.000000 12488.000000 114154.000000 55710.000000 0.000000 0.000000 11552.000000 159010.000000 90602.000000 52736.000000 24256.000000 3072.000000 10138.000000 65081.000000 64171.000000 150240.000000 91122.000000 27570.000000 52237.000000 1.000000 0.000000 38084.000000 75211.000000 16226.000000 124679.000000 60743.000000 
10
0.000000 0.000000 13908.000000 0.000000 47910.000000 70969.000000 4736.000000 139840.000000 73536.000000 8064.000000 0.000000 44628.000000 27648.000000 10278.000000 8800.000000 42827.000000 133002.000000 69066.000000 5514.000000 0.000000 0.000000 44521.000000 21504.000000 9880.000000 17600.000000 44984.000000 177396.000000 111092.000000 47412.000000 0.000000 0.000000 0.000000 8089.000000 0.000000 54055.000000 77015.000000 15080.000000 116522.000000 55710.000000 0.000000 0.000000 11552.000000 158237.000000 89829.000000 52724.000000 23884.000000 3072.000000 10278.000000 65281.000000 65280.000000 150464.000000 93594.000000 29018.000000 52236.000000 1.000000 0.000000 41765.000000 75211.000000 16236.000000 124678.000000 60742.000000 
11
0.000000 0.000000 13908.000000 0.000000 43493.000000 72316.000000 7400.000000 140016.000000 73712.000000 10224.000000 0.000000 44521.000000 27648.000000 10136.000000 8800.000000 42808.000000 135488.000000 69184.000000 6080.000000 0.000000 0.000000 44520.000000 21504.000000 9848.000000 17600.000000 44956.000000 177076.000000 110772.000000 46196.000000 0.000000 0.000000 0.000000 7981.000000 0.000000 49638.000000 77481.000000 13596.000000 114592.000000 56148.000000 0.000000 0.000000 10672.000000 158129.000000 89721.000000 52776.000000 23884.000000 3072.000000 10136.000000 64163.000000 64347.000000 150592.000000 93722.000000 30618.000000 52212.000000 1.000000 0.000000 41765.000000 74090.000000 18056.000000 124678.000000 60742.000000 
12
0.000000 0.000000 18432.000000 0.000000 43461.000000 72079.000000 6040.000000 139840.000000 73536.000000 8064.000000 0.000000 49152.000000 27648.000000 9788.000000 10050.000000 42855.000000 135836.000000 69532.000000 4060.000000 0.000000 0.000000 49152.000000 21504.000000 9006.000000 18850.000000 43874.000000 177396.000000 111092.000000 47412.000000 0.000000 0.000000 0.000000 12288.000000 0.000000 49606.000000 77041.000000 12808.000000 114167.000000 55723.000000 0.000000 0.000000 11476.000000 158226.000000 89937.000000 52832.000000 23757.000000 3072.000000 10220.000000 58018.000000 64347.000000 150560.000000 93690.000000 28218.000000 55296.000000 2.000000 0.000000 38276.000000 75586.000000 16231.000000 125568.000000 61632.000000 
13
0.000000 0.000000 13908.000000 0.000000 43461.000000 72344.000000 6680.000000 140048.000000 73744.000000 10256.000000 0.000000 44628.000000 27648.000000 9692.000000 10050.000000 42827.000000 133582.000000 69646.000000 5070.000000 0.000000 0.000000 44628.000000 21504.000000 9006.000000 18850.000000 43874.000000 177140.000000 110836.000000 46260.000000 0.000000 0.000000 0.000000 7982.000000 0.000000 49606.000000 77121.000000 12488.000000 114154.000000 55710.000000 0.000000 0.000000 11552.000000 159010.000000 90602.000000 52736.000000 24256.000000 3072.000000 10138.000000 65081.000000 64171.000000 150240.000000 91122.000000 27570.000000 52237.000000 1.000000 0.000000 38084.000000 75211.000000 16226.000000 124682.000000 60746.000000 
14
0.000000 0.000000 13908.000000 0.000000 47910.000000 70969.000000 4736.000000 139840.000000 73536.000000 8064.000000 0.000000 44628.000000 27648.000000 10278.000000 8800.000000 42827.000000 133002.000000 69066.000000 5514.000000 0.000000 0.000000 44521.000000 21504.000000 9880.000000 17600.000000 44984.000000 177396.000000 111092.000000 47412.000000 0.000000 0.000000 0.000000 8089.000000 0.000000 54055.000000 77015.000000 15080.000000 116522.000000 55710.000000 0.000000 0.000000 11552.000000 158237.000000 89829.000000 52724.000000 23884.000000 3072.000000 10278.000000 65281.000000 65280.000000 150464.000000 93594.000000 29018.000000 52236.000000 1.000000 0.000000 41765.000000 75211.000000 16236.000000 124681.000000 60745.000000 
15
0.000000 0.000000 13908.000000 0.000000 43493.000000 72316.000000 7400.000000 140016.000000 73712.000000 10224.000000 0.000000 44521.000000 27648.000000 10136.000000 8800.000000 42808.000000 135488.000000 69184.000000 6080.000000 0.000000 0.000000 44520.000000 21504.000000 9848.000000 17600.000000 44956.000000 177076.000000 110772.000000 46196.000000 0.000000 0.000000 0.000000 7981.000000 0.000000 49638.000000 77481.000000 13596.000000 114592.000000 56148.000000 0.000000 0.000000 10672.000000 158129.000000 89721.000000 52776.000000 23884.000000 3072.000000 10136.000000 64163.000000 64347.000000 150592.000000 93722.000000 30618.000000 52212.000000 1.000000 0.000000 41765.000000 74090.000000 18056.000000 125568.000000 61632.000000 
16
0.000000 0.000000 18432.000000 0.000000 36773.000000 66162.000000 720.000000 135280.000000 71344.000000 4976.000000 0.000000 49152.000000 27648.000000 8842.000000 8800.000000 46870.000000 135950.000000 72014.000000 7950.000000 0.000000 0.000000 49152.000000 21504.000000 10004.000000 17600.000000 42335.000000 173754.000000 107450.000000 45242.000000 0.000000 0.000000 0.000000 18432.000000 0.000000 44389.000000 74502.000000 10244.000000 113189.000000 51481.000000 0.000000 0.000000 10312.000000 157990.000000 89582.000000 51716.000000 26317.000000 3072.000000 8938.000000 8800.000000 5600.000000 127744.000000 72282.000000 6544.000000 52320.000000 1.000000 0.000000 36932.000000 75586.000000 16961.000000 69568.000000 4736.000000 
17
0.000000 0.000000 13908.000000 0.000000 38244.000000 66522.000000 360.000000 137504.000000 71200.000000 8096.000000 0.000000 44736.000000 27648.000000 8732.000000 11299.000000 46510.000000 138054.000000 71750.000000 6278.000000 0.000000 0.000000 44737.000000 21504.000000 9970.000000 11299.000000 41492.000000 174708.000000 108404.000000 46196.000000 0.000000 0.000000 0.000000 14124.000000 0.000000 44389.000000 74394.000000 10136.000000 111799.000000 52459.000000 0.000000 0.000000 10936.000000 158522.000000 90233.000000 51873.000000 25932.000000 3072.000000 8924.000000 8800.000000 5600.000000 127744.000000 72282.000000 6544.000000 55296.000000 1.000000 0.000000 36932.000000 75211.000000 16946.000000 67210.000000 2378.000000 
18
0.000000 0.000000 13908.000000 0.000000 41765.000000 66811.000000 1440.000000 135104.000000 71168.000000 6720.000000 0.000000 44736.000000 27648.000000 8652.000000 17600.000000 44742.000000 136530.000000 72594.000000 8018.000000 0.000000 0.000000 44736.000000 21504.000000 9338.000000 17600.000000 42320.000000 173876.000000 107572.000000 45364.000000 0.000000 0.000000 0.000000 7980.000000 0.000000 43077.000000 74739.000000 11656.000000 112029.000000 52689.000000 0.000000 0.000000 10964.000000 158021.000000 87629.000000 51868.000000 25932.000000 3072.000000 8816.000000 11296.000000 4296.000000 127472.000000 72010.000000 7056.000000 52320.000000 1.000000 0.000000 41765.000000 75211.000000 14786.000000 67209.000000 2377.000000 
19
0.000000 0.000000 13908.000000 0.000000 41765.000000 66703.000000 1440.000000 137408.000000 71104.000000 7104.000000 0.000000 44629.000000 27648.000000 9776.000000 17600.000000 46728.000000 135950.000000 72014.000000 7950.000000 0.000000 0.000000 44736.000000 21504.000000 10024.000000 17600.000000 42005.000000 173876.000000 107572.000000 42996.000000 0.000000 0.000000 0.000000 7872.000000 0.000000 42918.000000 74739.000000 11256.000000 112366.000000 50856.000000 0.000000 0.000000 10132.000000 158021.000000 89613.000000 51868.000000 25932.000000 3072.000000 10202.000000 8800.000000 8400.000000 127744.000000 71317.000000 7056.000000 52453.000000 1.000000 0.000000 35461.000000 74838.000000 16634.000000 68672.000000 2368.000000 
20
0.000000 0.000000 18432.000000 0.000000 36773.000000 66162.000000 720.000000 135280.000000 71344.000000 4976.000000 0.000000 49152.000000 27648.000000 8842.000000 8800.000000 46870.000000 135950.000000 72014.000000 7950.000000 0.000000 0.000000 49152.000000 21504.000000 10004.000000 17600.000000 42335.000000 173754.000000 107450.000000 45242.000000 0.000000 0.000000 0.000000 18432.000000 0.000000 44389.000000 74502.000000 10244.000000 113189.000000 51481.000000 0.000000 0.000000 10312.000000 157990.000000 89582.000000 51716.000000 26317.000000 3072.000000 8938.000000 8800.000000 5600.000000 127744.000000 72282.000000 6544.000000 52320.000000 1.000000 0.000000 36932.000000 75586.000000 16961.000000 69568.000000 4736.000000 
21
0.000000 0.000000 13908.000000 0.000000 38244.000000 66522.000000 360.000000 137504.000000 71200.000000 8096.000000 0.000000 44736.000000 27648.000000 8732.000000 11299.000000 46510.000000 138054.000000 71750.000000 6278.000000 0.000000 0.000000 44737.000000 21504.000000 9970.000000 11299.000000 41492.000000 174708.000000 108404.000000 46196.000000 0.000000 0.000000 0.000000 14124.000000 0.000000 44389.000000 74394.000000 10136.000000 111799.000000 52459.000000 0.000000 0.000000 10936.000000 158522.000000 90233.000000 51873.000000 25932.000000 3072.000000 8924.000000 8800.000000 5600.000000 127744.000000 72282.000000 6544.000000 55296.000000 1.000000 0.000000 36932.000000 75211.000000 16946.000000 67210.000000 2378.000000 
22
0.000000 0.000000 13908.000000 0.000000 41765.000000 66811.000000 1440.000000 135104.000000 71168.000000 6720.000000 0.000000 44736.000000 27648.000000 8652.000000 17600.000000 44742.000000 136530.000000 72594.000000 8018.000000 0.000000 0.000000 44736.000000 21504.000000 9338.000000 17600.000000 42320.000000 173876.000000 107572.000000 45364.000000 0.000000 0.000000 0.000000 7980.000000 0.000000 43077.000000 74739.000000 11656.000000 112029.000000 52689.000000 0.000000 0.000000 10964.000000 158021.000000 87629.000000 51868.000000 25932.000000 3072.000000 8816.000000 11296.000000 4296.000000 127472.000000 72010.000000 7056.000000 52320.000000 1.000000 0.000000 41765.000000 75211.000000 14786.000000 67209.000000 2377.000000 
23
0.000000 0.000000 13908.000000 0.000000 41765.000000 66703.000000 1440.000000 137408.000000 71104.000000 7104.000000 0.000000 44629.000000 27648.000000 9776.000000 17600.000000 46728.000000 135950.000000 72014.000000 7950.000000 0.000000 0.000000 44736.000000 21504.000000 10024.000000 17600.000000 42005.000000 173876.000000 107572.000000 42996.000000 0.000000 0.000000 0.000000 7872.000000 0.000000 42918.000000 74739.000000 11256.000000 112366.000000 50856.000000 0.000000 0.000000 10132.000000 158021.000000 89613.000000 51868.000000 25932.000000 3072.000000 10202.000000 8800.000000 8400.000000 127744.000000 71317.000000 7056.000000 52453.000000 1.000000 0.000000 35461.000000 74838.000000 16634.000000 68672.000000 2368.000000 
24
0.000000 0.000000 18432.000000 0.000000 36773.000000 66162.000000 720.000000 135280.000000 71344.000000 4976.000000 0.000000 49152.000000 24576.000000 8842.000000 17444.000000 54344.000000 145738.000000 79434.000000 13962.000000 0.000000 0.000000 49152.000000 24576.000000 10498.000000 17600.000000 40895.000000 173876.000000 107572.000000 42996.000000 0.000000 0.000000 0.000000 18432.000000 0.000000 44389.000000 74502.000000 10244.000000 113769.000000 52061.000000 0.000000 0.000000 10312.000000 157990.000000 89582.000000 51716.000000 26317.000000 3072.000000 8938.000000 8800.000000 7760.000000 127744.000000 72282.000000 6544.000000 52320.000000 2.000000 0.000000 61512.000000 91714.000000 30464.000000 130304.000000 64000.000000 
25
0.000000 0.000000 13908.000000 0.000000 38244.000000 66522.000000 360.000000 137504.000000 71200.000000 8096.000000 0.000000 44736.000000 24576.000000 8924.000000 23745.000000 54333.000000 145422.000000 79118.000000 14542.000000 0.000000 0.000000 44628.000000 24576.000000 10446.000000 17600.000000 42680.000000 173620.000000 107316.000000 41844.000000 0.000000 0.000000 0.000000 14124.000000 0.000000 44389.000000 74394.000000 10136.000000 112171.000000 50661.000000 0.000000 0.000000 10936.000000 158522.000000 90233.000000 51873.000000 25932.000000 3072.000000 8924.000000 17600.000000 7844.000000 127744.000000 72282.000000 6544.000000 52452.000000 1.000000 0.000000 55208.000000 91738.000000 31298.000000 129408.000000 63104.000000 
26
0.000000 0.000000 13908.000000 0.000000 41765.000000 66811.000000 1440.000000 135104.000000 71168.000000 6720.000000 0.000000 44736.000000 27648.000000 8720.000000 17600.000000 52117.000000 144214.000000 77910.000000 13846.000000 0.000000 0.000000 44521.000000 24576.000000 10482.000000 17444.000000 41852.000000 174708.000000 108404.000000 46196.000000 0.000000 0.000000 0.000000 7980.000000 0.000000 42918.000000 74739.000000 11656.000000 112237.000000 52897.000000 0.000000 0.000000 10964.000000 158021.000000 87629.000000 51868.000000 25932.000000 3072.000000 8888.000000 17600.000000 7043.000000 127472.000000 72010.000000 7056.000000 52212.000000 1.000000 0.000000 60200.000000 86946.000000 30418.000000 130304.000000 64000.000000 
27
0.000000 0.000000 13908.000000 0.000000 41765.000000 66703.000000 1440.000000 137408.000000 71104.000000 7104.000000 0.000000 44628.000000 24576.000000 10202.000000 17600.000000 52121.000000 144262.000000 77958.000000 13894.000000 0.000000 0.000000 44520.000000 21504.000000 9282.000000 23745.000000 42725.000000 174010.000000 107706.000000 45498.000000 0.000000 0.000000 0.000000 7980.000000 0.000000 43077.000000 74739.000000 11256.000000 111206.000000 51866.000000 0.000000 0.000000 10132.000000 158021.000000 89613.000000 51868.000000 25932.000000 3072.000000 10130.000000 11296.000000 8204.000000 127744.000000 71317.000000 7056.000000 55296.000000 1.000000 0.000000 60200.000000 87469.000000 31148.000000 129427.000000 65491.000000 
28
0.000000 0.000000 18432.000000 0.000000 36773.000000 66162.000000 720.000000 135280.000000 71344.000000 4976.000000 0.000000 49152.000000 24576.000000 8842.000000 17444.000000 54344.000000 145738.000000 79434.000000 13962.000000 0.000000 0.000000 49152.000000 24576.000000 10498.000000 17600.000000 40895.000000 173876.000000 107572.000000 42996.000000 0.000000 0.000000 0.000000 18432.000000 0.000000 44389.000000 74502.000000 10244.000000 113769.000000 52061.000000 0.000000 0.000000 10312.000000 157990.000000 89582.000000 51716.000000 26317.000000 3072.000000 8938.000000 8800.000000 7760.000000 127744.000000 72282.000000 6544.000000 52320.000000 2.000000 0.000000 61512.000000 91714.000000 30464.000000 129427.000000 63123.000000 
29
0.000000 0.000000 13908.000000 0.000000 38244.000000 66522.000000 360.000000 137504.000000 71200.000000 8096.000000 0.000000 44736.000000 24576.000000 8924.000000 23745.000000 54333.000000 145422.000000 79118.000000 14542.000000 0.000000 0.000000 44628.000000 24576.000000 10446.000000 17600.000000 42680.000000 173620.000000 107316.000000 41844.000000 0.000000 0.000000 0.000000 14124.000000 0.000000 44389.000000 74394.000000 10136.000000 112171.000000 50661.000000 0.000000 0.000000 10936.000000 158522.000000 90233.000000 51873.000000 25932.000000 3072.000000 8924.000000 17600.000000 7844.000000 127744.000000 72282.000000 6544.000000 52452.000000 1.000000 0.000000 55208.000000 91738.000000 31298.000000 129408.000000 63104.000000 
30
0.000000 0.000000 13908.000000 0.000000 41765.000000 66811.000000 1440.000000 135104.000000 71168.000000 6720.000000 0.000000 44736.000000 27648.000000 8720.000000 17600.000000 52117.000000 144214.000000 77910.000000 13846.000000 0.000000 0.000000 44521.000000 24576.000000 10482.000000 17444.000000 41852.000000 174708.000000 108404.000000 46196.000000 0.000000 0.000000 0.000000 7980.000000 0.000000 42918.000000 74739.000000 11656.000000 112237.000000 52897.000000 0.000000 0.000000 10964.000000 158021.000000 87629.000000 51868.000000 25932.000000 3072.000000 8888.000000 17600.000000 7043.000000 127472.000000 72010.000000 7056.000000 52212.000000 1.000000 0.000000 60200.000000 86946.000000 30418.000000 130304.000000 64000.000000 
31
0.000000 0.000000 13908.000000 0.000000 41765.000000 66703.000000 1440.000000 137408.000000 71104.000000 7104.000000 0.000000 44628.000000 24576.000000 10202.000000 17600.000000 52121.000000 144262.000000 77958.000000 13894.000000 0.000000 0.000000 44520.000000 21504.000000 9282.000000 23745.000000 42725.000000 174010.000000 107706.000000 45498.000000 0.000000 0.000000 0.000000 7980.000000 0.000000 43077.000000 74739.000000 11256.000000 111206.000000 51866.000000 0.000000 0.000000 10132.000000 158021.000000 89613.000000 51868.000000 25932.000000 3072.000000 10130.000000 11296.000000 8204.000000 127744.000000 71317.000000 7056.000000 55296.000000 1.000000 0.000000 60200.000000 87469.000000 31148.000000 129408.000000 65472.000000 
32
0.000000 0.000000 18432.000000 0.000000 41765.000000 67617.000000 1440.000000 136304.000000 70000.000000 4528.000000 0.000000 49152.000000 24576.000000 10000.000000 23745.000000 50441.000000 158824.000000 92520.000000 27944.000000 0.000000 0.000000 49152.000000 24576.000000 11538.000000 17600.000000 43557.000000 173876.000000 107572.000000 45364.000000 0.000000 0.000000 0.000000 18432.000000 0.000000 49222.000000 74114.000000 10604.000000 112224.000000 50516.000000 0.000000 0.000000 8308.000000 155858.000000 87569.000000 45728.000000 26317.000000 3072.000000 10296.000000 8800.000000 5960.000000 127344.000000 70917.000000 6544.000000 52320.000000 2.000000 0.000000 43077.000000 75586.000000 15881.000000 124679.000000 60743.000000 
33
0.000000 0.000000 13908.000000 0.000000 43077.000000 69473.000000 2880.000000 133872.000000 69936.000000 3568.000000 0.000000 44628.000000 24576.000000 10008.000000 23745.000000 50081.000000 159056.000000 92752.000000 28176.000000 0.000000 0.000000 44628.000000 24576.000000 10906.000000 17600.000000 43529.000000 172724.000000 106420.000000 41844.000000 0.000000 0.000000 0.000000 14016.000000 0.000000 47751.000000 74379.000000 10896.000000 112171.000000 52831.000000 0.000000 0.000000 7404.000000 154767.000000 84494.000000 45668.000000 25932.000000 3072.000000 10536.000000 8800.000000 5960.000000 126944.000000 71482.000000 6544.000000 52320.000000 2.000000 0.000000 43077.000000 74838.000000 15853.000000 124678.000000 60742.000000 
34
0.000000 0.000000 13908.000000 0.000000 41765.000000 67522.000000 2800.000000 134144.000000 67840.000000 5760.000000 0.000000 44628.000000 24576.000000 10340.000000 17444.000000 50439.000000 158244.000000 91940.000000 28388.000000 0.000000 0.000000 44520.000000 24576.000000 11200.000000 23745.000000 42027.000000 173556.000000 107252.000000 45044.000000 0.000000 0.000000 0.000000 7872.000000 0.000000 49222.000000 74379.000000 10896.000000 111799.000000 50289.000000 0.000000 0.000000 9316.000000 156469.000000 86077.000000 45676.000000 25932.000000 3072.000000 9708.000000 11296.000000 5600.000000 127072.000000 68338.000000 4296.000000 52452.000000 2.000000 0.000000 41606.000000 77830.000000 17755.000000 124678.000000 60742.000000 
35
0.000000 0.000000 13908.000000 0.000000 36773.000000 67199.000000 1800.000000 136240.000000 69936.000000 5936.000000 0.000000 44520.000000 24576.000000 10456.000000 23745.000000 51952.000000 158942.000000 92638.000000 27166.000000 0.000000 0.000000 44520.000000 24576.000000 11180.000000 17444.000000 42781.000000 173690.000000 109754.000000 45178.000000 0.000000 0.000000 0.000000 7872.000000 0.000000 47910.000000 74379.000000 10896.000000 111786.000000 52446.000000 0.000000 0.000000 9136.000000 156469.000000 86077.000000 45676.000000 25932.000000 3072.000000 10456.000000 8800.000000 5960.000000 126976.000000 71514.000000 6544.000000 55296.000000 1.000000 0.000000 47910.000000 76334.000000 17709.000000 125568.000000 61632.000000 
36
0.000000 0.000000 18432.000000 0.000000 41765.000000 67617.000000 1440.000000 136304.000000 70000.000000 4528.000000 0.000000 49152.000000 24576.000000 10000.000000 23745.000000 50441.000000 158824.000000 92520.000000 27944.000000 0.000000 0.000000 49152.000000 24576.000000 11538.000000 17600.000000 43557.000000 173876.000000 107572.000000 45364.000000 0.000000 0.000000 0.000000 18432.000000 0.000000 49222.000000 74114.000000 10604.000000 112224.000000 50516.000000 0.000000 0.000000 8308.000000 155858.000000 87569.000000 45728.000000 26317.000000 3072.000000 10296.000000 8800.000000 5960.000000 127344.000000 70917.000000 6544.000000 52320.000000 2.000000 0.000000 43077.000000 75586.000000 15881.000000 124679.000000 60743.000000 
37
0.000000 0.000000 13908.000000 0.000000 43077.000000 69473.000000 2880.000000 133872.000000 69936.000000 3568.000000 0.000000 44628.000000 24576.000000 10008.000000 23745.000000 50081.000000 159056.000000 92752.000000 28176.000000 0.000000 0.000000 44628.000000 24576.000000 10906.000000 17600.000000 43529.000000 172724.000000 106420.000000 41844.000000 0.000000 0.000000 0.000000 14016.000000 0.000000 47751.000000 74379.000000 10896.000000 112171.000000 52831.000000 0.000000 0.000000 7404.000000 154767.000000 84494.000000 45668.000000 25932.000000 3072.000000 10536.000000 8800.000000 5960.000000 126944.000000 71482.000000 6544.000000 52320.000000 2.000000 0.000000 43077.000000 74838.000000 15853.000000 124678.000000 60742.000000 
38
0.000000 0.000000 13908.000000 0.000000 41765.000000 67522.000000 2800.000000 134144.000000 67840.000000 5760.000000 0.000000 44628.000000 24576.000000 10340.000000 17444.000000 50439.000000 158244.000000 91940.000000 28388.000000 0.000000 0.000000 44520.000000 24576.000000 11200.000000 23745.000000 42027.000000 173556.000000 107252.000000 45044.000000 0.000000 0.000000 0.000000 7872.000000 0.000000 49222.000000 74379.000000 10896.000000 111799.000000 50289.000000 0.000000 0.000000 9316.000000 156469.000000 86077.000000 45676.000000 25932.000000 3072.000000 9708.000000 11296.000000 5600.000000 127072.000000 68338.000000 4296.000000 52452.000000 2.000000 0.000000 41606.000000 77830.000000 17755.000000 124678.000000 60742.000000 
39
0.000000 0.000000 13908.000000 0.000000 36773.000000 67199.000000 1800.000000 136240.000000 69936.000000 5936.000000 0.000000 44520.000000 24576.000000 10456.000000 23745.000000 51952.000000 158942.000000 92638.000000 27166.000000 0.000000 0.000000 44520.000000 24576.000000 11180.000000 17444.000000 42781.000000 173690.000000 109754.000000 45178.000000 0.000000 0.000000 0.000000 7872.000000 0.000000 47910.000000 74379.000000 10896.000000 111786.000000 52446.000000 0.000000 0.000000 9136.000000 156469.000000 86077.000000 45676.000000 25932.000000 3072.000000 10456.000000 8800.000000 5960.000000 126976.000000 71514.000000 6544.000000 55296.000000 1.000000 0.000000 47910.000000 76334.000000 17709.000000 125568.000000 61632.000000 
40
0.000000 0.000000 13477.000000 0.000000 41765.000000 68337.000000 2520.000000 136784.000000 70480.000000 5008.000000 0.000000 44304.000000 27648.000000 10536.000000 8800.000000 43760.000000 134790.000000 68486.000000 3910.000000 0.000000 0.000000 44412.000000 21504.000000 9850.000000 17600.000000 41255.000000 172404.000000 106100.000000 40628.000000 0.000000 0.000000 0.000000 7549.000000 0.000000 49222.000000 64082.000000 400.000000 104682.000000 45918.000000 5.000000 0.000000 7156.000000 155281.000000 84889.000000 44104.000000 26317.000000 3072.000000 10296.000000 0.000000 5600.000000 127344.000000 70917.000000 6544.000000 55296.000000 9.000000 0.000000 55367.000000 86121.000000 25956.000000 124679.000000 60743.000000 
41
0.000000 0.000000 13584.000000 0.000000 36773.000000 66479.000000 1440.000000 134352.000000 70416.000000 4048.000000 0.000000 44196.000000 27648.000000 10694.000000 11299.000000 43792.000000 134742.000000 70806.000000 4060.000000 0.000000 0.000000 44412.000000 21504.000000 10008.000000 17600.000000 41240.000000 172858.000000 106554.000000 41082.000000 0.000000 0.000000 0.000000 7656.000000 0.000000 49222.000000 64067.000000 400.000000 104682.000000 43748.000000 0.000000 0.000000 8892.000000 153332.000000 83059.000000 44112.000000 25932.000000 3072.000000 10536.000000 8800.000000 5600.000000 126944.000000 71482.000000 6544.000000 52236.000000 9.000000 0.000000 55367.000000 87244.000000 25999.000000 124678.000000 60742.000000 
42
0.000000 0.000000 13476.000000 0.000000 43077.000000 68753.000000 2160.000000 134384.000000 70448.000000 5488.000000 0.000000 44196.000000 27648.000000 10490.000000 8800.000000 43761.000000 132224.000000 68288.000000 4422.000000 0.000000 0.000000 44304.000000 21504.000000 9642.000000 17444.000000 42572.000000 170356.000000 106420.000000 41844.000000 0.000000 0.000000 0.000000 7548.000000 0.000000 47751.000000 64110.000000 400.000000 104102.000000 45338.000000 5.000000 0.000000 8956.000000 155341.000000 84949.000000 44228.000000 25932.000000 3072.000000 10394.000000 8800.000000 5600.000000 127072.000000 68338.000000 4296.000000 52368.000000 9.000000 0.000000 53896.000000 85697.000000 26750.000000 124678.000000 60742.000000 
43
0.000000 0.000000 13476.000000 0.000000 41765.000000 68242.000000 3520.000000 135040.000000 68736.000000 5248.000000 0.000000 44196.000000 27648.000000 10456.000000 8800.000000 43529.000000 132690.000000 68754.000000 2832.000000 0.000000 0.000000 44304.000000 21504.000000 9836.000000 23745.000000 43085.000000 173492.000000 109556.000000 44084.000000 0.000000 0.000000 0.000000 7548.000000 0.000000 47910.000000 63830.000000 400.000000 104626.000000 44966.000000 4.000000 0.000000 8980.000000 153465.000000 83192.000000 44160.000000 25932.000000 3072.000000 10456.000000 8800.000000 5600.000000 126976.000000 71514.000000 6544.000000 52380.000000 0.000000 0.000000 54055.000000 83597.000000 25913.000000 125568.000000 61632.000000 
44
0.000000 0.000000 13477.000000 0.000000 41765.000000 68337.000000 2520.000000 136784.000000 70480.000000 5008.000000 0.000000 44304.000000 27648.000000 10536.000000 8800.000000 43760.000000 134790.000000 68486.000000 3910.000000 0.000000 0.000000 44412.000000 21504.000000 9850.000000 17600.000000 41255.000000 172404.000000 106100.000000 40628.000000 0.000000 0.000000 0.000000 7549.000000 0.000000 49222.000000 64082.000000 400.000000 104682.000000 45918.000000 5.000000 0.000000 7156.000000 155281.000000 84889.000000 44104.000000 26317.000000 3072.000000 10296.000000 0.000000 5600.000000 127344.000000 70917.000000 6544.000000 55296.000000 9.000000 0.000000 55367.000000 86121.000000 25956.000000 124672.000000 60736.000000 
45
0.000000 0.000000 13584.000000 0.000000 36773.000000 66479.000000 1440.000000 134352.000000 70416.000000 4048.000000 0.000000 44196.000000 27648.000000 10694.000000 11299.000000 43792.000000 134742.000000 70806.000000 4060.000000 0.000000 0.000000 44412.000000 21504.000000 10008.000000 17600.000000 41240.000000 172858.000000 106554.000000 41082.000000 0.000000 0.000000 0.000000 7656.000000 0.000000 49222.000000 64067.000000 400.000000 104682.000000 43748.000000 0.000000 0.000000 8892.000000 153332.000000 83059.000000 44112.000000 25932.000000 3072.000000 10536.000000 8800.000000 5600.000000 126944.000000 71482.000000 6544.000000 52236.000000 9.000000 0.000000 55367.000000 87244.000000 25629.000000 124672.000000 60736.000000 
46
0.000000 0.000000 13476.000000 0.000000 43077.000000 68753.000000 2160.000000 134384.000000 70448.000000 5488.000000 0.000000 44196.000000 27648.000000 10490.000000 8800.000000 43761.000000 132224.000000 68288.000000 4422.000000 0.000000 0.000000 44304.000000 21504.000000 9642.000000 17444.000000 42572.000000 170356.000000 106420.000000 41844.000000 0.000000 0.000000 0.000000 7548.000000 0.000000 47751.000000 64110.000000 400.000000 104102.000000 45338.000000 5.000000 0.000000 8956.000000 155341.000000 84949.000000 44228.000000 25932.000000 3072.000000 10394.000000 8800.000000 5600.000000 127072.000000 68338.000000 4296.000000 52368.000000 9.000000 0.000000 53896.000000 84949.000000 26372.000000 124672.000000 60736.000000 
47
0.000000 0.000000 13476.000000 0.000000 41765.000000 68242.000000 3520.000000 135040.000000 68736.000000 5248.000000 0.000000 44196.000000 27648.000000 10456.000000 8800.000000 43529.000000 132690.000000 68754.000000 2832.000000 0.000000 0.000000 44304.000000 21504.000000 9836.000000 23745.000000 43085.000000 173492.000000 109556.000000 44084.000000 0.000000 0.000000 0.000000 7548.000000 0.000000 47910.000000 63830.000000 400.000000 104626.000000 44966.000000 4.000000 0.000000 8980.000000 153465.000000 83192.000000 44160.000000 25932.000000 3072.000000 10456.000000 8800.000000 5600.000000 126976.000000 71514.000000 6544.000000 52380.000000 0.000000 0.000000 54055.000000 83597.000000 25913.000000 123220.000000 59284.000000 
48
0.000000 0.000000 13477.000000 0.000000 56679.000000 89511.000000 25897.000000 95904.000000 29856.000000 0.000000 0.000000 44304.000000 24576.000000 8670.000000 17600.000000 47363.000000 139526.000000 73222.000000 9158.000000 0.000000 0.000000 44196.000000 21504.000000 7990.000000 0.000000 41464.000000 109498.000000 45242.000000 0.000000 0.000000 0.000000 0.000000 13369.000000 0.000000 43077.000000 74034.000000 9776.000000 112366.000000 53026.000000 5.000000 0.000000 9308.000000 154124.000000 85716.000000 50204.000000 26317.000000 3072.000000 8134.000000 29890.000000 74933.000000 162712.000000 107530.000000 42954.000000 64704.000000 2560.000000 0.000000 42822.000000 73715.000000 15450.000000 125568.000000 61632.000000 
49
0.000000 0.000000 13584.000000 0.000000 56679.000000 89403.000000 23918.000000 94464.000000 30784.000000 0.000000 0.000000 44196.000000 24576.000000 8518.000000 11203.000000 48084.000000 140686.000000 74382.000000 9806.000000 0.000000 0.000000 44196.000000 21504.000000 7936.000000 0.000000 41464.000000 109300.000000 45044.000000 0.000000 0.000000 0.000000 0.000000 13476.000000 0.000000 44389.000000 74379.000000 10896.000000 112366.000000 50856.000000 4.000000 0.000000 8464.000000 155006.000000 84733.000000 44172.000000 25932.000000 3072.000000 8382.000000 29890.000000 74933.000000 162360.000000 105834.000000 41258.000000 64368.000000 3072.000000 0.000000 44389.000000 75961.000000 15526.000000 124679.000000 60743.000000 
50
0.000000 0.000000 13476.000000 0.000000 56679.000000 89483.000000 23998.000000 94256.000000 30576.000000 0.000000 0.000000 44196.000000 24576.000000 8608.000000 17600.000000 47616.000000 139794.000000 73490.000000 8018.000000 0.000000 0.000000 44196.000000 21504.000000 7856.000000 0.000000 41544.000000 109300.000000 45044.000000 0.000000 0.000000 0.000000 0.000000 13476.000000 0.000000 44389.000000 74379.000000 10896.000000 111786.000000 52446.000000 0.000000 0.000000 10064.000000 154170.000000 83778.000000 44216.000000 25932.000000 3072.000000 8464.000000 29635.000000 79413.000000 161119.000000 106202.000000 41626.000000 61440.000000 5.000000 0.000000 44389.000000 74838.000000 15863.000000 124679.000000 60743.000000 
51
0.000000 0.000000 13476.000000 0.000000 55112.000000 94348.000000 28863.000000 94528.000000 29376.000000 0.000000 0.000000 44196.000000 24576.000000 8724.000000 17600.000000 50129.000000 139794.000000 73490.000000 8018.000000 0.000000 0.000000 44196.000000 18432.000000 7994.000000 0.000000 41449.000000 109620.000000 45364.000000 0.000000 0.000000 0.000000 0.000000 13476.000000 0.000000 37989.000000 74099.000000 10616.000000 112297.000000 52061.000000 4.000000 0.000000 9332.000000 154119.000000 85830.000000 50300.000000 25932.000000 0.000000 8470.000000 36035.000000 79770.000000 162804.000000 103293.000000 39229.000000 66072.000000 2560.000000 0.000000 43077.000000 75586.000000 17382.000000 124678.000000 60742.000000 
52
0.000000 0.000000 13477.000000 0.000000 56679.000000 89511.000000 25897.000000 95904.000000 29856.000000 0.000000 0.000000 44304.000000 24576.000000 8670.000000 17600.000000 47363.000000 139526.000000 73222.000000 9158.000000 0.000000 0.000000 44196.000000 21504.000000 7990.000000 0.000000 41464.000000 109498.000000 45242.000000 0.000000 0.000000 0.000000 0.000000 13369.000000 0.000000 43077.000000 74034.000000 9776.000000 112366.000000 53026.000000 5.000000 0.000000 9308.000000 154124.000000 85716.000000 50204.000000 26317.000000 3072.000000 8134.000000 33934.000000 72702.000000 160056.000000 104362.000000 38890.000000 64152.000000 1536.000000 0.000000 44389.000000 74838.000000 14763.000000 125568.000000 61632.000000 
53
0.000000 0.000000 13584.000000 0.000000 56679.000000 89403.000000 23918.000000 94464.000000 30784.000000 0.000000 0.000000 44196.000000 24576.000000 8518.000000 11203.000000 48084.000000 140686.000000 74382.000000 9806.000000 0.000000 0.000000 44196.000000 21504.000000 7936.000000 0.000000 41464.000000 109300.000000 45044.000000 0.000000 0.000000 0.000000 0.000000 13476.000000 0.000000 44389.000000 74379.000000 10896.000000 112366.000000 50856.000000 4.000000 0.000000 8464.000000 155006.000000 84733.000000 44172.000000 25932.000000 3072.000000 8382.000000 33934.000000 73034.000000 160260.000000 101927.000000 37863.000000 60324.000000 1536.000000 0.000000 43077.000000 76709.000000 16274.000000 124679.000000 60743.000000 
54
0.000000 0.000000 13476.000000 0.000000 56679.000000 89483.000000 23998.000000 94256.000000 30576.000000 0.000000 0.000000 44196.000000 24576.000000 8608.000000 17600.000000 47616.000000 139794.000000 73490.000000 8018.000000 0.000000 0.000000 44196.000000 21504.000000 7856.000000 0.000000 41544.000000 109300.000000 45044.000000 0.000000 0.000000 0.000000 0.000000 13476.000000 0.000000 44389.000000 74379.000000 10896.000000 111786.000000 52446.000000 0.000000 0.000000 10064.000000 154170.000000 83778.000000 44216.000000 25932.000000 3072.000000 8464.000000 33934.000000 75487.000000 161620.000000 104597.000000 39125.000000 64632.000000 1536.000000 0.000000 38244.000000 74090.000000 16555.000000 124679.000000 60743.000000 
55
0.000000 0.000000 13476.000000 0.000000 55112.000000 94348.000000 28863.000000 94528.000000 29376.000000 0.000000 0.000000 44196.000000 24576.000000 8724.000000 17600.000000 50129.000000 139794.000000 73490.000000 8018.000000 0.000000 0.000000 44196.000000 18432.000000 7994.000000 0.000000 41449.000000 109620.000000 45364.000000 0.000000 0.000000 0.000000 0.000000 13476.000000 0.000000 37989.000000 74099.000000 10616.000000 112297.000000 52061.000000 4.000000 0.000000 9332.000000 154119.000000 85830.000000 50300.000000 25932.000000 0.000000 8470.000000 35027.000000 82213.000000 160327.000000 104869.000000 37925.000000 61440.000000 32.000000 0.000000 37989.000000 74463.000000 16629.000000 124678.000000 60742.000000 
56
0.000000 0.000000 18432.000000 0.000000 49222.000000 80967.000000 15484.000000 84992.000000 18944.000000 0.000000 0.000000 49152.000000 24576.000000 8574.000000 17600.000000 49234.000000 139526.000000 73222.000000 9158.000000 0.000000 0.000000 49152.000000 21504.000000 7792.000000 0.000000 41464.000000 103738.000000 45242.000000 0.000000 0.000000 0.000000 0.000000 18432.000000 0.000000 32099.000000 74034.000000 9028.000000 46699.000000 0.000000 0.000000 0.000000 47412.000000 195809.000000 123314.000000 88844.000000 48649.000000 18432.000000 8134.000000 47158.000000 45357.000000 130512.000000 74085.000000 7909.000000 51564.000000 2.000000 0.000000 38244.000000 74463.000000 14398.000000 125568.000000 61632.000000 
57
0.000000 0.000000 13909.000000 0.000000 44134.000000 80949.000000 17335.000000 86192.000000 20144.000000 0.000000 0.000000 44628.000000 24576.000000 8598.000000 11203.000000 48084.000000 140686.000000 74382.000000 9806.000000 0.000000 0.000000 44628.000000 24576.000000 7736.000000 0.000000 41449.000000 103540.000000 45044.000000 0.000000 0.000000 0.000000 0.000000 13800.000000 0.000000 32099.000000 74379.000000 10896.000000 46509.000000 0.000000 0.000000 0.000000 47232.000000 195869.000000 131429.000000 88088.000000 40685.000000 15360.000000 8382.000000 48393.000000 44997.000000 130208.000000 73781.000000 7909.000000 51564.000000 1.000000 0.000000 38244.000000 74463.000000 14748.000000 124679.000000 60743.000000 
58
0.000000 0.000000 13908.000000 0.000000 49222.000000 75573.000000 11959.000000 83824.000000 17776.000000 0.000000 0.000000 44628.000000 24576.000000 8624.000000 17600.000000 47616.000000 139794.000000 73490.000000 8018.000000 0.000000 0.000000 44628.000000 21504.000000 7784.000000 0.000000 41572.000000 105012.000000 45364.000000 0.000000 0.000000 0.000000 0.000000 13692.000000 0.000000 32099.000000 74379.000000 10896.000000 46509.000000 0.000000 0.000000 0.000000 47340.000000 188875.000000 124435.000000 88900.000000 47519.000000 15360.000000 8464.000000 47681.000000 44982.000000 130240.000000 73813.000000 7509.000000 51324.000000 0.000000 0.000000 36677.000000 73715.000000 16601.000000 124679.000000 60743.000000 
59
0.000000 0.000000 13908.000000 0.000000 44389.000000 82223.000000 16738.000000 83888.000000 18736.000000 0.000000 0.000000 44521.000000 24576.000000 8724.000000 17600.000000 50129.000000 139794.000000 73490.000000 8018.000000 0.000000 0.000000 44520.000000 21504.000000 7778.000000 0.000000 41436.000000 103540.000000 45044.000000 0.000000 0.000000 0.000000 0.000000 13692.000000 0.000000 30532.000000 74099.000000 10616.000000 46314.000000 0.000000 0.000000 0.000000 47412.000000 195803.000000 123308.000000 88952.000000 48649.000000 15360.000000 8470.000000 48393.000000 44640.000000 130112.000000 70940.000000 5714.000000 51469.000000 1.000000 0.000000 38244.000000 75586.000000 16601.000000 124678.000000 60742.000000 
60
0.000000 0.000000 18432.000000 0.000000 49222.000000 80967.000000 15484.000000 84992.000000 18944.000000 0.000000 0.000000 49152.000000 24576.000000 8574.000000 17600.000000 49234.000000 139526.000000 73222.000000 9158.000000 0.000000 0.000000 49152.000000 21504.000000 7792.000000 0.000000 41464.000000 103738.000000 45242.000000 0.000000 0.000000 0.000000 0.000000 18432.000000 0.000000 32099.000000 74034.000000 9028.000000 46699.000000 0.000000 0.000000 0.000000 47412.000000 195809.000000 123314.000000 88844.000000 48649.000000 18432.000000 8134.000000 47158.000000 45357.000000 130512.000000 74085.000000 7909.000000 51564.000000 2.000000 0.000000 38244.000000 74463.000000 14398.000000 125568.000000 61632.000000 
61
0.000000 0.000000 13909.000000 0.000000 44134.000000 80949.000000 17335.000000 86192.000000 20144.000000 0.000000 0.000000 44628.000000 24576.000000 8598.000000 11203.000000 48084.000000 140686.000000 74382.000000 9806.000000 0.000000 0.000000 44628.000000 24576.000000 7736.000000 0.000000 41449.000000 103540.000000 45044.000000 0.000000 0.000000 0.000000 0.000000 13800.000000 0.000000 32099.000000 74379.000000 10896.000000 46509.000000 0.000000 0.000000 0.000000 47232.000000 195869.000000 131429.000000 88088.000000 40685.000000 15360.000000 8382.000000 48393.000000 44997.000000 130208.000000 73781.000000 7909.000000 51564.000000 1.000000 0.000000 38244.000000 74463.000000 14748.000000 124679.000000 60743.000000 
62
0.000000 0.000000 13908.000000 0.000000 49222.000000 75573.000000 11959.000000 83824.000000 17776.000000 0.000000 0.000000 44628.000000 24576.000000 8624.000000 17600.000000 47616.000000 139794.000000 73490.000000 8018.000000 0.000000 0.000000 44628.000000 21504.000000 7784.000000 0.000000 41572.000000 105012.000000 45364.000000 0.000000 0.000000 0.000000 0.000000 13692.000000 0.000000 32099.000000 74379.000000 10896.000000 46509.000000 0.000000 0.000000 0.000000 47340.000000 188875.000000 124435.000000 88900.000000 47519.000000 15360.000000 8464.000000 47681.000000 44982.000000 130240.000000 73813.000000 7509.000000 51324.000000 0.000000 0.000000 36677.000000 73715.000000 16601.000000 124678.000000 60742.000000 
63
0.000000 0.000000 13908.000000 0.000000 44389.000000 82223.000000 16738.000000 83888.000000 18736.000000 0.000000 0.000000 44521.000000 24576.000000 8724.000000 17600.000000 50129.000000 139794.000000 73490.000000 8018.000000 0.000000 0.000000 44520.000000 21504.000000 7778.000000 0.000000 41436.000000 103540.000000 45044.000000 0.000000 0.000000 0.000000 0.000000 13692.000000 0.000000 30532.000000 74099.000000 10616.000000 46314.000000 0.000000 0.000000 0.000000 47412.000000 195803.000000 123308.000000 88952.000000 48649.000000 15360.000000 8470.000000 48393.000000 44640.000000 130112.000000 70940.000000 5714.000000 51469.000000 1.000000 0.000000 38244.000000 75586.000000 16601.000000 124678.000000 60742.000000 
64
0.000000 0.000000 18432.000000 0.000000 44389.000000 84107.000000 18622.000000 84064.000000 20384.000000 0.000000 0.000000 49152.000000 24576.000000 7744.000000 11203.000000 48819.000000 139214.000000 72910.000000 7438.000000 0.000000 0.000000 49152.000000 21504.000000 7648.000000 17600.000000 39233.000000 105978.000000 40826.000000 0.000000 0.000000 0.000000 0.000000 18432.000000 0.000000 37989.000000 74127.000000 9896.000000 110821.000000 51481.000000 0.000000 0.000000 9052.000000 154042.000000 83769.000000 44808.000000 21864.000000 3072.000000 8636.000000 61237.000000 60937.000000 147120.000000 87682.000000 25090.000000 51456.000000 2.000000 0.000000 44134.000000 80378.000000 23322.000000 125568.000000 61632.000000 
65
0.000000 0.000000 13909.000000 0.000000 49222.000000 77789.000000 12304.000000 83824.000000 20144.000000 0.000000 0.000000 44628.000000 24576.000000 8152.000000 17600.000000 47003.000000 139478.000000 73174.000000 8598.000000 0.000000 0.000000 44628.000000 21504.000000 7936.000000 17600.000000 39313.000000 109300.000000 44148.000000 0.000000 0.000000 0.000000 0.000000 13476.000000 0.000000 44389.000000 74379.000000 10896.000000 111206.000000 49696.000000 0.000000 0.000000 9060.000000 155713.000000 85321.000000 44920.000000 21864.000000 3072.000000 8622.000000 60459.000000 65033.000000 148016.000000 90826.000000 26250.000000 51216.000000 1.000000 0.000000 50534.000000 81726.000000 22962.000000 124679.000000 60743.000000 
66
0.000000 0.000000 13908.000000 0.000000 44134.000000 82913.000000 17428.000000 85952.000000 19904.000000 0.000000 0.000000 44628.000000 24576.000000 7742.000000 17600.000000 49112.000000 138054.000000 74118.000000 9158.000000 0.000000 0.000000 44521.000000 21504.000000 7784.000000 17600.000000 39565.000000 108282.000000 44026.000000 0.000000 0.000000 0.000000 0.000000 13476.000000 0.000000 43077.000000 74366.000000 10456.000000 112366.000000 53026.000000 0.000000 0.000000 8252.000000 154659.000000 84386.000000 44920.000000 13531.000000 3072.000000 8608.000000 61237.000000 62808.000000 147616.000000 92794.000000 25850.000000 51349.000000 1.000000 0.000000 50534.000000 82474.000000 22990.000000 124678.000000 60742.000000 
67
0.000000 0.000000 13908.000000 0.000000 50534.000000 79393.000000 13908.000000 85056.000000 19904.000000 0.000000 0.000000 44521.000000 24576.000000 8066.000000 17600.000000 48258.000000 140106.000000 73802.000000 9226.000000 0.000000 0.000000 44520.000000 21504.000000 7650.000000 11203.000000 39578.000000 109422.000000 45166.000000 0.000000 0.000000 0.000000 0.000000 13476.000000 0.000000 44389.000000 74019.000000 10936.000000 111150.000000 50914.000000 0.000000 0.000000 8180.000000 155713.000000 85321.000000 44920.000000 21863.000000 0.000000 8102.000000 61237.000000 62464.000000 147120.000000 89989.000000 26885.000000 51360.000000 1.000000 0.000000 49222.000000 81876.000000 21139.000000 124678.000000 60742.000000 
68
0.000000 0.000000 18432.000000 0.000000 44389.000000 84107.000000 18622.000000 84064.000000 20384.000000 0.000000 0.000000 49152.000000 24576.000000 7744.000000 11203.000000 48819.000000 139214.000000 72910.000000 7438.000000 0.000000 0.000000 49152.000000 21504.000000 7648.000000 17600.000000 39233.000000 105978.000000 40826.000000 0.000000 0.000000 0.000000 0.000000 18432.000000 0.000000 37989.000000 74127.000000 9896.000000 110821.000000 51481.000000 0.000000 0.000000 9052.000000 154042.000000 83769.000000 44808.000000 21864.000000 3072.000000 8636.000000 61237.000000 60937.000000 148144.000000 87682.000000 25090.000000 51456.000000 2.000000 0.000000 44389.000000 79778.000000 21119.000000 125568.000000 61632.000000 
69
0.000000 0.000000 13909.000000 0.000000 49222.000000 77789.000000 12304.000000 83824.000000 20144.000000 0.000000 0.000000 44628.000000 24576.000000 8152.000000 17600.000000 47003.000000 139478.000000 73174.000000 8598.000000 0.000000 0.000000 44628.000000 21504.000000 7936.000000 17600.000000 39313.000000 109300.000000 44148.000000 0.000000 0.000000 0.000000 0.000000 13476.000000 0.000000 44389.000000 74379.000000 10896.000000 111206.000000 49696.000000 0.000000 0.000000 9060.000000 155713.000000 85321.000000 44920.000000 21864.000000 3072.000000 8622.000000 60459.000000 65033.000000 148016.000000 90826.000000 26250.000000 51216.000000 1.000000 0.000000 50534.000000 80753.000000 21096.000000 124679.000000 60743.000000 
70
0.000000 0.000000 13908.000000 0.000000 44134.000000 82913.000000 17428.000000 85952.000000 19904.000000 0.000000 0.000000 44628.000000 24576.000000 7742.000000 17600.000000 49112.000000 138054.000000 74118.000000 9158.000000 0.000000 0.000000 44521.000000 21504.000000 7784.000000 17600.000000 39565.000000 108282.000000 44026.000000 0.000000 0.000000 0.000000 0.000000 13476.000000 0.000000 43077.000000 74366.000000 10456.000000 112366.000000 53026.000000 0.000000 0.000000 8252.000000 154659.000000 84386.000000 44920.000000 13531.000000 3072.000000 8608.000000 61237.000000 62808.000000 147616.000000 92794.000000 25850.000000 51349.000000 1.000000 0.000000 44134.000000 80901.000000 21152.000000 124678.000000 60742.000000 
71
0.000000 0.000000 13908.000000 0.000000 50534.000000 79393.000000 13908.000000 85056.000000 19904.000000 0.000000 0.000000 44521.000000 24576.000000 8066.000000 17600.000000 48258.000000 140106.000000 73802.000000 9226.000000 0.000000 0.000000 44520.000000 21504.000000 7650.000000 11203.000000 39578.000000 109422.000000 45166.000000 0.000000 0.000000 0.000000 0.000000 13476.000000 0.000000 44389.000000 74019.000000 10936.000000 111150.000000 50914.000000 0.000000 0.000000 8180.000000 155713.000000 85321.000000 44920.000000 21863.000000 0.000000 8102.000000 61237.000000 62464.000000 147120.000000 89989.000000 26885.000000 51360.000000 1.000000 0.000000 49222.000000 79630.000000 21433.000000 124678.000000 60742.000000 
72
0.000000 0.000000 18432.000000 0.000000 56679.000000 85452.000000 19967.000000 93600.000000 28448.000000 0.000000 0.000000 49152.000000 24576.000000 7950.000000 11203.000000 48819.000000 140374.000000 74070.000000 8598.000000 0.000000 0.000000 49152.000000 21504.000000 7648.000000 17600.000000 39233.000000 107130.000000 41978.000000 0.000000 0.000000 0.000000 0.000000 18432.000000 0.000000 44389.000000 74034.000000 9776.000000 111206.000000 54036.000000 0.000000 0.000000 7792.000000 154042.000000 83769.000000 44968.000000 21864.000000 3072.000000 8636.000000 61237.000000 60937.000000 148144.000000 87682.000000 25090.000000 51997.000000 1.000000 0.000000 44389.000000 75961.000000 15176.000000 125568.000000 61632.000000 
73
0.000000 0.000000 13801.000000 0.000000 55367.000000 92473.000000 28859.000000 92336.000000 26288.000000 0.000000 0.000000 44628.000000 24576.000000 8550.000000 17600.000000 47241.000000 139328.000000 73024.000000 8448.000000 0.000000 0.000000 44628.000000 21504.000000 7864.000000 17600.000000 39313.000000 109300.000000 45044.000000 0.000000 0.000000 0.000000 0.000000 13476.000000 0.000000 37989.000000 74379.000000 10896.000000 111206.000000 49696.000000 0.000000 0.000000 9420.000000 155821.000000 85429.000000 44868.000000 21864.000000 3072.000000 8182.000000 60459.000000 65033.000000 148016.000000 90826.000000 26250.000000 52236.000000 1.000000 0.000000 44389.000000 75063.000000 16961.000000 124679.000000 60743.000000 
74
0.000000 0.000000 13908.000000 0.000000 56679.000000 86797.000000 23183.000000 92576.000000 26528.000000 0.000000 0.000000 44628.000000 24576.000000 7922.000000 17600.000000 47003.000000 139526.000000 73222.000000 9158.000000 0.000000 0.000000 44521.000000 21504.000000 7856.000000 17600.000000 39565.000000 107130.000000 41978.000000 0.000000 0.000000 0.000000 0.000000 13476.000000 0.000000 43077.000000 74379.000000 10896.000000 111717.000000 49311.000000 0.000000 0.000000 8612.000000 154443.000000 84170.000000 44864.000000 13531.000000 3072.000000 8608.000000 61237.000000 62808.000000 147616.000000 90426.000000 25850.000000 51996.000000 1.000000 0.000000 43077.000000 75586.000000 17022.000000 124678.000000 60742.000000 
75
0.000000 0.000000 13908.000000 0.000000 50279.000000 86797.000000 23183.000000 91168.000000 27488.000000 0.000000 0.000000 44521.000000 21504.000000 8078.000000 17600.000000 48258.000000 137624.000000 73688.000000 8216.000000 0.000000 0.000000 44520.000000 18432.000000 7650.000000 11203.000000 39578.000000 109422.000000 45166.000000 0.000000 0.000000 0.000000 0.000000 13476.000000 0.000000 44389.000000 74099.000000 10616.000000 111414.000000 52074.000000 0.000000 0.000000 8720.000000 155821.000000 85429.000000 44868.000000 21863.000000 0.000000 8542.000000 61237.000000 62464.000000 148144.000000 89989.000000 26885.000000 55296.000000 1.000000 0.000000 37989.000000 72967.000000 16933.000000 124678.000000 60742.000000 
76
0.000000 0.000000 18432.000000 0.000000 56679.000000 85452.000000 19967.000000 93600.000000 28448.000000 0.000000 0.000000 49152.000000 24576.000000 7950.000000 11203.000000 48819.000000 140374.000000 74070.000000 8598.000000 0.000000 0.000000 49152.000000 21504.000000 7648.000000 17600.000000 39233.000000 107386.000000 43130.000000 0.000000 0.000000 0.000000 0.000000 18432.000000 0.000000 44389.000000 74034.000000 9776.000000 111206.000000 54036.000000 0.000000 0.000000 7792.000000 154042.000000 83769.000000 44968.000000 21864.000000 3072.000000 8636.000000 63338.000000 60424.000000 148816.000000 89757.000000 25693.000000 51889.000000 9.000000 0.000000 62824.000000 98956.000000 38293.000000 78464.000000 14208.000000 
77
0.000000 0.000000 13801.000000 0.000000 55367.000000 92473.000000 28859.000000 92336.000000 26288.000000 0.000000 0.000000 44628.000000 24576.000000 8550.000000 17600.000000 47241.000000 139214.000000 72910.000000 7950.000000 0.000000 0.000000 44628.000000 21504.000000 7936.000000 17600.000000 39565.000000 106676.000000 43892.000000 0.000000 0.000000 0.000000 0.000000 13476.000000 0.000000 44389.000000 74379.000000 10896.000000 111206.000000 49696.000000 0.000000 0.000000 9420.000000 155821.000000 85429.000000 44868.000000 21864.000000 3072.000000 8182.000000 61807.000000 67264.000000 150544.000000 92922.000000 27450.000000 52128.000000 9.000000 0.000000 62824.000000 95052.000000 38201.000000 77587.000000 14227.000000 
78
0.000000 0.000000 13908.000000 0.000000 56679.000000 86797.000000 23183.000000 92576.000000 26528.000000 0.000000 0.000000 44628.000000 24576.000000 7922.000000 17600.000000 47510.000000 137738.000000 73802.000000 6858.000000 0.000000 0.000000 44521.000000 21504.000000 7784.000000 17600.000000 39313.000000 107130.000000 45242.000000 0.000000 0.000000 0.000000 0.000000 13476.000000 0.000000 37989.000000 74379.000000 10896.000000 111414.000000 49904.000000 0.000000 0.000000 8612.000000 154551.000000 84278.000000 44812.000000 13531.000000 3072.000000 8608.000000 62585.000000 63196.000000 149536.000000 92725.000000 27253.000000 51888.000000 8.000000 0.000000 62569.000000 98514.000000 38394.000000 78464.000000 14208.000000 
79
0.000000 0.000000 13908.000000 0.000000 50279.000000 86797.000000 23183.000000 91168.000000 27488.000000 0.000000 0.000000 44521.000000 21504.000000 8078.000000 17600.000000 47003.000000 139526.000000 73222.000000 8646.000000 0.000000 0.000000 44520.000000 18432.000000 7650.000000 11203.000000 39578.000000 109422.000000 45166.000000 0.000000 0.000000 0.000000 0.000000 13368.000000 0.000000 43077.000000 74099.000000 10616.000000 111717.000000 51481.000000 0.000000 0.000000 8720.000000 155713.000000 85321.000000 44920.000000 21863.000000 0.000000 8542.000000 62585.000000 65971.000000 150672.000000 95359.000000 28415.000000 55296.000000 8.000000 0.000000 67657.000000 104019.000000 37268.000000 80832.000000 14208.000000 
