0
0.000000 1198025.000000 1269809.000000 1305648.000000 1343152.000000 1302952.000000 1225177.000000 
1
0.000000 1198025.000000 1269809.000000 1305648.000000 1343152.000000 1302952.000000 1225177.000000 
2
0.000000 1198025.000000 1269809.000000 1305648.000000 1343152.000000 1302952.000000 1225177.000000 
3
0.000000 1198025.000000 1269809.000000 1305648.000000 1343152.000000 1302952.000000 1225177.000000 
4
0.000000 1200969.000000 1269809.000000 1297456.000000 1349680.000000 1302856.000000 1250009.000000 
5
0.000000 1200969.000000 1269809.000000 1297456.000000 1349680.000000 1302856.000000 1250009.000000 
6
0.000000 1200969.000000 1269809.000000 1297456.000000 1349680.000000 1302856.000000 1250009.000000 
7
0.000000 1200969.000000 1269809.000000 1297456.000000 1349680.000000 1302856.000000 1250009.000000 
8
0.000000 1197641.000000 1266225.000000 1302576.000000 1346608.000000 1310952.000000 1238745.000000 
9
0.000000 1197641.000000 1266225.000000 1302576.000000 1346608.000000 1310952.000000 1238745.000000 
10
0.000000 1197641.000000 1266225.000000 1302576.000000 1346608.000000 1310952.000000 1238745.000000 
11
0.000000 1197641.000000 1266225.000000 1302576.000000 1346608.000000 1310952.000000 1238745.000000 
12
0.000000 1199433.000000 1271473.000000 1295152.000000 1348400.000000 1310952.000000 1240537.000000 
13
0.000000 1199433.000000 1271473.000000 1295152.000000 1348400.000000 1310952.000000 1240537.000000 
14
0.000000 1199433.000000 1271473.000000 1295152.000000 1348400.000000 1310952.000000 1240537.000000 
15
0.000000 1199433.000000 1271473.000000 1295152.000000 1348400.000000 1310952.000000 1240537.000000 
16
0.000000 1198249.000000 1266833.000000 1303184.000000 1347216.000000 1310742.000000 1239353.000000 
17
0.000000 1198249.000000 1266833.000000 1303184.000000 1347216.000000 1310742.000000 1239353.000000 
18
0.000000 1198249.000000 1266833.000000 1303184.000000 1347216.000000 1310742.000000 1239353.000000 
19
0.000000 1198249.000000 1266833.000000 1303184.000000 1347216.000000 1310742.000000 1239353.000000 
20
0.000000 1353207.000000 1236061.000000 1313740.000000 1355007.000000 1387812.000000 1276165.000000 
21
0.000000 1353207.000000 1236061.000000 1313740.000000 1355007.000000 1387812.000000 1276165.000000 
22
0.000000 1353207.000000 1236061.000000 1313740.000000 1355007.000000 1387812.000000 1276165.000000 
23
0.000000 1353207.000000 1236061.000000 1313740.000000 1355007.000000 1387812.000000 1276165.000000 
24
0.000000 1353207.000000 1207856.000000 1259967.000000 1418883.000000 1179484.000000 1283845.000000 
25
0.000000 1353207.000000 1207856.000000 1259967.000000 1418883.000000 1179484.000000 1283845.000000 
26
0.000000 1353207.000000 1207856.000000 1259967.000000 1418883.000000 1179484.000000 1283845.000000 
27
0.000000 1353207.000000 1207856.000000 1259967.000000 1418883.000000 1179484.000000 1283845.000000 
28
0.000000 1353207.000000 1207632.000000 1259743.000000 1410591.000000 1187636.000000 1283749.000000 
29
0.000000 1353207.000000 1207632.000000 1259743.000000 1410591.000000 1187636.000000 1283749.000000 
30
0.000000 1353207.000000 1207632.000000 1259743.000000 1410591.000000 1187636.000000 1283749.000000 
31
0.000000 1353207.000000 1207632.000000 1259743.000000 1410591.000000 1187636.000000 1283749.000000 
32
0.000000 1353095.000000 1211056.000000 1247439.000000 1417103.000000 1375281.000000 1325104.000000 
33
0.000000 1353095.000000 1211056.000000 1247439.000000 1417103.000000 1375281.000000 1325104.000000 
34
0.000000 1353095.000000 1211056.000000 1247439.000000 1417103.000000 1375281.000000 1325104.000000 
35
0.000000 1353095.000000 1211056.000000 1247439.000000 1417103.000000 1375281.000000 1325104.000000 
36
0.000000 1353095.000000 1211056.000000 1247439.000000 1417103.000000 1375281.000000 1325104.000000 
37
0.000000 1353095.000000 1211056.000000 1247439.000000 1417103.000000 1375281.000000 1325104.000000 
38
0.000000 1353095.000000 1211056.000000 1247439.000000 1417103.000000 1375281.000000 1325104.000000 
39
0.000000 1353095.000000 1211056.000000 1247439.000000 1417103.000000 1375281.000000 1325104.000000 
40
0.000000 1353095.000000 1214400.000000 1232943.000000 1419024.000000 1383281.000000 1325104.000000 
41
0.000000 1353095.000000 1214400.000000 1232943.000000 1419024.000000 1383281.000000 1325104.000000 
42
0.000000 1353095.000000 1214400.000000 1232943.000000 1419024.000000 1383281.000000 1325104.000000 
43
0.000000 1353095.000000 1214400.000000 1232943.000000 1419024.000000 1383281.000000 1325104.000000 
44
0.000000 1351031.000000 1207168.000000 1249071.000000 1415632.000000 1374969.000000 1319712.000000 
45
0.000000 1351031.000000 1207168.000000 1249071.000000 1415632.000000 1374969.000000 1319712.000000 
46
0.000000 1351031.000000 1207168.000000 1249071.000000 1415632.000000 1374969.000000 1319712.000000 
47
0.000000 1351031.000000 1207168.000000 1249071.000000 1415632.000000 1374969.000000 1319712.000000 
48
0.000000 1351031.000000 1207152.000000 1248048.000000 1415632.000000 1364628.000000 1163110.000000 
49
0.000000 1351031.000000 1207152.000000 1248048.000000 1415632.000000 1364628.000000 1163110.000000 
50
0.000000 1351031.000000 1207152.000000 1248048.000000 1415632.000000 1364628.000000 1163110.000000 
51
0.000000 1351031.000000 1207152.000000 1248048.000000 1415632.000000 1364628.000000 1163110.000000 
52
0.000000 1339124.000000 1280272.000000 1320112.000000 1496432.000000 1376724.000000 1464549.000000 
53
0.000000 1339124.000000 1280272.000000 1320112.000000 1496432.000000 1376724.000000 1464549.000000 
54
0.000000 1339124.000000 1280272.000000 1320112.000000 1496432.000000 1376724.000000 1464549.000000 
55
0.000000 1339124.000000 1280272.000000 1320112.000000 1496432.000000 1376724.000000 1464549.000000 
56
0.000000 1382185.000000 1401951.000000 1253664.000000 1409376.000000 1369500.000000 1403636.000000 
57
0.000000 1382185.000000 1401951.000000 1253664.000000 1409376.000000 1369500.000000 1403636.000000 
58
0.000000 1382185.000000 1401951.000000 1253664.000000 1409376.000000 1369500.000000 1403636.000000 
59
0.000000 1382185.000000 1401951.000000 1253664.000000 1409376.000000 1369500.000000 1403636.000000 
60
0.000000 1382154.000000 1421440.000000 1223937.000000 1409345.000000 1373444.000000 1138748.000000 
61
0.000000 1382154.000000 1421440.000000 1223937.000000 1409345.000000 1373444.000000 1138748.000000 
62
0.000000 1382154.000000 1421440.000000 1223937.000000 1409345.000000 1373444.000000 1138748.000000 
63
0.000000 1382154.000000 1421440.000000 1223937.000000 1409345.000000 1373444.000000 1138748.000000 
64
0.000000 1382154.000000 1421440.000000 1259905.000000 1383233.000000 1381019.000000 1367892.000000 
65
0.000000 1382154.000000 1421440.000000 1259905.000000 1383233.000000 1381019.000000 1367892.000000 
66
0.000000 1382154.000000 1421440.000000 1259905.000000 1383233.000000 1381019.000000 1367892.000000 
67
0.000000 1382154.000000 1421440.000000 1259905.000000 1383233.000000 1381019.000000 1367892.000000 
68
0.000000 1382154.000000 1412863.000000 1251168.000000 1403968.000000 1406747.000000 1370249.000000 
69
0.000000 1382154.000000 1412863.000000 1251168.000000 1403968.000000 1406747.000000 1370249.000000 
70
0.000000 1382154.000000 1412863.000000 1251168.000000 1403968.000000 1406747.000000 1370249.000000 
71
0.000000 1382154.000000 1412863.000000 1251168.000000 1403968.000000 1406747.000000 1370249.000000 
72
0.000000 1281196.000000 1284479.000000 1259360.000000 1393485.000000 1367549.000000 1140140.000000 
73
0.000000 1281196.000000 1284479.000000 1259360.000000 1393485.000000 1367549.000000 1140140.000000 
74
0.000000 1281196.000000 1284479.000000 1259360.000000 1393485.000000 1367549.000000 1140140.000000 
75
0.000000 1281196.000000 1284479.000000 1259360.000000 1393485.000000 1367549.000000 1140140.000000 
76
0.000000 1281196.000000 1299455.000000 1252192.000000 1388493.000000 1394627.000000 1390112.000000 
77
0.000000 1281196.000000 1299455.000000 1252192.000000 1388493.000000 1394627.000000 1390112.000000 
78
0.000000 1281196.000000 1299455.000000 1252192.000000 1388493.000000 1394627.000000 1390112.000000 
79
0.000000 1281196.000000 1299455.000000 1252192.000000 1388493.000000 1394627.000000 1390112.000000 
80
0.000000 1281212.000000 1283935.000000 1268160.000000 1386413.000000 1409755.000000 1332256.000000 
81
0.000000 1281212.000000 1283935.000000 1268160.000000 1386413.000000 1409755.000000 1332256.000000 
82
0.000000 1281212.000000 1283935.000000 1268160.000000 1386413.000000 1409755.000000 1332256.000000 
83
0.000000 1281212.000000 1283935.000000 1268160.000000 1386413.000000 1409755.000000 1332256.000000 
84
0.000000 1281112.000000 1277115.000000 1266780.000000 1391309.000000 1413883.000000 1351488.000000 
85
0.000000 1281112.000000 1277115.000000 1266780.000000 1391309.000000 1413883.000000 1351488.000000 
86
0.000000 1281112.000000 1277115.000000 1266780.000000 1391309.000000 1413883.000000 1351488.000000 
87
0.000000 1281112.000000 1277115.000000 1266780.000000 1391309.000000 1413883.000000 1351488.000000 
88
0.000000 1302552.000000 1307195.000000 1214204.000000 1387885.000000 1381639.000000 1380897.000000 
89
0.000000 1302552.000000 1307195.000000 1214204.000000 1387885.000000 1381639.000000 1380897.000000 
90
0.000000 1302552.000000 1307195.000000 1214204.000000 1387885.000000 1381639.000000 1380897.000000 
91
0.000000 1302552.000000 1307195.000000 1214204.000000 1387885.000000 1381639.000000 1380897.000000 
92
0.000000 1302552.000000 1337723.000000 1168476.000000 1409696.000000 1396563.000000 1358953.000000 
93
0.000000 1302552.000000 1337723.000000 1168476.000000 1409696.000000 1396563.000000 1358953.000000 
94
0.000000 1302552.000000 1337723.000000 1168476.000000 1409696.000000 1396563.000000 1358953.000000 
95
0.000000 1302552.000000 1337723.000000 1168476.000000 1409696.000000 1396563.000000 1358953.000000 
96
0.000000 1376408.000000 1469896.000000 1287465.000000 1324255.000000 1322119.000000 1162417.000000 
97
0.000000 1376408.000000 1469896.000000 1287465.000000 1324255.000000 1322119.000000 1162417.000000 
98
0.000000 1376408.000000 1469896.000000 1287465.000000 1324255.000000 1322119.000000 1162417.000000 
99
0.000000 1376408.000000 1469896.000000 1287465.000000 1324255.000000 1322119.000000 1162417.000000 
100
0.000000 1376312.000000 1473832.000000 1287465.000000 1324255.000000 1313887.000000 1165873.000000 
101
0.000000 1376312.000000 1473832.000000 1287465.000000 1324255.000000 1313887.000000 1165873.000000 
102
0.000000 1376312.000000 1473832.000000 1287465.000000 1324255.000000 1313887.000000 1165873.000000 
103
0.000000 1376312.000000 1473832.000000 1287465.000000 1324255.000000 1313887.000000 1165873.000000 
104
0.000000 1337785.000000 1288936.000000 1295656.000000 1317727.000000 1305694.000000 1179441.000000 
105
0.000000 1337785.000000 1288936.000000 1295656.000000 1317727.000000 1305694.000000 1179441.000000 
106
0.000000 1337785.000000 1288936.000000 1295656.000000 1317727.000000 1305694.000000 1179441.000000 
107
0.000000 1337785.000000 1288936.000000 1295656.000000 1317727.000000 1305694.000000 1179441.000000 
108
0.000000 1337785.000000 1288936.000000 1295656.000000 1317727.000000 1305694.000000 1179441.000000 
109
0.000000 1337785.000000 1288936.000000 1295656.000000 1317727.000000 1305694.000000 1179441.000000 
110
0.000000 1337785.000000 1288936.000000 1295656.000000 1317727.000000 1305694.000000 1179441.000000 
111
0.000000 1337785.000000 1288936.000000 1295656.000000 1317727.000000 1305694.000000 1179441.000000 
