0
1.000000 0.870600 0.937200 0.746600 0.907000 0.905200 0.997800 
1
1.000000 0.870400 0.936200 0.748400 0.906800 0.904200 0.996600 
2
1.000000 0.869200 0.936600 0.755400 0.907200 0.906800 0.998400 
3
1.000000 0.863400 0.933600 0.738600 0.906800 0.905800 0.996600 
4
1.000000 0.871200 0.937600 0.778600 0.860200 0.904200 0.992400 
5
1.000000 0.869400 0.936200 0.781000 0.869800 0.903000 0.990600 
6
1.000000 0.869200 0.935800 0.780400 0.859800 0.902200 0.990000 
7
1.000000 0.868200 0.929000 0.783800 0.855000 0.903000 0.993000 
8
1.000000 0.871200 0.937600 0.765800 0.871600 0.896400 0.881200 
9
1.000000 0.869400 0.936200 0.768200 0.877800 0.895800 0.881600 
10
1.000000 0.869200 0.935800 0.769200 0.868000 0.895000 0.882200 
11
1.000000 0.868200 0.929000 0.772800 0.863200 0.895200 0.879200 
12
1.000000 0.870400 0.936400 0.811600 0.981800 0.915800 0.932400 
13
1.000000 0.869400 0.935600 0.809400 0.982800 0.916200 0.933800 
14
1.000000 0.869200 0.937200 0.808000 0.979800 0.916200 0.933200 
15
1.000000 0.869600 0.929600 0.806400 0.984800 0.916400 0.932800 
16
1.000000 0.870400 0.936400 0.813400 0.841000 0.864000 0.932000 
17
1.000000 0.869400 0.935600 0.811200 0.828400 0.864000 0.933600 
18
1.000000 0.869200 0.937200 0.808000 0.825600 0.863200 0.933000 
19
1.000000 0.869600 0.929600 0.808000 0.824200 0.863200 0.933000 
20
1.000000 0.870400 0.936400 0.796400 0.899600 0.913800 0.915000 
21
1.000000 0.869400 0.935600 0.798400 0.906800 0.917000 0.914600 
22
1.000000 0.869200 0.937200 0.792800 0.904200 0.913000 0.913800 
23
1.000000 0.869600 0.929600 0.797000 0.905600 0.914200 0.913600 
24
1.000000 0.870400 0.936400 0.758800 0.859800 0.853600 0.951000 
25
1.000000 0.869400 0.935600 0.759600 0.859600 0.854000 0.951600 
26
1.000000 0.869200 0.937200 0.765000 0.862200 0.852800 0.952000 
27
1.000000 0.869600 0.929600 0.757000 0.855800 0.851800 0.951800 
28
1.000000 0.870600 0.937800 0.893200 0.895800 0.859200 0.932000 
29
1.000000 0.870400 0.938600 0.891200 0.900400 0.856800 0.933600 
30
1.000000 0.869200 0.936600 0.890400 0.902000 0.859000 0.933000 
31
1.000000 0.868200 0.930400 0.889600 0.901000 0.857600 0.933000 
32
1.000000 0.870600 0.937800 0.902600 0.848400 0.862600 0.933600 
33
1.000000 0.870400 0.938600 0.900600 0.848600 0.862400 0.933000 
34
1.000000 0.869200 0.936600 0.901400 0.848400 0.858800 0.932400 
35
1.000000 0.868200 0.930400 0.901200 0.843400 0.862200 0.933000 
36
1.000000 0.870600 0.937400 0.894000 0.839400 0.858600 0.933600 
37
1.000000 0.870400 0.938600 0.895800 0.838000 0.858800 0.934600 
38
1.000000 0.869200 0.936600 0.894800 0.840200 0.858800 0.934200 
39
1.000000 0.863400 0.935200 0.890000 0.836800 0.860600 0.934800 
40
1.000000 0.870600 0.937800 0.877200 0.882400 0.946200 0.941600 
41
1.000000 0.870400 0.938200 0.874800 0.880600 0.945000 0.940600 
42
1.000000 0.869200 0.936600 0.877800 0.882800 0.945400 0.940200 
43
1.000000 0.863400 0.935200 0.872400 0.880000 0.949600 0.941200 
44
1.000000 0.870600 0.935800 0.758000 0.896800 0.933000 0.888000 
45
1.000000 0.870400 0.937200 0.758800 0.889200 0.929200 0.888000 
46
1.000000 0.869200 0.936600 0.766400 0.888600 0.930600 0.889000 
47
1.000000 0.863400 0.935000 0.751800 0.888200 0.930200 0.888800 
48
1.000000 0.870600 0.935800 0.809600 0.889200 0.956200 0.899800 
49
1.000000 0.870400 0.937200 0.816600 0.890600 0.954800 0.899000 
50
1.000000 0.869200 0.936600 0.808800 0.889600 0.954000 0.899200 
51
1.000000 0.863400 0.935000 0.803800 0.889000 0.954000 0.899800 
52
1.000000 0.870600 0.935800 0.761800 0.859000 0.901200 0.941600 
53
1.000000 0.870400 0.937200 0.760600 0.847800 0.901600 0.941000 
54
1.000000 0.869200 0.936600 0.766800 0.848200 0.903800 0.940800 
55
1.000000 0.863400 0.935000 0.752800 0.848800 0.900600 0.942000 
56
1.000000 0.870600 0.931400 0.755200 0.871000 0.904000 0.938200 
57
1.000000 0.870400 0.931600 0.752600 0.870600 0.909200 0.938400 
58
1.000000 0.869200 0.936800 0.760800 0.872200 0.909800 0.937600 
59
1.000000 0.863400 0.929400 0.747200 0.871800 0.904600 0.937600 
60
1.000000 0.870600 0.938600 0.937000 0.907200 0.922000 0.937800 
61
1.000000 0.870400 0.938000 0.937800 0.907000 0.921800 0.938200 
62
1.000000 0.869200 0.936600 0.938200 0.907200 0.923200 0.937200 
63
1.000000 0.863400 0.935200 0.934200 0.906600 0.922000 0.937800 
64
1.000000 -0.000200 0.000000 0.000000 0.000000 0.000200 0.000000 
65
1.000000 -0.000200 0.000000 0.000000 0.000000 0.000200 0.000000 
66
1.000000 -0.000200 0.000000 0.000000 0.000000 0.000200 0.000000 
67
1.000000 -0.000200 0.000000 0.000000 0.000000 0.000200 0.000000 
68
1.000000 -0.000200 0.000000 0.000000 0.000000 0.000200 0.000000 
69
1.000000 -0.000200 0.000000 0.000000 0.000000 0.000200 0.000000 
70
1.000000 -0.000200 0.000000 0.000000 0.000000 0.000200 0.000000 
71
1.000000 -0.000200 0.000000 0.000000 0.000000 0.000200 0.000000 
72
1.000000 -0.000200 0.000000 0.000000 0.000000 0.000200 0.000000 
73
1.000000 -0.000200 0.000000 0.000000 0.000000 0.000200 0.000000 
74
1.000000 -0.000200 0.000000 0.000000 0.000000 0.000200 0.000000 
75
1.000000 -0.000200 0.000000 0.000000 0.000000 0.000200 0.000000 
76
1.000000 -0.000200 0.000000 0.000000 0.000000 0.000200 0.000000 
77
1.000000 -0.000200 0.000000 0.000000 0.000000 0.000200 0.000000 
78
1.000000 -0.000200 0.000000 0.000000 0.000000 0.000200 0.000000 
79
1.000000 -0.000200 0.000000 0.000000 0.000000 0.000200 0.000000 
80
1.000000 -0.000200 0.000000 0.000000 0.000000 0.000200 0.000000 
81
1.000000 -0.000200 0.000000 0.000000 0.000000 0.000200 0.000000 
82
1.000000 -0.000200 0.000000 0.000000 0.000000 0.000200 0.000000 
83
1.000000 -0.000200 0.000000 0.000000 0.000000 0.000200 0.000000 
84
1.000000 -0.000200 0.000000 0.000000 0.000000 0.000200 0.000000 
85
1.000000 -0.000200 0.000000 0.000000 0.000000 0.000200 0.000000 
86
1.000000 -0.000200 0.000000 0.000000 0.000000 0.000200 0.000000 
87
1.000000 -0.000200 0.000000 0.000000 0.000000 0.000200 0.000000 
88
1.000000 -0.000200 0.000000 0.000000 0.000000 0.000200 0.000000 
89
1.000000 -0.000200 0.000000 0.000000 0.000000 0.000200 0.000000 
90
1.000000 -0.000200 0.000000 0.000000 0.000000 0.000200 0.000000 
91
1.000000 -0.000200 0.000000 0.000000 0.000000 0.000200 0.000000 
92
1.000000 -0.000200 0.000000 0.000000 0.000000 0.000200 0.000000 
93
1.000000 -0.000200 0.000000 0.000000 0.000000 0.000200 0.000000 
94
1.000000 -0.000200 0.000000 0.000000 0.000000 0.000200 0.000000 
95
1.000000 -0.000200 0.000000 0.000000 0.000000 0.000200 0.000000 
96
1.000000 -0.000200 0.000000 0.000000 0.000000 0.000200 0.000000 
97
1.000000 -0.000200 0.000000 0.000000 0.000000 0.000200 0.000000 
98
1.000000 -0.000200 0.000000 0.000000 0.000000 0.000200 0.000000 
99
1.000000 -0.000200 0.000000 0.000000 0.000000 0.000200 0.000000 
100
1.000000 -0.000200 0.000000 0.000000 0.000000 0.000200 0.000000 
101
1.000000 -0.000200 0.000000 0.000000 0.000000 0.000200 0.000000 
102
1.000000 -0.000200 0.000000 0.000000 0.000000 0.000200 0.000000 
103
1.000000 -0.000200 0.000000 0.000000 0.000000 0.000200 0.000000 
104
1.000000 -0.000200 0.000000 0.000000 0.000000 0.000200 0.000000 
105
1.000000 -0.000200 0.000000 0.000000 0.000000 0.000200 0.000000 
106
1.000000 -0.000200 0.000000 0.000000 0.000000 0.000200 0.000000 
107
1.000000 -0.000200 0.000000 0.000000 0.000000 0.000200 0.000000 
108
1.000000 -0.000200 0.000000 0.000000 0.000000 0.000200 0.000000 
109
1.000000 -0.000200 0.000000 0.000000 0.000000 0.000200 0.000000 
110
1.000000 -0.000200 0.000000 0.000000 0.000000 0.000200 0.000000 
111
1.000000 -0.000200 0.000000 0.000000 0.000000 0.000200 0.000000 
