task94
0.012000 1.010523 2.003352 2.003573 3.013250 3.013843 4.070883 4.090556 5.256362 5.263281 
task15
0.022000 1.045915 2.022576 2.030029 3.028069 3.032849 4.115942 4.115971 5.292803 5.296150 
task10
0.022000 1.045914 2.025595 2.029917 3.028069 3.039152 4.115942 4.116046 5.292803 5.292901 
task13
0.022000 1.062862 2.030342 2.031857 3.028069 3.031363 4.115942 4.116138 5.292803 5.292837 
task0
0.022000 1.026922 2.030342 2.030674 3.028069 3.070472 4.115942 4.115972 5.292803 5.292841 
task1
0.024000 1.080978 2.033536 2.059928 3.087306 3.100606 4.128142 4.160611 5.320602 5.337223 
task14
0.024000 1.054895 2.033514 2.056822 3.087199 3.097617 4.126211 4.134555 5.353317 5.370926 
task12
0.024000 1.058777 2.032844 2.044634 3.087583 3.113160 4.128185 4.202205 5.353144 5.366802 
task11
0.024000 1.077903 2.034252 2.072066 3.087149 3.094443 4.126203 4.129791 5.345211 5.357385 
task2
0.024000 1.071617 2.034391 2.075155 3.086821 3.091718 4.126315 4.145285 5.319912 5.325137 
task9
0.024000 1.090759 2.033734 2.062940 3.087524 3.110117 4.126272 4.137617 5.346527 5.360454 
task6
0.024000 1.065398 2.033121 2.050855 3.087735 3.122420 4.127744 4.157649 5.320402 5.329171 
task3
0.024000 1.084646 2.034703 2.078394 3.087637 3.112628 4.126393 4.150701 5.352970 5.363689 
task4
0.024000 1.068694 2.034091 2.069138 3.088766 3.131557 4.126376 4.148425 5.325596 5.325629 
task7
0.024000 1.059223 2.033952 2.066042 3.087584 3.116294 4.126402 4.154471 5.333502 5.352822 
task5
0.024000 1.062391 2.033398 2.052791 3.088663 3.128462 4.126307 4.142248 5.329617 5.344360 
task8
0.024000 1.074757 2.032982 2.046674 3.088494 3.124917 4.126289 4.139263 5.332532 5.349735 
task16
0.062000 1.091062 2.084645 2.103818 3.141329 3.142483 4.171884 4.172211 5.381663 5.381698 
task17
0.062291 0.093252 1.095249 1.126505 2.114149 2.223325 3.142607 3.173595 4.174127 4.210134 5.399093 5.443984 
task20
0.063030 0.103098 1.091447 1.091855 1.091918 1.096043 1.096708 1.097449 2.113037 2.118292 3.143329 3.192823 4.174127 4.193458 5.404374 5.453830 
task19
0.128333 0.137698 0.144961 0.145298 0.148287 0.149098 0.151243 0.151751 0.152351 0.152698 0.152721 0.154551 0.154568 0.156751 0.156785 0.157498 0.157524 0.159351 0.159372 0.161351 1.160772 1.168972 1.206010 1.209240 1.209483 1.215997 2.209628 2.235208 2.274212 2.276375 3.216866 3.229032 3.229429 3.230634 3.230907 3.231298 3.231646 3.233642 3.233864 3.234960 3.235342 3.235751 3.236081 3.237308 3.237559 3.238771 4.262433 4.281240 4.447131 4.447538 4.450381 4.452082 4.452793 4.454474 4.454733 4.456469 4.465163 4.537042 5.507088 5.510919 5.511226 5.519745 5.520566 5.547414 5.547734 5.554797 
task18
0.156721 0.161785 0.161894 0.163243 0.163372 0.163985 0.164111 0.164517 0.164545 0.164743 0.164850 0.165643 0.166023 0.166385 0.166762 0.167043 0.167501 0.167843 0.168240 0.168585 0.168979 0.169185 0.169718 0.170043 0.170457 0.170785 0.171196 0.171443 0.171936 0.172243 0.172675 0.172991 0.173414 0.173643 0.174153 0.174443 0.174892 0.175191 0.175631 0.175991 0.176370 0.176643 0.177109 0.177443 0.177848 0.178111 0.178587 0.178845 0.179326 0.179643 0.180065 0.180243 0.180804 0.181058 0.181543 0.181845 0.182282 0.182458 1.170291 1.181012 1.181472 1.181748 1.182211 1.182418 1.182950 1.183172 1.183689 1.183912 1.184428 1.184671 1.185167 1.185348 1.185906 1.186078 1.186645 1.186969 1.187384 1.187603 1.188123 1.188346 1.188862 1.189057 1.189601 1.189815 1.190340 1.190517 1.191148 1.193275 1.194364 1.206289 1.209483 1.210240 1.210681 1.211182 1.211420 1.211726 1.212159 1.212514 1.212898 1.213194 2.225763 2.230823 2.231071 2.235586 2.237288 2.248445 2.250142 2.272402 3.228039 3.239375 3.239776 3.240095 3.240515 3.240692 3.241254 3.241422 3.241993 3.242295 3.242732 3.242942 3.243471 3.243746 3.244210 3.244442 3.244949 3.245235 3.245688 3.245857 3.246427 3.246638 3.247166 3.247409 3.247905 3.248178 3.248644 3.248889 3.249383 3.249566 3.250122 3.250313 3.250861 3.251078 3.251600 3.251894 3.252339 3.252578 4.605128 4.605737 4.606345 4.608262 4.608519 4.624680 4.641608 4.665568 5.519434 5.539809 5.540344 5.542140 5.542561 5.542843 5.543300 5.552382 
task21
0.167284 0.198394 0.206846 0.209215 1.214010 1.216129 1.217509 1.240934 1.242068 1.248042 2.235506 2.268363 3.241125 3.262837 4.619041 4.643249 4.643673 4.645542 4.648986 4.655002 5.557693 5.577257 
task22
0.190640 0.192571 0.192996 0.194409 0.194762 0.196411 0.196529 0.198051 0.198220 0.198412 0.198532 0.198651 0.198651 0.199309 0.199467 0.199863 0.199908 0.200052 0.200063 0.200109 0.200220 0.200314 0.200402 0.200414 0.200532 0.200652 0.200714 0.200911 0.201026 0.201051 0.201155 0.201451 0.201467 0.201711 0.201779 0.201829 0.201829 0.202029 0.202091 0.202165 0.202220 0.202629 0.202714 0.202765 0.202843 0.202911 0.203007 0.203029 0.203155 0.203171 0.203338 0.203429 0.203451 0.204511 0.204663 0.204709 0.204975 0.205109 0.205287 0.205311 0.205599 0.205711 0.205910 0.206003 0.206222 0.206371 0.206534 0.206571 0.206846 0.206857 0.207158 0.207171 0.207469 0.207571 0.207781 0.207857 0.208093 0.208171 0.208405 0.208509 1.219866 1.229632 1.229913 1.229980 1.230225 1.230302 1.230537 1.230614 1.230848 1.231037 1.231163 1.231363 1.231475 1.231548 1.231787 1.231909 1.232098 1.232245 1.232410 1.232497 1.232722 1.232837 1.233034 1.233154 1.233345 1.233374 1.233657 1.233823 1.233969 1.234123 1.234281 1.234326 1.234593 1.234706 1.234904 1.234986 1.235216 1.235249 1.235528 1.235552 1.235840 1.235980 1.236151 1.236275 1.236463 1.236588 1.237052 1.240500 1.240682 1.240809 1.240994 1.241071 1.241305 1.241386 1.241617 1.241805 1.241929 1.242226 1.242351 1.242417 1.242508 1.242831 1.242924 1.243126 1.243340 1.243448 1.243478 1.243492 1.243617 1.243822 1.243894 1.244178 1.244310 1.244385 1.244448 1.244720 1.244725 1.244934 1.245002 1.245431 1.245870 1.245932 1.246009 1.246112 1.246148 1.246252 1.246286 1.246709 1.247152 1.247232 2.257288 2.267857 2.268150 2.268209 2.268387 2.268502 2.268779 2.268969 2.269091 2.269214 2.269403 2.269508 2.269564 2.269743 2.269798 2.269977 2.270026 2.270442 2.270467 2.270640 2.270650 2.270703 2.270779 2.270929 2.270962 2.271146 2.271273 2.271289 2.271403 2.271628 2.271715 2.271755 2.271838 2.272111 2.272150 2.272334 2.272338 2.272366 2.272467 2.272558 2.272650 2.272752 2.272779 2.272862 2.272962 2.273023 2.273091 2.273405 2.273526 2.273614 2.273715 2.273757 2.273838 2.273995 2.274026 2.274317 2.274338 2.274368 2.274467 2.274549 2.274650 2.275025 2.275091 2.275149 2.275156 2.275406 2.275473 2.275615 2.275715 2.275759 2.275791 2.276369 2.276467 2.276551 2.276650 2.276755 2.276779 2.277026 2.277091 2.277151 2.277156 2.277408 2.277459 2.277617 2.277693 2.277760 2.277791 2.277999 2.278026 2.278371 2.278467 2.278628 2.278650 2.278757 2.278779 2.279028 2.279091 2.279152 2.279156 2.279256 2.279263 2.279409 2.279473 2.279618 2.279715 2.279762 2.279771 2.280000 2.280026 2.289225 3.259600 3.262203 3.262465 3.262645 3.262823 3.262938 3.263054 3.263306 3.263447 3.263525 3.263643 3.263886 3.264071 3.264688 3.264694 3.265143 3.265318 3.265473 3.265629 3.265674 3.265759 3.265809 3.265941 3.266778 3.266823 3.266926 3.267006 3.267145 3.267177 3.267440 3.267447 3.267474 3.267500 3.268186 3.268200 3.268312 3.268355 3.268652 3.268694 3.268771 3.268823 3.269132 3.269135 3.269146 3.269188 3.269246 3.269318 3.269442 3.269447 3.269476 3.269500 3.269515 3.269532 3.270165 3.270200 3.270313 3.270382 3.270654 3.270694 3.270917 3.271006 3.271078 3.271135 3.271251 3.271299 3.271468 3.271500 3.271515 3.271611 3.272009 3.272071 3.272166 3.272200 3.272358 3.272382 3.272497 3.272512 3.272654 4.667405 4.667868 4.668028 4.668155 4.668340 4.669626 4.669899 4.670043 4.670211 4.670329 4.670522 4.670654 4.670834 4.670914 4.671146 4.671512 4.671769 4.672497 4.672705 4.673086 4.673328 4.673331 4.673640 4.673663 4.673952 4.674014 4.674264 4.674440 4.674575 4.674711 4.674887 4.675080 4.675199 4.675394 4.675511 4.675537 4.675823 4.675911 4.676134 4.676266 4.676446 4.676580 5.584282 5.601866 
task23
0.210000 0.211338 1.260132 1.262107 2.290854 2.292276 3.274838 3.276245 4.687995 4.689401 5.637471 5.638770 
task24
0.211467 0.218932 0.220343 0.220535 0.220700 0.220735 0.221533 0.221663 0.222129 0.222228 0.222757 0.222938 0.223017 0.223132 0.223233 0.223345 0.223374 0.223438 0.223471 0.223477 0.223504 0.223734 0.223753 0.223914 1.262408 1.265412 1.265443 1.265500 1.265573 1.265723 1.265725 1.265954 1.266096 1.266165 1.266205 1.266363 1.266397 1.266411 1.266444 1.266537 1.266647 1.266775 1.266839 1.266977 1.267070 1.267135 1.267378 1.267560 1.267650 1.267818 1.267923 1.268029 1.268053 1.268068 1.268183 1.268258 1.268443 1.268543 1.268704 1.268948 1.269225 1.269228 1.269485 1.269665 1.270396 1.270463 1.270785 1.270945 1.271175 1.271315 1.272085 1.272106 1.272867 1.273120 1.273128 1.273563 2.292467 2.293251 2.293263 2.293468 2.293473 2.293691 2.293691 2.294451 2.294513 2.294602 2.294621 2.294658 2.294697 2.294835 2.295294 2.295392 2.295870 2.295940 2.296990 2.297038 2.300337 2.300485 3.276433 3.277863 3.277926 3.277931 3.277941 3.278746 4.689640 4.690425 4.690446 4.690512 4.690522 4.691111 4.691146 4.691829 4.691858 4.691886 4.691901 4.692110 5.641841 5.647420 
task54
0.230215 0.230438 0.230700 0.233115 0.233398 0.233535 0.233749 0.233877 0.234070 0.234077 0.822359 0.822466 0.822549 0.822671 0.822740 0.822871 0.822956 0.823078 0.823112 0.823325 1.281761 1.282042 1.285603 1.285737 1.302717 1.302760 1.304269 1.304280 1.310104 1.310151 1.316469 1.316563 1.317121 1.317180 1.318673 1.318685 1.321536 1.321552 1.322091 1.322158 1.322646 1.322649 1.325511 1.325603 1.327064 1.327249 1.330241 1.330271 1.332118 1.332189 1.335849 1.335888 1.918201 1.934191 2.310270 2.310477 2.310663 2.310685 2.310990 2.311189 2.311218 2.311331 2.311396 2.311715 2.311772 2.311806 2.312109 2.312142 2.312182 2.312266 2.902174 2.902220 2.902468 2.902540 2.902650 2.903054 2.903092 2.903503 3.280325 3.280457 3.280532 3.280554 3.280645 3.280762 3.280909 3.281078 3.281485 3.281682 3.281849 3.281926 3.281926 3.282094 3.872143 3.872448 3.872602 3.872915 3.872983 3.873283 3.873295 3.873468 4.700415 4.700497 4.700692 4.700825 4.701022 4.701095 4.701099 4.701155 4.701166 4.701205 4.701354 4.701495 4.701507 4.701548 4.701563 4.701596 4.701739 4.702218 5.256362 5.256669 5.292275 5.292385 5.292491 5.292509 5.292665 5.292691 5.292820 5.293086 5.293089 5.293377 5.660043 5.660077 5.660130 5.660180 5.660520 5.660738 5.660775 5.660825 5.660852 5.660885 5.661007 5.661183 5.661305 5.661377 
task31
0.230218 0.230358 0.231171 0.232066 0.232442 0.232671 0.233072 0.235871 0.235947 0.236066 0.236572 0.236671 0.236888 0.237071 0.237517 0.237671 0.238145 0.238329 0.238774 0.238929 0.822359 0.822517 0.822549 0.822658 0.822662 0.823454 1.281761 1.281866 1.285603 1.295269 1.302717 1.321177 1.321536 1.321812 1.325511 1.326683 1.331563 1.331712 1.332446 1.332685 1.335849 1.345509 1.918201 1.935420 2.310270 2.312674 2.312832 2.313071 2.313152 2.313285 2.313476 2.313620 2.314730 2.314945 2.902174 2.902405 2.902468 2.902572 2.902650 2.903522 3.280325 3.281840 3.281849 3.282489 3.283556 3.283762 3.285741 3.286014 3.872143 3.872242 3.872273 3.872526 3.872602 3.872717 3.872750 3.873428 4.700415 4.703287 4.704029 4.704171 4.705295 4.705397 5.256362 5.256980 5.292275 5.292409 5.292491 5.292758 5.292820 5.293358 5.660043 5.660223 5.660520 5.660719 5.660775 5.660958 5.661007 5.661206 5.661305 5.661408 
task30
0.230220 0.244140 0.822359 0.823629 1.343661 1.352955 1.920920 1.931355 2.310272 2.310578 2.310589 2.311138 2.312175 2.319974 2.902174 2.903808 3.280326 3.280509 3.280646 3.281451 3.281605 3.291600 3.872143 3.873772 4.700526 4.710349 5.256362 5.256522 5.292275 5.293682 5.660043 5.665962 
task25
0.230223 0.753862 0.763899 0.764062 0.764211 0.764325 0.767952 0.768126 0.772326 0.772440 0.775448 0.775575 0.777945 0.778062 0.779504 0.779662 0.788001 0.788263 0.790504 0.790582 0.793648 0.793838 0.794938 0.795066 0.796186 0.796375 0.797141 0.797238 0.797453 0.797575 0.799020 0.799238 0.799332 0.799580 0.799644 0.799860 0.800296 0.800438 0.800948 0.801062 0.801571 0.801845 0.801886 0.803246 0.806181 0.806375 0.806527 0.806780 0.808628 0.808780 0.808974 0.809180 0.809321 0.809575 0.809632 0.809780 0.809962 0.810175 0.821415 0.821798 0.822160 0.822282 0.822359 0.823685 1.281761 1.828663 1.854689 1.854851 1.872169 1.872338 1.872489 1.872658 1.875927 1.876165 1.877486 1.877614 1.878733 1.878855 1.883744 1.883846 1.884682 1.884902 1.884994 1.885203 1.886558 1.886702 1.886869 1.887035 1.887805 1.887914 1.888143 1.888323 1.889710 1.889918 1.896693 1.896838 1.901502 1.901717 1.902819 1.903298 1.903451 1.903718 1.903763 1.903872 1.904395 1.904522 1.904707 1.904935 1.905036 1.905263 1.905685 1.905908 1.906346 1.906545 1.906658 1.906866 1.907040 1.907152 1.907377 1.907529 1.907743 1.907874 1.918201 1.919977 1.920123 1.920426 1.920530 1.934226 2.310272 2.827932 2.831812 2.831986 2.844600 2.844705 2.850853 2.851006 2.858044 2.858126 2.862746 2.862846 2.867755 2.867935 2.868690 2.868960 2.871828 2.872055 2.872139 2.872215 2.874339 2.874520 2.874971 2.875097 2.875286 2.875414 2.875597 2.875772 2.875912 2.876094 2.876856 2.877108 2.877808 2.877906 2.882265 2.882403 2.882577 2.882851 2.882906 2.883063 2.883530 2.883791 2.883841 2.884346 2.884811 2.884986 2.885825 2.886008 2.888590 2.888749 2.888989 2.889189 2.889301 2.889417 2.889647 2.889843 2.890011 2.890168 2.901481 2.901689 2.901802 2.901978 2.902079 2.902371 2.902468 2.903752 3.280329 3.801563 3.807099 3.807191 3.813961 3.814195 3.820519 3.820778 3.820831 3.821411 3.824895 3.825051 3.825831 3.826102 3.830220 3.830366 3.830532 3.830638 3.838724 3.838848 3.839036 3.839275 3.846307 3.846517 3.846619 3.846871 3.847900 3.848075 3.850776 3.850948 3.852036 3.852114 3.852348 3.852489 3.852660 3.852817 3.853962 3.854062 3.854897 3.855088 3.855878 3.856118 3.856190 3.856345 3.856882 3.857011 3.857193 3.857380 3.858168 3.858366 3.858524 3.858749 3.859278 3.859498 3.859590 3.859798 3.860072 3.860323 3.871312 3.871465 3.871702 3.871885 3.871987 3.873658 4.700205 5.229705 5.235088 5.235297 5.235400 5.235592 5.241958 5.242135 5.247896 5.247986 5.250713 5.250817 5.251025 5.251155 5.256362 5.256592 5.260446 5.260632 5.262326 5.262577 5.263905 5.264131 5.264225 5.264480 5.264537 5.264796 5.266754 5.266949 5.268647 5.268906 5.268967 5.269157 5.269288 5.269452 5.272476 5.272654 5.273100 5.273300 5.274770 5.275017 5.275394 5.275577 5.275723 5.275948 5.277096 5.277334 5.277425 5.277537 5.277737 5.277988 5.278715 5.278871 5.279096 5.279357 5.279499 5.279617 5.279846 5.280080 5.291062 5.291325 5.291417 5.291822 5.291972 5.292168 5.292275 5.292425 5.292491 5.293589 5.660043 5.662189 
task35
0.230554 0.231710 1.281318 1.285279 2.311408 2.313248 3.281392 3.282817 4.700549 4.701973 5.660025 5.660541 
task83
0.753608 0.826580 1.828482 1.937425 2.827759 2.906672 3.801487 3.876648 5.222303 5.296618 5.660043 5.665446 
task90
0.801886 0.803435 0.822826 0.855352 1.902819 1.904402 1.921154 1.923738 2.883841 2.885265 2.903075 2.937182 3.820831 3.822371 3.871710 3.900088 5.222303 5.223838 5.291062 5.319555 5.660389 5.661898 
task26
0.823415 0.827011 0.855032 0.909586 1.956617 1.974105 2.903802 2.906726 2.935319 2.981965 3.873312 3.877258 3.898865 3.939991 5.317907 5.396518 5.757682 5.770723 
task33
0.853052 0.855082 0.855262 0.855289 0.855798 0.855832 0.855852 0.855889 0.856779 0.856989 0.857060 0.857232 0.857340 0.857608 0.858121 0.858192 0.858623 0.858820 0.859084 0.859091 0.859137 0.859248 0.860129 0.860629 0.860825 0.860983 0.861403 0.861428 0.872471 0.872522 0.875104 0.875322 0.875796 0.876063 0.876974 0.879863 0.881276 0.882922 0.882939 0.883118 0.883429 0.883577 0.883776 0.895875 1.953656 1.953732 1.954012 1.954197 1.954210 1.955623 1.956109 1.956171 1.956843 1.956923 1.957204 1.957365 1.957382 1.957483 1.957555 1.957705 1.957728 1.957906 1.958074 1.958306 1.958421 1.958492 1.958594 1.958680 1.958767 1.958921 1.958940 1.959094 1.959114 1.959252 1.959287 1.959558 1.959633 1.959654 1.959807 1.959846 1.959980 1.960017 1.960153 1.960212 1.960811 1.960862 1.960984 1.961003 1.961643 1.961822 1.961989 1.962055 1.962162 1.962302 1.962647 1.978089 2.934832 2.936840 2.937306 2.938449 2.938766 2.938935 2.939250 2.939438 2.939735 2.939940 2.940220 2.940297 2.940714 2.940863 2.941199 2.941857 2.942178 2.942312 2.942663 2.943808 2.944122 2.944218 2.944607 2.945286 2.945583 2.945778 2.946069 2.946269 2.946554 2.946734 2.947039 2.947049 2.947524 2.947609 2.948009 2.948137 2.948494 2.948646 2.948979 2.949065 3.898379 3.900451 3.900832 3.903471 3.903783 3.903812 3.904268 3.904285 3.904753 3.904835 3.905238 3.905282 3.905723 3.906826 3.907181 3.907325 3.907666 3.907691 3.908150 3.908732 3.909122 3.910295 3.910583 3.910734 3.911068 3.911103 3.911553 3.911606 3.912038 3.912088 3.912523 3.912674 5.317417 5.318172 5.318275 5.318889 5.318890 5.319253 5.319420 5.319537 5.319913 5.319991 5.320407 5.320531 5.321088 5.321142 5.321576 5.321635 5.326082 5.326186 5.329132 5.329334 5.331074 5.331115 5.332047 5.332086 5.337035 5.337208 5.337208 5.337412 5.338351 5.338478 5.339495 5.339562 5.339668 5.339800 5.339841 5.339899 5.340014 5.340215 5.340672 5.340797 5.344379 5.344388 5.344552 5.344618 5.344726 5.344831 5.345695 5.345769 5.345869 5.345935 5.346042 5.346152 5.349749 5.349898 5.353490 5.353572 5.353663 5.353755 5.353836 5.353848 5.354010 5.354163 5.354183 5.354205 5.360453 5.360465 5.360626 5.360657 5.363675 5.363683 5.366723 5.366786 5.370926 5.390709 5.662086 5.662177 5.662211 5.662279 5.662299 5.662395 5.662598 5.662766 5.662930 5.663089 5.663107 5.663175 5.664043 5.664182 5.664211 5.664283 5.664299 5.664400 5.664522 5.664557 5.664587 5.664771 5.664775 5.664894 5.664930 5.665180 5.665251 5.665343 5.665847 5.666186 5.666211 5.666288 5.666299 5.666405 5.666522 5.666552 5.666587 5.666889 5.666930 5.667185 5.667251 5.667338 5.667405 5.668545 5.708852 5.722622 
task27
0.853108 0.855243 0.855262 0.863375 0.864667 0.867265 0.868032 0.870063 0.870391 0.871868 0.872471 0.909532 1.989467 1.990432 1.990442 1.994340 2.934834 2.937018 2.937306 2.938489 2.938766 2.938992 2.939250 2.939923 2.940220 2.941014 2.941199 2.943832 2.944122 2.945865 2.946069 2.946851 2.947039 2.948298 2.948494 2.975643 3.898380 3.899612 3.899862 3.900078 3.900347 3.900540 3.900832 3.903577 3.903783 3.904056 3.904268 3.904452 3.904753 3.906978 3.907181 3.907435 3.907666 3.907871 3.908150 3.908852 3.909122 3.910368 3.910583 3.911282 3.911553 3.912314 3.912523 3.912791 5.369663 5.369874 5.370280 5.373338 5.373351 5.375145 5.770043 5.772199 
task28
0.853291 0.853600 0.854580 0.854806 0.855032 0.856063 0.859712 0.859923 0.860129 0.860982 0.861001 0.861191 0.861403 0.861591 0.861892 0.862180 0.864667 0.864865 0.865156 0.865392 0.865815 0.866242 0.868032 0.868325 0.868865 0.869105 0.870391 0.870582 0.870668 0.870862 0.872471 0.896475 1.989467 1.994466 2.934834 2.935100 2.935319 2.935532 2.935844 2.936075 2.936332 2.937297 2.937306 2.937578 2.937793 2.938045 2.938281 2.940218 2.940220 2.941409 2.941693 2.942894 2.943149 2.943415 2.943637 2.944775 2.945098 2.949665 3.898380 3.898598 3.898820 3.899088 3.899377 3.901148 3.901319 3.901626 3.901805 3.902003 3.902292 3.902477 3.902780 3.903072 3.903298 3.904748 3.904753 3.906014 3.906209 3.906540 3.906696 3.908452 3.908637 3.909417 3.909611 3.909885 3.910098 3.911340 3.911553 3.913131 5.359668 5.359828 5.359841 5.360269 5.360351 5.361198 5.361208 5.361785 5.362672 5.363408 5.363420 5.364723 5.369663 5.370022 5.370280 5.375292 5.761008 5.763558 5.763847 5.764145 5.770043 5.772346 
task86
0.853291 0.907575 1.953660 1.984754 2.934834 2.960774 3.898380 3.924197 5.317422 5.390925 5.708852 5.722569 
task84
0.854520 0.903928 1.954145 1.978022 2.935319 2.957117 3.898865 3.918811 5.317907 5.370782 5.370926 5.391242 5.708852 5.714874 
task85
0.873032 0.885326 0.892342 0.905534 0.905808 0.909551 0.911850 0.921669 1.965643 1.979551 1.986275 2.002180 2.972009 2.975097 3.937317 3.942488 5.337420 5.341851 5.770043 5.772905 
task29
0.907808 0.916938 2.003296 2.008114 2.958766 2.959142 2.959319 2.959720 2.961306 2.961617 2.961735 2.962209 2.962332 2.962638 2.962766 2.963220 2.964281 2.965148 2.965149 2.966632 2.966663 2.969142 2.969149 2.980654 3.916780 3.917651 3.922347 3.923278 3.924832 3.925175 3.925319 3.925762 3.925805 3.926332 3.926347 3.926716 3.926780 3.927202 3.927298 3.929725 3.929783 3.953433 5.381190 5.388445 5.392053 5.393282 5.418176 5.494240 5.776086 5.777591 5.777913 5.779711 5.779847 5.780926 5.783847 5.801798 
task87
0.907947 0.920934 1.989305 1.998415 2.972009 2.978274 3.936832 3.946023 5.369663 5.379288 5.725405 5.738731 
task32
0.916833 0.919797 0.919899 0.920371 0.920609 0.920928 0.921735 0.921988 0.922290 0.922491 0.923554 0.924134 0.924266 0.924700 0.924837 0.925108 0.925861 0.926615 0.926711 0.927200 0.927421 0.928295 0.931159 0.931425 0.932044 0.932334 0.933812 0.947812 2.021376 2.021708 2.021791 2.029177 2.029494 2.031222 2.972009 2.973469 2.973524 2.974148 3.936994 3.948705 5.393065 5.395669 5.395854 5.396191 5.396841 5.397048 5.397551 5.397752 5.397967 5.398185 5.398383 5.398580 5.399508 5.400022 5.400220 5.400635 5.400792 5.401554 5.401642 5.401941 5.402215 5.402526 5.402786 5.403085 5.403358 5.403846 5.404513 5.404875 5.405084 5.405429 5.421918 5.427228 5.431711 5.434692 5.785682 5.787737 
task36
0.917526 0.931572 0.932044 0.932482 0.933812 0.996057 2.008737 2.042832 2.972009 2.974285 3.936994 3.948557 5.393619 5.399298 5.399508 5.402025 5.402215 5.406380 5.406710 5.406982 5.408628 5.408866 5.409957 5.410108 5.410548 5.410794 5.411138 5.411423 5.412612 5.413265 5.413671 5.413972 5.414413 5.414631 5.415181 5.415384 5.415923 5.416208 5.416665 5.416855 5.417407 5.417628 5.418153 5.418466 5.421918 5.427818 5.431711 5.434988 5.785682 5.801502 
task88
0.923555 0.947805 1.995957 2.021180 2.981250 2.996851 3.953419 3.982608 5.405823 5.465166 5.735847 5.752782 
task34
0.949159 0.953931 0.975375 0.989242 2.022252 2.022698 2.022844 2.023308 2.023514 2.023643 2.023791 2.025852 2.025872 2.026835 2.026842 2.026960 2.026982 2.027674 2.027675 2.028929 2.029632 2.030118 2.030342 2.030494 2.030640 2.030852 2.979250 2.979710 2.980009 3.016385 3.943156 3.943417 3.943862 3.944032 3.944126 3.944255 3.944287 3.944655 3.944994 3.945788 3.945802 3.946566 3.946611 3.946755 3.946772 3.946891 3.946934 3.954985 5.476897 5.481402 5.482108 5.487877 5.489711 5.524306 5.796211 5.799689 
task37
0.975242 0.983988 2.025514 2.027600 2.028391 2.072682 2.989250 2.999180 3.000220 3.008563 3.955419 3.959565 5.519434 5.543272 5.543300 5.552215 5.802522 5.806531 
task89
0.975320 0.991238 2.021463 2.035134 3.003250 3.018149 3.975641 3.983074 5.502428 5.516103 5.785682 5.792157 
task39
0.981375 0.993922 1.005846 1.014048 2.032842 2.037076 2.038940 2.040289 2.041989 2.043297 2.045037 2.046286 2.048086 2.049263 2.051134 2.052369 2.054183 2.055382 2.057231 2.058483 2.060280 2.061580 2.063328 2.064508 2.066377 2.067597 2.069425 2.070743 2.981250 2.984352 3.949036 3.952303 5.502428 5.507488 5.802522 5.807682 
task38
1.005800 1.008528 2.032842 2.037672 2.038940 2.040815 2.041989 2.043814 2.045037 2.046772 2.048086 2.049875 2.051134 2.052868 2.054183 2.055931 2.057231 2.058951 2.060280 2.061988 2.063328 2.065088 2.066377 2.068149 2.069425 2.071303 3.003250 3.006489 3.967197 4.001462 5.554039 5.558085 5.558282 5.579212 5.814522 5.819351 
task91
1.007168 1.007399 2.032854 2.032968 3.014838 3.014936 3.988278 3.988505 5.519471 5.519661 5.792025 5.792230 
task92
1.011846 1.018791 2.046842 2.073272 3.015250 3.034083 4.016874 4.037180 4.057235 4.084231 5.536737 5.559017 5.792211 5.801960 
task40
1.015448 1.022592 2.068149 2.093865 3.027039 3.030745 3.980712 3.984271 3.984449 3.997905 5.557693 5.576428 5.818852 5.824340 
task93
1.018813 1.022557 2.083037 2.093846 3.027039 3.032248 4.054414 4.056277 4.060057 4.062802 4.067999 4.072902 5.557693 5.577919 5.798522 5.809166 
task41
1.024986 1.035782 2.083037 2.120334 3.034009 3.053858 3.984874 3.995475 5.572282 5.608651 5.825405 5.869280 
task42
1.026054 1.032377 2.083037 2.088718 3.038607 3.050215 3.984874 3.991832 5.584293 5.605345 5.826522 5.832345 
task43
1.050401 1.095780 2.118367 2.145557 3.038607 3.046572 4.022066 4.028820 4.046439 4.077922 5.584282 5.601702 5.848299 5.862648 
task46
1.091258 1.091689 2.132854 2.133058 3.052838 3.053027 4.092278 4.092396 5.601471 5.601752 5.856025 5.856121 
task47
1.101454 1.117369 2.134854 2.135938 3.054838 3.056107 4.094278 4.095476 5.603471 5.604631 5.858025 5.859200 
task44
1.149684 1.167329 2.209759 2.219723 2.225153 2.233037 2.274212 2.280720 3.086979 3.090925 3.124142 3.127663 4.091255 4.094074 5.631217 5.641677 5.868389 5.890555 
task45
1.165118 1.193109 1.194590 1.208292 1.209483 1.215049 2.280026 2.283929 3.091870 3.093829 3.093870 3.138523 4.093255 4.098038 4.099942 4.125009 5.638905 5.656928 5.874299 5.898203 
task48
1.191148 1.208908 1.209483 1.215665 2.197628 2.234828 2.274951 2.277794 3.080766 3.090486 3.092924 3.093649 3.095972 3.096608 3.099027 3.099835 3.102075 3.104632 3.105124 3.107596 3.108172 3.110738 3.111221 3.111858 3.114269 3.116825 3.120384 3.122783 3.123432 3.127528 4.098148 4.100655 4.109942 4.110880 4.111284 4.113446 4.113501 4.115180 5.620293 5.653018 5.872043 5.876782 
task49
1.220599 1.248103 2.209628 2.231248 2.274951 2.276058 3.086821 3.090903 3.092924 3.093826 3.095972 3.097000 3.099027 3.099989 3.102075 3.111631 3.114269 3.117717 3.120384 3.137106 4.115942 4.117006 4.119942 4.121894 4.123284 4.125202 4.125284 4.127094 4.159884 4.169065 4.179721 4.261703 5.631217 5.637371 5.878043 5.885883 
task50
1.250924 1.257574 2.237288 2.274174 3.100220 3.103869 3.105124 3.106912 3.108172 3.110046 3.111221 3.113082 3.114269 3.116172 3.117329 3.119220 3.120384 3.122214 3.123432 3.126134 4.126203 4.131162 4.132300 4.134185 4.135357 4.137246 4.138414 4.140345 4.141463 4.143332 4.144511 4.146472 4.147560 4.149411 4.153657 4.155597 4.156774 4.158569 4.159866 4.164788 4.179721 4.214243 5.641841 5.646060 5.888522 5.895372 
task51
1.256275 1.261488 2.280026 2.284217 3.118009 3.120494 3.124009 3.126463 3.130009 3.135358 3.136009 3.138457 4.129251 4.129638 4.132300 4.132712 4.135357 4.135768 4.138414 4.138903 4.141463 4.142014 4.144511 4.144898 4.147560 4.148011 4.153657 4.154109 4.156774 4.157320 4.159866 4.160431 4.162941 4.163342 4.179721 4.219955 5.652134 5.657326 5.896211 5.901942 
task52
1.261484 1.265631 1.265714 1.265872 1.266123 1.266895 1.267070 1.267191 1.267378 1.267534 1.267650 1.267782 1.267923 1.268034 1.268053 1.268288 1.268443 1.268549 1.268704 1.268948 1.269225 1.269285 1.269485 1.269683 1.270396 1.270557 1.270785 1.270802 1.271175 1.271360 1.272085 1.272122 1.272867 1.273068 1.273128 1.273228 1.273258 1.273377 1.273388 1.273586 2.286026 2.287883 2.288026 2.291548 3.136009 3.136160 3.136172 3.136434 3.136607 3.136609 3.136714 3.136900 3.136924 3.136932 3.136979 3.137109 3.137124 3.137271 3.137319 3.137509 3.137693 3.137802 3.137844 3.137874 3.137972 3.138072 4.138414 4.140715 4.141463 4.143703 4.144511 4.146843 4.147560 4.149782 4.150608 4.150697 4.153657 4.155968 4.156774 4.158940 4.159866 4.159886 4.162941 4.165158 4.179721 4.219615 5.657007 5.657225 5.657251 5.657322 5.657405 5.657715 5.657847 5.657877 5.657913 5.657975 5.657995 5.658043 5.658043 5.658239 5.658299 5.658377 5.658389 5.658517 5.658520 5.658543 5.658587 5.658749 5.658775 5.658880 5.658930 5.659232 5.659251 5.659329 5.659405 5.659417 5.659493 5.659931 5.900211 5.900302 5.900389 5.900769 5.900775 5.900855 5.900930 5.900991 5.901008 5.901177 5.901251 5.901551 5.901581 5.901789 5.901847 5.901965 5.901995 5.902175 5.902211 5.902468 5.902522 5.902680 5.902775 5.902863 5.902930 5.902999 5.903008 5.903185 5.903251 5.903442 
task53
1.268711 1.270180 1.270183 1.271834 1.272475 1.272538 1.272605 1.272678 1.272736 1.272977 1.273128 1.273217 1.273388 1.273565 2.288026 2.291546 3.138607 3.138642 3.138714 3.138874 3.138924 3.139278 3.139319 3.139357 3.139432 3.139632 3.139693 3.139997 3.140009 3.140132 3.140142 3.140308 3.140332 3.140340 3.140384 3.140474 4.262433 4.264062 4.266303 4.266406 4.269878 4.269928 4.271037 4.271134 4.279247 4.279337 4.280887 4.280942 4.447131 4.450548 4.451591 4.452957 4.454029 4.454779 4.455968 4.465232 4.466037 4.468386 4.468919 4.469034 4.469846 4.470108 4.470859 4.471063 4.471734 4.475245 4.475885 4.509068 5.657847 5.658031 5.658043 5.658234 5.658299 5.658365 5.658389 5.658508 5.658520 5.658695 5.658775 5.659288 5.659305 5.659372 5.659405 5.659452 5.659493 5.659520 5.659581 5.659662 5.659682 5.659771 5.901405 5.901540 5.901581 5.901788 5.901847 5.901960 5.901995 5.902174 5.902211 5.902758 5.902775 5.902883 5.902930 5.903075 5.903107 5.903305 5.903306 5.903446 
task55
1.273825 1.280943 1.903763 1.904974 1.919664 1.931809 2.291047 2.295820 3.140607 3.143645 4.641559 4.666269 5.659847 5.662537 5.903405 5.906317 
task56
1.281464 1.345431 1.918201 1.930809 2.294643 2.309931 3.192113 3.223745 4.661673 4.685903 5.708852 5.743769 5.905251 5.916734 
task57
1.930617 1.932291 1.932296 1.932515 1.932530 1.932882 1.932894 1.933602 1.933656 1.934472 1.934488 1.934685 1.954646 1.985600 2.304979 2.305329 2.305396 2.305714 2.305772 2.305892 2.306109 2.306265 2.306270 2.306283 2.306326 2.306363 2.306425 2.306429 2.306513 2.306603 2.306621 2.306660 2.306663 2.306682 2.306697 2.306878 3.211605 3.214142 4.674340 4.674374 4.674393 4.674560 4.675458 4.675602 4.675640 4.675672 4.675716 4.675814 4.675899 4.676331 4.676393 4.676598 4.676652 4.676995 4.677017 4.677363 4.677458 4.677603 4.677640 4.677674 4.677716 4.678095 4.678134 4.678375 4.678393 4.678600 4.678652 4.678832 4.678834 4.678997 4.679017 4.679365 5.735405 5.755663 5.915682 5.915912 5.915913 5.915941 5.915946 5.916260 5.916299 5.916328 5.916389 5.916448 5.916522 5.916697 5.916775 5.917172 5.917251 5.917660 
task58
4.020611 4.047669 4.049614 4.056008 4.057235 4.089606 
task61
4.046439 4.052780 4.052834 4.053172 4.053674 4.053829 4.054038 4.056223 4.057235 4.090556 
task62
4.046567 4.090768 
task69
4.051954 4.059883 4.060057 4.061977 4.062198 4.062991 4.063255 4.065554 4.065727 4.067038 4.067087 4.067477 4.067660 4.068046 4.068213 4.068660 4.068827 4.084151 
task73
4.056989 4.080192 
task74
4.058670 4.085746 
task64
4.074057 4.078685 4.080202 4.081629 4.081660 4.085406 4.091255 4.095108 
task75
4.091231 4.091429 4.091453 4.091657 4.091830 4.091991 4.092143 4.092295 4.092357 4.092565 4.092883 4.093335 
task59
4.091243 4.094652 
task76
4.098148 4.100986 4.109942 4.115363 
task60
4.098160 4.125786 
task63
4.126237 4.161226 4.162941 4.220798 
task65
4.241721 4.288365 4.447131 4.509512 
task66
4.264278 4.270463 
task67
4.272303 4.439995 4.442533 4.460822 4.465163 4.479977 4.480917 4.542540 
task77
4.446133 4.456892 4.480850 4.503885 
task82
4.457968 4.580606 
task78
4.458019 4.572008 
task80
4.459351 4.468449 4.475048 4.579160 
task71
4.459708 4.492122 
task68
4.480850 4.487594 4.487604 4.615271 
task70
4.484037 4.527138 4.528004 4.533975 4.537128 4.549009 4.579128 4.584997 4.585128 4.590985 4.603128 4.611112 
task72
4.624933 4.648495 4.648986 4.655809 
task79
4.624935 4.631389 4.632003 4.641403 4.644599 4.664225 
task81
4.641559 4.641857 4.642394 4.653706 
