5
0.000000 0.012000 1.000000 1.010523 2.000000 2.003573 3.000000 3.013843 4.000000 4.090556 5.000000 5.263281 
0
0.000000 0.057694 1.000000 1.090759 2.000000 2.078394 3.000000 3.131557 4.000000 4.202205 5.000000 5.370926 
4
0.000000 0.224334 1.000000 1.273963 2.000000 2.300883 3.000000 3.279275 4.000000 4.692508 5.000000 5.658128 
1
0.000000 1.046246 1.000000 2.130419 2.000000 3.066099 3.000000 4.098646 4.000000 5.577919 5.000000 5.816623 
2
0.000000 1.985600 1.000000 2.324545 2.000000 3.252464 3.000000 4.686229 4.000000 5.769932 5.000000 5.925079 
3
4.000000 4.676538 
