0
0.000000 7698689.000000 8496129.000000 9013619.000000 9048179.000000 9086195.000000 9124211.000000 9162227.000000 9319763.000000 9471267.000000 9564237.000000 9689217.000000 10083137.000000 11291737.000000 11326297.000000 11360857.000000 11398873.000000 11436889.000000 11471449.000000 11578297.000000 11803193.000000 11934337.000000 12208401.000000 13465181.000000 13501083.000000 13539099.000000 13577115.000000 13611675.000000 13649691.000000 13807735.000000 14027280.000000 14172260.000000 14372096.000000 15260823.000000 15295383.000000 15333399.000000 15371415.000000 15409431.000000 15443991.000000 15466707.000000 15364756.000000 15706865.000000 15829293.000000 16117997.000000 16169837.000000 16307457.000000 16330553.000000 16799228.000000 16836430.000000 16874446.000000 16912462.000000 16947022.000000 16985038.000000 17012714.000000 17235522.000000 17466850.000000 18134338.000000 19008766.000000 19057800.000000 19174975.000000 19230847.000000 
1
0.000000 106560.000000 893826.000000 1408116.000000 1446132.000000 1484148.000000 1518708.000000 1556724.000000 1710928.000000 1862336.000000 1983850.000000 2080202.000000 2465482.000000 3586526.000000 3642510.000000 3680526.000000 3718542.000000 3753102.000000 3791118.000000 3832590.000000 4126242.000000 4262290.000000 4534946.000000 5413002.000000 5467694.000000 5505710.000000 5543726.000000 5581742.000000 5616302.000000 5791146.000000 6034841.000000 6206517.000000 6271909.000000 6784306.000000 6819580.000000 6857596.000000 6892156.000000 6930172.000000 6968188.000000 7002888.000000 6902729.000000 7345834.000000 7438770.000000 8044546.000000 8073968.000000 8580054.000000 8695280.000000 9148605.000000 9176967.000000 9211527.000000 9249543.000000 9287559.000000 9325575.000000 9365251.000000 9579955.000000 9904755.000000 10706675.000000 11512671.000000 11583991.000000 11753022.000000 11805246.000000 
2
0.000000 59456.000000 703361.000000 1214452.000000 1252468.000000 1287028.000000 1325044.000000 1363060.000000 1513904.000000 1664944.000000 1782922.000000 1892367.000000 2283215.000000 3370680.000000 3465891.000000 3500451.000000 3538467.000000 3576483.000000 3611043.000000 3655971.000000 3976267.000000 4198227.000000 4463804.000000 5476688.000000 5808652.000000 5846668.000000 5881228.000000 5919244.000000 5957260.000000 6111944.000000 6304993.000000 6443533.000000 6675401.000000 7430719.000000 7468735.000000 7506751.000000 7541311.000000 7579327.000000 7617343.000000 7634764.000000 7532293.000000 7854942.000000 7960098.000000 8160274.000000 8190802.000000 8274362.000000 8617846.000000 9082099.000000 9119301.000000 9157317.000000 9195333.000000 9233349.000000 9267909.000000 9293761.000000 9513441.000000 9807937.000000 10601113.000000 11420349.000000 11496891.000000 11659038.000000 11703163.000000 
3
0.000000 124992.000000 912258.000000 1430004.000000 1464564.000000 1502580.000000 1540596.000000 1578612.000000 1616628.000000 1894576.000000 2013273.000000 2109889.000000 2405673.000000 3725833.000000 3760393.000000 3798409.000000 3832969.000000 3870985.000000 3909001.000000 4022405.000000 4237297.000000 4375145.000000 4656361.000000 5692973.000000 5737777.000000 5772337.000000 5810353.000000 5848369.000000 5882929.000000 6044333.000000 6286038.000000 6428802.000000 6669366.000000 8050925.000000 8085485.000000 8123501.000000 8161517.000000 8196077.000000 8234093.000000 8272329.000000 8143130.000000 8462123.000000 8580483.000000 8920923.000000 8951931.000000 9034035.000000 9265171.000000 9713504.000000 9755594.000000 9793610.000000 9828170.000000 9866186.000000 9904202.000000 9930150.000000 10143414.000000 10462646.000000 11215670.000000 12035286.000000 12108084.000000 12273207.000000 12320391.000000 
4
0.000000 42368.000000 795586.000000 1397770.000000 1435786.000000 1473802.000000 1508362.000000 1546378.000000 1710730.000000 1862342.000000 1979744.000000 2092496.000000 2378424.000000 3564041.000000 3640060.000000 3678076.000000 3716092.000000 3750652.000000 3788668.000000 3830140.000000 4128564.000000 4282136.000000 4370688.000000 5597652.000000 5659240.000000 5693800.000000 5731816.000000 5769832.000000 5804392.000000 5962436.000000 6192515.000000 6350311.000000 6448624.000000 7457382.000000 7491942.000000 7529958.000000 7567974.000000 7602534.000000 7640550.000000 7654611.000000 7550620.000000 7870325.000000 7992953.000000 8291905.000000 8322017.000000 8451865.000000 8747273.000000 9209358.000000 9246560.000000 9284576.000000 9319136.000000 9357152.000000 9395168.000000 9421116.000000 9654636.000000 9917709.000000 10713769.000000 11630785.000000 11718305.000000 11799688.000000 11838421.000000 
5
0.000000 107584.000000 894850.000000 1409236.000000 1447252.000000 1481812.000000 1519828.000000 1557844.000000 1712048.000000 1863456.000000 1980810.000000 2078322.000000 2460402.000000 3349919.000000 3425410.000000 3463426.000000 3497986.000000 3536002.000000 3574018.000000 3615490.000000 3914656.000000 4006508.000000 4273132.000000 5554192.000000 5594542.000000 5632558.000000 5670574.000000 5705134.000000 5743150.000000 5907914.000000 6152419.000000 6280923.000000 6377235.000000 7178123.000000 7216139.000000 7254155.000000 7288715.000000 7326731.000000 7364747.000000 7396167.000000 7302512.000000 7670865.000000 7794821.000000 8087557.000000 8138821.000000 8294761.000000 8522209.000000 8979388.000000 9007462.000000 9045478.000000 9080038.000000 9118054.000000 9156070.000000 9195938.000000 9364002.000000 9636978.000000 10189866.000000 11004030.000000 11083730.000000 11242145.000000 11271889.000000 
6
0.000000 107584.000000 898114.000000 1419412.000000 1457428.000000 1491988.000000 1530004.000000 1568020.000000 1715408.000000 1866720.000000 1985778.000000 2095735.000000 2387319.000000 3409044.000000 3457705.000000 3495721.000000 3530281.000000 3568297.000000 3606313.000000 3763877.000000 3928959.000000 4067719.000000 4350471.000000 5617715.000000 5666513.000000 5704529.000000 5739089.000000 5777105.000000 5815121.000000 5959725.000000 6162582.000000 6288446.000000 13863023.000000 14976203.000000 15014219.000000 15052235.000000 15086795.000000 15124811.000000 15162827.000000 15180439.000000 15084424.000000 15483584.000000 15603032.000000 15681480.000000 15707272.000000 15772776.000000 16091300.000000 16566295.000000 16613865.000000 16648425.000000 16686441.000000 16724457.000000 16759017.000000 16778149.000000 16999387.000000 17238411.000000 18006763.000000 18878711.000000 18900715.000000 19098376.000000 19152824.000000 
7
0.000000 107584.000000 894850.000000 1419508.000000 1457524.000000 1492084.000000 1530100.000000 1568116.000000 1712240.000000 1863184.000000 1980090.000000 2075690.000000 2461290.000000 3587327.000000 3641778.000000 3679794.000000 3717810.000000 3752370.000000 3790386.000000 3954738.000000 4115450.000000 4258874.000000 4531402.000000 5803474.000000 5865094.000000 5899654.000000 5937670.000000 5975686.000000 6010246.000000 6168290.000000 6368993.000000 6484589.000000 6595714.000000 7496184.000000 7530744.000000 7568760.000000 7606776.000000 7641336.000000 7679352.000000 7715860.000000 7625774.000000 8037991.000000 8199535.000000 8824655.000000 8848337.000000 9358277.000000 9436153.000000 9810324.000000 9841854.000000 9876414.000000 9914430.000000 9952446.000000 9987006.000000 10026970.000000 10180410.000000 10420458.000000 10956914.000000 11437686.000000 11457232.000000 11419047.000000 11462555.000000 
8
0.000000 107584.000000 894850.000000 1425930.000000 1463946.000000 1501962.000000 1536522.000000 1574538.000000 1616010.000000 1895692.000000 1988750.000000 2113574.000000 2384110.000000 3582347.000000 3631541.000000 3666101.000000 3704117.000000 3742133.000000 3776693.000000 3821621.000000 4091965.000000 4266109.000000 4524517.000000 5790541.000000 5847323.000000 5885339.000000 5919899.000000 5957915.000000 5995931.000000 6167319.000000 6396246.000000 6531594.000000 6608946.000000 7893111.000000 7930361.000000 7964921.000000 8002937.000000 8040953.000000 8075513.000000 8107045.000000 8012670.000000 8373223.000000 8494407.000000 8804247.000000 8832919.000000 8918631.000000 9236839.000000 9846988.000000 9880740.000000 9915300.000000 9953316.000000 9991332.000000 10025892.000000 10060496.000000 10291760.000000 10568737.000000 11139885.000000 11896709.000000 11918047.000000 11927026.000000 11980275.000000 
9
0.000000 107584.000000 894850.000000 1429578.000000 1467594.000000 1502154.000000 1540170.000000 1578186.000000 1619658.000000 1894252.000000 2010334.000000 2120291.000000 2174307.000000 3385911.000000 3442023.000000 3480039.000000 3514599.000000 3552615.000000 3590631.000000 3748195.000000 3923039.000000 4050277.000000 11664037.000000 12968597.000000 13010483.000000 13048499.000000 13086515.000000 13121075.000000 13159091.000000 13323855.000000 13520488.000000 13715184.000000 13819788.000000 14854163.000000 14892179.000000 14926739.000000 14964755.000000 15002771.000000 15037331.000000 15072303.000000 14925560.000000 15292657.000000 15422837.000000 15733893.000000 15779991.000000 16130709.000000 16236409.000000 16861656.000000 16882866.000000 16917426.000000 16955442.000000 16993458.000000 17028018.000000 17078350.000000 17294830.000000 17535390.000000 18282626.000000 19114890.000000 19135188.000000 19151755.000000 19194424.000000 
10
0.000000 107584.000000 905346.000000 1433450.000000 1468010.000000 1506026.000000 1544042.000000 1578602.000000 1742954.000000 1887756.000000 2006150.000000 2104302.000000 2512182.000000 3611663.000000 3691658.000000 3726218.000000 3764234.000000 3802250.000000 3836810.000000 3881738.000000 4176370.000000 4328548.000000 4563020.000000 5870628.000000 5928792.000000 5966808.000000 6001368.000000 6039384.000000 6077400.000000 6235444.000000 6428203.000000 6914247.000000 7113699.000000 8222362.000000 8260378.000000 8298394.000000 8336410.000000 8370970.000000 8408986.000000 8430122.000000 8337499.000000 8702652.000000 8821052.000000 9128204.000000 9157836.000000 9242372.000000 9565188.000000 9842985.000000 9876779.000000 9914795.000000 9952811.000000 9987371.000000 10025387.000000 10088775.000000 10268055.000000 10522935.000000 11282171.000000 12161055.000000 12184725.000000 12216844.000000 12284596.000000 
11
0.000000 107584.000000 873602.000000 1442122.000000 1476682.000000 1514698.000000 1552714.000000 1587274.000000 1741478.000000 1886172.000000 1977302.000000 2103278.000000 2471855.000000 3601980.000000 3680895.000000 3718911.000000 3756927.000000 3791487.000000 3829503.000000 3987067.000000 4152397.000000 4289535.000000 4538056.000000 5819604.000000 5860952.000000 5895512.000000 5933528.000000 5971544.000000 6006104.000000 6170868.000000 6415421.000000 6575045.000000 6799517.000000 7927204.000000 7965220.000000 7999780.000000 8037796.000000 8075812.000000 8110372.000000 8145344.000000 8041457.000000 8363242.000000 8470606.000000 8543926.000000 8595766.000000 8671086.000000 8989850.000000 9425229.000000 9446343.000000 9484359.000000 9522375.000000 9556935.000000 9594951.000000 9641827.000000 9864067.000000 10141652.000000 10491208.000000 11367968.000000 11388778.000000 11438321.000000 11477390.000000 
12
0.000000 106560.000000 846466.000000 1413546.000000 1451562.000000 1489578.000000 1524138.000000 1562154.000000 1603626.000000 1883212.000000 2004590.000000 2101022.000000 2486622.000000 3612211.000000 3694582.000000 3729142.000000 3767158.000000 3805174.000000 3839734.000000 3884662.000000 4175838.000000 4309132.000000 4593492.000000 5916792.000000 5953302.000000 5987862.000000 6025878.000000 6063894.000000 6098454.000000 6253138.000000 6462635.000000 6643519.000000 6907272.000000 7767374.000000 7805390.000000 7839950.000000 7877966.000000 7915982.000000 7950542.000000 7961339.000000 7845428.000000 8175657.000000 8258961.000000 8577617.000000 8626545.000000 8706209.000000 9011529.000000 9459220.000000 9489558.000000 9527574.000000 9565590.000000 9603606.000000 9638166.000000 9671218.000000 9903426.000000 10172931.000000 10949679.000000 11842247.000000 11887857.000000 12062912.000000 12127784.000000 
13
0.000000 106560.000000 885634.000000 1413546.000000 1451562.000000 1489578.000000 1524138.000000 1562154.000000 1726506.000000 1861815.000000 1985998.000000 2081114.000000 2382626.000000 3558727.000000 3637642.000000 3672202.000000 3710218.000000 3748234.000000 3786250.000000 3943814.000000 4111294.000000 4522492.000000 4756965.000000 6041461.000000 6083347.000000 6121363.000000 6159379.000000 6193939.000000 6231955.000000 6379987.000000 6570372.000000 6769048.000000 6969488.000000 7990390.000000 8028406.000000 8062966.000000 8100982.000000 8138998.000000 8177014.000000 8213522.000000 8103468.000000 8509365.000000 8631693.000000 8939181.000000 8990445.000000 9355809.000000 9378849.000000 10008212.000000 10032878.000000 10070894.000000 10105454.000000 10143470.000000 10181486.000000 10224906.000000 10450410.000000 10533834.000000 11083058.000000 11655286.000000 11737396.000000 11886751.000000 11922207.000000 
14
0.000000 106496.000000 889281.000000 1407017.000000 1445033.000000 1483049.000000 1521065.000000 1555625.000000 1719977.000000 1864763.000000 1978749.000000 2077469.000000 2478045.000000 3600618.000000 3679533.000000 3717549.000000 3755565.000000 3790125.000000 3828141.000000 3982345.000000 4145813.000000 4287807.000000 4555559.000000 5634287.000000 5685021.000000 5723037.000000 5761053.000000 5795613.000000 5833629.000000 5851993.000000 5902610.000000 6107342.000000 6335239.000000 7194701.000000 7232717.000000 7270733.000000 7305293.000000 7343309.000000 7381325.000000 7405929.000000 7314643.000000 7579328.000000 7743380.000000 8336540.000000 8359646.000000 8860532.000000 8966232.000000 9640009.000000 9670347.000000 9704907.000000 9742923.000000 9780939.000000 9818955.000000 9852007.000000 10075255.000000 10343528.000000 10758984.000000 11527340.000000 11666542.000000 11802465.000000 11832374.000000 
15
0.000000 73728.000000 828545.000000 1418281.000000 1452841.000000 1490857.000000 1528873.000000 1563433.000000 1604905.000000 1884395.000000 1981069.000000 2094793.000000 2489457.000000 3589939.000000 3624499.000000 3662515.000000 3700531.000000 3735091.000000 3773107.000000 3927311.000000 4109595.000000 4279757.000000 4550198.000000 5832842.000000 5872808.000000 5907368.000000 5945384.000000 5983400.000000 6017960.000000 6182724.000000 6417165.000000 6565589.000000 6807481.000000 7926815.000000 7964831.000000 7999391.000000 8037407.000000 8075423.000000 8109983.000000 8143035.000000 8049365.000000 8398534.000000 8523534.000000 8836846.000000 8885240.000000 9234590.000000 9340274.000000 9898161.000000 9929739.000000 9964299.000000 10002315.000000 10040331.000000 10074891.000000 10114855.000000 10369159.000000 10683352.000000 11461044.000000 12312224.000000 12394014.000000 12542161.000000 12578825.000000 
16
0.000000 73728.000000 893825.000000 1421641.000000 1459657.000000 1497673.000000 1532233.000000 1570249.000000 1734601.000000 1865918.000000 1996549.000000 2097810.000000 2356218.000000 3375342.000000 3431454.000000 3469470.000000 3507486.000000 3542046.000000 3580062.000000 3737626.000000 3911990.000000 4055996.000000 4318116.000000 5604308.000000 5665854.000000 5703870.000000 5738430.000000 5776446.000000 5814462.000000 5969146.000000 6174041.000000 6333865.000000 6552233.000000 7634288.000000 7668848.000000 7706864.000000 7744880.000000 7779440.000000 7817456.000000 7838508.000000 7741093.000000 8084234.000000 8205142.000000 8502806.000000 8554070.000000 8897978.000000 8947818.000000 9415381.000000 9442263.000000 9480279.000000 9518295.000000 9552855.000000 9590871.000000 9627283.000000 9849091.000000 10117364.000000 10851660.000000 11509944.000000 11587004.000000 11748763.000000 11788644.000000 
17
0.000000 73728.000000 900353.000000 1431721.000000 1466281.000000 1504297.000000 1542313.000000 1576873.000000 1618345.000000 1899659.000000 1996645.000000 2118509.000000 2519085.000000 3595174.000000 3674089.000000 3712105.000000 3746665.000000 3784681.000000 3822697.000000 3864169.000000 4158801.000000 4295579.000000 4394539.000000 5635203.000000 5678625.000000 5713185.000000 5751201.000000 5789217.000000 5827233.000000 5965021.000000 6204718.000000 6341966.000000 6576522.000000 7666633.000000 7703883.000000 7741899.000000 7776459.000000 7814475.000000 7852491.000000 7892359.000000 7807456.000000 8147053.000000 8275429.000000 8930189.000000 8950425.000000 9444325.000000 9562171.000000 10015760.000000 10037066.000000 10075082.000000 10109642.000000 10147658.000000 10185674.000000 10232454.000000 10453766.000000 10720407.000000 11528475.000000 12410411.000000 12433083.000000 12540880.000000 12591256.000000 
18
0.000000 73728.000000 763265.000000 1421833.000000 1459849.000000 1494409.000000 1532425.000000 1570441.000000 1608457.000000 1884683.000000 2011349.000000 2105953.000000 2491745.000000 3599497.000000 3667913.000000 3702473.000000 3740489.000000 3778505.000000 3813065.000000 3974085.000000 4136669.000000 4271111.000000 4518096.000000 5549864.000000 5589830.000000 5624390.000000 5662406.000000 5700422.000000 5734982.000000 5899746.000000 6134531.000000 6298103.000000 6544623.000000 7631353.000000 7668603.000000 7703163.000000 7741179.000000 7779195.000000 7813755.000000 7845079.000000 7761009.000000 8102798.000000 8225086.000000 8527198.000000 8579038.000000 8961266.000000 8983026.000000 9445117.000000 9475455.000000 9513471.000000 9551487.000000 9586047.000000 9624063.000000 9656923.000000 9873643.000000 10160251.000000 10804531.000000 11720667.000000 11809333.000000 11939960.000000 11991416.000000 
19
0.000000 73728.000000 904001.000000 1420873.000000 1458889.000000 1496905.000000 1531465.000000 1569481.000000 1733833.000000 1878363.000000 2002117.000000 2098385.000000 2401273.000000 3572018.000000 3623055.000000 3657615.000000 3695631.000000 3733647.000000 3771663.000000 3813135.000000 4065423.000000 4312863.000000 4583855.000000 5849375.000000 5907539.000000 5945555.000000 5980115.000000 6018131.000000 6056147.000000 6214095.000000 6422350.000000 6579398.000000 6780251.000000 8177474.000000 8215490.000000 8253506.000000 8288066.000000 8326082.000000 8364098.000000 8402334.000000 8289127.000000 8622408.000000 8745784.000000 9033792.000000 9085632.000000 9451740.000000 9477204.000000 9928193.000000 9952955.000000 9987515.000000 10025531.000000 10063547.000000 10098107.000000 10144791.000000 10364967.000000 10616088.000000 11377296.000000 12294545.000000 12347467.000000 12450194.000000 12486386.000000 
20
0.000000 73728.000000 904001.000000 1420681.000000 1458697.000000 1496713.000000 1531273.000000 1569289.000000 1610761.000000 1892075.000000 2013605.000000 2110001.000000 2495793.000000 3601046.000000 3649707.000000 3687723.000000 3725739.000000 3763755.000000 3798315.000000 3955879.000000 4122035.000000 4269845.000000 4532222.000000 5825386.000000 5861896.000000 5899912.000000 5937928.000000 5975944.000000 6010504.000000 6175268.000000 6413229.000000 6570049.000000 6822090.000000 7899124.000000 7932918.000000 7970934.000000 8008950.000000 8043510.000000 8081526.000000 8112754.000000 8024732.000000 8335129.000000 8456577.000000 8755121.000000 8787569.000000 8852497.000000 9182469.000000 9631632.000000 9661970.000000 9699986.000000 9734546.000000 9772562.000000 9810578.000000 9843342.000000 10075934.000000 10327695.000000 11134323.000000 12054655.000000 12082025.000000 12278808.000000 12320413.000000 
21
0.000000 73728.000000 904001.000000 1425193.000000 1463209.000000 1497769.000000 1535785.000000 1573801.000000 1615273.000000 1883051.000000 2004581.000000 2100977.000000 2484593.000000 3594350.000000 3645387.000000 3683403.000000 3721419.000000 3755979.000000 3793995.000000 3835467.000000 4128083.000000 4280521.000000 4513458.000000 5781718.000000 5823604.000000 5861620.000000 5899636.000000 5934196.000000 5972212.000000 6136976.000000 6337593.000000 6546209.000000 6573361.000000 7610902.000000 7644696.000000 7682712.000000 7720728.000000 7755288.000000 7793304.000000 7836436.000000 7730237.000000 8084030.000000 8449302.000000 8736406.000000 8787670.000000 8890534.000000 9160974.000000 9780427.000000 9806133.000000 9844149.000000 9878709.000000 9916725.000000 9954741.000000 9997845.000000 10219189.000000 10285893.000000 11034253.000000 11938901.000000 11957167.000000 12148830.000000 12190059.000000 
22
0.000000 73728.000000 893825.000000 1417321.000000 1455337.000000 1489897.000000 1527913.000000 1565929.000000 1726853.000000 1871355.000000 1993765.000000 2122737.000000 2480449.000000 3623149.000000 3654295.000000 3692311.000000 3726871.000000 3764887.000000 3802903.000000 3953747.000000 4118233.000000 4270027.000000 4530612.000000 5786872.000000 5851948.000000 5889964.000000 5927980.000000 5962540.000000 6000556.000000 6151880.000000 6290334.000000 6280939.000000 6542768.000000 7671991.000000 7710007.000000 7748023.000000 7782583.000000 7820599.000000 7858615.000000 7882851.000000 7770428.000000 8107560.000000 8224176.000000 8527736.000000 8577278.000000 8917260.000000 9038758.000000 9668195.000000 9698533.000000 9736549.000000 9774565.000000 9809125.000000 9847141.000000 9879809.000000 10100097.000000 10322737.000000 10910785.000000 11820869.000000 11843589.000000 12003214.000000 12042735.000000 
23
0.000000 73728.000000 841601.000000 1425097.000000 1459657.000000 1497673.000000 1535689.000000 1570249.000000 1731173.000000 1876011.000000 1984397.000000 2126815.000000 2413791.000000 3626100.000000 3674761.000000 3712777.000000 3750793.000000 3788809.000000 3823369.000000 3868297.000000 4162103.000000 4298405.000000 4581229.000000 5863773.000000 5921937.000000 5956497.000000 5994513.000000 6032529.000000 6067089.000000 6241933.000000 6450412.000000 6602072.000000 6698916.000000 7975625.000000 8012875.000000 8050891.000000 8085451.000000 8123467.000000 8161483.000000 8203079.000000 8085208.000000 8420345.000000 8510565.000000 8836837.000000 8882885.000000 8986789.000000 9259313.000000 9900878.000000 9925832.000000 9963848.000000 9998408.000000 10036424.000000 10074440.000000 10117572.000000 10337876.000000 10620580.000000 11333952.000000 12218708.000000 12245526.000000 12453065.000000 12518921.000000 
24
0.000000 73728.000000 904001.000000 1410611.000000 1445171.000000 1483187.000000 1521203.000000 1555763.000000 1597235.000000 1851567.000000 1990449.000000 2084413.000000 2452421.000000 3574454.000000 3625491.000000 3660051.000000 3698067.000000 3736083.000000 3770643.000000 3815571.000000 4108091.000000 4260937.000000 4528177.000000 5800049.000000 5853605.000000 5891621.000000 5926181.000000 5964197.000000 6002213.000000 6160257.000000 6345629.000000 6573669.000000 6784077.000000 7742314.000000 7776874.000000 7814890.000000 7852906.000000 7890922.000000 7925482.000000 7942790.000000 7831752.000000 8164785.000000 8276677.000000 8588341.000000 8618933.000000 8715549.000000 8809253.000000 9467106.000000 9511220.000000 9549236.000000 9587252.000000 9621812.000000 9659828.000000 9677136.000000 9913328.000000 10192352.000000 10824528.000000 11740488.000000 11797966.000000 11954421.000000 11996122.000000 
25
0.000000 73728.000000 904001.000000 1418483.000000 1456499.000000 1491059.000000 1529075.000000 1567091.000000 1714479.000000 1865599.000000 1956169.000000 2095430.000000 2493062.000000 3581671.000000 3630332.000000 3668348.000000 3702908.000000 3740924.000000 3778940.000000 3936504.000000 4107442.000000 4237984.000000 4486505.000000 5781945.000000 5823831.000000 5858391.000000 5896407.000000 5934423.000000 5972439.000000 6137107.000000 6344172.000000 6479988.000000 6708185.000000 8079184.000000 8117200.000000 8151760.000000 8189776.000000 8227792.000000 8262352.000000 8300492.000000 8199509.000000 8514645.000000 8634237.000000 8913973.000000 8947381.000000 9035693.000000 9111785.000000 9745900.000000 9777718.000000 9815734.000000 9853750.000000 9888310.000000 9926326.000000 9962546.000000 10167730.000000 10425186.000000 11168550.000000 11914482.000000 11969512.000000 12072519.000000 12114840.000000 
26
0.000000 73728.000000 769793.000000 1401587.000000 1436147.000000 1474163.000000 1512179.000000 1550195.000000 1711091.000000 1862623.000000 1976769.000000 2090465.000000 2485473.000000 3605174.000000 3653835.000000 3691851.000000 3729867.000000 3764427.000000 3802443.000000 3956647.000000 4121037.000000 4253095.000000 4502184.000000 5805260.000000 5863424.000000 5901440.000000 5936000.000000 5974016.000000 6012032.000000 6183516.000000 6395403.000000 6555775.000000 6799412.000000 7928427.000000 7962987.000000 8001003.000000 8039019.000000 8073579.000000 8111595.000000 8128919.000000 8030048.000000 8373201.000000 8498465.000000 8796737.000000 8848577.000000 8987109.000000 9232469.000000 9712272.000000 9752930.000000 9790946.000000 9825506.000000 9863522.000000 9901538.000000 9920382.000000 10152222.000000 10473006.000000 11239374.000000 12100434.000000 12142454.000000 12310113.000000 12376329.000000 
27
0.000000 73728.000000 887297.000000 1393619.000000 1431635.000000 1469651.000000 1507667.000000 1542227.000000 1693071.000000 1844111.000000 1958257.000000 2079040.000000 2336616.000000 3525332.000000 3576369.000000 3614385.000000 3648945.000000 3686961.000000 3724977.000000 3875821.000000 4041497.000000 4172439.000000 4266479.000000 5024659.000000 5082823.000000 5120839.000000 5155399.000000 5193415.000000 5231431.000000 5389475.000000 5595138.000000 5795826.000000 6052099.000000 7119641.000000 7157657.000000 7192217.000000 7230233.000000 7268249.000000 7306265.000000 7340949.000000 7233135.000000 7579823.000000 7696575.000000 7987135.000000 8038975.000000 8420051.000000 8443091.000000 9066678.000000 9094944.000000 9129504.000000 9167520.000000 9205536.000000 9240096.000000 9283228.000000 9500780.000000 9755660.000000 10574636.000000 11473868.000000 11549604.000000 11701655.000000 11746895.000000 
28
0.000000 40960.000000 678400.000000 1189491.000000 1227507.000000 1265523.000000 1300083.000000 1338099.000000 1379571.000000 1657343.000000 1775217.000000 9244287.000000 9616063.000000 10712800.000000 10761461.000000 10799477.000000 10837493.000000 10872053.000000 10910069.000000 10951541.000000 11247421.000000 11388771.000000 11659763.000000 12986927.000000 13045091.000000 13083107.000000 13121123.000000 13155683.000000 13193699.000000 13351743.000000 13558558.000000 13726058.000000 13900706.000000 15042031.000000 15080047.000000 15118063.000000 15152623.000000 15190639.000000 15228655.000000 15239083.000000 15146876.000000 15500377.000000 15726538.000000 15976947.000000 16024915.000000 16394675.000000 16498155.000000 17138529.000000 17179187.000000 17217203.000000 17251763.000000 17289779.000000 17327795.000000 17346639.000000 17566071.000000 17651495.000000 18395403.000000 19319699.000000 19381667.000000 19563506.000000 19614490.000000 
29
0.000000 40960.000000 670209.000000 1189779.000000 1224339.000000 1262355.000000 1300371.000000 1334931.000000 1376403.000000 1654175.000000 1770617.000000 1866885.000000 2153453.000000 3126746.000000 3175407.000000 3213423.000000 3247983.000000 3285999.000000 3324015.000000 3365487.000000 3661367.000000 3817645.000000 4058005.000000 5389761.000000 5443317.000000 5481333.000000 5519349.000000 5553909.000000 5591925.000000 5763409.000000 5967336.000000 6160372.000000 6422112.000000 7237718.000000 7275734.000000 7313750.000000 7351766.000000 7386326.000000 7424342.000000 7459026.000000 7366668.000000 7742245.000000 7864801.000000 8154209.000000 8205473.000000 8391513.000000 8598837.000000 9239360.000000 9280018.000000 9318034.000000 9356050.000000 9390610.000000 9428626.000000 9464846.000000 17026542.000000 17306206.000000 17928206.000000 18882070.000000 18916978.000000 19047137.000000 19080701.000000 
