0
0.000000 30720.000000 0.000000 0.000000 0.000000 0.000000 0.000000 0.000000 0.000000 0.000000 11960.000000 9792.000000 0.000000 0.000000 0.000000 0.000000 0.000000 0.000000 0.000000 0.000000 1392.000000 18565.000000 15552.000000 12290.000000 0.000000 0.000000 0.000000 0.000000 0.000000 0.000000 0.000000 3348.000000 30720.000000 0.000000 0.000000 0.000000 0.000000 0.000000 0.000000 0.000000 18828.000000 400.000000 45704.000000 0.000000 0.000000 0.000000 0.000000 0.000000 0.000000 0.000000 0.000000 0.000000 0.000000 0.000000 0.000000 18432.000000 19264.000000 0.000000 2242.000000 1872.000000 0.000000 
1
0.000000 30720.000000 0.000000 0.000000 0.000000 0.000000 0.000000 0.000000 0.000000 0.000000 10364.000000 6528.000000 0.000000 0.000000 0.000000 0.000000 0.000000 0.000000 0.000000 0.000000 4424.000000 16256.000000 15552.000000 12290.000000 0.000000 0.000000 0.000000 0.000000 0.000000 0.000000 0.000000 3348.000000 30720.000000 0.000000 0.000000 0.000000 0.000000 0.000000 0.000000 0.000000 14400.000000 400.000000 39560.000000 0.000000 0.000000 0.000000 0.000000 0.000000 0.000000 0.000000 0.000000 0.000000 0.000000 0.000000 0.000000 18432.000000 20746.000000 0.000000 2170.000000 1872.000000 0.000000 
2
0.000000 24576.000000 0.000000 0.000000 0.000000 0.000000 0.000000 0.000000 0.000000 0.000000 8192.000000 6528.000000 0.000000 0.000000 0.000000 0.000000 0.000000 0.000000 0.000000 0.000000 4280.000000 18624.000000 15552.000000 12290.000000 0.000000 0.000000 0.000000 0.000000 0.000000 0.000000 0.000000 1960.000000 24576.000000 0.000000 0.000000 0.000000 0.000000 0.000000 0.000000 0.000000 20992.000000 400.000000 45669.000000 0.000000 0.000000 0.000000 0.000000 0.000000 0.000000 0.000000 0.000000 0.000000 0.000000 0.000000 0.000000 13056.000000 20746.000000 0.000000 2242.000000 1872.000000 0.000000 
3
0.000000 24576.000000 0.000000 0.000000 0.000000 0.000000 0.000000 0.000000 0.000000 0.000000 8192.000000 6528.000000 0.000000 0.000000 0.000000 0.000000 0.000000 0.000000 0.000000 0.000000 4224.000000 17221.000000 12288.000000 6145.000000 0.000000 0.000000 0.000000 0.000000 0.000000 0.000000 0.000000 2072.000000 24576.000000 0.000000 0.000000 0.000000 0.000000 0.000000 0.000000 0.000000 23360.000000 0.000000 39761.000000 0.000000 0.000000 3584.000000 0.000000 0.000000 0.000000 0.000000 0.000000 0.000000 0.000000 0.000000 0.000000 21088.000000 18393.000000 0.000000 2458.000000 1872.000000 0.000000 
4
0.000000 30720.000000 0.000000 0.000000 0.000000 0.000000 0.000000 0.000000 0.000000 10806.000000 0.000000 9792.000000 0.000000 0.000000 0.000000 0.000000 0.000000 0.000000 0.000000 0.000000 8800.000000 18565.000000 15552.000000 12290.000000 0.000000 0.000000 0.000000 0.000000 0.000000 0.000000 0.000000 1254.000000 30720.000000 0.000000 0.000000 0.000000 0.000000 0.000000 0.000000 0.000000 18828.000000 800.000000 43008.000000 0.000000 0.000000 72882.000000 0.000000 0.000000 0.000000 0.000000 0.000000 0.000000 0.000000 0.000000 0.000000 12288.000000 20751.000000 0.000000 2458.000000 1392.000000 0.000000 
5
0.000000 30720.000000 0.000000 0.000000 0.000000 0.000000 0.000000 0.000000 0.000000 6016.000000 0.000000 9792.000000 0.000000 0.000000 0.000000 0.000000 0.000000 0.000000 0.000000 0.000000 0.000000 16256.000000 15552.000000 12290.000000 0.000000 0.000000 0.000000 0.000000 0.000000 0.000000 0.000000 0.000000 30720.000000 0.000000 0.000000 0.000000 0.000000 0.000000 0.000000 0.000000 14400.000000 800.000000 43008.000000 0.000000 0.000000 72614.000000 0.000000 0.000000 0.000000 0.000000 0.000000 0.000000 0.000000 0.000000 0.000000 0.000000 18383.000000 0.000000 72.000000 1632.000000 0.000000 
6
0.000000 24576.000000 0.000000 0.000000 0.000000 0.000000 0.000000 0.000000 0.000000 7679.000000 0.000000 6528.000000 0.000000 0.000000 0.000000 0.000000 0.000000 0.000000 0.000000 0.000000 1920.000000 16256.000000 15552.000000 6145.000000 0.000000 0.000000 0.000000 0.000000 0.000000 0.000000 0.000000 0.000000 24576.000000 0.000000 0.000000 0.000000 0.000000 0.000000 0.000000 0.000000 20992.000000 800.000000 48887.000000 0.000000 0.000000 72909.000000 0.000000 0.000000 0.000000 0.000000 0.000000 0.000000 0.000000 0.000000 0.000000 0.000000 20743.000000 0.000000 2170.000000 1152.000000 0.000000 
7
0.000000 24832.000000 0.000000 0.000000 0.000000 0.000000 0.000000 0.000000 0.000000 6656.000000 0.000000 6528.000000 0.000000 0.000000 0.000000 0.000000 0.000000 0.000000 0.000000 0.000000 1920.000000 17221.000000 12688.000000 6145.000000 0.000000 0.000000 0.000000 0.000000 0.000000 0.000000 0.000000 0.000000 24576.000000 0.000000 0.000000 0.000000 0.000000 0.000000 0.000000 0.000000 23360.000000 400.000000 48805.000000 0.000000 0.000000 57056.000000 0.000000 0.000000 0.000000 0.000000 0.000000 0.000000 0.000000 0.000000 0.000000 0.000000 20743.000000 0.000000 2170.000000 1680.000000 0.000000 
8
0.000000 43008.000000 0.000000 0.000000 0.000000 0.000000 0.000000 0.000000 0.000000 10806.000000 0.000000 6528.000000 0.000000 0.000000 0.000000 0.000000 0.000000 0.000000 0.000000 0.000000 1200.000000 15232.000000 12288.000000 0.000000 0.000000 0.000000 0.000000 0.000000 0.000000 0.000000 13907.000000 0.000000 24576.000000 0.000000 0.000000 0.000000 0.000000 0.000000 0.000000 0.000000 20368.000000 800.000000 55296.000000 0.000000 0.000000 42989.000000 0.000000 0.000000 0.000000 0.000000 0.000000 0.000000 0.000000 0.000000 0.000000 6144.000000 23114.000000 0.000000 2242.000000 720.000000 0.000000 
9
0.000000 43008.000000 0.000000 0.000000 0.000000 0.000000 0.000000 0.000000 0.000000 3476.000000 0.000000 6528.000000 0.000000 0.000000 0.000000 0.000000 0.000000 0.000000 0.000000 0.000000 1200.000000 13888.000000 12288.000000 0.000000 0.000000 0.000000 0.000000 0.000000 0.000000 0.000000 8800.000000 0.000000 24576.000000 0.000000 0.000000 0.000000 0.000000 0.000000 0.000000 0.000000 19044.000000 800.000000 52428.000000 0.000000 0.000000 39702.000000 0.000000 0.000000 0.000000 0.000000 0.000000 0.000000 0.000000 0.000000 0.000000 6528.000000 18383.000000 0.000000 3135.000000 240.000000 0.000000 
10
0.000000 36864.000000 0.000000 0.000000 0.000000 0.000000 0.000000 0.000000 0.000000 7679.000000 0.000000 9408.000000 0.000000 0.000000 0.000000 0.000000 0.000000 0.000000 0.000000 0.000000 4280.000000 13888.000000 15552.000000 0.000000 0.000000 0.000000 0.000000 0.000000 0.000000 0.000000 9548.000000 0.000000 18432.000000 0.000000 0.000000 0.000000 0.000000 0.000000 0.000000 0.000000 18624.000000 800.000000 58199.000000 0.000000 0.000000 40303.000000 0.000000 0.000000 0.000000 0.000000 0.000000 0.000000 0.000000 0.000000 0.000000 6528.000000 23114.000000 0.000000 2242.000000 720.000000 0.000000 
11
0.000000 37120.000000 0.000000 0.000000 0.000000 0.000000 0.000000 0.000000 0.000000 5970.000000 0.000000 3264.000000 0.000000 0.000000 0.000000 0.000000 0.000000 0.000000 0.000000 0.000000 3594.000000 13888.000000 9808.000000 0.000000 0.000000 0.000000 0.000000 0.000000 0.000000 0.000000 8800.000000 0.000000 18432.000000 0.000000 0.000000 0.000000 0.000000 0.000000 0.000000 0.000000 18828.000000 400.000000 52240.000000 0.000000 0.000000 39835.000000 0.000000 0.000000 0.000000 0.000000 0.000000 0.000000 0.000000 0.000000 0.000000 6144.000000 23114.000000 0.000000 2458.000000 720.000000 0.000000 
12
0.000000 30720.000000 0.000000 0.000000 0.000000 0.000000 0.000000 0.000000 0.000000 0.000000 0.000000 9792.000000 0.000000 0.000000 0.000000 0.000000 0.000000 0.000000 0.000000 0.000000 0.000000 15232.000000 15552.000000 0.000000 0.000000 0.000000 0.000000 0.000000 0.000000 0.000000 0.000000 0.000000 24576.000000 0.000000 0.000000 0.000000 0.000000 0.000000 0.000000 0.000000 16616.000000 400.000000 240.000000 0.000000 0.000000 22440.000000 0.000000 0.000000 0.000000 0.000000 0.000000 0.000000 0.000000 0.000000 192.000000 0.000000 24000.000000 0.000000 2242.000000 1392.000000 0.000000 
13
0.000000 30720.000000 0.000000 0.000000 0.000000 0.000000 0.000000 0.000000 0.000000 0.000000 0.000000 9792.000000 0.000000 0.000000 0.000000 0.000000 0.000000 0.000000 0.000000 0.000000 4424.000000 13888.000000 9808.000000 0.000000 0.000000 0.000000 0.000000 0.000000 0.000000 0.000000 0.000000 0.000000 24576.000000 0.000000 0.000000 0.000000 0.000000 0.000000 0.000000 0.000000 15596.000000 800.000000 0.000000 0.000000 0.000000 21772.000000 0.000000 0.000000 0.000000 0.000000 0.000000 0.000000 0.000000 0.000000 96.000000 0.000000 24000.000000 0.000000 2170.000000 2304.000000 0.000000 
14
0.000000 24576.000000 0.000000 0.000000 0.000000 0.000000 0.000000 0.000000 0.000000 0.000000 0.000000 6528.000000 0.000000 0.000000 0.000000 0.000000 0.000000 0.000000 0.000000 0.000000 3992.000000 13888.000000 9408.000000 0.000000 0.000000 0.000000 0.000000 0.000000 0.000000 0.000000 0.000000 0.000000 18432.000000 0.000000 0.000000 0.000000 0.000000 0.000000 0.000000 0.000000 18984.000000 400.000000 0.000000 0.000000 0.000000 13438.000000 0.000000 0.000000 0.000000 0.000000 0.000000 0.000000 0.000000 0.000000 0.000000 0.000000 25487.000000 0.000000 2242.000000 1152.000000 0.000000 
15
0.000000 24832.000000 0.000000 0.000000 0.000000 0.000000 0.000000 0.000000 0.000000 0.000000 0.000000 6528.000000 0.000000 0.000000 0.000000 0.000000 0.000000 0.000000 0.000000 0.000000 2592.000000 13888.000000 15552.000000 0.000000 0.000000 0.000000 0.000000 0.000000 0.000000 0.000000 0.000000 0.000000 18432.000000 0.000000 0.000000 0.000000 0.000000 0.000000 0.000000 0.000000 15688.000000 0.000000 0.000000 0.000000 0.000000 21901.000000 0.000000 0.000000 0.000000 0.000000 0.000000 0.000000 0.000000 0.000000 96.000000 0.000000 25502.000000 0.000000 2458.000000 1920.000000 0.000000 
16
0.000000 43008.000000 2048.000000 0.000000 0.000000 0.000000 0.000000 0.000000 0.000000 10806.000000 0.000000 13056.000000 2940.000000 0.000000 0.000000 0.000000 0.000000 0.000000 0.000000 0.000000 0.000000 15232.000000 15552.000000 12290.000000 0.000000 0.000000 0.000000 0.000000 0.000000 0.000000 0.000000 0.000000 24576.000000 0.000000 0.000000 0.000000 0.000000 0.000000 0.000000 0.000000 16676.000000 800.000000 52040.000000 0.000000 0.000000 24266.000000 0.000000 0.000000 0.000000 0.000000 0.000000 0.000000 0.000000 0.000000 0.000000 12288.000000 27850.000000 0.000000 2458.000000 1632.000000 0.000000 
17
0.000000 43008.000000 2048.000000 0.000000 0.000000 0.000000 0.000000 0.000000 0.000000 6112.000000 0.000000 9792.000000 2940.000000 0.000000 0.000000 0.000000 0.000000 0.000000 0.000000 0.000000 4424.000000 13888.000000 9808.000000 12290.000000 0.000000 0.000000 0.000000 0.000000 0.000000 0.000000 0.000000 0.000000 18432.000000 0.000000 0.000000 0.000000 0.000000 0.000000 0.000000 0.000000 20728.000000 800.000000 51955.000000 0.000000 0.000000 24266.000000 0.000000 0.000000 0.000000 0.000000 0.000000 0.000000 0.000000 0.000000 0.000000 12288.000000 24000.000000 0.000000 965.000000 1632.000000 0.000000 
18
0.000000 36864.000000 1536.000000 0.000000 0.000000 0.000000 0.000000 0.000000 0.000000 7679.000000 0.000000 9792.000000 2940.000000 0.000000 0.000000 0.000000 0.000000 0.000000 0.000000 0.000000 3992.000000 13888.000000 9408.000000 12290.000000 0.000000 0.000000 0.000000 0.000000 0.000000 0.000000 820.000000 0.000000 18432.000000 0.000000 0.000000 0.000000 0.000000 0.000000 0.000000 0.000000 18624.000000 800.000000 52140.000000 0.000000 0.000000 17879.000000 0.000000 0.000000 0.000000 0.000000 0.000000 0.000000 0.000000 0.000000 0.000000 6912.000000 23121.000000 0.000000 2170.000000 1440.000000 0.000000 
19
0.000000 37120.000000 1536.000000 0.000000 0.000000 0.000000 0.000000 0.000000 0.000000 6656.000000 0.000000 9792.000000 2940.000000 0.000000 0.000000 0.000000 0.000000 0.000000 0.000000 0.000000 2688.000000 13888.000000 15552.000000 6145.000000 0.000000 0.000000 0.000000 0.000000 0.000000 0.000000 0.000000 0.000000 18432.000000 0.000000 0.000000 0.000000 0.000000 0.000000 0.000000 0.000000 18828.000000 400.000000 52140.000000 0.000000 0.000000 21484.000000 0.000000 0.000000 0.000000 0.000000 0.000000 0.000000 0.000000 0.000000 0.000000 12288.000000 28760.000000 0.000000 2170.000000 1632.000000 0.000000 
20
0.000000 30720.000000 0.000000 0.000000 0.000000 0.000000 0.000000 0.000000 0.000000 0.000000 0.000000 9792.000000 0.000000 0.000000 0.000000 0.000000 0.000000 0.000000 0.000000 0.000000 5672.000000 15232.000000 15552.000000 12290.000000 0.000000 0.000000 0.000000 0.000000 0.000000 6300.000000 0.000000 0.000000 30720.000000 0.000000 0.000000 0.000000 0.000000 0.000000 0.000000 0.000000 18828.000000 800.000000 43728.000000 0.000000 0.000000 20024.000000 0.000000 0.000000 0.000000 0.000000 0.000000 0.000000 0.000000 0.000000 96.000000 6144.000000 24000.000000 0.000000 72.000000 1632.000000 0.000000 
21
0.000000 30720.000000 0.000000 0.000000 0.000000 0.000000 0.000000 0.000000 0.000000 0.000000 0.000000 6528.000000 0.000000 0.000000 0.000000 0.000000 0.000000 0.000000 0.000000 0.000000 0.000000 16256.000000 9408.000000 12290.000000 0.000000 0.000000 0.000000 0.000000 0.000000 6300.000000 0.000000 0.000000 24576.000000 0.000000 0.000000 0.000000 0.000000 0.000000 0.000000 0.000000 14400.000000 800.000000 49635.000000 0.000000 0.000000 19085.000000 0.000000 0.000000 0.000000 0.000000 0.000000 0.000000 0.000000 0.000000 0.000000 6144.000000 27850.000000 0.000000 2458.000000 1632.000000 0.000000 
22
0.000000 24576.000000 0.000000 0.000000 0.000000 0.000000 0.000000 0.000000 0.000000 0.000000 0.000000 6528.000000 0.000000 0.000000 0.000000 0.000000 0.000000 0.000000 0.000000 0.000000 0.000000 13888.000000 9408.000000 12290.000000 0.000000 0.000000 0.000000 0.000000 0.000000 6300.000000 0.000000 0.000000 24576.000000 0.000000 0.000000 0.000000 0.000000 0.000000 0.000000 0.000000 20992.000000 800.000000 49658.000000 0.000000 0.000000 19950.000000 0.000000 0.000000 0.000000 0.000000 0.000000 0.000000 0.000000 0.000000 0.000000 6984.000000 23121.000000 0.000000 2170.000000 1732.000000 0.000000 
23
0.000000 24832.000000 0.000000 0.000000 0.000000 0.000000 0.000000 0.000000 0.000000 0.000000 0.000000 6528.000000 0.000000 0.000000 0.000000 0.000000 0.000000 0.000000 0.000000 0.000000 5912.000000 16256.000000 12688.000000 6145.000000 0.000000 0.000000 0.000000 0.000000 0.000000 6300.000000 0.000000 0.000000 24576.000000 0.000000 0.000000 0.000000 0.000000 0.000000 0.000000 0.000000 23360.000000 400.000000 43561.000000 0.000000 0.000000 20812.000000 0.000000 0.000000 0.000000 0.000000 0.000000 0.000000 0.000000 0.000000 0.000000 12288.000000 28760.000000 0.000000 2170.000000 1872.000000 0.000000 
24
0.000000 30720.000000 0.000000 0.000000 0.000000 0.000000 0.000000 0.000000 0.000000 12178.000000 0.000000 6528.000000 0.000000 0.000000 0.000000 0.000000 0.000000 0.000000 0.000000 0.000000 1200.000000 15232.000000 15552.000000 12290.000000 0.000000 0.000000 0.000000 0.000000 0.000000 0.000000 10296.000000 0.000000 18432.000000 0.000000 0.000000 0.000000 0.000000 0.000000 0.000000 0.000000 17336.000000 800.000000 52040.000000 0.000000 0.000000 42630.000000 0.000000 0.000000 0.000000 0.000000 0.000000 0.000000 0.000000 0.000000 0.000000 12288.000000 24000.000000 0.000000 4477.000000 1872.000000 0.000000 
25
0.000000 30720.000000 0.000000 0.000000 0.000000 0.000000 0.000000 0.000000 0.000000 6038.000000 0.000000 6528.000000 0.000000 0.000000 0.000000 0.000000 0.000000 0.000000 0.000000 0.000000 3992.000000 13888.000000 12288.000000 12290.000000 0.000000 0.000000 0.000000 0.000000 0.000000 0.000000 8896.000000 0.000000 18432.000000 0.000000 0.000000 0.000000 0.000000 0.000000 0.000000 0.000000 18360.000000 800.000000 51955.000000 0.000000 0.000000 42920.000000 0.000000 0.000000 0.000000 0.000000 0.000000 0.000000 0.000000 0.000000 0.000000 12288.000000 27850.000000 0.000000 2304.000000 1872.000000 0.000000 
26
0.000000 24576.000000 0.000000 0.000000 0.000000 0.000000 0.000000 0.000000 0.000000 3896.000000 0.000000 3264.000000 0.000000 0.000000 0.000000 0.000000 0.000000 0.000000 0.000000 0.000000 3992.000000 13888.000000 15552.000000 12290.000000 0.000000 0.000000 0.000000 0.000000 0.000000 0.000000 10296.000000 0.000000 18433.000000 0.000000 0.000000 0.000000 0.000000 0.000000 0.000000 0.000000 17600.000000 400.000000 52140.000000 0.000000 0.000000 39585.000000 0.000000 0.000000 0.000000 0.000000 0.000000 0.000000 0.000000 0.000000 0.000000 13056.000000 23121.000000 0.000000 4988.000000 1872.000000 0.000000 
27
0.000000 24832.000000 0.000000 0.000000 0.000000 0.000000 0.000000 0.000000 0.000000 7824.000000 0.000000 3264.000000 0.000000 0.000000 0.000000 0.000000 0.000000 0.000000 0.000000 0.000000 1200.000000 13888.000000 9808.000000 6145.000000 0.000000 0.000000 0.000000 0.000000 0.000000 0.000000 11044.000000 0.000000 12288.000000 0.000000 0.000000 0.000000 0.000000 0.000000 0.000000 0.000000 16316.000000 400.000000 52140.000000 0.000000 0.000000 39651.000000 0.000000 0.000000 0.000000 0.000000 0.000000 0.000000 0.000000 0.000000 0.000000 21088.000000 28760.000000 0.000000 3859.000000 1872.000000 0.000000 
28
0.000000 30720.000000 0.000000 0.000000 0.000000 0.000000 0.000000 0.000000 0.000000 528.000000 0.000000 13056.000000 0.000000 0.000000 0.000000 0.000000 0.000000 0.000000 0.000000 0.000000 5672.000000 18565.000000 15552.000000 12290.000000 0.000000 0.000000 0.000000 0.000000 0.000000 0.000000 8800.000000 2140.000000 18432.000000 0.000000 0.000000 0.000000 0.000000 0.000000 0.000000 0.000000 18828.000000 0.000000 38988.000000 0.000000 0.000000 82356.000000 16512.000000 0.000000 0.000000 0.000000 0.000000 0.000000 0.000000 0.000000 0.000000 12288.000000 24640.000000 0.000000 2458.000000 1392.000000 0.000000 
29
0.000000 30720.000000 0.000000 0.000000 0.000000 0.000000 0.000000 0.000000 0.000000 0.000000 0.000000 9792.000000 0.000000 0.000000 0.000000 0.000000 0.000000 0.000000 0.000000 0.000000 0.000000 16256.000000 15552.000000 12290.000000 0.000000 0.000000 0.000000 0.000000 0.000000 0.000000 14050.000000 1492.000000 12288.000000 0.000000 0.000000 0.000000 0.000000 0.000000 0.000000 0.000000 21352.000000 0.000000 32888.000000 0.000000 0.000000 81282.000000 16512.000000 0.000000 0.000000 0.000000 0.000000 0.000000 0.000000 0.000000 0.000000 12288.000000 24640.000000 0.000000 2170.000000 960.000000 0.000000 
30
0.000000 24576.000000 0.000000 0.000000 0.000000 0.000000 0.000000 0.000000 0.000000 0.000000 0.000000 9792.000000 0.000000 0.000000 0.000000 0.000000 0.000000 0.000000 0.000000 0.000000 96.000000 16256.000000 15552.000000 6145.000000 0.000000 0.000000 0.000000 0.000000 0.000000 0.000000 10296.000000 2540.000000 12288.000000 0.000000 0.000000 0.000000 0.000000 0.000000 0.000000 0.000000 14400.000000 0.000000 39033.000000 0.000000 0.000000 82052.000000 16512.000000 0.000000 0.000000 0.000000 0.000000 0.000000 0.000000 0.000000 0.000000 13056.000000 24000.000000 0.000000 2170.000000 720.000000 0.000000 
31
0.000000 24832.000000 0.000000 0.000000 0.000000 0.000000 0.000000 0.000000 0.000000 2058.000000 0.000000 9792.000000 0.000000 0.000000 0.000000 0.000000 0.000000 0.000000 0.000000 0.000000 7400.000000 17221.000000 12688.000000 6145.000000 0.000000 0.000000 0.000000 0.000000 0.000000 0.000000 9548.000000 980.000000 18432.000000 0.000000 0.000000 0.000000 0.000000 0.000000 0.000000 0.000000 23360.000000 0.000000 33227.000000 0.000000 0.000000 81695.000000 16546.000000 0.000000 0.000000 0.000000 0.000000 0.000000 0.000000 0.000000 0.000000 21088.000000 25517.000000 0.000000 965.000000 1392.000000 0.000000 
32
0.000000 30720.000000 0.000000 0.000000 0.000000 0.000000 0.000000 0.000000 0.000000 2540.000000 10896.000000 13056.000000 2940.000000 692.000000 0.000000 0.000000 0.000000 0.000000 0.000000 0.000000 1968.000000 16256.000000 15552.000000 12290.000000 0.000000 0.000000 0.000000 0.000000 0.000000 0.000000 0.000000 0.000000 24576.000000 0.000000 0.000000 0.000000 0.000000 0.000000 0.000000 18620.000000 18984.000000 800.000000 52040.000000 0.000000 0.000000 18483.000000 0.000000 0.000000 0.000000 0.000000 0.000000 0.000000 0.000000 0.000000 0.000000 6144.000000 20746.000000 0.000000 2458.000000 0.000000 0.000000 
33
0.000000 30720.000000 0.000000 0.000000 0.000000 0.000000 0.000000 0.000000 0.000000 0.000000 7060.000000 9792.000000 2940.000000 0.000000 0.000000 0.000000 0.000000 0.000000 0.000000 0.000000 8800.000000 16256.000000 15552.000000 12290.000000 0.000000 0.000000 0.000000 0.000000 0.000000 0.000000 0.000000 0.000000 24576.000000 0.000000 0.000000 0.000000 0.000000 0.000000 0.000000 15832.000000 19344.000000 800.000000 51955.000000 0.000000 0.000000 18992.000000 0.000000 0.000000 0.000000 0.000000 0.000000 0.000000 0.000000 0.000000 0.000000 6216.000000 19264.000000 0.000000 2170.000000 720.000000 0.000000 
34
0.000000 24576.000000 0.000000 0.000000 0.000000 0.000000 0.000000 0.000000 0.000000 0.000000 8408.000000 9792.000000 2940.000000 0.000000 0.000000 0.000000 0.000000 0.000000 0.000000 0.000000 384.000000 18624.000000 15552.000000 6145.000000 0.000000 0.000000 0.000000 0.000000 0.000000 0.000000 0.000000 0.000000 18432.000000 0.000000 0.000000 0.000000 0.000000 0.000000 0.000000 15748.000000 20992.000000 400.000000 52140.000000 0.000000 0.000000 9214.000000 0.000000 0.000000 0.000000 0.000000 0.000000 0.000000 0.000000 0.000000 0.000000 7056.000000 20746.000000 0.000000 2170.000000 1392.000000 0.000000 
35
0.000000 24832.000000 0.000000 0.000000 0.000000 0.000000 0.000000 0.000000 0.000000 5284.000000 8408.000000 9792.000000 2832.000000 0.000000 0.000000 0.000000 0.000000 0.000000 0.000000 0.000000 5432.000000 17162.000000 12288.000000 6145.000000 0.000000 0.000000 0.000000 0.000000 0.000000 0.000000 0.000000 0.000000 18432.000000 0.000000 0.000000 0.000000 0.000000 0.000000 0.000000 20724.000000 16460.000000 400.000000 52140.000000 0.000000 0.000000 17411.000000 0.000000 0.000000 0.000000 0.000000 0.000000 0.000000 0.000000 0.000000 0.000000 6144.000000 18393.000000 0.000000 965.000000 720.000000 0.000000 
36
0.000000 30720.000000 0.000000 0.000000 0.000000 0.000000 0.000000 0.000000 0.000000 2540.000000 0.000000 6528.000000 0.000000 0.000000 0.000000 0.000000 0.000000 0.000000 0.000000 0.000000 1392.000000 16256.000000 9408.000000 12290.000000 0.000000 0.000000 0.000000 0.000000 0.000000 0.000000 8800.000000 2140.000000 18432.000000 0.000000 0.000000 0.000000 0.000000 0.000000 0.000000 0.000000 18816.000000 800.000000 41480.000000 4608.000000 0.000000 83367.000000 17796.000000 0.000000 0.000000 0.000000 0.000000 0.000000 0.000000 0.000000 0.000000 18432.000000 24000.000000 0.000000 2242.000000 720.000000 0.000000 
37
0.000000 30720.000000 0.000000 0.000000 0.000000 0.000000 0.000000 0.000000 0.000000 0.000000 0.000000 6528.000000 0.000000 0.000000 0.000000 0.000000 0.000000 0.000000 0.000000 0.000000 1488.000000 16256.000000 9808.000000 12290.000000 0.000000 0.000000 0.000000 0.000000 0.000000 0.000000 14050.000000 1492.000000 18432.000000 0.000000 0.000000 0.000000 0.000000 0.000000 0.000000 0.000000 22436.000000 800.000000 47142.000000 0.000000 0.000000 80206.000000 15435.000000 0.000000 0.000000 0.000000 0.000000 0.000000 0.000000 0.000000 0.000000 18432.000000 25487.000000 0.000000 2242.000000 720.000000 0.000000 
38
0.000000 24576.000000 0.000000 0.000000 0.000000 0.000000 0.000000 0.000000 0.000000 0.000000 0.000000 3264.000000 0.000000 0.000000 0.000000 0.000000 0.000000 0.000000 0.000000 0.000000 4074.000000 13888.000000 15552.000000 12290.000000 0.000000 0.000000 0.000000 0.000000 0.000000 0.000000 10296.000000 2540.000000 12288.000000 0.000000 0.000000 0.000000 0.000000 0.000000 0.000000 0.000000 24588.000000 800.000000 47141.000000 0.000000 0.000000 78172.000000 12334.000000 0.000000 0.000000 0.000000 0.000000 0.000000 0.000000 0.000000 0.000000 13056.000000 28780.000000 0.000000 216.000000 720.000000 0.000000 
39
0.000000 24832.000000 0.000000 0.000000 0.000000 0.000000 0.000000 0.000000 0.000000 2744.000000 0.000000 9408.000000 0.000000 0.000000 0.000000 0.000000 0.000000 0.000000 0.000000 0.000000 4280.000000 13888.000000 12288.000000 6145.000000 0.000000 0.000000 0.000000 0.000000 0.000000 0.000000 8800.000000 580.000000 12288.000000 0.000000 0.000000 0.000000 0.000000 0.000000 0.000000 0.000000 23360.000000 400.000000 41075.000000 0.000000 0.000000 80274.000000 12046.000000 0.000000 0.000000 0.000000 0.000000 0.000000 0.000000 0.000000 0.000000 21088.000000 24000.000000 0.000000 2170.000000 240.000000 0.000000 
40
0.000000 30720.000000 0.000000 0.000000 0.000000 0.000000 0.000000 0.000000 0.000000 12178.000000 0.000000 9792.000000 1254.000000 0.000000 0.000000 0.000000 0.000000 0.000000 0.000000 0.000000 0.000000 13888.000000 15552.000000 12290.000000 0.000000 0.000000 0.000000 0.000000 0.000000 0.000000 10296.000000 580.000000 24576.000000 0.000000 0.000000 0.000000 0.000000 0.000000 0.000000 0.000000 21900.000000 800.000000 52040.000000 0.000000 0.000000 18993.000000 0.000000 0.000000 0.000000 0.000000 0.000000 0.000000 0.000000 0.000000 0.000000 12288.000000 27850.000000 0.000000 965.000000 1632.000000 0.000000 
41
0.000000 24576.000000 0.000000 0.000000 0.000000 0.000000 0.000000 0.000000 0.000000 1152.000000 0.000000 6528.000000 1254.000000 0.000000 0.000000 0.000000 0.000000 0.000000 0.000000 0.000000 0.000000 13888.000000 15552.000000 12290.000000 0.000000 0.000000 0.000000 0.000000 0.000000 0.000000 9548.000000 2072.000000 24576.000000 0.000000 0.000000 0.000000 0.000000 0.000000 0.000000 0.000000 21712.000000 800.000000 51955.000000 0.000000 0.000000 19417.000000 0.000000 0.000000 0.000000 0.000000 0.000000 0.000000 0.000000 0.000000 0.000000 12288.000000 24000.000000 0.000000 2170.000000 1632.000000 0.000000 
42
0.000000 24576.000000 0.000000 0.000000 0.000000 0.000000 0.000000 0.000000 0.000000 1164.000000 0.000000 6528.000000 1254.000000 0.000000 0.000000 0.000000 0.000000 0.000000 0.000000 0.000000 2496.000000 13829.000000 18432.000000 6145.000000 0.000000 0.000000 0.000000 0.000000 0.000000 0.000000 8800.000000 1960.000000 18432.000000 0.000000 0.000000 0.000000 0.000000 0.000000 0.000000 0.000000 14400.000000 400.000000 52140.000000 0.000000 0.000000 9214.000000 0.000000 0.000000 0.000000 0.000000 0.000000 0.000000 0.000000 0.000000 0.000000 6912.000000 23121.000000 0.000000 2170.000000 1440.000000 0.000000 
43
0.000000 24832.000000 0.000000 0.000000 0.000000 0.000000 0.000000 0.000000 0.000000 7824.000000 0.000000 6528.000000 1254.000000 0.000000 0.000000 0.000000 0.000000 0.000000 0.000000 0.000000 2592.000000 13888.000000 15552.000000 6145.000000 0.000000 0.000000 0.000000 0.000000 0.000000 0.000000 14481.000000 3348.000000 18432.000000 0.000000 0.000000 0.000000 0.000000 0.000000 0.000000 0.000000 20992.000000 400.000000 52140.000000 0.000000 0.000000 16476.000000 0.000000 0.000000 0.000000 0.000000 0.000000 0.000000 0.000000 0.000000 0.000000 12288.000000 28760.000000 0.000000 2170.000000 1632.000000 0.000000 
44
0.000000 30720.000000 512.000000 0.000000 0.000000 0.000000 0.000000 0.000000 0.000000 528.000000 10896.000000 3264.000000 0.000000 0.000000 0.000000 0.000000 0.000000 0.000000 0.000000 0.000000 0.000000 13888.000000 15552.000000 0.000000 0.000000 0.000000 0.000000 0.000000 0.000000 0.000000 0.000000 980.000000 24576.000000 0.000000 0.000000 0.000000 0.000000 0.000000 0.000000 0.000000 23600.000000 800.000000 43008.000000 0.000000 0.000000 23401.000000 0.000000 0.000000 0.000000 0.000000 0.000000 0.000000 0.000000 0.000000 0.000000 6144.000000 26383.000000 0.000000 2242.000000 240.000000 0.000000 
45
0.000000 24576.000000 512.000000 0.000000 0.000000 0.000000 0.000000 0.000000 0.000000 0.000000 7060.000000 3264.000000 0.000000 0.000000 0.000000 0.000000 0.000000 0.000000 0.000000 0.000000 4424.000000 13888.000000 15552.000000 0.000000 0.000000 0.000000 0.000000 0.000000 0.000000 0.000000 0.000000 3348.000000 24576.000000 0.000000 0.000000 0.000000 0.000000 0.000000 0.000000 0.000000 14040.000000 800.000000 43008.000000 0.000000 0.000000 21972.000000 0.000000 0.000000 0.000000 0.000000 0.000000 0.000000 0.000000 0.000000 0.000000 6144.000000 26382.000000 0.000000 2242.000000 720.000000 0.000000 
46
0.000000 24576.000000 0.000000 0.000000 0.000000 0.000000 0.000000 0.000000 0.000000 0.000000 8408.000000 6144.000000 0.000000 0.000000 0.000000 0.000000 0.000000 0.000000 0.000000 0.000000 3992.000000 13829.000000 18432.000000 0.000000 0.000000 0.000000 0.000000 0.000000 0.000000 0.000000 0.000000 1960.000000 18432.000000 0.000000 0.000000 0.000000 0.000000 0.000000 0.000000 0.000000 20992.000000 400.000000 48887.000000 0.000000 0.000000 18944.000000 0.000000 0.000000 0.000000 0.000000 0.000000 0.000000 0.000000 0.000000 0.000000 6144.000000 27855.000000 0.000000 216.000000 720.000000 0.000000 
47
0.000000 24832.000000 0.000000 0.000000 0.000000 0.000000 0.000000 0.000000 0.000000 1372.000000 8408.000000 0.000000 0.000000 0.000000 0.000000 0.000000 0.000000 0.000000 0.000000 0.000000 2112.000000 13888.000000 15552.000000 0.000000 0.000000 0.000000 0.000000 0.000000 0.000000 0.000000 0.000000 2072.000000 18432.000000 0.000000 0.000000 0.000000 0.000000 0.000000 0.000000 0.000000 20992.000000 0.000000 48805.000000 0.000000 0.000000 20944.000000 0.000000 0.000000 0.000000 0.000000 0.000000 0.000000 0.000000 0.000000 0.000000 7056.000000 27855.000000 0.000000 2170.000000 720.000000 0.000000 
48
0.000000 30720.000000 1024.000000 0.000000 0.000000 0.000000 0.000000 0.000000 0.000000 12178.000000 0.000000 9792.000000 0.000000 0.000000 0.000000 0.000000 0.000000 0.000000 0.000000 0.000000 0.000000 16256.000000 15552.000000 0.000000 0.000000 0.000000 0.000000 0.000000 0.000000 0.000000 11044.000000 4756.000000 18432.000000 0.000000 0.000000 0.000000 0.000000 0.000000 0.000000 0.000000 18828.000000 0.000000 51848.000000 0.000000 0.000000 9215.000000 0.000000 0.000000 0.000000 0.000000 0.000000 0.000000 0.000000 0.000000 0.000000 6216.000000 23111.000000 0.000000 529.000000 1632.000000 0.000000 
49
0.000000 24576.000000 1024.000000 0.000000 0.000000 0.000000 0.000000 0.000000 0.000000 1056.000000 0.000000 6528.000000 0.000000 0.000000 0.000000 0.000000 0.000000 0.000000 0.000000 0.000000 4424.000000 16256.000000 12288.000000 0.000000 0.000000 0.000000 0.000000 0.000000 0.000000 0.000000 10296.000000 1380.000000 18432.000000 0.000000 0.000000 0.000000 0.000000 0.000000 0.000000 0.000000 21352.000000 0.000000 45704.000000 0.000000 0.000000 18483.000000 0.000000 0.000000 0.000000 0.000000 0.000000 0.000000 0.000000 0.000000 0.000000 6216.000000 29646.000000 0.000000 4988.000000 1632.000000 0.000000 
50
0.000000 24576.000000 512.000000 0.000000 0.000000 0.000000 0.000000 0.000000 0.000000 876.000000 0.000000 6528.000000 0.000000 0.000000 0.000000 0.000000 0.000000 0.000000 0.000000 0.000000 3992.000000 13829.000000 15552.000000 0.000000 0.000000 0.000000 0.000000 0.000000 0.000000 0.000000 11044.000000 1560.000000 12288.000000 0.000000 0.000000 0.000000 0.000000 0.000000 0.000000 0.000000 14400.000000 0.000000 51813.000000 0.000000 0.000000 18993.000000 0.000000 0.000000 0.000000 0.000000 0.000000 0.000000 0.000000 0.000000 0.000000 6144.000000 27855.000000 0.000000 2555.000000 1440.000000 0.000000 
51
0.000000 24832.000000 512.000000 0.000000 0.000000 0.000000 0.000000 0.000000 0.000000 7824.000000 0.000000 6528.000000 0.000000 0.000000 0.000000 0.000000 0.000000 0.000000 0.000000 0.000000 2304.000000 13888.000000 10208.000000 0.000000 0.000000 0.000000 0.000000 0.000000 0.000000 0.000000 11491.000000 1560.000000 12288.000000 0.000000 0.000000 0.000000 0.000000 0.000000 0.000000 0.000000 23360.000000 0.000000 45905.000000 0.000000 0.000000 13239.000000 0.000000 0.000000 0.000000 0.000000 0.000000 0.000000 0.000000 0.000000 0.000000 384.000000 27855.000000 0.000000 265.000000 1632.000000 0.000000 
52
0.000000 30720.000000 0.000000 0.000000 0.000000 0.000000 0.000000 0.000000 0.000000 3226.000000 0.000000 9792.000000 1578.000000 0.000000 0.000000 0.000000 0.000000 0.000000 0.000000 0.000000 1200.000000 13888.000000 15552.000000 12290.000000 0.000000 0.000000 0.000000 0.000000 0.000000 0.000000 9548.000000 0.000000 24576.000000 0.000000 0.000000 0.000000 0.000000 0.000000 0.000000 774.000000 18828.000000 760.000000 41480.000000 0.000000 0.000000 0.000000 0.000000 0.000000 0.000000 0.000000 0.000000 0.000000 0.000000 0.000000 0.000000 0.000000 28736.000000 0.000000 144.000000 1632.000000 0.000000 
53
0.000000 24576.000000 0.000000 0.000000 0.000000 0.000000 0.000000 0.000000 0.000000 528.000000 0.000000 6528.000000 1686.000000 0.000000 0.000000 0.000000 0.000000 0.000000 0.000000 0.000000 3992.000000 13888.000000 15552.000000 12290.000000 0.000000 0.000000 0.000000 0.000000 0.000000 0.000000 13907.000000 0.000000 24576.000000 0.000000 0.000000 0.000000 0.000000 0.000000 0.000000 870.000000 14400.000000 760.000000 47142.000000 0.000000 0.000000 0.000000 0.000000 0.000000 0.000000 0.000000 0.000000 0.000000 0.000000 0.000000 0.000000 6216.000000 27870.000000 0.000000 2170.000000 1632.000000 0.000000 
54
0.000000 24576.000000 0.000000 0.000000 0.000000 0.000000 0.000000 0.000000 0.000000 0.000000 0.000000 6528.000000 1686.000000 0.000000 0.000000 0.000000 0.000000 0.000000 0.000000 0.000000 3992.000000 13829.000000 18432.000000 12290.000000 0.000000 0.000000 0.000000 0.000000 0.000000 0.000000 8800.000000 0.000000 18432.000000 0.000000 0.000000 0.000000 0.000000 0.000000 0.000000 870.000000 21352.000000 760.000000 47141.000000 0.000000 0.000000 0.000000 0.000000 0.000000 0.000000 0.000000 0.000000 0.000000 0.000000 0.000000 0.000000 6216.000000 23111.000000 0.000000 2170.000000 1732.000000 0.000000 
55
0.000000 24832.000000 0.000000 0.000000 0.000000 0.000000 0.000000 0.000000 0.000000 5284.000000 0.000000 6528.000000 1470.000000 0.000000 0.000000 0.000000 0.000000 0.000000 0.000000 0.000000 1200.000000 13888.000000 15552.000000 6145.000000 0.000000 0.000000 0.000000 0.000000 0.000000 0.000000 8800.000000 0.000000 18432.000000 0.000000 0.000000 0.000000 0.000000 0.000000 0.000000 774.000000 23360.000000 940.000000 41075.000000 0.000000 0.000000 0.000000 0.000000 0.000000 0.000000 0.000000 0.000000 0.000000 0.000000 0.000000 0.000000 0.000000 23111.000000 0.000000 2170.000000 3126.000000 0.000000 
56
0.000000 30720.000000 0.000000 0.000000 0.000000 0.000000 0.000000 0.000000 0.000000 10806.000000 0.000000 9792.000000 0.000000 0.000000 0.000000 0.000000 0.000000 0.000000 0.000000 0.000000 5192.000000 17364.000000 15552.000000 12290.000000 0.000000 0.000000 0.000000 0.000000 0.000000 0.000000 10296.000000 0.000000 18432.000000 0.000000 0.000000 0.000000 0.000000 0.000000 0.000000 672.000000 18828.000000 1160.000000 39944.000000 0.000000 0.000000 74852.000000 8750.000000 0.000000 0.000000 0.000000 0.000000 0.000000 0.000000 0.000000 0.000000 12360.000000 24000.000000 8100.000000 2242.000000 1152.000000 0.000000 
57
0.000000 30720.000000 0.000000 0.000000 0.000000 0.000000 0.000000 0.000000 0.000000 5228.000000 0.000000 6528.000000 0.000000 0.000000 0.000000 0.000000 0.000000 0.000000 0.000000 0.000000 1344.000000 17004.000000 12688.000000 12290.000000 0.000000 0.000000 0.000000 0.000000 0.000000 0.000000 10296.000000 1254.000000 18432.000000 0.000000 0.000000 0.000000 0.000000 0.000000 0.000000 870.000000 14400.000000 1120.000000 39613.000000 0.000000 0.000000 79004.000000 14500.000000 0.000000 0.000000 0.000000 0.000000 0.000000 0.000000 0.000000 0.000000 12360.000000 25487.000000 8100.000000 2242.000000 960.000000 0.000000 
58
0.000000 24576.000000 0.000000 0.000000 0.000000 0.000000 0.000000 0.000000 0.000000 7246.000000 0.000000 6528.000000 0.000000 0.000000 0.000000 0.000000 0.000000 0.000000 0.000000 0.000000 8800.000000 17364.000000 15552.000000 6145.000000 0.000000 0.000000 0.000000 0.000000 0.000000 0.000000 14481.000000 0.000000 12288.000000 0.000000 0.000000 0.000000 0.000000 0.000000 0.000000 774.000000 21352.000000 1120.000000 33618.000000 0.000000 0.000000 81632.000000 16148.000000 0.000000 0.000000 0.000000 0.000000 0.000000 0.000000 0.000000 0.000000 12288.000000 23119.000000 8100.000000 216.000000 1872.000000 0.000000 
59
0.000000 24576.000000 0.000000 0.000000 0.000000 0.000000 0.000000 0.000000 0.000000 5970.000000 0.000000 6528.000000 0.000000 0.000000 0.000000 0.000000 0.000000 0.000000 0.000000 0.000000 1968.000000 18270.000000 9408.000000 6145.000000 0.000000 0.000000 0.000000 0.000000 0.000000 0.000000 9328.000000 0.000000 12288.000000 0.000000 0.000000 0.000000 0.000000 0.000000 0.000000 774.000000 23360.000000 1300.000000 33805.000000 0.000000 0.000000 77493.000000 11621.000000 0.000000 0.000000 0.000000 0.000000 0.000000 0.000000 0.000000 0.000000 6912.000000 23119.000000 7296.000000 2170.000000 240.000000 0.000000 
60
0.000000 36864.000000 1536.000000 0.000000 0.000000 0.000000 0.000000 0.000000 0.000000 2540.000000 10896.000000 9792.000000 1254.000000 0.000000 0.000000 0.000000 0.000000 0.000000 0.000000 0.000000 5192.000000 13888.000000 15552.000000 0.000000 0.000000 0.000000 0.000000 0.000000 0.000000 0.000000 1712.000000 0.000000 24576.000000 0.000000 0.000000 0.000000 0.000000 0.000000 0.000000 777.000000 18320.000000 1120.000000 46088.000000 0.000000 0.000000 81273.000000 14030.000000 0.000000 0.000000 0.000000 0.000000 0.000000 0.000000 0.000000 0.000000 0.000000 23119.000000 0.000000 144.000000 1392.000000 0.000000 
61
0.000000 36864.000000 1536.000000 0.000000 0.000000 0.000000 0.000000 0.000000 0.000000 528.000000 7060.000000 9792.000000 0.000000 0.000000 0.000000 0.000000 0.000000 0.000000 0.000000 0.000000 1152.000000 13888.000000 9808.000000 0.000000 0.000000 0.000000 0.000000 0.000000 0.000000 0.000000 0.000000 0.000000 24576.000000 0.000000 0.000000 0.000000 0.000000 0.000000 0.000000 870.000000 19024.000000 1120.000000 45999.000000 0.000000 0.000000 84236.000000 17796.000000 0.000000 0.000000 0.000000 0.000000 0.000000 0.000000 0.000000 0.000000 0.000000 23119.000000 0.000000 2170.000000 1632.000000 0.000000 
62
0.000000 30720.000000 1024.000000 0.000000 0.000000 0.000000 0.000000 0.000000 0.000000 4706.000000 8408.000000 6528.000000 0.000000 0.000000 0.000000 0.000000 0.000000 0.000000 0.000000 0.000000 0.000000 13829.000000 9408.000000 0.000000 0.000000 0.000000 0.000000 0.000000 0.000000 0.000000 0.000000 0.000000 18432.000000 0.000000 0.000000 0.000000 0.000000 0.000000 0.000000 774.000000 18432.000000 1120.000000 40002.000000 0.000000 0.000000 84571.000000 17796.000000 0.000000 0.000000 0.000000 0.000000 0.000000 0.000000 0.000000 0.000000 0.000000 25487.000000 0.000000 2170.000000 1152.000000 0.000000 
63
0.000000 30720.000000 1024.000000 0.000000 0.000000 0.000000 0.000000 0.000000 0.000000 3430.000000 8408.000000 6528.000000 0.000000 0.000000 0.000000 0.000000 0.000000 0.000000 0.000000 0.000000 3216.000000 13888.000000 15552.000000 0.000000 0.000000 0.000000 0.000000 0.000000 0.000000 0.000000 748.000000 0.000000 18432.000000 0.000000 0.000000 0.000000 0.000000 0.000000 0.000000 870.000000 18624.000000 1480.000000 39949.000000 0.000000 0.000000 82691.000000 15630.000000 0.000000 0.000000 0.000000 0.000000 0.000000 0.000000 0.000000 0.000000 0.000000 24000.000000 0.000000 2170.000000 1440.000000 0.000000 
64
0.000000 36864.000000 0.000000 0.000000 0.000000 0.000000 0.000000 0.000000 0.000000 528.000000 0.000000 6528.000000 0.000000 0.000000 0.000000 0.000000 0.000000 0.000000 0.000000 0.000000 4478.000000 16256.000000 15552.000000 12290.000000 0.000000 0.000000 0.000000 0.000000 0.000000 0.000000 216.000000 0.000000 24576.000000 0.000000 0.000000 0.000000 0.000000 0.000000 0.000000 0.000000 17768.000000 940.000000 39512.000000 0.000000 0.000000 8333.000000 0.000000 0.000000 0.000000 0.000000 0.000000 0.000000 0.000000 0.000000 0.000000 12360.000000 23104.000000 0.000000 2458.000000 720.000000 0.000000 
65
0.000000 36864.000000 0.000000 0.000000 0.000000 0.000000 0.000000 0.000000 0.000000 0.000000 0.000000 6528.000000 0.000000 0.000000 0.000000 0.000000 0.000000 0.000000 0.000000 0.000000 5192.000000 16256.000000 12288.000000 12290.000000 0.000000 0.000000 0.000000 0.000000 0.000000 0.000000 0.000000 0.000000 24576.000000 0.000000 0.000000 0.000000 0.000000 0.000000 0.000000 0.000000 19704.000000 1160.000000 45568.000000 0.000000 0.000000 8333.000000 0.000000 0.000000 0.000000 0.000000 0.000000 0.000000 0.000000 0.000000 0.000000 12288.000000 26368.000000 0.000000 2170.000000 480.000000 0.000000 
66
0.000000 30720.000000 0.000000 0.000000 0.000000 0.000000 0.000000 0.000000 0.000000 794.000000 0.000000 3264.000000 0.000000 0.000000 0.000000 0.000000 0.000000 0.000000 0.000000 0.000000 4520.000000 18624.000000 15552.000000 6145.000000 0.000000 0.000000 0.000000 0.000000 0.000000 0.000000 0.000000 0.000000 18432.000000 0.000000 0.000000 0.000000 0.000000 0.000000 0.000000 0.000000 17340.000000 940.000000 45429.000000 0.000000 0.000000 4233.000000 0.000000 0.000000 0.000000 0.000000 0.000000 0.000000 0.000000 0.000000 0.000000 12288.000000 27855.000000 0.000000 2170.000000 1152.000000 0.000000 
67
0.000000 30720.000000 0.000000 0.000000 0.000000 0.000000 0.000000 0.000000 0.000000 686.000000 0.000000 3264.000000 0.000000 0.000000 0.000000 0.000000 0.000000 0.000000 0.000000 0.000000 4520.000000 18127.000000 9808.000000 6145.000000 0.000000 0.000000 0.000000 0.000000 0.000000 0.000000 0.000000 0.000000 18432.000000 0.000000 0.000000 0.000000 0.000000 0.000000 0.000000 0.000000 18624.000000 1120.000000 39513.000000 0.000000 0.000000 3584.000000 0.000000 0.000000 0.000000 0.000000 0.000000 0.000000 0.000000 0.000000 0.000000 6912.000000 25517.000000 0.000000 965.000000 480.000000 0.000000 
68
0.000000 36864.000000 0.000000 0.000000 0.000000 0.000000 0.000000 0.000000 0.000000 528.000000 11960.000000 9792.000000 0.000000 0.000000 0.000000 0.000000 0.000000 0.000000 0.000000 0.000000 0.000000 16256.000000 15552.000000 0.000000 0.000000 0.000000 0.000000 0.000000 0.000000 0.000000 0.000000 980.000000 24576.000000 0.000000 0.000000 0.000000 0.000000 0.000000 0.000000 16773.000000 20368.000000 800.000000 45756.000000 0.000000 0.000000 61966.000000 0.000000 0.000000 0.000000 0.000000 0.000000 0.000000 0.000000 0.000000 288.000000 6144.000000 24000.000000 0.000000 192.000000 1392.000000 0.000000 
69
0.000000 36864.000000 0.000000 0.000000 0.000000 0.000000 0.000000 0.000000 0.000000 0.000000 10364.000000 6528.000000 0.000000 0.000000 0.000000 0.000000 0.000000 0.000000 0.000000 0.000000 4424.000000 16256.000000 15552.000000 0.000000 0.000000 0.000000 0.000000 0.000000 0.000000 0.000000 0.000000 3348.000000 24576.000000 0.000000 0.000000 0.000000 0.000000 0.000000 0.000000 17548.000000 19044.000000 800.000000 39612.000000 0.000000 0.000000 55038.000000 0.000000 0.000000 0.000000 0.000000 0.000000 0.000000 0.000000 0.000000 96.000000 6144.000000 24000.000000 0.000000 2362.000000 1392.000000 0.000000 
70
0.000000 30720.000000 0.000000 0.000000 0.000000 0.000000 0.000000 0.000000 0.000000 794.000000 9540.000000 6528.000000 0.000000 0.000000 0.000000 0.000000 0.000000 0.000000 0.000000 0.000000 3992.000000 16256.000000 15552.000000 0.000000 0.000000 0.000000 0.000000 0.000000 0.000000 0.000000 0.000000 1960.000000 18432.000000 0.000000 0.000000 0.000000 0.000000 0.000000 0.000000 19448.000000 18624.000000 800.000000 39658.000000 0.000000 0.000000 62034.000000 0.000000 0.000000 0.000000 0.000000 0.000000 0.000000 0.000000 0.000000 96.000000 6624.000000 23126.000000 0.000000 769.000000 960.000000 0.000000 
71
0.000000 30720.000000 0.000000 0.000000 0.000000 0.000000 0.000000 0.000000 0.000000 686.000000 8192.000000 6528.000000 0.000000 0.000000 0.000000 0.000000 0.000000 0.000000 0.000000 0.000000 2016.000000 17162.000000 12688.000000 0.000000 0.000000 0.000000 0.000000 0.000000 0.000000 0.000000 0.000000 2072.000000 18432.000000 0.000000 0.000000 0.000000 0.000000 0.000000 0.000000 17254.000000 18828.000000 400.000000 45568.000000 0.000000 0.000000 62033.000000 0.000000 0.000000 0.000000 0.000000 0.000000 0.000000 0.000000 0.000000 192.000000 6600.000000 23126.000000 0.000000 4988.000000 960.000000 0.000000 
72
0.000000 36864.000000 2560.000000 0.000000 0.000000 0.000000 0.000000 0.000000 0.000000 2540.000000 0.000000 9792.000000 0.000000 0.000000 0.000000 0.000000 0.000000 0.000000 0.000000 0.000000 192.000000 13888.000000 15552.000000 0.000000 0.000000 0.000000 0.000000 0.000000 0.000000 0.000000 1712.000000 1254.000000 18432.000000 0.000000 0.000000 0.000000 0.000000 0.000000 0.000000 873.000000 19476.000000 760.000000 41480.000000 0.000000 0.000000 0.000000 0.000000 0.000000 0.000000 0.000000 0.000000 0.000000 0.000000 0.000000 0.000000 6216.000000 27855.000000 0.000000 965.000000 1632.000000 0.000000 
73
0.000000 36864.000000 2560.000000 0.000000 0.000000 0.000000 0.000000 0.000000 0.000000 528.000000 0.000000 6528.000000 0.000000 0.000000 0.000000 0.000000 0.000000 0.000000 0.000000 0.000000 3992.000000 13888.000000 15552.000000 0.000000 0.000000 0.000000 0.000000 0.000000 0.000000 0.000000 0.000000 0.000000 18432.000000 0.000000 0.000000 0.000000 0.000000 0.000000 0.000000 966.000000 13680.000000 760.000000 47142.000000 0.000000 0.000000 0.000000 0.000000 0.000000 0.000000 0.000000 0.000000 0.000000 0.000000 0.000000 0.000000 6144.000000 25517.000000 0.000000 2170.000000 1632.000000 0.000000 
74
0.000000 30720.000000 2560.000000 0.000000 0.000000 0.000000 0.000000 0.000000 0.000000 204.000000 0.000000 6528.000000 0.000000 0.000000 0.000000 0.000000 0.000000 0.000000 0.000000 0.000000 3992.000000 13829.000000 18432.000000 0.000000 0.000000 0.000000 0.000000 0.000000 0.000000 0.000000 0.000000 580.000000 18433.000000 0.000000 0.000000 0.000000 0.000000 0.000000 0.000000 870.000000 18984.000000 760.000000 47141.000000 0.000000 0.000000 0.000000 0.000000 0.000000 0.000000 0.000000 0.000000 0.000000 0.000000 0.000000 0.000000 6528.000000 23104.000000 0.000000 2170.000000 480.000000 0.000000 
75
0.000000 30720.000000 2560.000000 0.000000 0.000000 0.000000 0.000000 0.000000 0.000000 2744.000000 0.000000 6528.000000 0.000000 0.000000 0.000000 0.000000 0.000000 0.000000 0.000000 0.000000 0.000000 13888.000000 15552.000000 0.000000 0.000000 0.000000 0.000000 0.000000 0.000000 0.000000 748.000000 0.000000 12288.000000 0.000000 0.000000 0.000000 0.000000 0.000000 0.000000 870.000000 22016.000000 940.000000 41075.000000 0.000000 0.000000 0.000000 0.000000 0.000000 0.000000 0.000000 0.000000 0.000000 0.000000 0.000000 0.000000 6528.000000 26368.000000 0.000000 2170.000000 1440.000000 0.000000 
76
0.000000 36864.000000 0.000000 0.000000 0.000000 0.000000 0.000000 0.000000 0.000000 10120.000000 0.000000 9792.000000 0.000000 0.000000 0.000000 0.000000 0.000000 0.000000 0.000000 0.000000 1296.000000 16256.000000 15552.000000 12290.000000 0.000000 0.000000 0.000000 0.000000 0.000000 0.000000 0.000000 801.000000 18432.000000 0.000000 0.000000 0.000000 0.000000 0.000000 0.000000 0.000000 19476.000000 760.000000 41004.000000 0.000000 0.000000 8333.000000 0.000000 0.000000 0.000000 0.000000 0.000000 0.000000 0.000000 0.000000 0.000000 12288.000000 26368.000000 0.000000 0.000000 1440.000000 0.000000 
77
0.000000 36864.000000 0.000000 0.000000 0.000000 0.000000 0.000000 0.000000 0.000000 1536.000000 0.000000 6528.000000 0.000000 0.000000 0.000000 0.000000 0.000000 0.000000 0.000000 0.000000 4088.000000 16256.000000 15552.000000 12290.000000 0.000000 0.000000 0.000000 0.000000 0.000000 0.000000 0.000000 800.000000 18432.000000 0.000000 0.000000 0.000000 0.000000 0.000000 0.000000 0.000000 21352.000000 760.000000 46910.000000 0.000000 0.000000 8333.000000 0.000000 0.000000 0.000000 0.000000 0.000000 0.000000 0.000000 0.000000 0.000000 12288.000000 23104.000000 0.000000 2170.000000 1152.000000 0.000000 
78
0.000000 30720.000000 0.000000 0.000000 0.000000 0.000000 0.000000 0.000000 0.000000 3896.000000 0.000000 6528.000000 0.000000 0.000000 0.000000 0.000000 0.000000 0.000000 0.000000 0.000000 4088.000000 16256.000000 15552.000000 6145.000000 0.000000 0.000000 0.000000 0.000000 0.000000 0.000000 0.000000 800.000000 12288.000000 0.000000 0.000000 0.000000 0.000000 0.000000 0.000000 0.000000 13680.000000 760.000000 46909.000000 0.000000 0.000000 6176.000000 0.000000 0.000000 0.000000 0.000000 0.000000 0.000000 0.000000 0.000000 0.000000 12672.000000 27855.000000 0.000000 2170.000000 1152.000000 0.000000 
79
0.000000 30720.000000 0.000000 0.000000 0.000000 0.000000 0.000000 0.000000 0.000000 5284.000000 0.000000 6528.000000 0.000000 0.000000 0.000000 0.000000 0.000000 0.000000 0.000000 0.000000 1296.000000 17162.000000 12688.000000 6145.000000 0.000000 0.000000 0.000000 0.000000 0.000000 0.000000 0.000000 800.000000 12288.000000 0.000000 0.000000 0.000000 0.000000 0.000000 0.000000 0.000000 23040.000000 1120.000000 41103.000000 0.000000 0.000000 3584.000000 0.000000 0.000000 0.000000 0.000000 0.000000 0.000000 0.000000 0.000000 0.000000 12672.000000 25517.000000 0.000000 2170.000000 1200.000000 0.000000 
80
0.000000 36864.000000 0.000000 0.000000 0.000000 0.000000 0.000000 0.000000 0.000000 0.000000 0.000000 9792.000000 0.000000 0.000000 0.000000 0.000000 0.000000 0.000000 0.000000 0.000000 3896.000000 13888.000000 15552.000000 0.000000 0.000000 0.000000 0.000000 0.000000 0.000000 0.000000 0.000000 1254.000000 18432.000000 0.000000 0.000000 0.000000 0.000000 0.000000 0.000000 873.000000 18624.000000 400.000000 52040.000000 0.000000 0.000000 36553.000000 0.000000 0.000000 0.000000 0.000000 0.000000 0.000000 0.000000 0.000000 0.000000 6144.000000 25487.000000 0.000000 2963.000000 720.000000 0.000000 
81
0.000000 36864.000000 0.000000 0.000000 0.000000 0.000000 0.000000 0.000000 0.000000 0.000000 0.000000 6528.000000 0.000000 0.000000 0.000000 0.000000 0.000000 0.000000 0.000000 0.000000 288.000000 13888.000000 10208.000000 0.000000 0.000000 0.000000 0.000000 0.000000 0.000000 0.000000 0.000000 0.000000 18432.000000 0.000000 0.000000 0.000000 0.000000 0.000000 0.000000 966.000000 16616.000000 400.000000 51955.000000 0.000000 0.000000 35982.000000 0.000000 0.000000 0.000000 0.000000 0.000000 0.000000 0.000000 0.000000 0.000000 6144.000000 24000.000000 0.000000 794.000000 720.000000 0.000000 
82
0.000000 30720.000000 0.000000 0.000000 0.000000 0.000000 0.000000 0.000000 0.000000 0.000000 0.000000 6528.000000 0.000000 0.000000 0.000000 0.000000 0.000000 0.000000 0.000000 0.000000 3120.000000 13829.000000 15552.000000 0.000000 0.000000 0.000000 0.000000 0.000000 0.000000 0.000000 0.000000 580.000000 18433.000000 0.000000 0.000000 0.000000 0.000000 0.000000 0.000000 870.000000 16616.000000 800.000000 52140.000000 0.000000 0.000000 39273.000000 0.000000 0.000000 0.000000 0.000000 0.000000 0.000000 0.000000 0.000000 0.000000 6600.000000 23119.000000 0.000000 794.000000 480.000000 0.000000 
83
0.000000 30720.000000 0.000000 0.000000 0.000000 0.000000 0.000000 0.000000 0.000000 686.000000 0.000000 6528.000000 0.000000 0.000000 0.000000 0.000000 0.000000 0.000000 0.000000 0.000000 0.000000 13888.000000 12288.000000 0.000000 0.000000 0.000000 0.000000 0.000000 0.000000 0.000000 0.000000 0.000000 12288.000000 0.000000 0.000000 0.000000 0.000000 0.000000 0.000000 774.000000 19648.000000 800.000000 52140.000000 0.000000 0.000000 35993.000000 0.000000 0.000000 0.000000 0.000000 0.000000 0.000000 0.000000 0.000000 0.000000 6600.000000 23119.000000 0.000000 0.000000 240.000000 0.000000 
84
0.000000 36864.000000 1.000000 0.000000 0.000000 0.000000 0.000000 0.000000 0.000000 0.000000 0.000000 13056.000000 0.000000 0.000000 0.000000 0.000000 0.000000 0.000000 0.000000 0.000000 5192.000000 13888.000000 15552.000000 12290.000000 0.000000 0.000000 0.000000 0.000000 0.000000 0.000000 15353.000000 0.000000 24576.000000 0.000000 0.000000 0.000000 0.000000 0.000000 0.000000 0.000000 19476.000000 9710.000000 45704.000000 0.000000 0.000000 4174.000000 0.000000 0.000000 0.000000 0.000000 0.000000 0.000000 0.000000 0.000000 0.000000 12288.000000 24000.000000 0.000000 2987.000000 240.000000 0.000000 
85
0.000000 36864.000000 0.000000 0.000000 0.000000 0.000000 0.000000 0.000000 0.000000 0.000000 0.000000 9792.000000 0.000000 0.000000 0.000000 0.000000 0.000000 0.000000 0.000000 0.000000 576.000000 13888.000000 15552.000000 12290.000000 0.000000 0.000000 0.000000 0.000000 0.000000 0.000000 8800.000000 0.000000 24576.000000 0.000000 0.000000 0.000000 0.000000 0.000000 0.000000 0.000000 20992.000000 9710.000000 39560.000000 0.000000 0.000000 18483.000000 0.000000 0.000000 0.000000 0.000000 0.000000 0.000000 0.000000 0.000000 0.000000 12288.000000 25487.000000 0.000000 3036.000000 960.000000 0.000000 
86
0.000000 30720.000000 0.000000 0.000000 0.000000 0.000000 0.000000 0.000000 0.000000 0.000000 0.000000 9792.000000 0.000000 0.000000 0.000000 0.000000 0.000000 0.000000 0.000000 0.000000 0.000000 13829.000000 18432.000000 12290.000000 0.000000 0.000000 0.000000 0.000000 0.000000 0.000000 9548.000000 0.000000 18432.000000 0.000000 0.000000 0.000000 0.000000 0.000000 0.000000 0.000000 14704.000000 9450.000000 45669.000000 0.000000 0.000000 18993.000000 0.000000 0.000000 0.000000 0.000000 0.000000 0.000000 0.000000 0.000000 0.000000 6912.000000 23119.000000 0.000000 2964.000000 1632.000000 0.000000 
87
0.000000 30720.000000 0.000000 0.000000 0.000000 0.000000 0.000000 0.000000 0.000000 0.000000 0.000000 9792.000000 0.000000 0.000000 0.000000 0.000000 0.000000 0.000000 0.000000 0.000000 2832.000000 13888.000000 15552.000000 6145.000000 0.000000 0.000000 0.000000 0.000000 0.000000 0.000000 9548.000000 0.000000 18432.000000 0.000000 0.000000 0.000000 0.000000 0.000000 0.000000 0.000000 20992.000000 9410.000000 39761.000000 0.000000 0.000000 12304.000000 0.000000 0.000000 0.000000 0.000000 0.000000 0.000000 0.000000 0.000000 0.000000 12288.000000 23119.000000 0.000000 0.000000 1632.000000 0.000000 
88
0.000000 36864.000000 0.000000 0.000000 0.000000 0.000000 0.000000 0.000000 0.000000 10120.000000 0.000000 0.000000 1254.000000 0.000000 0.000000 0.000000 0.000000 0.000000 0.000000 0.000000 6248.000000 13888.000000 9808.000000 0.000000 0.000000 0.000000 0.000000 0.000000 0.000000 0.000000 0.000000 0.000000 18432.000000 0.000000 0.000000 0.000000 0.000000 0.000000 0.000000 873.000000 15952.000000 760.000000 41480.000000 0.000000 0.000000 72882.000000 0.000000 0.000000 0.000000 0.000000 0.000000 0.000000 0.000000 0.000000 0.000000 18432.000000 25487.000000 0.000000 2458.000000 240.000000 0.000000 
89
0.000000 36864.000000 0.000000 0.000000 0.000000 0.000000 0.000000 0.000000 0.000000 0.000000 0.000000 0.000000 1254.000000 0.000000 0.000000 0.000000 0.000000 0.000000 0.000000 0.000000 6248.000000 13888.000000 12288.000000 0.000000 0.000000 0.000000 0.000000 0.000000 0.000000 0.000000 0.000000 0.000000 18432.000000 0.000000 0.000000 0.000000 0.000000 0.000000 0.000000 870.000000 16656.000000 760.000000 47142.000000 0.000000 0.000000 72614.000000 0.000000 0.000000 0.000000 0.000000 0.000000 0.000000 0.000000 0.000000 0.000000 18432.000000 24000.000000 0.000000 965.000000 960.000000 0.000000 
90
0.000000 30720.000000 0.000000 0.000000 0.000000 0.000000 0.000000 0.000000 0.000000 3896.000000 0.000000 6144.000000 1254.000000 0.000000 0.000000 0.000000 0.000000 0.000000 0.000000 0.000000 0.000000 13829.000000 15552.000000 0.000000 0.000000 0.000000 0.000000 0.000000 0.000000 0.000000 0.000000 0.000000 12288.000000 0.000000 0.000000 0.000000 0.000000 0.000000 0.000000 870.000000 18984.000000 760.000000 47141.000000 0.000000 0.000000 57057.000000 0.000000 0.000000 0.000000 0.000000 0.000000 0.000000 0.000000 0.000000 0.000000 13056.000000 23119.000000 0.000000 2170.000000 1632.000000 0.000000 
91
0.000000 30720.000000 0.000000 0.000000 0.000000 0.000000 0.000000 0.000000 0.000000 5284.000000 0.000000 0.000000 1254.000000 0.000000 0.000000 0.000000 0.000000 0.000000 0.000000 0.000000 8224.000000 13888.000000 15552.000000 0.000000 0.000000 0.000000 0.000000 0.000000 0.000000 0.000000 0.000000 0.000000 12288.000000 0.000000 0.000000 0.000000 0.000000 0.000000 0.000000 774.000000 18624.000000 940.000000 41075.000000 0.000000 0.000000 72916.000000 0.000000 0.000000 0.000000 0.000000 0.000000 0.000000 0.000000 0.000000 0.000000 21088.000000 23119.000000 0.000000 2170.000000 0.000000 0.000000 
92
0.000000 36864.000000 1536.000000 0.000000 0.000000 0.000000 0.000000 0.000000 0.000000 10120.000000 4364.000000 3264.000000 0.000000 0.000000 0.000000 0.000000 0.000000 0.000000 0.000000 0.000000 4424.000000 16256.000000 15552.000000 12290.000000 0.000000 0.000000 0.000000 0.000000 0.000000 0.000000 8800.000000 0.000000 24576.000000 0.000000 0.000000 0.000000 0.000000 0.000000 0.000000 0.000000 18828.000000 1160.000000 47148.000000 0.000000 0.000000 32045.000000 0.000000 0.000000 0.000000 0.000000 0.000000 0.000000 0.000000 0.000000 0.000000 6216.000000 25492.000000 0.000000 385.000000 1200.000000 0.000000 
93
0.000000 36864.000000 1536.000000 0.000000 0.000000 0.000000 0.000000 0.000000 0.000000 384.000000 0.000000 3264.000000 0.000000 0.000000 0.000000 0.000000 0.000000 0.000000 0.000000 0.000000 4808.000000 16256.000000 12288.000000 12290.000000 0.000000 0.000000 0.000000 0.000000 0.000000 0.000000 14050.000000 0.000000 24576.000000 0.000000 0.000000 0.000000 0.000000 0.000000 0.000000 0.000000 21352.000000 1120.000000 53054.000000 0.000000 0.000000 32816.000000 0.000000 0.000000 0.000000 0.000000 0.000000 0.000000 0.000000 0.000000 0.000000 6144.000000 26368.000000 0.000000 3755.000000 1392.000000 0.000000 
94
0.000000 30720.000000 512.000000 0.000000 0.000000 0.000000 0.000000 0.000000 0.000000 3896.000000 2912.000000 0.000000 0.000000 0.000000 0.000000 0.000000 0.000000 0.000000 0.000000 0.000000 4808.000000 13829.000000 15552.000000 6145.000000 0.000000 0.000000 0.000000 0.000000 0.000000 0.000000 10296.000000 0.000000 18432.000000 0.000000 0.000000 0.000000 0.000000 0.000000 0.000000 0.000000 14400.000000 1160.000000 53053.000000 0.000000 0.000000 29883.000000 0.000000 0.000000 0.000000 0.000000 0.000000 0.000000 0.000000 0.000000 0.000000 840.000000 25492.000000 0.000000 4988.000000 1200.000000 0.000000 
95
0.000000 30720.000000 512.000000 0.000000 0.000000 0.000000 0.000000 0.000000 0.000000 5284.000000 2912.000000 6144.000000 0.000000 0.000000 0.000000 0.000000 0.000000 0.000000 0.000000 0.000000 1680.000000 13888.000000 9808.000000 6145.000000 0.000000 0.000000 0.000000 0.000000 0.000000 0.000000 8800.000000 0.000000 18432.000000 0.000000 0.000000 0.000000 0.000000 0.000000 0.000000 0.000000 23360.000000 1260.000000 47247.000000 0.000000 0.000000 31977.000000 0.000000 0.000000 0.000000 0.000000 0.000000 0.000000 0.000000 0.000000 0.000000 6144.000000 25492.000000 0.000000 529.000000 1392.000000 0.000000 
96
0.000000 36864.000000 0.000000 0.000000 0.000000 0.000000 0.000000 0.000000 0.000000 4666.000000 0.000000 13056.000000 1254.000000 0.000000 0.000000 0.000000 0.000000 0.000000 0.000000 0.000000 192.000000 16256.000000 15552.000000 0.000000 0.000000 0.000000 0.000000 0.000000 0.000000 0.000000 15353.000000 0.000000 18432.000000 0.000000 0.000000 0.000000 0.000000 0.000000 0.000000 900.000000 19648.000000 1120.000000 52040.000000 0.000000 0.000000 28145.000000 0.000000 0.000000 0.000000 0.000000 0.000000 0.000000 0.000000 12950.000000 0.000000 6216.000000 24000.000000 0.000000 2458.000000 0.000000 0.000000 
97
0.000000 36864.000000 0.000000 0.000000 0.000000 0.000000 0.000000 0.000000 0.000000 6050.000000 0.000000 9792.000000 1254.000000 0.000000 0.000000 0.000000 0.000000 0.000000 0.000000 0.000000 384.000000 16256.000000 9808.000000 0.000000 0.000000 0.000000 0.000000 0.000000 0.000000 0.000000 8800.000000 1254.000000 18432.000000 0.000000 0.000000 0.000000 0.000000 0.000000 0.000000 900.000000 17696.000000 1120.000000 51955.000000 0.000000 0.000000 27277.000000 0.000000 0.000000 0.000000 0.000000 0.000000 0.000000 0.000000 12950.000000 0.000000 6144.000000 25487.000000 0.000000 965.000000 720.000000 0.000000 
98
0.000000 30720.000000 0.000000 0.000000 0.000000 0.000000 0.000000 0.000000 0.000000 9638.000000 0.000000 9792.000000 1254.000000 0.000000 0.000000 0.000000 0.000000 0.000000 0.000000 0.000000 3072.000000 13829.000000 15552.000000 0.000000 0.000000 0.000000 0.000000 0.000000 0.000000 0.000000 9548.000000 0.000000 12288.000000 0.000000 0.000000 0.000000 0.000000 0.000000 0.000000 900.000000 16656.000000 1520.000000 52140.000000 0.000000 0.000000 28282.000000 0.000000 0.000000 0.000000 0.000000 0.000000 0.000000 0.000000 12950.000000 0.000000 7056.000000 23119.000000 0.000000 2170.000000 1392.000000 0.000000 
99
0.000000 30720.000000 0.000000 0.000000 0.000000 0.000000 0.000000 0.000000 0.000000 7824.000000 0.000000 9792.000000 1254.000000 0.000000 0.000000 0.000000 0.000000 0.000000 0.000000 0.000000 3168.000000 13888.000000 12288.000000 0.000000 0.000000 0.000000 0.000000 0.000000 0.000000 0.000000 9548.000000 0.000000 12288.000000 0.000000 0.000000 0.000000 0.000000 0.000000 0.000000 900.000000 17600.000000 1260.000000 52140.000000 0.000000 0.000000 28199.000000 0.000000 0.000000 0.000000 0.000000 0.000000 0.000000 0.000000 12950.000000 0.000000 6144.000000 23119.000000 0.000000 2170.000000 720.000000 0.000000 
100
0.000000 36864.000000 0.000000 0.000000 0.000000 0.000000 0.000000 0.000000 0.000000 528.000000 10896.000000 6528.000000 0.000000 0.000000 0.000000 0.000000 0.000000 0.000000 0.000000 0.000000 2716.000000 16256.000000 15552.000000 12290.000000 0.000000 0.000000 0.000000 0.000000 0.000000 0.000000 8800.000000 0.000000 18432.000000 0.000000 0.000000 0.000000 0.000000 0.000000 0.000000 18239.000000 19476.000000 1160.000000 52040.000000 0.000000 0.000000 38833.000000 0.000000 0.000000 0.000000 0.000000 0.000000 0.000000 0.000000 0.000000 0.000000 12288.000000 19264.000000 0.000000 2242.000000 480.000000 0.000000 
101
0.000000 36864.000000 0.000000 0.000000 0.000000 0.000000 0.000000 0.000000 0.000000 0.000000 7060.000000 6528.000000 0.000000 0.000000 0.000000 0.000000 0.000000 0.000000 0.000000 0.000000 4328.000000 13829.000000 15552.000000 12290.000000 0.000000 0.000000 0.000000 0.000000 0.000000 0.000000 14050.000000 0.000000 18432.000000 0.000000 0.000000 0.000000 0.000000 0.000000 0.000000 15928.000000 13680.000000 1160.000000 51955.000000 0.000000 0.000000 38210.000000 0.000000 0.000000 0.000000 0.000000 0.000000 0.000000 0.000000 0.000000 0.000000 12288.000000 21642.000000 0.000000 3135.000000 960.000000 0.000000 
102
0.000000 30720.000000 0.000000 0.000000 0.000000 0.000000 0.000000 0.000000 0.000000 686.000000 8408.000000 3264.000000 0.000000 0.000000 0.000000 0.000000 0.000000 0.000000 0.000000 0.000000 0.000000 13888.000000 18432.000000 12290.000000 0.000000 0.000000 0.000000 0.000000 0.000000 0.000000 9548.000000 0.000000 12288.000000 0.000000 0.000000 0.000000 0.000000 0.000000 0.000000 15856.000000 20992.000000 1160.000000 52140.000000 0.000000 0.000000 42357.000000 0.000000 0.000000 0.000000 0.000000 0.000000 0.000000 0.000000 0.000000 0.000000 13056.000000 21642.000000 0.000000 2242.000000 0.000000 0.000000 
103
0.000000 30720.000000 0.000000 0.000000 0.000000 0.000000 0.000000 0.000000 0.000000 5284.000000 8408.000000 9408.000000 0.000000 0.000000 0.000000 0.000000 0.000000 0.000000 0.000000 0.000000 0.000000 13888.000000 15552.000000 6145.000000 0.000000 0.000000 0.000000 0.000000 0.000000 0.000000 8800.000000 0.000000 12288.000000 0.000000 0.000000 0.000000 0.000000 0.000000 0.000000 17992.000000 20992.000000 1080.000000 52140.000000 0.000000 0.000000 38730.000000 0.000000 0.000000 0.000000 0.000000 0.000000 0.000000 0.000000 0.000000 0.000000 21088.000000 19289.000000 0.000000 2458.000000 240.000000 0.000000 
104
0.000000 36864.000000 2560.000000 0.000000 0.000000 0.000000 0.000000 0.000000 0.000000 0.000000 0.000000 9792.000000 0.000000 0.000000 0.000000 0.000000 0.000000 0.000000 0.000000 0.000000 4376.000000 16256.000000 15552.000000 12290.000000 0.000000 0.000000 0.000000 0.000000 0.000000 0.000000 8800.000000 0.000000 18432.000000 0.000000 0.000000 0.000000 0.000000 0.000000 0.000000 0.000000 21712.000000 1160.000000 41004.000000 0.000000 0.000000 20380.000000 0.000000 0.000000 0.000000 0.000000 0.000000 0.000000 0.000000 0.000000 0.000000 0.000000 24000.000000 0.000000 192.000000 2112.000000 0.000000 
105
0.000000 36864.000000 2560.000000 0.000000 0.000000 0.000000 0.000000 0.000000 0.000000 0.000000 0.000000 9792.000000 0.000000 0.000000 0.000000 0.000000 0.000000 0.000000 0.000000 0.000000 0.000000 13829.000000 15552.000000 12290.000000 0.000000 0.000000 0.000000 0.000000 0.000000 0.000000 15160.000000 0.000000 12288.000000 0.000000 0.000000 0.000000 0.000000 0.000000 0.000000 0.000000 18828.000000 940.000000 46910.000000 0.000000 0.000000 19085.000000 0.000000 0.000000 0.000000 0.000000 0.000000 0.000000 0.000000 0.000000 0.000000 0.000000 23119.000000 0.000000 4988.000000 2112.000000 0.000000 
106
0.000000 30720.000000 2048.000000 0.000000 0.000000 0.000000 0.000000 0.000000 0.000000 2058.000000 0.000000 6528.000000 0.000000 0.000000 0.000000 0.000000 0.000000 0.000000 0.000000 0.000000 6824.000000 13888.000000 18432.000000 6145.000000 0.000000 0.000000 0.000000 0.000000 0.000000 0.000000 8800.000000 0.000000 12288.000000 0.000000 0.000000 0.000000 0.000000 0.000000 0.000000 0.000000 14400.000000 1160.000000 46909.000000 0.000000 0.000000 19949.000000 0.000000 0.000000 0.000000 0.000000 0.000000 0.000000 0.000000 0.000000 0.000000 0.000000 23119.000000 0.000000 2651.000000 1152.000000 0.000000 
107
0.000000 30720.000000 2048.000000 0.000000 0.000000 0.000000 0.000000 0.000000 0.000000 7824.000000 0.000000 6528.000000 0.000000 0.000000 0.000000 0.000000 0.000000 0.000000 0.000000 0.000000 1488.000000 13888.000000 15552.000000 6145.000000 0.000000 0.000000 0.000000 0.000000 0.000000 0.000000 8800.000000 0.000000 12288.000000 0.000000 0.000000 0.000000 0.000000 0.000000 0.000000 0.000000 19968.000000 940.000000 41103.000000 0.000000 0.000000 19728.000000 0.000000 0.000000 0.000000 0.000000 0.000000 0.000000 0.000000 0.000000 0.000000 6144.000000 25487.000000 0.000000 866.000000 2112.000000 0.000000 
108
0.000000 36864.000000 0.000000 0.000000 0.000000 0.000000 0.000000 0.000000 0.000000 0.000000 0.000000 0.000000 2940.000000 0.000000 0.000000 0.000000 0.000000 0.000000 0.000000 0.000000 2016.000000 18565.000000 15552.000000 12290.000000 0.000000 0.000000 0.000000 0.000000 0.000000 0.000000 8800.000000 1560.000000 18432.000000 0.000000 0.000000 0.000000 0.000000 0.000000 0.000000 0.000000 19648.000000 360.000000 45704.000000 0.000000 0.000000 0.000000 0.000000 0.000000 0.000000 0.000000 0.000000 0.000000 0.000000 0.000000 0.000000 12288.000000 20746.000000 0.000000 2458.000000 1872.000000 0.000000 
109
0.000000 36864.000000 0.000000 0.000000 0.000000 0.000000 0.000000 0.000000 0.000000 0.000000 0.000000 0.000000 2940.000000 0.000000 0.000000 0.000000 0.000000 0.000000 0.000000 0.000000 2160.000000 16256.000000 15552.000000 12290.000000 0.000000 0.000000 0.000000 0.000000 0.000000 0.000000 14050.000000 1380.000000 18432.000000 0.000000 0.000000 0.000000 0.000000 0.000000 0.000000 0.000000 14932.000000 760.000000 39560.000000 0.000000 0.000000 0.000000 0.000000 0.000000 0.000000 0.000000 0.000000 0.000000 0.000000 0.000000 0.000000 12288.000000 20746.000000 0.000000 965.000000 1680.000000 0.000000 
110
0.000000 30720.000000 0.000000 0.000000 0.000000 0.000000 0.000000 0.000000 0.000000 2058.000000 0.000000 0.000000 2940.000000 0.000000 0.000000 0.000000 0.000000 0.000000 0.000000 0.000000 7504.000000 18624.000000 12688.000000 6145.000000 0.000000 0.000000 0.000000 0.000000 0.000000 0.000000 9548.000000 980.000000 12288.000000 0.000000 0.000000 0.000000 0.000000 0.000000 0.000000 0.000000 18624.000000 760.000000 45669.000000 0.000000 0.000000 0.000000 0.000000 0.000000 0.000000 0.000000 0.000000 0.000000 0.000000 0.000000 0.000000 13056.000000 19264.000000 0.000000 2170.000000 1152.000000 0.000000 
111
0.000000 30720.000000 0.000000 0.000000 0.000000 0.000000 0.000000 0.000000 0.000000 7824.000000 0.000000 0.000000 2832.000000 0.000000 0.000000 0.000000 0.000000 0.000000 0.000000 0.000000 1824.000000 18186.000000 15552.000000 6145.000000 0.000000 0.000000 0.000000 0.000000 0.000000 0.000000 8800.000000 580.000000 12288.000000 0.000000 0.000000 0.000000 0.000000 0.000000 0.000000 0.000000 18132.000000 540.000000 39761.000000 0.000000 0.000000 0.000000 0.000000 0.000000 0.000000 0.000000 0.000000 0.000000 0.000000 0.000000 0.000000 21088.000000 18393.000000 0.000000 2170.000000 1632.000000 0.000000 
112
0.000000 43008.000000 0.000000 0.000000 0.000000 0.000000 0.000000 0.000000 0.000000 3980.000000 0.000000 0.000000 0.000000 0.000000 0.000000 0.000000 0.000000 0.000000 0.000000 0.000000 672.000000 16256.000000 15552.000000 12290.000000 0.000000 0.000000 0.000000 0.000000 0.000000 0.000000 15160.000000 0.000000 24576.000000 0.000000 0.000000 0.000000 0.000000 0.000000 0.000000 0.000000 19648.000000 0.000000 50176.000000 0.000000 0.000000 82921.000000 15435.000000 0.000000 0.000000 0.000000 0.000000 0.000000 0.000000 0.000000 0.000000 12288.000000 25487.000000 0.000000 2242.000000 1632.000000 0.000000 
113
0.000000 43008.000000 0.000000 0.000000 0.000000 0.000000 0.000000 0.000000 0.000000 3510.000000 0.000000 0.000000 0.000000 0.000000 0.000000 0.000000 0.000000 0.000000 0.000000 0.000000 3512.000000 16256.000000 15552.000000 12290.000000 0.000000 0.000000 0.000000 0.000000 0.000000 0.000000 8800.000000 0.000000 24576.000000 0.000000 0.000000 0.000000 0.000000 0.000000 0.000000 0.000000 14932.000000 0.000000 43520.000000 0.000000 0.000000 80018.000000 16148.000000 0.000000 0.000000 0.000000 0.000000 0.000000 0.000000 0.000000 0.000000 12288.000000 24000.000000 0.000000 289.000000 1632.000000 0.000000 
114
0.000000 36864.000000 0.000000 0.000000 0.000000 0.000000 0.000000 0.000000 0.000000 9638.000000 0.000000 0.000000 0.000000 0.000000 0.000000 0.000000 0.000000 0.000000 0.000000 0.000000 3456.000000 16256.000000 15552.000000 6145.000000 0.000000 0.000000 0.000000 0.000000 0.000000 0.000000 8800.000000 0.000000 18432.000000 0.000000 0.000000 0.000000 0.000000 0.000000 0.000000 0.000000 18624.000000 0.000000 49920.000000 0.000000 0.000000 78624.000000 12852.000000 0.000000 0.000000 0.000000 0.000000 0.000000 0.000000 0.000000 0.000000 13056.000000 23119.000000 0.000000 2242.000000 1732.000000 0.000000 
115
0.000000 36864.000000 0.000000 0.000000 0.000000 0.000000 0.000000 0.000000 0.000000 7824.000000 0.000000 0.000000 0.000000 0.000000 0.000000 0.000000 0.000000 0.000000 0.000000 0.000000 3552.000000 17162.000000 12688.000000 6145.000000 0.000000 0.000000 0.000000 0.000000 0.000000 0.000000 8800.000000 0.000000 18432.000000 0.000000 0.000000 0.000000 0.000000 0.000000 0.000000 0.000000 18132.000000 0.000000 49920.000000 0.000000 0.000000 85086.000000 19927.000000 0.000000 0.000000 0.000000 0.000000 0.000000 0.000000 0.000000 0.000000 21088.000000 23119.000000 0.000000 2458.000000 1872.000000 0.000000 
116
0.000000 43008.000000 0.000000 0.000000 0.000000 0.000000 0.000000 0.000000 0.000000 3980.000000 0.000000 9792.000000 0.000000 0.000000 0.000000 0.000000 0.000000 0.000000 0.000000 0.000000 8800.000000 16256.000000 21696.000000 0.000000 0.000000 0.000000 0.000000 0.000000 0.000000 0.000000 8800.000000 1560.000000 18432.000000 0.000000 0.000000 0.000000 0.000000 0.000000 0.000000 0.000000 18828.000000 400.000000 45552.000000 0.000000 0.000000 23401.000000 0.000000 0.000000 0.000000 0.000000 0.000000 0.000000 0.000000 0.000000 0.000000 6144.000000 23112.000000 0.000000 2987.000000 1392.000000 0.000000 
117
0.000000 43008.000000 0.000000 0.000000 0.000000 0.000000 0.000000 0.000000 0.000000 2138.000000 0.000000 6528.000000 0.000000 0.000000 0.000000 0.000000 0.000000 0.000000 0.000000 0.000000 4808.000000 16256.000000 15552.000000 0.000000 0.000000 0.000000 0.000000 0.000000 0.000000 0.000000 14050.000000 3348.000000 18432.000000 0.000000 0.000000 0.000000 0.000000 0.000000 0.000000 0.000000 14472.000000 400.000000 39408.000000 0.000000 0.000000 19872.000000 0.000000 0.000000 0.000000 0.000000 0.000000 0.000000 0.000000 0.000000 0.000000 6144.000000 23127.000000 0.000000 3036.000000 960.000000 0.000000 
118
0.000000 36864.000000 0.000000 0.000000 0.000000 0.000000 0.000000 0.000000 0.000000 9638.000000 0.000000 6528.000000 0.000000 0.000000 0.000000 0.000000 0.000000 0.000000 0.000000 0.000000 4808.000000 18624.000000 15552.000000 0.000000 0.000000 0.000000 0.000000 0.000000 0.000000 0.000000 9548.000000 980.000000 12288.000000 0.000000 0.000000 0.000000 0.000000 0.000000 0.000000 0.000000 23360.000000 400.000000 39486.000000 0.000000 0.000000 19085.000000 0.000000 0.000000 0.000000 0.000000 0.000000 0.000000 0.000000 0.000000 0.000000 7056.000000 25479.000000 0.000000 2964.000000 960.000000 0.000000 
119
0.000000 36864.000000 0.000000 0.000000 0.000000 0.000000 0.000000 0.000000 0.000000 7824.000000 0.000000 6528.000000 0.000000 0.000000 0.000000 0.000000 0.000000 0.000000 0.000000 0.000000 0.000000 17162.000000 18432.000000 0.000000 0.000000 0.000000 0.000000 0.000000 0.000000 0.000000 9548.000000 1380.000000 12288.000000 0.000000 0.000000 0.000000 0.000000 0.000000 0.000000 0.000000 22336.000000 0.000000 45336.000000 0.000000 0.000000 20597.000000 0.000000 0.000000 0.000000 0.000000 0.000000 0.000000 0.000000 0.000000 0.000000 12288.000000 28743.000000 0.000000 0.000000 1392.000000 0.000000 
