0
0.000000 0.000000 30464.000000 42378.000000 34560.000000 38016.000000 38016.000000 38016.000000 31296.000000 13409.000000 13072.000000 4704.000000 28128.000000 51630.000000 34560.000000 34560.000000 38016.000000 38016.000000 34560.000000 11328.000000 14704.000000 8400.000000 8192.000000 23768.000000 31194.000000 38016.000000 38016.000000 34560.000000 38016.000000 31804.000000 6544.000000 0.000000 8192.000000 32899.000000 34560.000000 38016.000000 38016.000000 38016.000000 34560.000000 13884.000000 1808.000000 20209.000000 19904.000000 21120.000000 42624.000000 41096.000000 0.000000 22199.000000 41514.000000 38016.000000 38016.000000 34560.000000 38016.000000 18844.000000 8368.000000 11984.000000 28480.000000 856.000000 0.000000 0.000000 0.000000 
1
0.000000 0.000000 30464.000000 42378.000000 34560.000000 38016.000000 38016.000000 38016.000000 31296.000000 13409.000000 13072.000000 4704.000000 28128.000000 51630.000000 34560.000000 34560.000000 38016.000000 38016.000000 34560.000000 11328.000000 14704.000000 8400.000000 8192.000000 23768.000000 31194.000000 38016.000000 38016.000000 34560.000000 38016.000000 31804.000000 6544.000000 0.000000 8192.000000 32899.000000 34560.000000 38016.000000 38016.000000 38016.000000 34560.000000 13884.000000 1808.000000 20209.000000 19904.000000 21120.000000 42624.000000 41096.000000 0.000000 22199.000000 41514.000000 38016.000000 38016.000000 34560.000000 38016.000000 18844.000000 8368.000000 11984.000000 28480.000000 856.000000 0.000000 0.000000 0.000000 
2
0.000000 0.000000 30464.000000 42378.000000 34560.000000 38016.000000 38016.000000 38016.000000 31296.000000 13409.000000 13072.000000 4704.000000 28128.000000 51630.000000 34560.000000 34560.000000 38016.000000 38016.000000 34560.000000 11328.000000 14704.000000 8400.000000 8192.000000 23768.000000 31194.000000 38016.000000 38016.000000 34560.000000 38016.000000 31804.000000 6544.000000 0.000000 8192.000000 32899.000000 34560.000000 38016.000000 38016.000000 38016.000000 34560.000000 13884.000000 1808.000000 20209.000000 19904.000000 21120.000000 42624.000000 41096.000000 0.000000 22199.000000 41514.000000 38016.000000 38016.000000 34560.000000 38016.000000 18844.000000 8368.000000 11984.000000 28480.000000 856.000000 0.000000 0.000000 0.000000 
3
0.000000 0.000000 30464.000000 42378.000000 34560.000000 38016.000000 38016.000000 38016.000000 31296.000000 13409.000000 13072.000000 4704.000000 28128.000000 51630.000000 34560.000000 34560.000000 38016.000000 38016.000000 34560.000000 11328.000000 14704.000000 8400.000000 8192.000000 23768.000000 31194.000000 38016.000000 38016.000000 34560.000000 38016.000000 31804.000000 6544.000000 0.000000 8192.000000 32899.000000 34560.000000 38016.000000 38016.000000 38016.000000 34560.000000 13884.000000 1808.000000 20209.000000 19904.000000 21120.000000 42624.000000 41096.000000 0.000000 22199.000000 41514.000000 38016.000000 38016.000000 34560.000000 38016.000000 18844.000000 8368.000000 11984.000000 28480.000000 856.000000 0.000000 0.000000 0.000000 
4
0.000000 42048.000000 30465.000000 35722.000000 38016.000000 38016.000000 34560.000000 38016.000000 27964.000000 18689.000000 14320.000000 37888.000000 24768.000000 40316.000000 27706.000000 38016.000000 38016.000000 34560.000000 38016.000000 41472.000000 19756.000000 7888.000000 8192.000000 15740.000000 27738.000000 38016.000000 38016.000000 38016.000000 34560.000000 48604.000000 7024.000000 0.000000 8192.000000 29443.000000 38016.000000 38016.000000 34560.000000 38016.000000 38016.000000 31260.000000 7184.000000 20897.000000 53984.000000 22400.000000 28848.000000 8048.000000 13510.000000 19129.000000 41514.000000 34560.000000 38016.000000 38016.000000 38016.000000 36220.000000 13744.000000 14096.000000 26368.000000 856.000000 0.000000 0.000000 0.000000 
5
0.000000 42048.000000 30465.000000 35722.000000 38016.000000 38016.000000 34560.000000 38016.000000 27964.000000 18689.000000 14320.000000 37888.000000 24768.000000 40316.000000 27706.000000 38016.000000 38016.000000 34560.000000 38016.000000 41472.000000 19756.000000 7888.000000 8192.000000 15740.000000 27738.000000 38016.000000 38016.000000 38016.000000 34560.000000 48604.000000 7024.000000 0.000000 8192.000000 29443.000000 38016.000000 38016.000000 34560.000000 38016.000000 38016.000000 31260.000000 7184.000000 20897.000000 53984.000000 22400.000000 28848.000000 8048.000000 13510.000000 19129.000000 41514.000000 34560.000000 38016.000000 38016.000000 38016.000000 36220.000000 13744.000000 14096.000000 26368.000000 856.000000 0.000000 0.000000 0.000000 
6
0.000000 42048.000000 30465.000000 35722.000000 38016.000000 38016.000000 34560.000000 38016.000000 27964.000000 18689.000000 14320.000000 37888.000000 24768.000000 40316.000000 27706.000000 38016.000000 38016.000000 34560.000000 38016.000000 41472.000000 19756.000000 7888.000000 8192.000000 15740.000000 27738.000000 38016.000000 38016.000000 38016.000000 34560.000000 48604.000000 7024.000000 0.000000 8192.000000 29443.000000 38016.000000 38016.000000 34560.000000 38016.000000 38016.000000 31260.000000 7184.000000 20897.000000 53984.000000 22400.000000 28848.000000 8048.000000 13510.000000 19129.000000 41514.000000 34560.000000 38016.000000 38016.000000 38016.000000 36220.000000 13744.000000 14096.000000 26368.000000 856.000000 0.000000 0.000000 0.000000 
7
0.000000 42048.000000 30465.000000 35722.000000 38016.000000 38016.000000 34560.000000 38016.000000 27964.000000 18689.000000 14320.000000 37888.000000 24768.000000 40316.000000 27706.000000 38016.000000 38016.000000 34560.000000 38016.000000 41472.000000 19756.000000 7888.000000 8192.000000 15740.000000 27738.000000 38016.000000 38016.000000 38016.000000 34560.000000 48604.000000 7024.000000 0.000000 8192.000000 29443.000000 38016.000000 38016.000000 34560.000000 38016.000000 38016.000000 31260.000000 7184.000000 20897.000000 53984.000000 22400.000000 28848.000000 8048.000000 13510.000000 19129.000000 41514.000000 34560.000000 38016.000000 38016.000000 38016.000000 36220.000000 13744.000000 14096.000000 26368.000000 856.000000 0.000000 0.000000 0.000000 
8
0.000000 42048.000000 27009.000000 39178.000000 38016.000000 34560.000000 38016.000000 38016.000000 24604.000000 18305.000000 13872.000000 11776.000000 19808.000000 26709.000000 34573.000000 34560.000000 38016.000000 38016.000000 34560.000000 44928.000000 15740.000000 40656.000000 8256.000000 28668.000000 44970.000000 38016.000000 34560.000000 38016.000000 38016.000000 28444.000000 816.000000 33792.000000 8192.000000 34562.000000 38016.000000 38016.000000 34560.000000 38016.000000 38016.000000 13997.000000 7168.000000 20657.000000 54176.000000 12128.000000 31008.000000 48352.000000 13512.000000 22231.000000 41514.000000 38016.000000 38016.000000 34560.000000 38016.000000 22396.000000 47504.000000 14096.000000 26368.000000 600.000000 0.000000 0.000000 0.000000 
9
0.000000 42048.000000 27009.000000 39178.000000 38016.000000 34560.000000 38016.000000 38016.000000 24604.000000 18305.000000 13872.000000 11776.000000 19808.000000 26709.000000 34573.000000 34560.000000 38016.000000 38016.000000 34560.000000 44928.000000 15740.000000 40656.000000 8256.000000 28668.000000 44970.000000 38016.000000 34560.000000 38016.000000 38016.000000 28444.000000 816.000000 33792.000000 8192.000000 34562.000000 38016.000000 38016.000000 34560.000000 38016.000000 38016.000000 13997.000000 7168.000000 20657.000000 54176.000000 12128.000000 31008.000000 48352.000000 13512.000000 22231.000000 41514.000000 38016.000000 38016.000000 34560.000000 38016.000000 22396.000000 47504.000000 14096.000000 26368.000000 600.000000 0.000000 0.000000 0.000000 
10
0.000000 42048.000000 27009.000000 39178.000000 38016.000000 34560.000000 38016.000000 38016.000000 24604.000000 18305.000000 13872.000000 11776.000000 19808.000000 26709.000000 34573.000000 34560.000000 38016.000000 38016.000000 34560.000000 44928.000000 15740.000000 40656.000000 8256.000000 28668.000000 44970.000000 38016.000000 34560.000000 38016.000000 38016.000000 28444.000000 816.000000 33792.000000 8192.000000 34562.000000 38016.000000 38016.000000 34560.000000 38016.000000 38016.000000 13997.000000 7168.000000 20657.000000 54176.000000 12128.000000 31008.000000 48352.000000 13512.000000 22231.000000 41514.000000 38016.000000 38016.000000 34560.000000 38016.000000 22396.000000 47504.000000 14096.000000 26368.000000 600.000000 0.000000 0.000000 0.000000 
11
0.000000 42048.000000 27009.000000 39178.000000 38016.000000 34560.000000 38016.000000 38016.000000 24604.000000 18305.000000 13872.000000 11776.000000 19808.000000 26709.000000 34573.000000 34560.000000 38016.000000 38016.000000 34560.000000 44928.000000 15740.000000 40656.000000 8256.000000 28668.000000 44970.000000 38016.000000 34560.000000 38016.000000 38016.000000 28444.000000 816.000000 33792.000000 8192.000000 34562.000000 38016.000000 38016.000000 34560.000000 38016.000000 38016.000000 13997.000000 7168.000000 20657.000000 54176.000000 12128.000000 31008.000000 48352.000000 13512.000000 22231.000000 41514.000000 38016.000000 38016.000000 34560.000000 38016.000000 22396.000000 47504.000000 14096.000000 26368.000000 600.000000 0.000000 0.000000 0.000000 
12
0.000000 42048.000000 30465.000000 39178.000000 34560.000000 38016.000000 38016.000000 34560.000000 41472.000000 19132.000000 13744.000000 4032.000000 26080.000000 51246.000000 34560.000000 38016.000000 34560.000000 38016.000000 38016.000000 17884.000000 9712.000000 8400.000000 8256.000000 12504.000000 44970.000000 34560.000000 38016.000000 38016.000000 34560.000000 35164.000000 6672.000000 64.000000 9920.000000 37635.000000 34560.000000 38016.000000 38016.000000 34560.000000 38016.000000 34812.000000 7184.000000 20769.000000 53984.000000 12224.000000 31488.000000 47712.000000 13440.000000 22201.000000 55338.000000 38016.000000 34560.000000 38016.000000 38016.000000 22492.000000 59008.000000 2688.000000 18176.000000 856.000000 0.000000 0.000000 0.000000 
13
0.000000 42048.000000 30465.000000 39178.000000 34560.000000 38016.000000 38016.000000 34560.000000 41472.000000 19132.000000 13744.000000 4032.000000 26080.000000 51246.000000 34560.000000 38016.000000 34560.000000 38016.000000 38016.000000 17884.000000 9712.000000 8400.000000 8256.000000 12504.000000 44970.000000 34560.000000 38016.000000 38016.000000 34560.000000 35164.000000 6672.000000 64.000000 9920.000000 37635.000000 34560.000000 38016.000000 38016.000000 34560.000000 38016.000000 34812.000000 7184.000000 20769.000000 53984.000000 12224.000000 31488.000000 47712.000000 13440.000000 22201.000000 55338.000000 38016.000000 34560.000000 38016.000000 38016.000000 22492.000000 59008.000000 2688.000000 18176.000000 856.000000 0.000000 0.000000 0.000000 
14
0.000000 42048.000000 30465.000000 39178.000000 34560.000000 38016.000000 38016.000000 34560.000000 41472.000000 19132.000000 13744.000000 4032.000000 26080.000000 51246.000000 34560.000000 38016.000000 34560.000000 38016.000000 38016.000000 17884.000000 9712.000000 8400.000000 8256.000000 12504.000000 44970.000000 34560.000000 38016.000000 38016.000000 34560.000000 35164.000000 6672.000000 64.000000 9920.000000 37635.000000 34560.000000 38016.000000 38016.000000 34560.000000 38016.000000 34812.000000 7184.000000 20769.000000 53984.000000 12224.000000 31488.000000 47712.000000 13440.000000 22201.000000 55338.000000 38016.000000 34560.000000 38016.000000 38016.000000 22492.000000 59008.000000 2688.000000 18176.000000 856.000000 0.000000 0.000000 0.000000 
15
0.000000 42048.000000 30465.000000 39178.000000 34560.000000 38016.000000 38016.000000 34560.000000 41472.000000 19132.000000 13744.000000 4032.000000 26080.000000 51246.000000 34560.000000 38016.000000 34560.000000 38016.000000 38016.000000 17884.000000 9712.000000 8400.000000 8256.000000 12504.000000 44970.000000 34560.000000 38016.000000 38016.000000 34560.000000 35164.000000 6672.000000 64.000000 9920.000000 37635.000000 34560.000000 38016.000000 38016.000000 34560.000000 38016.000000 34812.000000 7184.000000 20769.000000 53984.000000 12224.000000 31488.000000 47712.000000 13440.000000 22201.000000 55338.000000 38016.000000 34560.000000 38016.000000 38016.000000 22492.000000 59008.000000 2688.000000 18176.000000 856.000000 0.000000 0.000000 0.000000 
16
0.000000 42048.000000 27009.000000 42592.000000 38016.000000 34560.000000 38016.000000 38016.000000 38044.000000 18977.000000 13808.000000 37888.000000 26088.000000 37760.000000 30394.000000 38016.000000 38016.000000 34560.000000 38016.000000 41472.000000 21004.000000 42192.000000 8256.000000 28412.000000 34650.000000 34560.000000 38016.000000 38016.000000 34560.000000 31804.000000 6448.000000 128.000000 9792.000000 41474.000000 34560.000000 38016.000000 38016.000000 34560.000000 38016.000000 10637.000000 7168.000000 20577.000000 54176.000000 5088.000000 36768.000000 49472.000000 13440.000000 22233.000000 41514.000000 38016.000000 34560.000000 38016.000000 38016.000000 22492.000000 47536.000000 12048.000000 28480.000000 856.000000 0.000000 0.000000 0.000000 
17
0.000000 42048.000000 27009.000000 42592.000000 38016.000000 34560.000000 38016.000000 38016.000000 38044.000000 18977.000000 13808.000000 37888.000000 26088.000000 37760.000000 30394.000000 38016.000000 38016.000000 34560.000000 38016.000000 41472.000000 21004.000000 42192.000000 8256.000000 28412.000000 34650.000000 34560.000000 38016.000000 38016.000000 34560.000000 31804.000000 6448.000000 128.000000 9792.000000 41474.000000 34560.000000 38016.000000 38016.000000 34560.000000 38016.000000 10637.000000 7168.000000 20577.000000 54176.000000 5088.000000 36768.000000 49472.000000 13440.000000 22233.000000 41514.000000 38016.000000 34560.000000 38016.000000 38016.000000 22492.000000 47536.000000 12048.000000 28480.000000 856.000000 0.000000 0.000000 0.000000 
18
0.000000 42048.000000 27009.000000 42592.000000 38016.000000 34560.000000 38016.000000 38016.000000 38044.000000 18977.000000 13808.000000 37888.000000 26088.000000 37760.000000 30394.000000 38016.000000 38016.000000 34560.000000 38016.000000 41472.000000 21004.000000 42192.000000 8256.000000 28412.000000 34650.000000 34560.000000 38016.000000 38016.000000 34560.000000 31804.000000 6448.000000 128.000000 9792.000000 41474.000000 34560.000000 38016.000000 38016.000000 34560.000000 38016.000000 10637.000000 7168.000000 20577.000000 54176.000000 5088.000000 36768.000000 49472.000000 13440.000000 22233.000000 41514.000000 38016.000000 34560.000000 38016.000000 38016.000000 22492.000000 47536.000000 12048.000000 28480.000000 856.000000 0.000000 0.000000 0.000000 
19
0.000000 42048.000000 27009.000000 42592.000000 38016.000000 34560.000000 38016.000000 38016.000000 38044.000000 18977.000000 13808.000000 37888.000000 26088.000000 37760.000000 30394.000000 38016.000000 38016.000000 34560.000000 38016.000000 41472.000000 21004.000000 42192.000000 8256.000000 28412.000000 34650.000000 34560.000000 38016.000000 38016.000000 34560.000000 31804.000000 6448.000000 128.000000 9792.000000 41474.000000 34560.000000 38016.000000 38016.000000 34560.000000 38016.000000 10637.000000 7168.000000 20577.000000 54176.000000 5088.000000 36768.000000 49472.000000 13440.000000 22233.000000 41514.000000 38016.000000 34560.000000 38016.000000 38016.000000 22492.000000 47536.000000 12048.000000 28480.000000 856.000000 0.000000 0.000000 0.000000 
20
0.000000 42048.000000 30465.000000 35722.000000 38016.000000 34560.000000 38016.000000 38016.000000 27964.000000 18817.000000 13840.000000 3392.000000 26080.000000 39180.000000 30394.000000 38016.000000 34560.000000 38016.000000 38016.000000 41472.000000 22700.000000 8400.000000 8192.000000 27224.000000 38058.000000 38016.000000 38016.000000 34560.000000 38016.000000 38524.000000 6672.000000 33792.000000 8256.000000 32899.000000 38016.000000 34560.000000 38016.000000 38016.000000 38016.000000 28012.000000 7168.000000 20977.000000 53984.000000 19968.000000 42048.000000 29312.000000 13440.000000 22289.000000 41514.000000 38016.000000 34560.000000 38016.000000 38016.000000 36412.000000 49264.000000 12368.000000 26368.000000 2520.000000 0.000000 0.000000 0.000000 
21
0.000000 42048.000000 30465.000000 35722.000000 38016.000000 34560.000000 38016.000000 38016.000000 27964.000000 18817.000000 13840.000000 3392.000000 26080.000000 39180.000000 30394.000000 38016.000000 34560.000000 38016.000000 38016.000000 41472.000000 22700.000000 8400.000000 8192.000000 27224.000000 38058.000000 38016.000000 38016.000000 34560.000000 38016.000000 38524.000000 6672.000000 33792.000000 8256.000000 32899.000000 38016.000000 34560.000000 38016.000000 38016.000000 38016.000000 28012.000000 7168.000000 20977.000000 53984.000000 19968.000000 42048.000000 29312.000000 13440.000000 22289.000000 41514.000000 38016.000000 34560.000000 38016.000000 38016.000000 36412.000000 49264.000000 12368.000000 26368.000000 2520.000000 0.000000 0.000000 0.000000 
22
0.000000 42048.000000 30465.000000 35722.000000 38016.000000 34560.000000 38016.000000 38016.000000 27964.000000 18817.000000 13840.000000 3392.000000 26080.000000 39180.000000 30394.000000 38016.000000 34560.000000 38016.000000 38016.000000 41472.000000 22700.000000 8400.000000 8192.000000 27224.000000 38058.000000 38016.000000 38016.000000 34560.000000 38016.000000 38524.000000 6672.000000 33792.000000 8256.000000 32899.000000 38016.000000 34560.000000 38016.000000 38016.000000 38016.000000 28012.000000 7168.000000 20977.000000 53984.000000 19968.000000 42048.000000 29312.000000 13440.000000 22289.000000 41514.000000 38016.000000 34560.000000 38016.000000 38016.000000 36412.000000 49264.000000 12368.000000 26368.000000 2520.000000 0.000000 0.000000 0.000000 
23
0.000000 42048.000000 30465.000000 35722.000000 38016.000000 34560.000000 38016.000000 38016.000000 27964.000000 18817.000000 13840.000000 3392.000000 26080.000000 39180.000000 30394.000000 38016.000000 34560.000000 38016.000000 38016.000000 41472.000000 22700.000000 8400.000000 8192.000000 27224.000000 38058.000000 38016.000000 38016.000000 34560.000000 38016.000000 38524.000000 6672.000000 33792.000000 8256.000000 32899.000000 38016.000000 34560.000000 38016.000000 38016.000000 38016.000000 28012.000000 7168.000000 20977.000000 53984.000000 19968.000000 42048.000000 29312.000000 13440.000000 22289.000000 41514.000000 38016.000000 34560.000000 38016.000000 38016.000000 36412.000000 49264.000000 12368.000000 26368.000000 2520.000000 0.000000 0.000000 0.000000 
24
0.000000 42048.000000 30465.000000 42634.000000 38016.000000 34560.000000 38016.000000 38016.000000 21148.000000 18593.000000 13872.000000 12288.000000 19808.000000 26673.000000 38749.000000 38016.000000 34560.000000 38016.000000 38016.000000 31324.000000 15664.000000 8400.000000 8192.000000 34812.000000 44970.000000 38016.000000 34560.000000 38016.000000 38016.000000 18364.000000 6000.000000 33792.000000 0.000000 34562.000000 38016.000000 38016.000000 34560.000000 38016.000000 38016.000000 14172.000000 7184.000000 20480.000000 54272.000000 4224.000000 32448.000000 54816.000000 13512.000000 22263.000000 51882.000000 34560.000000 38016.000000 38016.000000 34560.000000 15676.000000 47536.000000 11984.000000 28480.000000 856.000000 0.000000 0.000000 0.000000 
25
0.000000 42048.000000 30465.000000 42634.000000 38016.000000 34560.000000 38016.000000 38016.000000 21148.000000 18593.000000 13872.000000 12288.000000 19808.000000 26673.000000 38749.000000 38016.000000 34560.000000 38016.000000 38016.000000 31324.000000 15664.000000 8400.000000 8192.000000 34812.000000 44970.000000 38016.000000 34560.000000 38016.000000 38016.000000 18364.000000 6000.000000 33792.000000 0.000000 34562.000000 38016.000000 38016.000000 34560.000000 38016.000000 38016.000000 14172.000000 7184.000000 20480.000000 54272.000000 4224.000000 32448.000000 54816.000000 13512.000000 22263.000000 51882.000000 34560.000000 38016.000000 38016.000000 34560.000000 15676.000000 47536.000000 11984.000000 28480.000000 856.000000 0.000000 0.000000 0.000000 
26
0.000000 42048.000000 30465.000000 42634.000000 38016.000000 34560.000000 38016.000000 38016.000000 21148.000000 18593.000000 13872.000000 12288.000000 19808.000000 26673.000000 38749.000000 38016.000000 34560.000000 38016.000000 38016.000000 31324.000000 15664.000000 8400.000000 8192.000000 34812.000000 44970.000000 38016.000000 34560.000000 38016.000000 38016.000000 18364.000000 6000.000000 33792.000000 0.000000 34562.000000 38016.000000 38016.000000 34560.000000 38016.000000 38016.000000 14172.000000 7184.000000 20480.000000 54272.000000 4224.000000 32448.000000 54816.000000 13512.000000 22263.000000 51882.000000 34560.000000 38016.000000 38016.000000 34560.000000 15676.000000 47536.000000 11984.000000 28480.000000 856.000000 0.000000 0.000000 0.000000 
27
0.000000 42048.000000 30465.000000 42634.000000 38016.000000 34560.000000 38016.000000 38016.000000 21148.000000 18593.000000 13872.000000 12288.000000 19808.000000 26673.000000 38749.000000 38016.000000 34560.000000 38016.000000 38016.000000 31324.000000 15664.000000 8400.000000 8192.000000 34812.000000 44970.000000 38016.000000 34560.000000 38016.000000 38016.000000 18364.000000 6000.000000 33792.000000 0.000000 34562.000000 38016.000000 38016.000000 34560.000000 38016.000000 38016.000000 14172.000000 7184.000000 20480.000000 54272.000000 4224.000000 32448.000000 54816.000000 13512.000000 22263.000000 51882.000000 34560.000000 38016.000000 38016.000000 34560.000000 15676.000000 47536.000000 11984.000000 28480.000000 856.000000 0.000000 0.000000 0.000000 
28
0.000000 42048.000000 30465.000000 46090.000000 38016.000000 34560.000000 38016.000000 38016.000000 17884.000000 18305.000000 13744.000000 37824.000000 28000.000000 38132.000000 34560.000000 38016.000000 38016.000000 34560.000000 38016.000000 38044.000000 15760.000000 8400.000000 8192.000000 33368.000000 34650.000000 34560.000000 38016.000000 38016.000000 34560.000000 31804.000000 6544.000000 0.000000 8256.000000 31106.000000 34560.000000 38016.000000 38016.000000 34560.000000 38016.000000 35021.000000 7168.000000 22049.000000 18944.000000 65024.000000 23108.000000 16994.000000 0.000000 19137.000000 41514.000000 38016.000000 38016.000000 38016.000000 34560.000000 36508.000000 46000.000000 13520.000000 28480.000000 856.000000 0.000000 0.000000 0.000000 
29
0.000000 42048.000000 30465.000000 46090.000000 38016.000000 34560.000000 38016.000000 38016.000000 17884.000000 18305.000000 13744.000000 37824.000000 28000.000000 38132.000000 34560.000000 38016.000000 38016.000000 34560.000000 38016.000000 38044.000000 15760.000000 8400.000000 8192.000000 33368.000000 34650.000000 34560.000000 38016.000000 38016.000000 34560.000000 31804.000000 6544.000000 0.000000 8256.000000 31106.000000 34560.000000 38016.000000 38016.000000 34560.000000 38016.000000 35021.000000 7168.000000 22049.000000 18944.000000 65024.000000 23108.000000 16994.000000 0.000000 19137.000000 41514.000000 38016.000000 38016.000000 38016.000000 34560.000000 36508.000000 46000.000000 13520.000000 28480.000000 856.000000 0.000000 0.000000 0.000000 
30
0.000000 42048.000000 30465.000000 46090.000000 38016.000000 34560.000000 38016.000000 38016.000000 17884.000000 18305.000000 13744.000000 37824.000000 28000.000000 38132.000000 34560.000000 38016.000000 38016.000000 34560.000000 38016.000000 38044.000000 15760.000000 8400.000000 8192.000000 33368.000000 34650.000000 34560.000000 38016.000000 38016.000000 34560.000000 31804.000000 6544.000000 0.000000 8256.000000 31106.000000 34560.000000 38016.000000 38016.000000 34560.000000 38016.000000 35021.000000 7168.000000 22049.000000 18944.000000 65024.000000 23108.000000 16994.000000 0.000000 19137.000000 41514.000000 38016.000000 38016.000000 38016.000000 34560.000000 36508.000000 46000.000000 13520.000000 28480.000000 856.000000 0.000000 0.000000 0.000000 
31
0.000000 42048.000000 30465.000000 46090.000000 38016.000000 34560.000000 38016.000000 38016.000000 17884.000000 18305.000000 13744.000000 37824.000000 28000.000000 38132.000000 34560.000000 38016.000000 38016.000000 34560.000000 38016.000000 38044.000000 15760.000000 8400.000000 8192.000000 33368.000000 34650.000000 34560.000000 38016.000000 38016.000000 34560.000000 31804.000000 6544.000000 0.000000 8256.000000 31106.000000 34560.000000 38016.000000 38016.000000 34560.000000 38016.000000 35021.000000 7168.000000 22049.000000 18944.000000 65024.000000 23108.000000 16994.000000 0.000000 19137.000000 41514.000000 38016.000000 38016.000000 38016.000000 34560.000000 36508.000000 46000.000000 13520.000000 28480.000000 856.000000 0.000000 0.000000 0.000000 
32
0.000000 42048.000000 30465.000000 25434.000000 38016.000000 38016.000000 34560.000000 38016.000000 41472.000000 29549.000000 12816.000000 37824.000000 17896.000000 41005.000000 31146.000000 34560.000000 38016.000000 38016.000000 34560.000000 44928.000000 16492.000000 40144.000000 8192.000000 28668.000000 31194.000000 38016.000000 34560.000000 38016.000000 38016.000000 45148.000000 7120.000000 128.000000 9984.000000 22579.000000 38016.000000 34560.000000 38016.000000 38016.000000 34560.000000 33436.000000 1792.000000 20801.000000 54080.000000 4704.000000 35424.000000 51296.000000 13512.000000 22287.000000 38064.000000 34560.000000 38016.000000 38016.000000 34560.000000 29596.000000 49216.000000 10896.000000 26368.000000 856.000000 0.000000 0.000000 0.000000 
33
0.000000 42048.000000 30465.000000 25434.000000 38016.000000 38016.000000 34560.000000 38016.000000 41472.000000 29549.000000 12816.000000 37824.000000 17896.000000 41005.000000 31146.000000 34560.000000 38016.000000 38016.000000 34560.000000 44928.000000 16492.000000 40144.000000 8192.000000 28668.000000 31194.000000 38016.000000 34560.000000 38016.000000 38016.000000 45148.000000 7120.000000 128.000000 9984.000000 22579.000000 38016.000000 34560.000000 38016.000000 38016.000000 34560.000000 33436.000000 1792.000000 20801.000000 54080.000000 4704.000000 35424.000000 51296.000000 13512.000000 22287.000000 38064.000000 34560.000000 38016.000000 38016.000000 34560.000000 29596.000000 49216.000000 10896.000000 26368.000000 856.000000 0.000000 0.000000 0.000000 
34
0.000000 42048.000000 30465.000000 25434.000000 38016.000000 38016.000000 34560.000000 38016.000000 41472.000000 29549.000000 12816.000000 37824.000000 17896.000000 41005.000000 31146.000000 34560.000000 38016.000000 38016.000000 34560.000000 44928.000000 16492.000000 40144.000000 8192.000000 28668.000000 31194.000000 38016.000000 34560.000000 38016.000000 38016.000000 45148.000000 7120.000000 128.000000 9984.000000 22579.000000 38016.000000 34560.000000 38016.000000 38016.000000 34560.000000 33436.000000 1792.000000 20801.000000 54080.000000 4704.000000 35424.000000 51296.000000 13512.000000 22287.000000 38064.000000 34560.000000 38016.000000 38016.000000 34560.000000 29596.000000 49216.000000 10896.000000 26368.000000 856.000000 0.000000 0.000000 0.000000 
35
0.000000 42048.000000 30465.000000 25434.000000 38016.000000 38016.000000 34560.000000 38016.000000 41472.000000 29549.000000 12816.000000 37824.000000 17896.000000 41005.000000 31146.000000 34560.000000 38016.000000 38016.000000 34560.000000 44928.000000 16492.000000 40144.000000 8192.000000 28668.000000 31194.000000 38016.000000 34560.000000 38016.000000 38016.000000 45148.000000 7120.000000 128.000000 9984.000000 22579.000000 38016.000000 34560.000000 38016.000000 38016.000000 34560.000000 33436.000000 1792.000000 20801.000000 54080.000000 4704.000000 35424.000000 51296.000000 13512.000000 22287.000000 38064.000000 34560.000000 38016.000000 38016.000000 34560.000000 29596.000000 49216.000000 10896.000000 26368.000000 856.000000 0.000000 0.000000 0.000000 
36
0.000000 42048.000000 30465.000000 32346.000000 38016.000000 34560.000000 38016.000000 38016.000000 41472.000000 22557.000000 13840.000000 12288.000000 19808.000000 42300.000000 27706.000000 38016.000000 34560.000000 38016.000000 38016.000000 31324.000000 15760.000000 8400.000000 0.000000 28668.000000 38058.000000 38016.000000 38016.000000 34560.000000 38016.000000 38524.000000 6576.000000 0.000000 8192.000000 32947.000000 38016.000000 34560.000000 38016.000000 38016.000000 34560.000000 31532.000000 7168.000000 20641.000000 20576.000000 43584.000000 36308.000000 16332.000000 0.000000 32639.000000 34650.000000 34560.000000 38016.000000 38016.000000 34560.000000 46876.000000 47504.000000 11984.000000 28480.000000 856.000000 0.000000 0.000000 0.000000 
37
0.000000 42048.000000 30465.000000 32346.000000 38016.000000 34560.000000 38016.000000 38016.000000 41472.000000 22557.000000 13840.000000 12288.000000 19808.000000 42300.000000 27706.000000 38016.000000 34560.000000 38016.000000 38016.000000 31324.000000 15760.000000 8400.000000 0.000000 28668.000000 38058.000000 38016.000000 38016.000000 34560.000000 38016.000000 38524.000000 6576.000000 0.000000 8192.000000 32947.000000 38016.000000 34560.000000 38016.000000 38016.000000 34560.000000 31532.000000 7168.000000 20641.000000 20576.000000 43584.000000 36308.000000 16332.000000 0.000000 32639.000000 34650.000000 34560.000000 38016.000000 38016.000000 34560.000000 46876.000000 47504.000000 11984.000000 28480.000000 856.000000 0.000000 0.000000 0.000000 
38
0.000000 42048.000000 30465.000000 32346.000000 38016.000000 34560.000000 38016.000000 38016.000000 41472.000000 22557.000000 13840.000000 12288.000000 19808.000000 42300.000000 27706.000000 38016.000000 34560.000000 38016.000000 38016.000000 31324.000000 15760.000000 8400.000000 0.000000 28668.000000 38058.000000 38016.000000 38016.000000 34560.000000 38016.000000 38524.000000 6576.000000 0.000000 8192.000000 32947.000000 38016.000000 34560.000000 38016.000000 38016.000000 34560.000000 31532.000000 7168.000000 20641.000000 20576.000000 43584.000000 36308.000000 16332.000000 0.000000 32639.000000 34650.000000 34560.000000 38016.000000 38016.000000 34560.000000 46876.000000 47504.000000 11984.000000 28480.000000 856.000000 0.000000 0.000000 0.000000 
39
0.000000 42048.000000 30465.000000 32346.000000 38016.000000 34560.000000 38016.000000 38016.000000 41472.000000 22557.000000 13840.000000 12288.000000 19808.000000 42300.000000 27706.000000 38016.000000 34560.000000 38016.000000 38016.000000 31324.000000 15760.000000 8400.000000 0.000000 28668.000000 38058.000000 38016.000000 38016.000000 34560.000000 38016.000000 38524.000000 6576.000000 0.000000 8192.000000 32947.000000 38016.000000 34560.000000 38016.000000 38016.000000 34560.000000 31532.000000 7168.000000 20641.000000 20576.000000 43584.000000 36308.000000 16332.000000 0.000000 32639.000000 34650.000000 34560.000000 38016.000000 38016.000000 34560.000000 46876.000000 47504.000000 11984.000000 28480.000000 856.000000 0.000000 0.000000 0.000000 
40
0.000000 42048.000000 18817.000000 28890.000000 34560.000000 38016.000000 38016.000000 34560.000000 38044.000000 18945.000000 13872.000000 4032.000000 28136.000000 26669.000000 44893.000000 34560.000000 38016.000000 38016.000000 34560.000000 44928.000000 19532.000000 42192.000000 8256.000000 28668.000000 31194.000000 38016.000000 34560.000000 38016.000000 38016.000000 31804.000000 6256.000000 0.000000 8192.000000 29475.000000 38016.000000 38016.000000 38016.000000 34560.000000 38016.000000 17680.000000 7168.000000 19745.000000 54080.000000 4992.000000 36288.000000 50112.000000 13512.000000 22255.000000 38106.000000 38016.000000 38016.000000 34560.000000 38016.000000 26140.000000 13712.000000 12048.000000 21952.000000 856.000000 0.000000 0.000000 0.000000 
41
0.000000 42048.000000 18817.000000 28890.000000 34560.000000 38016.000000 38016.000000 34560.000000 38044.000000 18945.000000 13872.000000 4032.000000 28136.000000 26669.000000 44893.000000 34560.000000 38016.000000 38016.000000 34560.000000 44928.000000 19532.000000 42192.000000 8256.000000 28668.000000 31194.000000 38016.000000 34560.000000 38016.000000 38016.000000 31804.000000 6256.000000 0.000000 8192.000000 29475.000000 38016.000000 38016.000000 38016.000000 34560.000000 38016.000000 17680.000000 7168.000000 19745.000000 54080.000000 4992.000000 36288.000000 50112.000000 13512.000000 22255.000000 38106.000000 38016.000000 38016.000000 34560.000000 38016.000000 26140.000000 13712.000000 12048.000000 21952.000000 856.000000 0.000000 0.000000 0.000000 
42
0.000000 42048.000000 18817.000000 28890.000000 34560.000000 38016.000000 38016.000000 34560.000000 38044.000000 18945.000000 13872.000000 4032.000000 28136.000000 26669.000000 44893.000000 34560.000000 38016.000000 38016.000000 34560.000000 44928.000000 19532.000000 42192.000000 8256.000000 28668.000000 31194.000000 38016.000000 34560.000000 38016.000000 38016.000000 31804.000000 6256.000000 0.000000 8192.000000 29475.000000 38016.000000 38016.000000 38016.000000 34560.000000 38016.000000 17680.000000 7168.000000 19745.000000 54080.000000 4992.000000 36288.000000 50112.000000 13512.000000 22255.000000 38106.000000 38016.000000 38016.000000 34560.000000 38016.000000 26140.000000 13712.000000 12048.000000 21952.000000 856.000000 0.000000 0.000000 0.000000 
43
0.000000 42048.000000 18817.000000 28890.000000 34560.000000 38016.000000 38016.000000 34560.000000 38044.000000 18945.000000 13872.000000 4032.000000 28136.000000 26669.000000 44893.000000 34560.000000 38016.000000 38016.000000 34560.000000 44928.000000 19532.000000 42192.000000 8256.000000 28668.000000 31194.000000 38016.000000 34560.000000 38016.000000 38016.000000 31804.000000 6256.000000 0.000000 8192.000000 29475.000000 38016.000000 38016.000000 38016.000000 34560.000000 38016.000000 17680.000000 7168.000000 19745.000000 54080.000000 4992.000000 36288.000000 50112.000000 13512.000000 22255.000000 38106.000000 38016.000000 38016.000000 34560.000000 38016.000000 26140.000000 13712.000000 12048.000000 21952.000000 856.000000 0.000000 0.000000 0.000000 
44
0.000000 42048.000000 27009.000000 56538.000000 34560.000000 38016.000000 38016.000000 34560.000000 27964.000000 18881.000000 14352.000000 46080.000000 19936.000000 39148.000000 33834.000000 38016.000000 38016.000000 34560.000000 38016.000000 31324.000000 15056.000000 8400.000000 8256.000000 27224.000000 41514.000000 34560.000000 38016.000000 38016.000000 34560.000000 38524.000000 6576.000000 0.000000 8192.000000 32947.000000 38016.000000 34560.000000 38016.000000 38016.000000 34560.000000 31532.000000 7168.000000 19745.000000 53984.000000 15360.000000 42624.000000 33344.000000 13512.000000 22319.000000 34650.000000 38016.000000 38016.000000 34560.000000 38016.000000 43420.000000 50768.000000 9360.000000 26368.000000 856.000000 0.000000 0.000000 0.000000 
45
0.000000 42048.000000 27009.000000 56538.000000 34560.000000 38016.000000 38016.000000 34560.000000 27964.000000 18881.000000 14352.000000 46080.000000 19936.000000 39148.000000 33834.000000 38016.000000 38016.000000 34560.000000 38016.000000 31324.000000 15056.000000 8400.000000 8256.000000 27224.000000 41514.000000 34560.000000 38016.000000 38016.000000 34560.000000 38524.000000 6576.000000 0.000000 8192.000000 32947.000000 38016.000000 34560.000000 38016.000000 38016.000000 34560.000000 31532.000000 7168.000000 19745.000000 53984.000000 15360.000000 42624.000000 33344.000000 13512.000000 22319.000000 34650.000000 38016.000000 38016.000000 34560.000000 38016.000000 43420.000000 50768.000000 9360.000000 26368.000000 856.000000 0.000000 0.000000 0.000000 
46
0.000000 42048.000000 27009.000000 56538.000000 34560.000000 38016.000000 38016.000000 34560.000000 27964.000000 18881.000000 14352.000000 46080.000000 19936.000000 39148.000000 33834.000000 38016.000000 38016.000000 34560.000000 38016.000000 31324.000000 15056.000000 8400.000000 8256.000000 27224.000000 41514.000000 34560.000000 38016.000000 38016.000000 34560.000000 38524.000000 6576.000000 0.000000 8192.000000 32947.000000 38016.000000 34560.000000 38016.000000 38016.000000 34560.000000 31532.000000 7168.000000 19745.000000 53984.000000 15360.000000 42624.000000 33344.000000 13512.000000 22319.000000 34650.000000 38016.000000 38016.000000 34560.000000 38016.000000 43420.000000 50768.000000 9360.000000 26368.000000 856.000000 0.000000 0.000000 0.000000 
47
0.000000 42048.000000 27009.000000 56538.000000 34560.000000 38016.000000 38016.000000 34560.000000 27964.000000 18881.000000 14352.000000 46080.000000 19936.000000 39148.000000 33834.000000 38016.000000 38016.000000 34560.000000 38016.000000 31324.000000 15056.000000 8400.000000 8256.000000 27224.000000 41514.000000 34560.000000 38016.000000 38016.000000 34560.000000 38524.000000 6576.000000 0.000000 8192.000000 32947.000000 38016.000000 34560.000000 38016.000000 38016.000000 34560.000000 31532.000000 7168.000000 19745.000000 53984.000000 15360.000000 42624.000000 33344.000000 13512.000000 22319.000000 34650.000000 38016.000000 38016.000000 34560.000000 38016.000000 43420.000000 50768.000000 9360.000000 26368.000000 856.000000 0.000000 0.000000 0.000000 
48
0.000000 8256.000000 30465.000000 25434.000000 38016.000000 38016.000000 34560.000000 38016.000000 41472.000000 29341.000000 11312.000000 37824.000000 28000.000000 38068.000000 33834.000000 38016.000000 38016.000000 38016.000000 34560.000000 44928.000000 16076.000000 8400.000000 8192.000000 27224.000000 38058.000000 34560.000000 38016.000000 38016.000000 34560.000000 28444.000000 6192.000000 0.000000 8256.000000 44978.000000 38016.000000 34560.000000 38016.000000 38016.000000 34560.000000 7341.000000 7168.000000 22817.000000 18272.000000 11328.000000 42048.000000 38048.000000 13512.000000 22319.000000 34650.000000 38016.000000 38016.000000 38016.000000 34560.000000 29596.000000 50768.000000 10896.000000 26368.000000 856.000000 0.000000 0.000000 0.000000 
49
0.000000 8256.000000 30465.000000 25434.000000 38016.000000 38016.000000 34560.000000 38016.000000 41472.000000 29341.000000 11312.000000 37824.000000 28000.000000 38068.000000 33834.000000 38016.000000 38016.000000 38016.000000 34560.000000 44928.000000 16076.000000 8400.000000 8192.000000 27224.000000 38058.000000 34560.000000 38016.000000 38016.000000 34560.000000 28444.000000 6192.000000 0.000000 8256.000000 44978.000000 38016.000000 34560.000000 38016.000000 38016.000000 34560.000000 7341.000000 7168.000000 22817.000000 18272.000000 11328.000000 42048.000000 38048.000000 13512.000000 22319.000000 34650.000000 38016.000000 38016.000000 38016.000000 34560.000000 29596.000000 50768.000000 10896.000000 26368.000000 856.000000 0.000000 0.000000 0.000000 
50
0.000000 8256.000000 30465.000000 25434.000000 38016.000000 38016.000000 34560.000000 38016.000000 41472.000000 29341.000000 11312.000000 37824.000000 28000.000000 38068.000000 33834.000000 38016.000000 38016.000000 38016.000000 34560.000000 44928.000000 16076.000000 8400.000000 8192.000000 27224.000000 38058.000000 34560.000000 38016.000000 38016.000000 34560.000000 28444.000000 6192.000000 0.000000 8256.000000 44978.000000 38016.000000 34560.000000 38016.000000 38016.000000 34560.000000 7341.000000 7168.000000 22817.000000 18272.000000 11328.000000 42048.000000 38048.000000 13512.000000 22319.000000 34650.000000 38016.000000 38016.000000 38016.000000 34560.000000 29596.000000 50768.000000 10896.000000 26368.000000 856.000000 0.000000 0.000000 0.000000 
51
0.000000 8256.000000 30465.000000 25434.000000 38016.000000 38016.000000 34560.000000 38016.000000 41472.000000 29341.000000 11312.000000 37824.000000 28000.000000 38068.000000 33834.000000 38016.000000 38016.000000 38016.000000 34560.000000 44928.000000 16076.000000 8400.000000 8192.000000 27224.000000 38058.000000 34560.000000 38016.000000 38016.000000 34560.000000 28444.000000 6192.000000 0.000000 8256.000000 44978.000000 38016.000000 34560.000000 38016.000000 38016.000000 34560.000000 7341.000000 7168.000000 22817.000000 18272.000000 11328.000000 42048.000000 38048.000000 13512.000000 22319.000000 34650.000000 38016.000000 38016.000000 38016.000000 34560.000000 29596.000000 50768.000000 10896.000000 26368.000000 856.000000 0.000000 0.000000 0.000000 
52
0.000000 8256.000000 30465.000000 25434.000000 38016.000000 38016.000000 34560.000000 38016.000000 38044.000000 18977.000000 13840.000000 37824.000000 28008.000000 37728.000000 33834.000000 34560.000000 38016.000000 38016.000000 38016.000000 31324.000000 15856.000000 8400.000000 8256.000000 28668.000000 38058.000000 38016.000000 38016.000000 34560.000000 38016.000000 21792.000000 5904.000000 33792.000000 8192.000000 27698.000000 38016.000000 34560.000000 38016.000000 38016.000000 38016.000000 40365.000000 1792.000000 21409.000000 18752.000000 28608.000000 42048.000000 34120.000000 0.000000 22255.000000 38106.000000 38016.000000 34560.000000 38016.000000 38016.000000 39964.000000 50784.000000 10880.000000 26368.000000 856.000000 0.000000 0.000000 0.000000 
53
0.000000 8256.000000 30465.000000 25434.000000 38016.000000 38016.000000 34560.000000 38016.000000 38044.000000 18977.000000 13840.000000 37824.000000 28008.000000 37728.000000 33834.000000 34560.000000 38016.000000 38016.000000 38016.000000 31324.000000 15856.000000 8400.000000 8256.000000 28668.000000 38058.000000 38016.000000 38016.000000 34560.000000 38016.000000 21792.000000 5904.000000 33792.000000 8192.000000 27698.000000 38016.000000 34560.000000 38016.000000 38016.000000 38016.000000 40365.000000 1792.000000 21409.000000 18752.000000 28608.000000 42048.000000 34120.000000 0.000000 22255.000000 38106.000000 38016.000000 34560.000000 38016.000000 38016.000000 39964.000000 50784.000000 10880.000000 26368.000000 856.000000 0.000000 0.000000 0.000000 
54
0.000000 8256.000000 30465.000000 25434.000000 38016.000000 38016.000000 34560.000000 38016.000000 38044.000000 18977.000000 13840.000000 37824.000000 28008.000000 37728.000000 33834.000000 34560.000000 38016.000000 38016.000000 38016.000000 31324.000000 15856.000000 8400.000000 8256.000000 28668.000000 38058.000000 38016.000000 38016.000000 34560.000000 38016.000000 21792.000000 5904.000000 33792.000000 8192.000000 27698.000000 38016.000000 34560.000000 38016.000000 38016.000000 38016.000000 40365.000000 1792.000000 21409.000000 18752.000000 28608.000000 42048.000000 34120.000000 0.000000 22255.000000 38106.000000 38016.000000 34560.000000 38016.000000 38016.000000 39964.000000 50784.000000 10880.000000 26368.000000 856.000000 0.000000 0.000000 0.000000 
55
0.000000 8256.000000 30465.000000 25434.000000 38016.000000 38016.000000 34560.000000 38016.000000 38044.000000 18977.000000 13840.000000 37824.000000 28008.000000 37728.000000 33834.000000 34560.000000 38016.000000 38016.000000 38016.000000 31324.000000 15856.000000 8400.000000 8256.000000 28668.000000 38058.000000 38016.000000 38016.000000 34560.000000 38016.000000 21792.000000 5904.000000 33792.000000 8192.000000 27698.000000 38016.000000 34560.000000 38016.000000 38016.000000 38016.000000 40365.000000 1792.000000 21409.000000 18752.000000 28608.000000 42048.000000 34120.000000 0.000000 22255.000000 38106.000000 38016.000000 34560.000000 38016.000000 38016.000000 39964.000000 50784.000000 10880.000000 26368.000000 856.000000 0.000000 0.000000 0.000000 
56
0.000000 8192.000000 15745.000000 25434.000000 38016.000000 38016.000000 34560.000000 38016.000000 38044.000000 18945.000000 13392.000000 3520.000000 28128.000000 39180.000000 33834.000000 38016.000000 38016.000000 34560.000000 38016.000000 27964.000000 15120.000000 41680.000000 8192.000000 27224.000000 48442.000000 38016.000000 38016.000000 34560.000000 38016.000000 15004.000000 6160.000000 0.000000 8256.000000 27698.000000 38016.000000 38016.000000 34560.000000 38016.000000 38016.000000 26541.000000 1792.000000 21025.000000 20192.000000 65600.000000 22532.000000 8092.000000 0.000000 28039.000000 34650.000000 34560.000000 38016.000000 38016.000000 34560.000000 33052.000000 13712.000000 14160.000000 26368.000000 856.000000 0.000000 0.000000 0.000000 
57
0.000000 8192.000000 15745.000000 25434.000000 38016.000000 38016.000000 34560.000000 38016.000000 38044.000000 18945.000000 13392.000000 3520.000000 28128.000000 39180.000000 33834.000000 38016.000000 38016.000000 34560.000000 38016.000000 27964.000000 15120.000000 41680.000000 8192.000000 27224.000000 48442.000000 38016.000000 38016.000000 34560.000000 38016.000000 15004.000000 6160.000000 0.000000 8256.000000 27698.000000 38016.000000 38016.000000 34560.000000 38016.000000 38016.000000 26541.000000 1792.000000 21025.000000 20192.000000 65600.000000 22532.000000 8092.000000 0.000000 28039.000000 34650.000000 34560.000000 38016.000000 38016.000000 34560.000000 33052.000000 13712.000000 14160.000000 26368.000000 856.000000 0.000000 0.000000 0.000000 
58
0.000000 8192.000000 15745.000000 25434.000000 38016.000000 38016.000000 34560.000000 38016.000000 38044.000000 18945.000000 13392.000000 3520.000000 28128.000000 39180.000000 33834.000000 38016.000000 38016.000000 34560.000000 38016.000000 27964.000000 15120.000000 41680.000000 8192.000000 27224.000000 48442.000000 38016.000000 38016.000000 34560.000000 38016.000000 15004.000000 6160.000000 0.000000 8256.000000 27698.000000 38016.000000 38016.000000 34560.000000 38016.000000 38016.000000 26541.000000 1792.000000 21025.000000 20192.000000 65600.000000 22532.000000 8092.000000 0.000000 28039.000000 34650.000000 34560.000000 38016.000000 38016.000000 34560.000000 33052.000000 13712.000000 14160.000000 26368.000000 856.000000 0.000000 0.000000 0.000000 
59
0.000000 8192.000000 15745.000000 25434.000000 38016.000000 38016.000000 34560.000000 38016.000000 38044.000000 18945.000000 13392.000000 3520.000000 28128.000000 39180.000000 33834.000000 38016.000000 38016.000000 34560.000000 38016.000000 27964.000000 15120.000000 41680.000000 8192.000000 27224.000000 48442.000000 38016.000000 38016.000000 34560.000000 38016.000000 15004.000000 6160.000000 0.000000 8256.000000 27698.000000 38016.000000 38016.000000 34560.000000 38016.000000 38016.000000 26541.000000 1792.000000 21025.000000 20192.000000 65600.000000 22532.000000 8092.000000 0.000000 28039.000000 34650.000000 34560.000000 38016.000000 38016.000000 34560.000000 33052.000000 13712.000000 14160.000000 26368.000000 856.000000 0.000000 0.000000 0.000000 
60
0.000000 8192.000000 27009.000000 32346.000000 34560.000000 38016.000000 38016.000000 34560.000000 41472.000000 29373.000000 12704.000000 4032.000000 17904.000000 48130.000000 34560.000000 38016.000000 38016.000000 34560.000000 38016.000000 27964.000000 15760.000000 42192.000000 8256.000000 28668.000000 41514.000000 34560.000000 38016.000000 38016.000000 34560.000000 38524.000000 6864.000000 64.000000 9792.000000 40754.000000 34560.000000 38016.000000 38016.000000 38016.000000 34560.000000 36909.000000 1792.000000 20929.000000 20288.000000 41280.000000 38604.000000 16212.000000 0.000000 19137.000000 45018.000000 34560.000000 38016.000000 38016.000000 34560.000000 36508.000000 23632.000000 2688.000000 26368.000000 856.000000 0.000000 0.000000 0.000000 
61
0.000000 8192.000000 27009.000000 32346.000000 34560.000000 38016.000000 38016.000000 34560.000000 41472.000000 29373.000000 12704.000000 4032.000000 17904.000000 48130.000000 34560.000000 38016.000000 38016.000000 34560.000000 38016.000000 27964.000000 15760.000000 42192.000000 8256.000000 28668.000000 41514.000000 34560.000000 38016.000000 38016.000000 34560.000000 38524.000000 6864.000000 64.000000 9792.000000 40754.000000 34560.000000 38016.000000 38016.000000 38016.000000 34560.000000 36909.000000 1792.000000 20929.000000 20288.000000 41280.000000 38604.000000 16212.000000 0.000000 19137.000000 45018.000000 34560.000000 38016.000000 38016.000000 34560.000000 36508.000000 23632.000000 2688.000000 26368.000000 856.000000 0.000000 0.000000 0.000000 
62
0.000000 8192.000000 27009.000000 32346.000000 34560.000000 38016.000000 38016.000000 34560.000000 41472.000000 29373.000000 12704.000000 4032.000000 17904.000000 48130.000000 34560.000000 38016.000000 38016.000000 34560.000000 38016.000000 27964.000000 15760.000000 42192.000000 8256.000000 28668.000000 41514.000000 34560.000000 38016.000000 38016.000000 34560.000000 38524.000000 6864.000000 64.000000 9792.000000 40754.000000 34560.000000 38016.000000 38016.000000 38016.000000 34560.000000 36909.000000 1792.000000 20929.000000 20288.000000 41280.000000 38604.000000 16212.000000 0.000000 19137.000000 45018.000000 34560.000000 38016.000000 38016.000000 34560.000000 36508.000000 23632.000000 2688.000000 26368.000000 856.000000 0.000000 0.000000 0.000000 
63
0.000000 8192.000000 27009.000000 32346.000000 34560.000000 38016.000000 38016.000000 34560.000000 41472.000000 29373.000000 12704.000000 4032.000000 17904.000000 48130.000000 34560.000000 38016.000000 38016.000000 34560.000000 38016.000000 27964.000000 15760.000000 42192.000000 8256.000000 28668.000000 41514.000000 34560.000000 38016.000000 38016.000000 34560.000000 38524.000000 6864.000000 64.000000 9792.000000 40754.000000 34560.000000 38016.000000 38016.000000 38016.000000 34560.000000 36909.000000 1792.000000 20929.000000 20288.000000 41280.000000 38604.000000 16212.000000 0.000000 19137.000000 45018.000000 34560.000000 38016.000000 38016.000000 34560.000000 36508.000000 23632.000000 2688.000000 26368.000000 856.000000 0.000000 0.000000 0.000000 
64
0.000000 8192.000000 30465.000000 25434.000000 38016.000000 38016.000000 34560.000000 38016.000000 38044.000000 18881.000000 13744.000000 3906.000000 17950.000000 52436.000000 27706.000000 38016.000000 38016.000000 34560.000000 38016.000000 31324.000000 15856.000000 40640.000000 8192.000000 27224.000000 34608.000000 38016.000000 34560.000000 38016.000000 38016.000000 28444.000000 6352.000000 64.000000 10048.000000 29491.000000 38016.000000 38016.000000 38016.000000 34560.000000 38016.000000 17612.000000 7168.000000 21185.000000 19904.000000 24000.000000 42048.000000 38792.000000 0.000000 22319.000000 31194.000000 38016.000000 38016.000000 34560.000000 38016.000000 32956.000000 13712.000000 14160.000000 26368.000000 856.000000 0.000000 0.000000 0.000000 
65
0.000000 8192.000000 30465.000000 25434.000000 38016.000000 38016.000000 34560.000000 38016.000000 38044.000000 18881.000000 13744.000000 3906.000000 17950.000000 52436.000000 27706.000000 38016.000000 38016.000000 34560.000000 38016.000000 31324.000000 15856.000000 40640.000000 8192.000000 27224.000000 34608.000000 38016.000000 34560.000000 38016.000000 38016.000000 28444.000000 6352.000000 64.000000 10048.000000 29491.000000 38016.000000 38016.000000 38016.000000 34560.000000 38016.000000 17612.000000 7168.000000 21185.000000 19904.000000 24000.000000 42048.000000 38792.000000 0.000000 22319.000000 31194.000000 38016.000000 38016.000000 34560.000000 38016.000000 32956.000000 13712.000000 14160.000000 26368.000000 856.000000 0.000000 0.000000 0.000000 
66
0.000000 8192.000000 30465.000000 25434.000000 38016.000000 38016.000000 34560.000000 38016.000000 38044.000000 18881.000000 13744.000000 3906.000000 17950.000000 52436.000000 27706.000000 38016.000000 38016.000000 34560.000000 38016.000000 31324.000000 15856.000000 40640.000000 8192.000000 27224.000000 34608.000000 38016.000000 34560.000000 38016.000000 38016.000000 28444.000000 6352.000000 64.000000 10048.000000 29491.000000 38016.000000 38016.000000 38016.000000 34560.000000 38016.000000 17612.000000 7168.000000 21185.000000 19904.000000 24000.000000 42048.000000 38792.000000 0.000000 22319.000000 31194.000000 38016.000000 38016.000000 34560.000000 38016.000000 32956.000000 13712.000000 14160.000000 26368.000000 856.000000 0.000000 0.000000 0.000000 
67
0.000000 8192.000000 30465.000000 25434.000000 38016.000000 38016.000000 34560.000000 38016.000000 38044.000000 18881.000000 13744.000000 3906.000000 17950.000000 52436.000000 27706.000000 38016.000000 38016.000000 34560.000000 38016.000000 31324.000000 15856.000000 40640.000000 8192.000000 27224.000000 34608.000000 38016.000000 34560.000000 38016.000000 38016.000000 28444.000000 6352.000000 64.000000 10048.000000 29491.000000 38016.000000 38016.000000 38016.000000 34560.000000 38016.000000 17612.000000 7168.000000 21185.000000 19904.000000 24000.000000 42048.000000 38792.000000 0.000000 22319.000000 31194.000000 38016.000000 38016.000000 34560.000000 38016.000000 32956.000000 13712.000000 14160.000000 26368.000000 856.000000 0.000000 0.000000 0.000000 
68
0.000000 8192.000000 30465.000000 28890.000000 34560.000000 38016.000000 38016.000000 34560.000000 41472.000000 29277.000000 13584.000000 4704.000000 28128.000000 37736.000000 33834.000000 38016.000000 34560.000000 38016.000000 38016.000000 41472.000000 19532.000000 8400.000000 8192.000000 28668.000000 44970.000000 34560.000000 38016.000000 38016.000000 38016.000000 11548.000000 6000.000000 0.000000 8192.000000 19123.000000 38016.000000 38016.000000 34560.000000 38016.000000 38016.000000 43724.000000 1792.000000 20593.000000 20576.000000 61760.000000 20238.000000 1778.000000 9286.000000 19185.000000 34650.000000 34560.000000 38016.000000 38016.000000 38016.000000 43324.000000 16976.000000 10384.000000 26368.000000 856.000000 0.000000 0.000000 0.000000 
69
0.000000 8192.000000 30465.000000 28890.000000 34560.000000 38016.000000 38016.000000 34560.000000 41472.000000 29277.000000 13584.000000 4704.000000 28128.000000 37736.000000 33834.000000 38016.000000 34560.000000 38016.000000 38016.000000 41472.000000 19532.000000 8400.000000 8192.000000 28668.000000 44970.000000 34560.000000 38016.000000 38016.000000 38016.000000 11548.000000 6000.000000 0.000000 8192.000000 19123.000000 38016.000000 38016.000000 34560.000000 38016.000000 38016.000000 43724.000000 1792.000000 20593.000000 20576.000000 61760.000000 20238.000000 1778.000000 9286.000000 19185.000000 34650.000000 34560.000000 38016.000000 38016.000000 38016.000000 43324.000000 16976.000000 10384.000000 26368.000000 856.000000 0.000000 0.000000 0.000000 
70
0.000000 8192.000000 30465.000000 28890.000000 34560.000000 38016.000000 38016.000000 34560.000000 41472.000000 29277.000000 13584.000000 4704.000000 28128.000000 37736.000000 33834.000000 38016.000000 34560.000000 38016.000000 38016.000000 41472.000000 19532.000000 8400.000000 8192.000000 28668.000000 44970.000000 34560.000000 38016.000000 38016.000000 38016.000000 11548.000000 6000.000000 0.000000 8192.000000 19123.000000 38016.000000 38016.000000 34560.000000 38016.000000 38016.000000 43724.000000 1792.000000 20593.000000 20576.000000 61760.000000 20238.000000 1778.000000 9286.000000 19185.000000 34650.000000 34560.000000 38016.000000 38016.000000 38016.000000 43324.000000 16976.000000 10384.000000 26368.000000 856.000000 0.000000 0.000000 0.000000 
71
0.000000 8192.000000 30465.000000 28890.000000 34560.000000 38016.000000 38016.000000 34560.000000 41472.000000 29277.000000 13584.000000 4704.000000 28128.000000 37736.000000 33834.000000 38016.000000 34560.000000 38016.000000 38016.000000 41472.000000 19532.000000 8400.000000 8192.000000 28668.000000 44970.000000 34560.000000 38016.000000 38016.000000 38016.000000 11548.000000 6000.000000 0.000000 8192.000000 19123.000000 38016.000000 38016.000000 34560.000000 38016.000000 38016.000000 43724.000000 1792.000000 20593.000000 20576.000000 61760.000000 20238.000000 1778.000000 9286.000000 19185.000000 34650.000000 34560.000000 38016.000000 38016.000000 38016.000000 43324.000000 16976.000000 10384.000000 26368.000000 856.000000 0.000000 0.000000 0.000000 
72
0.000000 8192.000000 27009.000000 35802.000000 34560.000000 38016.000000 38016.000000 38016.000000 38016.000000 26109.000000 13744.000000 37696.000000 28128.000000 37700.000000 33850.000000 34560.000000 38016.000000 38016.000000 34560.000000 34780.000000 15856.000000 8400.000000 8256.000000 28668.000000 38058.000000 38016.000000 38016.000000 38016.000000 34560.000000 38524.000000 6864.000000 0.000000 8256.000000 24242.000000 38016.000000 34560.000000 38016.000000 38016.000000 34560.000000 33261.000000 1792.000000 22369.000000 18848.000000 21696.000000 42624.000000 40520.000000 0.000000 22319.000000 34650.000000 38016.000000 34560.000000 38016.000000 38016.000000 29404.000000 13712.000000 14160.000000 26368.000000 856.000000 0.000000 0.000000 0.000000 
73
0.000000 8192.000000 27009.000000 35802.000000 34560.000000 38016.000000 38016.000000 38016.000000 38016.000000 26109.000000 13744.000000 37696.000000 28128.000000 37700.000000 33850.000000 34560.000000 38016.000000 38016.000000 34560.000000 34780.000000 15856.000000 8400.000000 8256.000000 28668.000000 38058.000000 38016.000000 38016.000000 38016.000000 34560.000000 38524.000000 6864.000000 0.000000 8256.000000 24242.000000 38016.000000 34560.000000 38016.000000 38016.000000 34560.000000 33261.000000 1792.000000 22369.000000 18848.000000 21696.000000 42624.000000 40520.000000 0.000000 22319.000000 34650.000000 38016.000000 34560.000000 38016.000000 38016.000000 29404.000000 13712.000000 14160.000000 26368.000000 856.000000 0.000000 0.000000 0.000000 
74
0.000000 8192.000000 27009.000000 35802.000000 34560.000000 38016.000000 38016.000000 38016.000000 38016.000000 26109.000000 13744.000000 37696.000000 28128.000000 37700.000000 33850.000000 34560.000000 38016.000000 38016.000000 34560.000000 34780.000000 15856.000000 8400.000000 8256.000000 28668.000000 38058.000000 38016.000000 38016.000000 38016.000000 34560.000000 38524.000000 6864.000000 0.000000 8256.000000 24242.000000 38016.000000 34560.000000 38016.000000 38016.000000 34560.000000 33261.000000 1792.000000 22369.000000 18848.000000 21696.000000 42624.000000 40520.000000 0.000000 22319.000000 34650.000000 38016.000000 34560.000000 38016.000000 38016.000000 29404.000000 13712.000000 14160.000000 26368.000000 856.000000 0.000000 0.000000 0.000000 
75
0.000000 8192.000000 27009.000000 35802.000000 34560.000000 38016.000000 38016.000000 38016.000000 38016.000000 26109.000000 13744.000000 37696.000000 28128.000000 37700.000000 33850.000000 34560.000000 38016.000000 38016.000000 34560.000000 34780.000000 15856.000000 8400.000000 8256.000000 28668.000000 38058.000000 38016.000000 38016.000000 38016.000000 34560.000000 38524.000000 6864.000000 0.000000 8256.000000 24242.000000 38016.000000 34560.000000 38016.000000 38016.000000 34560.000000 33261.000000 1792.000000 22369.000000 18848.000000 21696.000000 42624.000000 40520.000000 0.000000 22319.000000 34650.000000 38016.000000 34560.000000 38016.000000 38016.000000 29404.000000 13712.000000 14160.000000 26368.000000 856.000000 0.000000 0.000000 0.000000 
76
0.000000 8192.000000 30465.000000 25434.000000 38016.000000 38016.000000 34560.000000 38016.000000 38044.000000 18657.000000 13968.000000 4032.000000 28128.000000 34660.000000 31146.000000 34560.000000 38016.000000 38016.000000 34560.000000 44928.000000 14156.000000 8400.000000 8192.000000 34812.000000 31194.000000 34560.000000 38016.000000 38016.000000 38016.000000 31708.000000 6736.000000 33792.000000 8256.000000 27443.000000 38016.000000 38016.000000 34560.000000 38016.000000 38016.000000 34796.000000 7168.000000 21233.000000 19808.000000 24576.000000 42624.000000 37640.000000 0.000000 22319.000000 38106.000000 34560.000000 38016.000000 38016.000000 34560.000000 43228.000000 13712.000000 12048.000000 28480.000000 856.000000 0.000000 0.000000 0.000000 
77
0.000000 8192.000000 30465.000000 25434.000000 38016.000000 38016.000000 34560.000000 38016.000000 38044.000000 18657.000000 13968.000000 4032.000000 28128.000000 34660.000000 31146.000000 34560.000000 38016.000000 38016.000000 34560.000000 44928.000000 14156.000000 8400.000000 8192.000000 34812.000000 31194.000000 34560.000000 38016.000000 38016.000000 38016.000000 31708.000000 6736.000000 33792.000000 8256.000000 27443.000000 38016.000000 38016.000000 34560.000000 38016.000000 38016.000000 34796.000000 7168.000000 21233.000000 19808.000000 24576.000000 42624.000000 37640.000000 0.000000 22319.000000 38106.000000 34560.000000 38016.000000 38016.000000 34560.000000 43228.000000 13712.000000 12048.000000 28480.000000 856.000000 0.000000 0.000000 0.000000 
78
0.000000 8192.000000 30465.000000 25434.000000 38016.000000 38016.000000 34560.000000 38016.000000 38044.000000 18657.000000 13968.000000 4032.000000 28128.000000 34660.000000 31146.000000 34560.000000 38016.000000 38016.000000 34560.000000 44928.000000 14156.000000 8400.000000 8192.000000 34812.000000 31194.000000 34560.000000 38016.000000 38016.000000 38016.000000 31708.000000 6736.000000 33792.000000 8256.000000 27443.000000 38016.000000 38016.000000 34560.000000 38016.000000 38016.000000 34796.000000 7168.000000 21233.000000 19808.000000 24576.000000 42624.000000 37640.000000 0.000000 22319.000000 38106.000000 34560.000000 38016.000000 38016.000000 34560.000000 43228.000000 13712.000000 12048.000000 28480.000000 856.000000 0.000000 0.000000 0.000000 
79
0.000000 8192.000000 30465.000000 25434.000000 38016.000000 38016.000000 34560.000000 38016.000000 38044.000000 18657.000000 13968.000000 4032.000000 28128.000000 34660.000000 31146.000000 34560.000000 38016.000000 38016.000000 34560.000000 44928.000000 14156.000000 8400.000000 8192.000000 34812.000000 31194.000000 34560.000000 38016.000000 38016.000000 38016.000000 31708.000000 6736.000000 33792.000000 8256.000000 27443.000000 38016.000000 38016.000000 34560.000000 38016.000000 38016.000000 34796.000000 7168.000000 21233.000000 19808.000000 24576.000000 42624.000000 37640.000000 0.000000 22319.000000 38106.000000 34560.000000 38016.000000 38016.000000 34560.000000 43228.000000 13712.000000 12048.000000 28480.000000 856.000000 0.000000 0.000000 0.000000 
80
0.000000 8192.000000 30465.000000 25434.000000 38016.000000 38016.000000 34560.000000 38016.000000 41472.000000 29277.000000 13840.000000 37824.000000 28128.000000 28121.000000 38749.000000 38016.000000 38016.000000 34560.000000 38016.000000 31324.000000 15760.000000 42192.000000 8256.000000 27224.000000 38058.000000 38016.000000 38016.000000 34560.000000 38016.000000 38524.000000 6576.000000 0.000000 14400.000000 24242.000000 34560.000000 38016.000000 38016.000000 34560.000000 38016.000000 33165.000000 1792.000000 21105.000000 53984.000000 4320.000000 32928.000000 54240.000000 13512.000000 22063.000000 34650.000000 38016.000000 34560.000000 38016.000000 38016.000000 29308.000000 16976.000000 10896.000000 26368.000000 856.000000 0.000000 0.000000 0.000000 
81
0.000000 8192.000000 30465.000000 25434.000000 38016.000000 38016.000000 34560.000000 38016.000000 41472.000000 29277.000000 13840.000000 37824.000000 28128.000000 28121.000000 38749.000000 38016.000000 38016.000000 34560.000000 38016.000000 31324.000000 15760.000000 42192.000000 8256.000000 27224.000000 38058.000000 38016.000000 38016.000000 34560.000000 38016.000000 38524.000000 6576.000000 0.000000 14400.000000 24242.000000 34560.000000 38016.000000 38016.000000 34560.000000 38016.000000 33165.000000 1792.000000 21105.000000 53984.000000 4320.000000 32928.000000 54240.000000 13512.000000 22063.000000 34650.000000 38016.000000 34560.000000 38016.000000 38016.000000 29308.000000 16976.000000 10896.000000 26368.000000 856.000000 0.000000 0.000000 0.000000 
82
0.000000 8192.000000 30465.000000 25434.000000 38016.000000 38016.000000 34560.000000 38016.000000 41472.000000 29277.000000 13840.000000 37824.000000 28128.000000 28121.000000 38749.000000 38016.000000 38016.000000 34560.000000 38016.000000 31324.000000 15760.000000 42192.000000 8256.000000 27224.000000 38058.000000 38016.000000 38016.000000 34560.000000 38016.000000 38524.000000 6576.000000 0.000000 14400.000000 24242.000000 34560.000000 38016.000000 38016.000000 34560.000000 38016.000000 33165.000000 1792.000000 21105.000000 53984.000000 4320.000000 32928.000000 54240.000000 13512.000000 22063.000000 34650.000000 38016.000000 34560.000000 38016.000000 38016.000000 29308.000000 16976.000000 10896.000000 26368.000000 856.000000 0.000000 0.000000 0.000000 
83
0.000000 8192.000000 30465.000000 25434.000000 38016.000000 38016.000000 34560.000000 38016.000000 41472.000000 29277.000000 13840.000000 37824.000000 28128.000000 28121.000000 38749.000000 38016.000000 38016.000000 34560.000000 38016.000000 31324.000000 15760.000000 42192.000000 8256.000000 27224.000000 38058.000000 38016.000000 38016.000000 34560.000000 38016.000000 38524.000000 6576.000000 0.000000 14400.000000 24242.000000 34560.000000 38016.000000 38016.000000 34560.000000 38016.000000 33165.000000 1792.000000 21105.000000 53984.000000 4320.000000 32928.000000 54240.000000 13512.000000 22063.000000 34650.000000 38016.000000 34560.000000 38016.000000 38016.000000 29308.000000 16976.000000 10896.000000 26368.000000 856.000000 0.000000 0.000000 0.000000 
84
0.000000 8192.000000 30465.000000 25434.000000 38016.000000 34560.000000 38016.000000 38016.000000 38016.000000 19197.000000 13840.000000 37824.000000 26080.000000 37708.000000 31146.000000 38016.000000 38016.000000 34560.000000 38016.000000 41472.000000 15980.000000 42192.000000 8256.000000 33368.000000 38058.000000 38016.000000 38016.000000 34560.000000 38016.000000 38524.000000 6576.000000 33792.000000 8192.000000 22579.000000 34560.000000 38016.000000 38016.000000 34560.000000 38016.000000 41596.000000 7184.000000 22561.000000 14432.000000 14784.000000 42048.000000 34560.000000 13512.000000 18799.000000 38090.000000 38016.000000 34560.000000 38016.000000 38016.000000 39648.000000 13712.000000 11984.000000 20288.000000 856.000000 0.000000 0.000000 0.000000 
85
0.000000 8192.000000 30465.000000 25434.000000 38016.000000 34560.000000 38016.000000 38016.000000 38016.000000 19197.000000 13840.000000 37824.000000 26080.000000 37708.000000 31146.000000 38016.000000 38016.000000 34560.000000 38016.000000 41472.000000 15980.000000 42192.000000 8256.000000 33368.000000 38058.000000 38016.000000 38016.000000 34560.000000 38016.000000 38524.000000 6576.000000 33792.000000 8192.000000 22579.000000 34560.000000 38016.000000 38016.000000 34560.000000 38016.000000 41596.000000 7184.000000 22561.000000 14432.000000 14784.000000 42048.000000 34560.000000 13512.000000 18799.000000 38090.000000 38016.000000 34560.000000 38016.000000 38016.000000 39648.000000 13712.000000 11984.000000 20288.000000 856.000000 0.000000 0.000000 0.000000 
86
0.000000 8192.000000 30465.000000 25434.000000 38016.000000 34560.000000 38016.000000 38016.000000 38016.000000 19197.000000 13840.000000 37824.000000 26080.000000 37708.000000 31146.000000 38016.000000 38016.000000 34560.000000 38016.000000 41472.000000 15980.000000 42192.000000 8256.000000 33368.000000 38058.000000 38016.000000 38016.000000 34560.000000 38016.000000 38524.000000 6576.000000 33792.000000 8192.000000 22579.000000 34560.000000 38016.000000 38016.000000 34560.000000 38016.000000 41596.000000 7184.000000 22561.000000 14432.000000 14784.000000 42048.000000 34560.000000 13512.000000 18799.000000 38090.000000 38016.000000 34560.000000 38016.000000 38016.000000 39648.000000 13712.000000 11984.000000 20288.000000 856.000000 0.000000 0.000000 0.000000 
87
0.000000 8192.000000 30465.000000 25434.000000 38016.000000 34560.000000 38016.000000 38016.000000 38016.000000 19197.000000 13840.000000 37824.000000 26080.000000 37708.000000 31146.000000 38016.000000 38016.000000 34560.000000 38016.000000 41472.000000 15980.000000 42192.000000 8256.000000 33368.000000 38058.000000 38016.000000 38016.000000 34560.000000 38016.000000 38524.000000 6576.000000 33792.000000 8192.000000 22579.000000 34560.000000 38016.000000 38016.000000 34560.000000 38016.000000 41596.000000 7184.000000 22561.000000 14432.000000 14784.000000 42048.000000 34560.000000 13512.000000 18799.000000 38090.000000 38016.000000 34560.000000 38016.000000 38016.000000 39648.000000 13712.000000 11984.000000 20288.000000 856.000000 0.000000 0.000000 0.000000 
88
0.000000 8192.000000 30465.000000 25434.000000 38016.000000 34560.000000 38016.000000 38016.000000 34684.000000 18561.000000 13872.000000 12288.000000 11568.000000 38126.000000 34560.000000 34560.000000 38016.000000 38016.000000 38016.000000 24604.000000 15472.000000 42192.000000 8256.000000 33368.000000 38106.000000 38016.000000 38016.000000 34560.000000 38016.000000 25084.000000 6160.000000 33792.000000 8256.000000 34227.000000 38016.000000 38016.000000 34560.000000 38016.000000 38016.000000 26156.000000 1792.000000 21840.000000 19328.000000 40128.000000 39752.000000 16152.000000 13510.000000 19185.000000 34650.000000 38016.000000 38016.000000 34560.000000 38016.000000 29212.000000 13712.000000 11984.000000 28480.000000 856.000000 0.000000 0.000000 0.000000 
89
0.000000 8192.000000 30465.000000 25434.000000 38016.000000 34560.000000 38016.000000 38016.000000 34684.000000 18561.000000 13872.000000 12288.000000 11568.000000 38126.000000 34560.000000 34560.000000 38016.000000 38016.000000 38016.000000 24604.000000 15472.000000 42192.000000 8256.000000 33368.000000 38106.000000 38016.000000 38016.000000 34560.000000 38016.000000 25084.000000 6160.000000 33792.000000 8256.000000 34227.000000 38016.000000 38016.000000 34560.000000 38016.000000 38016.000000 26156.000000 1792.000000 21840.000000 19328.000000 40128.000000 39752.000000 16152.000000 13510.000000 19185.000000 34650.000000 38016.000000 38016.000000 34560.000000 38016.000000 29212.000000 13712.000000 11984.000000 28480.000000 856.000000 0.000000 0.000000 0.000000 
90
0.000000 8192.000000 30465.000000 25434.000000 38016.000000 34560.000000 38016.000000 38016.000000 34684.000000 18561.000000 13872.000000 12288.000000 11568.000000 38126.000000 34560.000000 34560.000000 38016.000000 38016.000000 38016.000000 24604.000000 15472.000000 42192.000000 8256.000000 33368.000000 38106.000000 38016.000000 38016.000000 34560.000000 38016.000000 25084.000000 6160.000000 33792.000000 8256.000000 34227.000000 38016.000000 38016.000000 34560.000000 38016.000000 38016.000000 26156.000000 1792.000000 21840.000000 19328.000000 40128.000000 39752.000000 16152.000000 13510.000000 19185.000000 34650.000000 38016.000000 38016.000000 34560.000000 38016.000000 29212.000000 13712.000000 11984.000000 28480.000000 856.000000 0.000000 0.000000 0.000000 
91
0.000000 8192.000000 30465.000000 25434.000000 38016.000000 34560.000000 38016.000000 38016.000000 34684.000000 18561.000000 13872.000000 12288.000000 11568.000000 38126.000000 34560.000000 34560.000000 38016.000000 38016.000000 38016.000000 24604.000000 15472.000000 42192.000000 8256.000000 33368.000000 38106.000000 38016.000000 38016.000000 34560.000000 38016.000000 25084.000000 6160.000000 33792.000000 8256.000000 34227.000000 38016.000000 38016.000000 34560.000000 38016.000000 38016.000000 26156.000000 1792.000000 21840.000000 19328.000000 40128.000000 39752.000000 16152.000000 13510.000000 19185.000000 34650.000000 38016.000000 38016.000000 34560.000000 38016.000000 29212.000000 13712.000000 11984.000000 28480.000000 856.000000 0.000000 0.000000 0.000000 
92
0.000000 8192.000000 27009.000000 32346.000000 38016.000000 38016.000000 38016.000000 34560.000000 34684.000000 18945.000000 13968.000000 12288.000000 19808.000000 21593.000000 38749.000000 38016.000000 38016.000000 38016.000000 34560.000000 41472.000000 19244.000000 8400.000000 8192.000000 33368.000000 31194.000000 34560.000000 38016.000000 38016.000000 34560.000000 48604.000000 7120.000000 33792.000000 8192.000000 30771.000000 38016.000000 38016.000000 34560.000000 38016.000000 38016.000000 38156.000000 7168.000000 20977.000000 20192.000000 7872.000000 42048.000000 41568.000000 13512.000000 22319.000000 38106.000000 38016.000000 34560.000000 38016.000000 38016.000000 39676.000000 16976.000000 10832.000000 26368.000000 856.000000 0.000000 0.000000 0.000000 
93
0.000000 8192.000000 27009.000000 32346.000000 38016.000000 38016.000000 38016.000000 34560.000000 34684.000000 18945.000000 13968.000000 12288.000000 19808.000000 21593.000000 38749.000000 38016.000000 38016.000000 38016.000000 34560.000000 41472.000000 19244.000000 8400.000000 8192.000000 33368.000000 31194.000000 34560.000000 38016.000000 38016.000000 34560.000000 48604.000000 7120.000000 33792.000000 8192.000000 30771.000000 38016.000000 38016.000000 34560.000000 38016.000000 38016.000000 38156.000000 7168.000000 20977.000000 20192.000000 7872.000000 42048.000000 41568.000000 13512.000000 22319.000000 38106.000000 38016.000000 34560.000000 38016.000000 38016.000000 39676.000000 16976.000000 10832.000000 26368.000000 856.000000 0.000000 0.000000 0.000000 
94
0.000000 8192.000000 27009.000000 32346.000000 38016.000000 38016.000000 38016.000000 34560.000000 34684.000000 18945.000000 13968.000000 12288.000000 19808.000000 21593.000000 38749.000000 38016.000000 38016.000000 38016.000000 34560.000000 41472.000000 19244.000000 8400.000000 8192.000000 33368.000000 31194.000000 34560.000000 38016.000000 38016.000000 34560.000000 48604.000000 7120.000000 33792.000000 8192.000000 30771.000000 38016.000000 38016.000000 34560.000000 38016.000000 38016.000000 38156.000000 7168.000000 20977.000000 20192.000000 7872.000000 42048.000000 41568.000000 13512.000000 22319.000000 38106.000000 38016.000000 34560.000000 38016.000000 38016.000000 39676.000000 16976.000000 10832.000000 26368.000000 856.000000 0.000000 0.000000 0.000000 
95
0.000000 8192.000000 27009.000000 32346.000000 38016.000000 38016.000000 38016.000000 34560.000000 34684.000000 18945.000000 13968.000000 12288.000000 19808.000000 21593.000000 38749.000000 38016.000000 38016.000000 38016.000000 34560.000000 41472.000000 19244.000000 8400.000000 8192.000000 33368.000000 31194.000000 34560.000000 38016.000000 38016.000000 34560.000000 48604.000000 7120.000000 33792.000000 8192.000000 30771.000000 38016.000000 38016.000000 34560.000000 38016.000000 38016.000000 38156.000000 7168.000000 20977.000000 20192.000000 7872.000000 42048.000000 41568.000000 13512.000000 22319.000000 38106.000000 38016.000000 34560.000000 38016.000000 38016.000000 39676.000000 16976.000000 10832.000000 26368.000000 856.000000 0.000000 0.000000 0.000000 
96
0.000000 8192.000000 30465.000000 39178.000000 34560.000000 38016.000000 38016.000000 34560.000000 41472.000000 16893.000000 13872.000000 37824.000000 17896.000000 44620.000000 31146.000000 34560.000000 38016.000000 38016.000000 34560.000000 44928.000000 15884.000000 42192.000000 8192.000000 27224.000000 31194.000000 38016.000000 34560.000000 38016.000000 38016.000000 31804.000000 6336.000000 33792.000000 8256.000000 40706.000000 34560.000000 38016.000000 38016.000000 34560.000000 38016.000000 11964.000000 7185.000000 22465.000000 54080.000000 5184.000000 37248.000000 48896.000000 13440.000000 15761.000000 48426.000000 38016.000000 38016.000000 34560.000000 38016.000000 11932.000000 15088.000000 10832.000000 26368.000000 872.000000 0.000000 0.000000 0.000000 
97
0.000000 8192.000000 30465.000000 39178.000000 34560.000000 38016.000000 38016.000000 34560.000000 41472.000000 16893.000000 13872.000000 37824.000000 17896.000000 44620.000000 31146.000000 34560.000000 38016.000000 38016.000000 34560.000000 44928.000000 15884.000000 42192.000000 8192.000000 27224.000000 31194.000000 38016.000000 34560.000000 38016.000000 38016.000000 31804.000000 6336.000000 33792.000000 8256.000000 40706.000000 34560.000000 38016.000000 38016.000000 34560.000000 38016.000000 11964.000000 7185.000000 22465.000000 54080.000000 5184.000000 37248.000000 48896.000000 13440.000000 15761.000000 48426.000000 38016.000000 38016.000000 34560.000000 38016.000000 11932.000000 15088.000000 10832.000000 26368.000000 872.000000 0.000000 0.000000 0.000000 
98
0.000000 8192.000000 30465.000000 39178.000000 34560.000000 38016.000000 38016.000000 34560.000000 41472.000000 16893.000000 13872.000000 37824.000000 17896.000000 44620.000000 31146.000000 34560.000000 38016.000000 38016.000000 34560.000000 44928.000000 15884.000000 42192.000000 8192.000000 27224.000000 31194.000000 38016.000000 34560.000000 38016.000000 38016.000000 31804.000000 6336.000000 33792.000000 8256.000000 40706.000000 34560.000000 38016.000000 38016.000000 34560.000000 38016.000000 11964.000000 7185.000000 22465.000000 54080.000000 5184.000000 37248.000000 48896.000000 13440.000000 15761.000000 48426.000000 38016.000000 38016.000000 34560.000000 38016.000000 11932.000000 15088.000000 10832.000000 26368.000000 872.000000 0.000000 0.000000 0.000000 
99
0.000000 8192.000000 30465.000000 39178.000000 34560.000000 38016.000000 38016.000000 34560.000000 41472.000000 16893.000000 13872.000000 37824.000000 17896.000000 44620.000000 31146.000000 34560.000000 38016.000000 38016.000000 34560.000000 44928.000000 15884.000000 42192.000000 8192.000000 27224.000000 31194.000000 38016.000000 34560.000000 38016.000000 38016.000000 31804.000000 6336.000000 33792.000000 8256.000000 40706.000000 34560.000000 38016.000000 38016.000000 34560.000000 38016.000000 11964.000000 7185.000000 22465.000000 54080.000000 5184.000000 37248.000000 48896.000000 13440.000000 15761.000000 48426.000000 38016.000000 38016.000000 34560.000000 38016.000000 11932.000000 15088.000000 10832.000000 26368.000000 872.000000 0.000000 0.000000 0.000000 
100
0.000000 8192.000000 30465.000000 42634.000000 38016.000000 34560.000000 38016.000000 38016.000000 21148.000000 18513.000000 12560.000000 12288.000000 19808.000000 26709.000000 38749.000000 38016.000000 34560.000000 38016.000000 38016.000000 31324.000000 15568.000000 8400.000000 8256.000000 34812.000000 38058.000000 34560.000000 38016.000000 38016.000000 34560.000000 41884.000000 6768.000000 33792.000000 8256.000000 37635.000000 38016.000000 34560.000000 38016.000000 38016.000000 34560.000000 40076.000000 0.000000 21264.000000 53696.000000 4512.000000 33888.000000 53088.000000 13512.000000 22319.000000 44970.000000 38016.000000 38016.000000 34560.000000 38016.000000 32764.000000 12208.000000 11984.000000 24448.000000 872.000000 0.000000 0.000000 0.000000 
101
0.000000 8192.000000 30465.000000 42634.000000 38016.000000 34560.000000 38016.000000 38016.000000 21148.000000 18513.000000 12560.000000 12288.000000 19808.000000 26709.000000 38749.000000 38016.000000 34560.000000 38016.000000 38016.000000 31324.000000 15568.000000 8400.000000 8256.000000 34812.000000 38058.000000 34560.000000 38016.000000 38016.000000 34560.000000 41884.000000 6768.000000 33792.000000 8256.000000 37635.000000 38016.000000 34560.000000 38016.000000 38016.000000 34560.000000 40076.000000 0.000000 21264.000000 53696.000000 4512.000000 33888.000000 53088.000000 13512.000000 22319.000000 44970.000000 38016.000000 38016.000000 34560.000000 38016.000000 32764.000000 12208.000000 11984.000000 24448.000000 872.000000 0.000000 0.000000 0.000000 
102
0.000000 8192.000000 30465.000000 42634.000000 38016.000000 34560.000000 38016.000000 38016.000000 21148.000000 18513.000000 12560.000000 12288.000000 19808.000000 26709.000000 38749.000000 38016.000000 34560.000000 38016.000000 38016.000000 31324.000000 15568.000000 8400.000000 8256.000000 34812.000000 38058.000000 34560.000000 38016.000000 38016.000000 34560.000000 41884.000000 6768.000000 33792.000000 8256.000000 37635.000000 38016.000000 34560.000000 38016.000000 38016.000000 34560.000000 40076.000000 0.000000 21264.000000 53696.000000 4512.000000 33888.000000 53088.000000 13512.000000 22319.000000 44970.000000 38016.000000 38016.000000 34560.000000 38016.000000 32764.000000 12208.000000 11984.000000 24448.000000 872.000000 0.000000 0.000000 0.000000 
103
0.000000 8192.000000 30465.000000 42634.000000 38016.000000 34560.000000 38016.000000 38016.000000 21148.000000 18513.000000 12560.000000 12288.000000 19808.000000 26709.000000 38749.000000 38016.000000 34560.000000 38016.000000 38016.000000 31324.000000 15568.000000 8400.000000 8256.000000 34812.000000 38058.000000 34560.000000 38016.000000 38016.000000 34560.000000 41884.000000 6768.000000 33792.000000 8256.000000 37635.000000 38016.000000 34560.000000 38016.000000 38016.000000 34560.000000 40076.000000 0.000000 21264.000000 53696.000000 4512.000000 33888.000000 53088.000000 13512.000000 22319.000000 44970.000000 38016.000000 38016.000000 34560.000000 38016.000000 32764.000000 12208.000000 11984.000000 24448.000000 872.000000 0.000000 0.000000 0.000000 
104
0.000000 8192.000000 27009.000000 46090.000000 34560.000000 38016.000000 38016.000000 38016.000000 34588.000000 18881.000000 13968.000000 37824.000000 26080.000000 28153.000000 38749.000000 38016.000000 34560.000000 38016.000000 38016.000000 27964.000000 15376.000000 8400.000000 8256.000000 33368.000000 31194.000000 38016.000000 34560.000000 38016.000000 38016.000000 45148.000000 7120.000000 33792.000000 8256.000000 32899.000000 34560.000000 38016.000000 38016.000000 34560.000000 38016.000000 13852.000000 7216.000000 23057.000000 19904.000000 19392.000000 42048.000000 29888.000000 13512.000000 22287.000000 44970.000000 38016.000000 34560.000000 38016.000000 38016.000000 15388.000000 17024.000000 10816.000000 26368.000000 856.000000 0.000000 0.000000 0.000000 
105
0.000000 8192.000000 27009.000000 46090.000000 34560.000000 38016.000000 38016.000000 38016.000000 34588.000000 18881.000000 13968.000000 37824.000000 26080.000000 28153.000000 38749.000000 38016.000000 34560.000000 38016.000000 38016.000000 27964.000000 15376.000000 8400.000000 8256.000000 33368.000000 31194.000000 38016.000000 34560.000000 38016.000000 38016.000000 45148.000000 7120.000000 33792.000000 8256.000000 32899.000000 34560.000000 38016.000000 38016.000000 34560.000000 38016.000000 13852.000000 7216.000000 23057.000000 19904.000000 19392.000000 42048.000000 29888.000000 13512.000000 22287.000000 44970.000000 38016.000000 34560.000000 38016.000000 38016.000000 15388.000000 17024.000000 10816.000000 26368.000000 856.000000 0.000000 0.000000 0.000000 
106
0.000000 8192.000000 27009.000000 46090.000000 34560.000000 38016.000000 38016.000000 38016.000000 34588.000000 18881.000000 13968.000000 37824.000000 26080.000000 28153.000000 38749.000000 38016.000000 34560.000000 38016.000000 38016.000000 27964.000000 15376.000000 8400.000000 8256.000000 33368.000000 31194.000000 38016.000000 34560.000000 38016.000000 38016.000000 45148.000000 7120.000000 33792.000000 8256.000000 32899.000000 34560.000000 38016.000000 38016.000000 34560.000000 38016.000000 13852.000000 7216.000000 23057.000000 19904.000000 19392.000000 42048.000000 29888.000000 13512.000000 22287.000000 44970.000000 38016.000000 34560.000000 38016.000000 38016.000000 15388.000000 17024.000000 10816.000000 26368.000000 856.000000 0.000000 0.000000 0.000000 
107
0.000000 8192.000000 27009.000000 46090.000000 34560.000000 38016.000000 38016.000000 38016.000000 34588.000000 18881.000000 13968.000000 37824.000000 26080.000000 28153.000000 38749.000000 38016.000000 34560.000000 38016.000000 38016.000000 27964.000000 15376.000000 8400.000000 8256.000000 33368.000000 31194.000000 38016.000000 34560.000000 38016.000000 38016.000000 45148.000000 7120.000000 33792.000000 8256.000000 32899.000000 34560.000000 38016.000000 38016.000000 34560.000000 38016.000000 13852.000000 7216.000000 23057.000000 19904.000000 19392.000000 42048.000000 29888.000000 13512.000000 22287.000000 44970.000000 38016.000000 34560.000000 38016.000000 38016.000000 15388.000000 17024.000000 10816.000000 26368.000000 856.000000 0.000000 0.000000 0.000000 
108
0.000000 8192.000000 30465.000000 35722.000000 38016.000000 38016.000000 38016.000000 34560.000000 24604.000000 18305.000000 13968.000000 4096.000000 19816.000000 47391.000000 31146.000000 38016.000000 34560.000000 38016.000000 38016.000000 24604.000000 15280.000000 7888.000000 8192.000000 33368.000000 31194.000000 38016.000000 34560.000000 38016.000000 38016.000000 31804.000000 6448.000000 0.000000 8256.000000 31106.000000 38016.000000 34560.000000 38016.000000 38016.000000 34560.000000 34733.000000 7168.000000 22992.000000 18176.000000 22848.000000 42624.000000 39368.000000 0.000000 14127.000000 41514.000000 34560.000000 38016.000000 38016.000000 34560.000000 39676.000000 13744.000000 11984.000000 28480.000000 856.000000 0.000000 0.000000 0.000000 
109
0.000000 8192.000000 30465.000000 35722.000000 38016.000000 38016.000000 38016.000000 34560.000000 24604.000000 18305.000000 13968.000000 4096.000000 19816.000000 47391.000000 31146.000000 38016.000000 34560.000000 38016.000000 38016.000000 24604.000000 15280.000000 7888.000000 8192.000000 33368.000000 31194.000000 38016.000000 34560.000000 38016.000000 38016.000000 31804.000000 6448.000000 0.000000 8256.000000 31106.000000 38016.000000 34560.000000 38016.000000 38016.000000 34560.000000 34733.000000 7168.000000 22992.000000 18176.000000 22848.000000 42624.000000 39368.000000 0.000000 14127.000000 41514.000000 34560.000000 38016.000000 38016.000000 34560.000000 39676.000000 13744.000000 11984.000000 28480.000000 856.000000 0.000000 0.000000 0.000000 
110
0.000000 8192.000000 30465.000000 35722.000000 38016.000000 38016.000000 38016.000000 34560.000000 24604.000000 18305.000000 13968.000000 4096.000000 19816.000000 47391.000000 31146.000000 38016.000000 34560.000000 38016.000000 38016.000000 24604.000000 15280.000000 7888.000000 8192.000000 33368.000000 31194.000000 38016.000000 34560.000000 38016.000000 38016.000000 31804.000000 6448.000000 0.000000 8256.000000 31106.000000 38016.000000 34560.000000 38016.000000 38016.000000 34560.000000 34733.000000 7168.000000 22992.000000 18176.000000 22848.000000 42624.000000 39368.000000 0.000000 14127.000000 41514.000000 34560.000000 38016.000000 38016.000000 34560.000000 39676.000000 13744.000000 11984.000000 28480.000000 856.000000 0.000000 0.000000 0.000000 
111
0.000000 8192.000000 30465.000000 35722.000000 38016.000000 38016.000000 38016.000000 34560.000000 24604.000000 18305.000000 13968.000000 4096.000000 19816.000000 47391.000000 31146.000000 38016.000000 34560.000000 38016.000000 38016.000000 24604.000000 15280.000000 7888.000000 8192.000000 33368.000000 31194.000000 38016.000000 34560.000000 38016.000000 38016.000000 31804.000000 6448.000000 0.000000 8256.000000 31106.000000 38016.000000 34560.000000 38016.000000 38016.000000 34560.000000 34733.000000 7168.000000 22992.000000 18176.000000 22848.000000 42624.000000 39368.000000 0.000000 14127.000000 41514.000000 34560.000000 38016.000000 38016.000000 34560.000000 39676.000000 13744.000000 11984.000000 28480.000000 856.000000 0.000000 0.000000 0.000000 
112
0.000000 8192.000000 27009.000000 39178.000000 38016.000000 38016.000000 34560.000000 38016.000000 41472.000000 18813.000000 13872.000000 2496.000000 19936.000000 26709.000000 38749.000000 38016.000000 38016.000000 34560.000000 38016.000000 41472.000000 19244.000000 8400.000000 8192.000000 26620.000000 31194.000000 38016.000000 34560.000000 38016.000000 38016.000000 31804.000000 6640.000000 33792.000000 8192.000000 36313.000000 38016.000000 38016.000000 34560.000000 38016.000000 38016.000000 6972.000000 7184.000000 22033.000000 4800.000000 10176.000000 42048.000000 35584.000000 0.000000 19104.000000 44970.000000 38016.000000 34560.000000 38016.000000 38016.000000 15388.000000 13744.000000 11984.000000 28480.000000 872.000000 0.000000 0.000000 0.000000 
113
0.000000 8192.000000 27009.000000 39178.000000 38016.000000 38016.000000 34560.000000 38016.000000 41472.000000 18813.000000 13872.000000 2496.000000 19936.000000 26709.000000 38749.000000 38016.000000 38016.000000 34560.000000 38016.000000 41472.000000 19244.000000 8400.000000 8192.000000 26620.000000 31194.000000 38016.000000 34560.000000 38016.000000 38016.000000 31804.000000 6640.000000 33792.000000 8192.000000 36313.000000 38016.000000 38016.000000 34560.000000 38016.000000 38016.000000 6972.000000 7184.000000 22033.000000 4800.000000 10176.000000 42048.000000 35584.000000 0.000000 19104.000000 44970.000000 38016.000000 34560.000000 38016.000000 38016.000000 15388.000000 13744.000000 11984.000000 28480.000000 872.000000 0.000000 0.000000 0.000000 
114
0.000000 8192.000000 27009.000000 39178.000000 38016.000000 38016.000000 34560.000000 38016.000000 41472.000000 18813.000000 13872.000000 2496.000000 19936.000000 26709.000000 38749.000000 38016.000000 38016.000000 34560.000000 38016.000000 41472.000000 19244.000000 8400.000000 8192.000000 26620.000000 31194.000000 38016.000000 34560.000000 38016.000000 38016.000000 31804.000000 6640.000000 33792.000000 8192.000000 36313.000000 38016.000000 38016.000000 34560.000000 38016.000000 38016.000000 6972.000000 7184.000000 22033.000000 4800.000000 10176.000000 42048.000000 35584.000000 0.000000 19104.000000 44970.000000 38016.000000 34560.000000 38016.000000 38016.000000 15388.000000 13744.000000 11984.000000 28480.000000 872.000000 0.000000 0.000000 0.000000 
115
0.000000 8192.000000 27009.000000 39178.000000 38016.000000 38016.000000 34560.000000 38016.000000 41472.000000 18813.000000 13872.000000 2496.000000 19936.000000 26709.000000 38749.000000 38016.000000 38016.000000 34560.000000 38016.000000 41472.000000 19244.000000 8400.000000 8192.000000 26620.000000 31194.000000 38016.000000 34560.000000 38016.000000 38016.000000 31804.000000 6640.000000 33792.000000 8192.000000 36313.000000 38016.000000 38016.000000 34560.000000 38016.000000 38016.000000 6972.000000 7184.000000 22033.000000 4800.000000 10176.000000 42048.000000 35584.000000 0.000000 19104.000000 44970.000000 38016.000000 34560.000000 38016.000000 38016.000000 15388.000000 13744.000000 11984.000000 28480.000000 872.000000 0.000000 0.000000 0.000000 
116
0.000000 8192.000000 27009.000000 42634.000000 34560.000000 38016.000000 38016.000000 34560.000000 41472.000000 18813.000000 13968.000000 4032.000000 28128.000000 28153.000000 38749.000000 38016.000000 34560.000000 38016.000000 38016.000000 41472.000000 19756.000000 41680.000000 8192.000000 27224.000000 31194.000000 38016.000000 38016.000000 34560.000000 38016.000000 45244.000000 6736.000000 0.000000 8192.000000 37250.000000 38016.000000 38016.000000 34560.000000 38016.000000 38016.000000 31277.000000 7168.000000 21265.000000 19904.000000 18816.000000 42048.000000 30464.000000 13512.000000 22271.000000 44970.000000 38016.000000 38016.000000 34560.000000 38016.000000 32764.000000 11952.000000 5904.000000 26368.000000 872.000000 0.000000 0.000000 0.000000 
117
0.000000 8192.000000 27009.000000 42634.000000 34560.000000 38016.000000 38016.000000 34560.000000 41472.000000 18813.000000 13968.000000 4032.000000 28128.000000 28153.000000 38749.000000 38016.000000 34560.000000 38016.000000 38016.000000 41472.000000 19756.000000 41680.000000 8192.000000 27224.000000 31194.000000 38016.000000 38016.000000 34560.000000 38016.000000 45244.000000 6736.000000 0.000000 8192.000000 37250.000000 38016.000000 38016.000000 34560.000000 38016.000000 38016.000000 31277.000000 7168.000000 21265.000000 19904.000000 18816.000000 42048.000000 30464.000000 13512.000000 22271.000000 44970.000000 38016.000000 38016.000000 34560.000000 38016.000000 32764.000000 11952.000000 5904.000000 26368.000000 872.000000 0.000000 0.000000 0.000000 
118
0.000000 8192.000000 27009.000000 42634.000000 34560.000000 38016.000000 38016.000000 34560.000000 41472.000000 18813.000000 13968.000000 4032.000000 28128.000000 28153.000000 38749.000000 38016.000000 34560.000000 38016.000000 38016.000000 41472.000000 19756.000000 41680.000000 8192.000000 27224.000000 31194.000000 38016.000000 38016.000000 34560.000000 38016.000000 45244.000000 6736.000000 0.000000 8192.000000 37250.000000 38016.000000 38016.000000 34560.000000 38016.000000 38016.000000 31277.000000 7168.000000 21265.000000 19904.000000 18816.000000 42048.000000 30464.000000 13512.000000 22271.000000 44970.000000 38016.000000 38016.000000 34560.000000 38016.000000 32764.000000 11952.000000 5904.000000 26368.000000 872.000000 0.000000 0.000000 0.000000 
119
0.000000 8192.000000 27009.000000 42634.000000 34560.000000 38016.000000 38016.000000 34560.000000 41472.000000 18813.000000 13968.000000 4032.000000 28128.000000 28153.000000 38749.000000 38016.000000 34560.000000 38016.000000 38016.000000 41472.000000 19756.000000 41680.000000 8192.000000 27224.000000 31194.000000 38016.000000 38016.000000 34560.000000 38016.000000 45244.000000 6736.000000 0.000000 8192.000000 37250.000000 38016.000000 38016.000000 34560.000000 38016.000000 38016.000000 31277.000000 7168.000000 21265.000000 19904.000000 18816.000000 42048.000000 30464.000000 13512.000000 22271.000000 44970.000000 38016.000000 38016.000000 34560.000000 38016.000000 32764.000000 11952.000000 5904.000000 26368.000000 872.000000 0.000000 0.000000 0.000000 
