0
0.000000 0.283600 0.575523 0.000262 0.000000 0.000000 0.000000 0.000000 0.000738 0.403800 0.699185 0.819938 0.818954 0.403938 0.000000 0.000000 0.000000 0.000000 0.000000 0.000738 0.605169 0.774938 1.003400 0.542569 0.190554 0.000000 0.000000 0.000000 0.000000 0.000738 0.519138 0.911938 0.526538 0.677662 0.000000 0.000000 0.000000 0.000000 0.000000 0.066892 0.830923 0.689523 0.292277 0.703138 0.070892 0.354662 0.319015 0.408262 0.000000 0.000000 0.000000 0.000000 0.000000 0.066892 0.473862 0.615385 0.924754 0.630569 0.675415 0.997785 0.229216 
1
0.000000 0.283585 0.575523 0.000246 0.000000 0.000000 0.000000 0.000000 0.000738 0.315585 0.694185 0.755877 0.863262 0.387523 0.000000 0.000000 0.000000 0.000000 0.000000 0.000738 0.592600 0.635554 0.923569 0.541723 0.189077 0.000000 0.000000 0.000000 0.000000 0.000738 0.531938 0.879692 0.538277 0.608492 0.000000 0.000000 0.000000 0.000000 0.000000 0.045846 0.835415 0.622154 0.274308 0.608615 0.000000 0.304738 0.159508 0.315231 0.000000 0.000000 0.000000 0.000000 0.000000 0.035292 0.476231 0.613908 0.905754 0.619277 0.703769 0.978923 0.134000 
2
0.000000 0.283585 0.468123 0.000246 0.000000 0.000000 0.000000 0.000000 0.000738 0.317246 0.719369 0.741585 0.863262 0.385738 0.000000 0.000000 0.000000 0.000000 0.000000 0.000738 0.596169 0.534492 0.960000 0.534754 0.189077 0.000000 0.000000 0.000000 0.000000 0.000738 0.600677 0.913446 0.500754 0.605185 0.000000 0.000000 0.000000 0.000000 0.000000 0.045108 0.871031 0.703092 0.256338 0.702600 0.000000 0.321508 0.039877 0.277908 0.000000 0.000000 0.000000 0.000000 0.000000 0.034554 0.412277 0.668769 0.760262 0.583908 0.645708 0.967923 0.134292 
3
0.000000 0.287523 0.468123 0.000246 0.000000 0.000000 0.000000 0.000000 0.000738 0.305262 0.717185 0.742923 0.778277 0.382062 0.000000 0.000000 0.000000 0.000000 0.000000 0.000000 0.569108 0.634046 0.982723 0.525092 0.107154 0.000000 0.000000 0.000000 0.000000 0.000738 0.504662 0.882785 0.493923 0.608477 0.000000 0.000000 0.000000 0.000000 0.000000 0.034554 0.843308 0.789969 0.244892 0.611708 0.000000 0.295000 0.055138 0.271000 0.000000 0.000000 0.000000 0.000000 0.000000 0.034554 0.348954 0.613908 0.807492 0.548785 0.665908 0.993031 0.123338 
4
0.000000 0.283585 0.575508 0.000262 0.000000 0.000000 0.000000 0.000000 0.000738 0.205062 0.786492 0.586169 0.880154 0.292462 0.100046 0.000000 0.000000 0.000000 0.000000 0.000000 0.444831 0.804277 0.959092 0.430508 0.190554 0.000000 0.000000 0.000000 0.000000 0.000738 0.551031 0.921785 0.512046 0.677662 0.000000 0.000000 0.000000 0.000000 0.000000 0.066892 0.830923 0.669585 0.184662 0.759138 0.000000 0.393277 1.121262 0.410046 0.000000 0.000000 0.000000 0.000000 0.000000 0.066892 0.355508 0.709908 0.828262 0.549862 0.673954 0.997108 0.126769 
5
0.000000 0.283569 0.575508 0.000246 0.000000 0.000000 0.000000 0.000000 0.000738 0.214908 0.747908 0.581523 0.857538 0.239646 0.099262 0.000000 0.000000 0.000000 0.000000 0.000000 0.346369 0.639123 0.967877 0.419031 0.189077 0.000000 0.000000 0.000000 0.000000 0.000738 0.558985 0.912892 0.469046 0.608492 0.000000 0.000000 0.000000 0.000000 0.000000 0.035292 0.835415 0.559262 0.134923 0.759185 0.000000 0.378892 1.117138 0.313938 0.000000 0.000000 0.000000 0.000000 0.000000 0.035292 0.426692 0.768000 0.742492 0.515062 0.707092 0.954969 0.130308 
6
0.000000 0.283569 0.468123 0.000246 0.000000 0.000000 0.000000 0.000000 0.000738 0.199108 0.644969 0.582431 0.901846 0.239615 0.099246 0.000000 0.000000 0.000000 0.000000 0.000000 0.341123 0.612585 0.923569 0.413892 0.100846 0.000000 0.000000 0.000000 0.000000 0.000738 0.573662 0.869446 0.470600 0.605185 0.000000 0.000000 0.000000 0.000000 0.000000 0.045108 0.871031 0.655385 0.143600 0.846369 0.000000 0.379015 1.121677 0.278154 0.000000 0.000000 0.000000 0.000000 0.000000 0.034554 0.337585 0.768738 0.555092 0.513246 0.644600 0.980850 0.123046 
7
0.000000 0.283569 0.472062 0.000246 0.000000 0.000000 0.000000 0.000000 0.000738 0.202862 0.761215 0.570877 0.805662 0.247262 0.099246 0.000000 0.000000 0.000000 0.000000 0.000000 0.419569 0.629785 0.982723 0.406277 0.100846 0.000000 0.000000 0.000000 0.000000 0.000738 0.572908 0.865185 0.445892 0.608477 0.000000 0.000000 0.000000 0.000000 0.000000 0.034554 0.843308 0.696354 0.132154 0.845108 0.000000 0.499369 0.917662 0.262385 0.000000 0.000000 0.000000 0.000000 0.000000 0.034554 0.338369 0.767738 0.499754 0.544262 0.669231 0.981892 0.120385 
8
0.000000 0.094538 0.701538 0.063062 0.000000 0.000000 0.000000 0.000000 0.000738 0.205062 0.414354 0.660738 0.863262 0.304385 0.122877 0.000000 0.000000 0.000000 0.000000 0.000000 0.542600 0.708923 0.952123 0.504646 0.003999 0.000000 0.000000 0.000000 0.000000 0.000738 0.485277 1.021877 0.544185 0.491215 0.000000 0.000000 0.000000 0.000000 0.000000 0.066892 0.870062 0.697908 0.141831 0.867323 0.000000 0.283569 0.781000 0.410046 0.000000 0.000000 0.000000 0.000000 0.000000 0.066892 0.414123 0.724754 0.806385 0.582831 0.667800 1.002092 0.116354 
9
0.000000 0.094523 0.696554 0.055185 0.000000 0.000000 0.000000 0.000000 0.000738 0.264538 0.266108 0.631738 0.779938 0.279538 0.112231 0.000000 0.000000 0.000000 0.000000 0.000000 0.525877 0.641415 0.935385 0.500446 0.000015 0.000000 0.000000 0.000000 0.000000 0.000738 0.558846 0.905692 0.512892 0.429846 0.000000 0.000000 0.000000 0.000000 0.000000 0.035292 0.834631 0.691615 0.123862 0.823262 0.000000 0.220554 0.610800 0.313938 0.000000 0.000000 0.000000 0.000000 0.000000 0.035292 0.406815 0.689800 0.816169 0.502892 0.621154 1.005662 0.108985 
10
0.000000 0.094523 0.602031 0.055185 0.000000 0.000000 0.000000 0.000000 0.000738 0.199108 0.325169 0.634769 0.820923 0.285846 0.112215 0.000000 0.000000 0.000000 0.000000 0.000000 0.511538 0.565508 0.931446 0.528615 0.000015 0.000000 0.000000 0.000000 0.000000 0.000738 0.559523 0.925354 0.525708 0.426523 0.000000 0.000000 0.000000 0.000000 0.000000 0.045108 0.803862 0.690446 0.132538 0.895369 0.000000 0.220554 0.620046 0.278154 0.000000 0.000000 0.000000 0.000000 0.000000 0.034554 0.362400 0.688323 0.632908 0.553400 0.626077 0.983277 0.116338 
11
0.000000 0.094523 0.605969 0.055169 0.000000 0.000000 0.000000 0.000000 0.000738 0.213415 0.284892 0.636846 0.811385 0.292831 0.112215 0.000000 0.000000 0.000000 0.000000 0.000000 0.551723 0.560323 0.981662 0.486923 0.000000 0.000000 0.000000 0.000000 0.000000 0.000738 0.560477 0.900954 0.517154 0.429831 0.000000 0.000000 0.000000 0.000000 0.000000 0.034554 0.788492 0.695062 0.121092 0.820369 0.000000 0.220554 0.612846 0.262385 0.000000 0.000000 0.000000 0.000000 0.000000 0.034554 0.363969 0.709538 0.582646 0.580708 0.653908 0.979000 0.105677 
12
0.000000 0.283585 0.575508 0.000262 0.000000 0.000000 0.000000 0.000000 0.000000 0.404538 0.292108 0.622585 0.834923 0.420585 0.000000 0.000000 0.000000 0.000000 0.000000 0.000738 0.436646 0.781954 0.952123 0.515477 0.000015 0.000000 0.000000 0.000000 0.000000 0.000738 0.596015 0.910092 0.495831 0.575246 0.000000 0.000000 0.000000 0.000000 0.000000 0.066892 0.864092 0.677354 0.149081 0.831224 0.000000 0.246354 0.504738 0.315538 0.000000 0.000000 0.000000 0.000000 0.000000 0.066892 0.329938 0.900677 0.717400 0.604600 0.678385 0.993785 0.126723 
13
0.000000 0.283569 0.575508 0.000246 0.000000 0.000000 0.000000 0.000000 0.000000 0.326877 0.199354 0.632800 0.812308 0.405169 0.000000 0.000000 0.000000 0.000000 0.000000 0.000738 0.400308 0.727738 0.985600 0.521308 0.000015 0.000000 0.000000 0.000000 0.000000 0.000738 0.528815 0.889446 0.488462 0.542200 0.000000 0.000000 0.000000 0.000000 0.000000 0.045846 0.861292 0.654000 0.146754 0.814738 0.000000 0.128200 0.374831 0.313908 0.000000 0.000000 0.000000 0.000000 0.000000 0.035292 0.331046 0.894154 0.668031 0.606031 0.703769 0.969877 0.140738 
14
0.000000 0.283569 0.468123 0.000246 0.000000 0.000000 0.000000 0.000000 0.000000 0.307431 0.209215 0.638631 0.856615 0.385938 0.000000 0.000000 0.000000 0.000000 0.000000 0.000738 0.465831 0.635077 0.981662 0.514938 0.000015 0.000000 0.000000 0.000000 0.000000 0.000738 0.584846 0.858862 0.497246 0.535569 0.000000 0.000000 0.000000 0.000000 0.000000 0.034554 0.856492 0.715015 0.137462 0.812969 0.000000 0.142585 0.326369 0.278154 0.000000 0.000000 0.000000 0.000000 0.000000 0.034554 0.332523 0.864462 0.526538 0.610677 0.645708 0.975923 0.123000 
15
0.000000 0.283569 0.472062 0.000246 0.000000 0.000000 0.000000 0.000000 0.000000 0.306000 0.196015 0.644646 0.856615 0.382938 0.000000 0.000000 0.000000 0.000000 0.000000 0.000000 0.509646 0.611446 0.931446 0.489692 0.000000 0.000000 0.000000 0.000000 0.000000 0.000738 0.573954 0.869092 0.492723 0.540538 0.000000 0.000000 0.000000 0.000000 0.000000 0.034554 0.829831 0.663477 0.140046 0.815477 0.000000 0.128200 0.336938 0.356923 0.000000 0.000000 0.000000 0.000000 0.000000 0.034554 0.237692 0.933908 0.524831 0.608062 0.665908 0.980785 0.124077 
16
0.000000 0.094538 0.733046 0.031754 0.000000 0.000000 0.000000 0.000000 0.000738 0.205062 0.424031 0.576077 0.885138 0.302877 0.112262 0.000000 0.000000 0.000000 0.000000 0.000000 0.429892 0.652092 0.952123 0.527262 0.190554 0.000000 0.000000 0.000000 0.000000 0.000738 0.566969 0.887708 0.530862 0.491200 0.000000 0.000000 0.000000 0.000000 0.000000 0.066892 0.845246 0.664062 0.170631 0.800615 0.000000 0.228431 0.572708 0.409938 0.000000 0.000000 0.000000 0.000000 0.000000 0.066892 0.308954 0.713846 0.973523 0.716400 0.526492 1.001108 0.130446 
17
0.000000 0.094523 0.729723 0.031754 0.000000 0.000000 0.000000 0.000000 0.000738 0.223985 0.274123 0.533185 0.906831 0.304646 0.101615 0.000000 0.000000 0.000000 0.000000 0.000000 0.445415 0.641585 0.985600 0.451646 0.189077 0.000000 0.000000 0.000000 0.000000 0.000738 0.503092 0.868769 0.533862 0.429862 0.000000 0.000000 0.000000 0.000000 0.000000 0.035292 0.828508 0.697477 0.134938 0.799308 0.000000 0.165415 0.453077 0.219738 0.000000 0.000000 0.000000 0.000000 0.000000 0.035292 0.376954 0.708431 0.951785 0.698369 0.574031 0.960031 0.130446 
18
0.000000 0.094523 0.633538 0.023877 0.000000 0.000000 0.000000 0.000000 0.000738 0.188554 0.318108 0.524634 0.812308 0.285169 0.100815 0.000000 0.000000 0.000000 0.000000 0.000000 0.451862 0.664031 0.981662 0.459492 0.189077 0.000000 0.000000 0.000000 0.000000 0.000738 0.539400 0.879969 0.530692 0.426523 0.000000 0.000000 0.000000 0.000000 0.000000 0.045108 0.816862 0.672215 0.143615 0.802154 0.000000 0.237231 0.314938 0.278031 0.000000 0.000000 0.000000 0.000000 0.000000 0.034554 0.341400 0.761815 0.655831 0.659585 0.654200 0.990508 0.127354 
19
0.000000 0.094523 0.637477 0.023862 0.000000 0.000000 0.000000 0.000000 0.000738 0.202862 0.288385 0.536415 0.812308 0.285169 0.100815 0.000000 0.000000 0.000000 0.000000 0.000000 0.388877 0.576523 0.931446 0.502862 0.107154 0.000000 0.000000 0.000000 0.000000 0.000738 0.537108 0.821415 0.534708 0.429831 0.000000 0.000000 0.000000 0.000000 0.000000 0.034554 0.827415 0.680123 0.146200 0.802154 0.000000 0.220554 0.370400 0.356815 0.000000 0.000000 0.000000 0.000000 0.000000 0.034554 0.260892 0.749292 0.676185 0.697169 0.504400 0.982077 0.119646 
20
0.000000 0.283585 0.575508 0.000262 0.000000 0.000000 0.000000 0.000000 0.000738 0.378015 0.281015 0.659015 0.913477 0.303000 0.105985 0.000000 0.000000 0.000000 0.000000 0.000000 0.371431 0.842662 0.952123 0.479938 0.189077 0.000000 0.000000 0.000000 0.000000 0.153046 0.824462 0.851077 0.438585 0.609754 0.000000 0.000000 0.000000 0.000000 0.000000 0.066892 0.882062 0.662769 0.163246 0.672738 0.070892 0.339569 0.507446 0.341862 0.000000 0.000000 0.000000 0.000000 0.000000 0.066892 0.332323 0.802585 0.808554 0.600015 0.562538 0.960400 0.130415 
21
0.000000 0.283569 0.575508 0.000246 0.000000 0.000000 0.000000 0.000000 0.000738 0.316892 0.201631 0.669231 0.772062 0.282138 0.094554 0.000000 0.000000 0.000000 0.000000 0.000000 0.388492 0.723400 1.018092 0.449431 0.189077 0.000000 0.000000 0.000000 0.000000 0.153046 0.849662 0.828185 0.422062 0.599785 0.000000 0.000000 0.000000 0.000000 0.000000 0.035292 0.845154 0.568985 0.131231 0.763615 0.000000 0.346585 0.373369 0.340523 0.000000 0.000000 0.000000 0.000000 0.000000 0.035292 0.364954 0.800000 0.790492 0.625138 0.558369 0.987492 0.130400 
22
0.000000 0.283569 0.468123 0.000246 0.000000 0.000000 0.000000 0.000000 0.000738 0.348000 0.195523 0.602200 0.768738 0.280323 0.094538 0.000000 0.000000 0.000000 0.000000 0.000000 0.430708 0.574508 0.981662 0.463308 0.189077 0.000000 0.000000 0.000000 0.000000 0.153046 0.856862 0.842800 0.420538 0.598508 0.000000 0.000000 0.000000 0.000000 0.000000 0.045108 0.804415 0.699631 0.139908 0.763969 0.000000 0.347446 0.306923 0.301231 0.000000 0.000000 0.000000 0.000000 0.000000 0.034554 0.244538 0.760338 0.662108 0.608108 0.634000 0.973831 0.131923 
23
0.000000 0.283569 0.472062 0.000246 0.000000 0.000000 0.000000 0.000000 0.000738 0.307108 0.198200 0.644646 0.767077 0.287292 0.094538 0.000000 0.000000 0.000000 0.000000 0.000000 0.381092 0.599892 0.967877 0.493892 0.094569 0.000000 0.000000 0.000000 0.000000 0.153046 0.938077 0.777738 0.426569 0.598508 0.000000 0.000000 0.000000 0.000000 0.000000 0.034554 0.765908 0.669615 0.142492 0.670169 0.000000 0.296954 0.320185 0.282815 0.000000 0.000000 0.000000 0.000000 0.000000 0.034554 0.247969 0.746338 0.688308 0.662908 0.450969 0.981892 0.123338 
24
0.000000 0.283585 0.575508 0.000262 0.000000 0.000000 0.000000 0.000000 0.000738 0.205015 0.382862 0.660738 0.875908 0.315046 0.010646 0.000000 0.000000 0.000000 0.000000 0.000738 0.351508 0.782785 0.952123 0.527246 0.189077 0.000000 0.000000 0.000000 0.000000 0.000738 0.517954 0.951077 0.649323 0.428262 0.000000 0.000000 0.000000 0.000000 0.000000 0.066892 0.866938 0.599077 0.166169 0.800615 0.000000 0.291446 0.775477 0.338062 0.000000 0.000000 0.000000 0.000000 0.000000 0.066892 0.422277 0.709908 0.874354 0.692385 0.880108 1.008092 0.228677 
25
0.000000 0.283569 0.575508 0.000262 0.000000 0.000000 0.000000 0.000000 0.000738 0.195569 0.321938 0.631738 0.773292 0.278231 0.000000 0.000000 0.000000 0.000000 0.000000 0.000738 0.326985 0.724415 0.975754 0.465800 0.189077 0.000000 0.000000 0.000000 0.000000 0.000738 0.569462 0.939969 0.659662 0.423215 0.000000 0.000000 0.000000 0.000000 0.000000 0.035292 0.847262 0.573231 0.136631 0.799308 0.000000 0.220554 0.660308 0.336708 0.000000 0.000000 0.000000 0.000000 0.000000 0.035292 0.319677 0.708431 0.809985 0.711338 0.896538 0.991831 0.134000 
26
0.000000 0.283569 0.468123 0.000246 0.000000 0.000000 0.000000 0.000000 0.000738 0.237231 0.296185 0.634769 0.814277 0.277523 0.000000 0.000000 0.000000 0.000000 0.000000 0.000738 0.336831 0.645477 0.937354 0.512169 0.189077 0.000000 0.000000 0.000000 0.000000 0.000738 0.543215 0.931969 0.647431 0.419892 0.000000 0.000000 0.000000 0.000000 0.000000 0.045108 0.794831 0.572062 0.134938 0.802154 0.000000 0.220554 0.609000 0.297431 0.000000 0.000000 0.000000 0.000000 0.000000 0.034554 0.275677 0.668769 0.820138 0.673246 0.835785 1.002046 0.134000 
27
0.000000 0.283569 0.472062 0.000246 0.000000 0.000000 0.000000 0.000000 0.000738 0.202862 0.304508 0.636846 0.806400 0.285169 0.000000 0.000000 0.000000 0.000000 0.000000 0.000738 0.331062 0.626462 0.981662 0.471415 0.094569 0.000000 0.000000 0.000000 0.000000 0.000738 0.534031 0.961400 0.656600 0.423200 0.000000 0.000000 0.000000 0.000000 0.000000 0.034554 0.885831 0.521215 0.151492 0.802154 0.000000 0.220554 0.610015 0.294215 0.000000 0.000000 0.000000 0.000000 0.000000 0.034554 0.237200 0.613908 0.852385 0.691754 0.863231 1.003338 0.123477 
28
0.000000 0.283585 0.575508 0.000262 0.000000 0.000000 0.000000 0.000000 0.000738 0.392369 0.255846 0.576077 0.869169 0.303000 0.010646 0.000000 0.000000 0.000000 0.000000 0.000738 0.244585 0.779877 0.959092 0.544723 0.189077 0.000000 0.000000 0.000000 0.000000 0.000738 0.630385 1.006031 0.709446 0.398323 0.000000 0.000000 0.000000 0.000000 0.000000 0.066892 0.910569 0.710015 0.385108 0.768215 0.000000 0.631954 1.012985 0.600969 0.000000 0.000000 0.000000 0.000000 0.000000 0.066892 0.329369 0.709908 0.745892 0.616277 0.677323 0.996062 0.210585 
29
0.000000 0.283569 0.575508 0.000246 0.000000 0.000000 0.000000 0.000000 0.000738 0.323385 0.190815 0.533185 0.913477 0.282138 0.000000 0.000000 0.000000 0.000000 0.000000 0.000738 0.292462 0.606323 0.967877 0.523877 0.189077 0.000000 0.000000 0.000000 0.000000 0.000738 0.467200 1.112369 0.682600 0.396631 0.000000 0.000000 0.000000 0.000000 0.000000 0.045846 0.846985 0.679246 0.368062 0.745262 0.000000 0.635769 0.996462 0.599738 0.000000 0.000000 0.000000 0.000000 0.000000 0.035292 0.362000 0.708431 0.739757 0.625646 0.663215 0.991985 0.109400 
30
0.000000 0.283569 0.468123 0.000246 0.000000 0.000000 0.000000 0.000000 0.000738 0.297169 0.230308 0.524569 0.826831 0.280323 0.000000 0.000000 0.000000 0.000000 0.000000 0.000738 0.343108 0.562615 0.923569 0.533523 0.102323 0.000000 0.000000 0.000000 0.000000 0.000738 0.550908 1.004585 0.688077 0.351938 0.000000 0.000000 0.000000 0.000000 0.000000 0.034554 0.778738 0.742169 0.351138 0.765646 0.000000 0.635769 1.008308 0.602046 0.000000 0.000000 0.000000 0.000000 0.000000 0.034554 0.241585 0.668769 0.761985 0.602138 0.666169 0.994385 0.105708 
31
0.000000 0.283569 0.472062 0.000246 0.000000 0.000000 0.000000 0.000000 0.000738 0.291569 0.219138 0.536415 0.820615 0.287292 0.000000 0.000000 0.000000 0.000000 0.000000 0.000738 0.253723 0.632785 0.982723 0.539354 0.100846 0.000000 0.000000 0.000000 0.000000 0.000738 0.552277 1.005169 0.571923 0.443138 0.000000 0.000000 0.000000 0.000000 0.000000 0.034554 0.783508 0.700738 0.353631 0.747200 0.000000 0.644585 1.002292 0.598692 0.000000 0.000000 0.000000 0.000000 0.000000 0.034554 0.245015 0.613908 0.754200 0.628323 0.679877 0.949877 0.116015 
32
0.000000 0.283585 0.575508 0.004892 0.000000 0.000000 0.000000 0.000000 0.000000 0.354031 0.723492 0.715155 0.976338 0.295169 0.105200 0.000000 0.000000 0.000000 0.000000 0.000000 0.428415 0.713800 0.967877 0.499508 0.190554 0.000000 0.000000 0.000000 0.000000 0.000738 0.575185 0.884938 0.534508 0.579908 0.000000 0.000000 0.000000 0.000000 0.000000 0.081877 0.877692 0.806677 0.166169 0.800615 0.000000 0.246354 0.523615 0.341846 0.004631 0.000000 0.000000 0.000000 0.000000 0.066892 0.419292 0.805415 0.833415 0.552554 0.677323 1.007585 0.105292 
33
0.000000 0.283569 0.575508 0.003415 0.000000 0.000000 0.000000 0.000000 0.000000 0.319908 0.715292 0.623738 0.812308 0.275877 0.094554 0.000000 0.000000 0.000000 0.000000 0.000000 0.388477 0.703431 0.923569 0.541615 0.189077 0.000000 0.000000 0.000000 0.000000 0.000738 0.554785 0.880769 0.537554 0.545354 0.000000 0.000000 0.000000 0.000000 0.000000 0.049538 0.818646 0.754431 0.136631 0.799308 0.000000 0.128200 0.332062 0.340508 0.003154 0.000000 0.000000 0.000000 0.000000 0.039200 0.322631 0.800000 0.803123 0.504138 0.663215 1.010246 0.116354 
34
0.000000 0.283569 0.468123 0.003385 0.000000 0.000000 0.000000 0.000000 0.000000 0.292062 0.684538 0.681338 0.812308 0.275846 0.094538 0.000000 0.000000 0.000000 0.000000 0.000000 0.433985 0.465600 0.960000 0.531615 0.100846 0.000000 0.000000 0.000000 0.000000 0.000738 0.549338 0.834000 0.523308 0.538708 0.000000 0.000000 0.000000 0.000000 0.000000 0.049785 0.773262 0.790554 0.134938 0.802154 0.000000 0.156969 0.261385 0.301231 0.003138 0.000000 0.000000 0.000000 0.000000 0.039262 0.281600 0.758862 0.750585 0.516969 0.666169 0.988600 0.126677 
35
0.000000 0.283569 0.472062 0.003385 0.000000 0.000000 0.000000 0.000000 0.000000 0.247385 0.763646 0.639369 0.812308 0.274185 0.094538 0.000000 0.000000 0.000000 0.000000 0.000000 0.380554 0.549000 0.981815 0.496769 0.100846 0.000000 0.000000 0.000000 0.000000 0.000738 0.508938 0.820031 0.530815 0.542015 0.000000 0.000000 0.000000 0.000000 0.000000 0.045169 0.850154 0.751338 0.151492 0.802154 0.000000 0.156969 0.267862 0.377338 0.003138 0.000000 0.000000 0.000000 0.000000 0.039262 0.240154 0.840862 0.639615 0.514231 0.679877 0.971292 0.105677 
36
0.000000 0.283585 0.575508 0.004892 0.000000 0.000000 0.000000 0.000000 0.000000 0.354031 0.300462 0.660738 0.875908 0.303400 0.101615 0.000000 0.000000 0.000000 0.000000 0.000738 0.584815 0.765631 1.022031 0.471831 0.189077 0.000000 0.000000 0.000000 0.000000 0.000738 0.599692 1.006031 0.709462 0.493292 0.000000 0.000000 0.000000 0.000000 0.000000 0.066892 0.900477 0.649538 0.283354 0.638154 0.070892 0.466908 1.008785 0.465262 0.004631 0.000000 0.000000 0.000000 0.000000 0.066892 0.323554 0.615385 0.877369 0.596477 0.693800 0.997600 0.116354 
37
0.000000 0.283569 0.575508 0.003400 0.000000 0.000000 0.000000 0.000000 0.000000 0.328031 0.209754 0.631738 0.856615 0.284877 0.101615 0.000000 0.000000 0.000000 0.000000 0.000738 0.561092 0.641538 1.018092 0.456077 0.189077 0.000000 0.000000 0.000000 0.000000 0.000738 0.452000 1.112369 0.700323 0.483892 0.000000 0.000000 0.000000 0.000000 0.000000 0.049754 0.823554 0.679662 0.271538 0.725262 0.000000 0.478138 0.996477 0.520431 0.003154 0.000000 0.000000 0.000000 0.000000 0.039200 0.281477 0.613908 0.901785 0.608815 0.674877 0.999846 0.116354 
38
0.000000 0.283569 0.468123 0.003385 0.000000 0.000000 0.000000 0.000000 0.000000 0.292062 0.195523 0.634769 0.806400 0.285662 0.100815 0.000000 0.000000 0.000000 0.000000 0.000738 0.597815 0.620185 0.931446 0.506015 0.189077 0.000000 0.000000 0.000000 0.000000 0.000738 0.546200 1.004585 0.668785 0.483877 0.000000 0.000000 0.000000 0.000000 0.000000 0.039262 0.804354 0.713015 0.253815 0.725246 0.000000 0.467292 1.012892 0.474846 0.003138 0.000000 0.000000 0.000000 0.000000 0.039262 0.188908 0.668769 0.810785 0.640492 0.707862 0.953831 0.105692 
39
0.000000 0.283569 0.472062 0.003385 0.000000 0.000000 0.000000 0.000000 0.000000 0.286462 0.240415 0.636846 0.730954 0.273108 0.100815 0.000000 0.000000 0.000000 0.000000 0.000738 0.564154 0.619477 0.931446 0.471123 0.094569 0.000000 0.000000 0.000000 0.000000 0.000738 0.559077 0.999815 0.657923 0.485723 0.000000 0.000000 0.000000 0.000000 0.000000 0.039262 0.846569 0.706492 0.252123 0.631923 0.000000 0.426231 1.049662 0.464262 0.003138 0.000000 0.000000 0.000000 0.000000 0.039262 0.188908 0.613908 0.880246 0.627862 0.645292 0.974231 0.098292 
40
0.000000 0.283585 0.580538 0.004892 0.000000 0.000000 0.000000 0.000000 0.000738 0.215569 0.423954 0.659015 0.854215 0.289108 0.105200 0.000000 0.000000 0.000000 0.000000 0.000000 0.427292 0.641092 0.840862 0.614077 0.190554 0.000000 0.000000 0.000000 0.000000 0.000738 0.581138 1.003631 0.592508 0.587800 0.000000 0.000000 0.000000 0.000000 0.000000 0.066892 0.878938 0.705477 0.166169 0.800615 0.000000 0.246354 0.531462 0.436138 0.004631 0.000000 0.000000 0.000000 0.000000 0.070769 0.419308 0.713846 0.831969 0.703585 0.724215 0.982569 0.224923 
41
0.000000 0.283569 0.479323 0.003400 0.000000 0.000000 0.000000 0.000000 0.000738 0.274646 0.237077 0.669231 0.885877 0.270015 0.094554 0.000000 0.000000 0.000000 0.000000 0.000000 0.389923 0.570031 0.887138 0.530046 0.189077 0.000000 0.000000 0.000000 0.000000 0.000738 0.571785 1.008646 0.597000 0.578415 0.000000 0.000000 0.000000 0.000000 0.000000 0.049754 0.838262 0.673785 0.136631 0.799308 0.000000 0.128200 0.378477 0.340585 0.003154 0.000000 0.000000 0.000000 0.000000 0.037738 0.319677 0.708431 0.849046 0.699569 0.673769 0.987369 0.130400 
42
0.000000 0.283569 0.468138 0.003385 0.000000 0.000000 0.000000 0.000000 0.000738 0.273415 0.216400 0.602200 0.884215 0.255568 0.094538 0.000000 0.000000 0.000000 0.000000 0.000000 0.459800 0.589262 0.836015 0.511431 0.100846 0.000000 0.000000 0.000000 0.000000 0.000738 0.569662 1.016954 0.586754 0.533723 0.000000 0.000000 0.000000 0.000000 0.000000 0.039262 0.835738 0.542246 0.134938 0.802154 0.000000 0.156969 0.301262 0.301308 0.003138 0.000000 0.000000 0.000000 0.000000 0.037723 0.275662 0.761815 0.682308 0.651662 0.676692 0.976477 0.116708 
43
0.000000 0.283569 0.472062 0.003385 0.000000 0.000000 0.000000 0.000000 0.000738 0.207569 0.307477 0.644646 0.797569 0.259231 0.094538 0.000000 0.000000 0.000000 0.000000 0.000000 0.449754 0.603523 0.887138 0.520154 0.100846 0.000000 0.000000 0.000000 0.000000 0.000738 0.456708 1.093185 0.604415 0.530400 0.000000 0.000000 0.000000 0.000000 0.000000 0.039262 0.814692 0.689631 0.151492 0.802154 0.000000 0.171354 0.253477 0.282892 0.003138 0.000000 0.000000 0.000000 0.000000 0.038446 0.237215 0.749292 0.644492 0.688646 0.616338 0.978385 0.119738 
44
0.000000 0.284508 0.567631 0.011292 0.000000 0.000000 0.000000 0.000000 0.000738 0.392369 0.695477 0.750662 0.824246 0.291923 0.105200 0.000000 0.000000 0.000000 0.000000 0.000738 0.439846 0.780646 0.840862 0.609046 0.000015 0.000000 0.000000 0.000000 0.000000 0.000738 0.578246 0.954000 0.614815 0.578431 0.000000 0.000000 0.000000 0.000000 0.000000 0.066892 0.838015 0.767138 0.180200 0.661662 0.070892 0.326354 0.519523 0.341862 0.004631 0.000000 0.000000 0.000000 0.000000 0.066892 0.393308 0.801108 0.816800 0.628169 0.693800 1.012631 0.108985 
45
0.000000 0.283569 0.473108 0.011277 0.000000 0.000000 0.000000 0.000000 0.000738 0.327292 0.702738 0.638585 0.813046 0.293215 0.094554 0.000000 0.000000 0.000000 0.000000 0.000738 0.376631 0.723138 0.887138 0.495600 0.000015 0.000000 0.000000 0.000000 0.000000 0.000738 0.528815 0.877046 0.602600 0.518600 0.000000 0.000000 0.000000 0.000000 0.000000 0.049754 0.822354 0.594585 0.136615 0.661662 0.000000 0.330892 0.377908 0.340508 0.003154 0.000000 0.000000 0.000000 0.000000 0.039200 0.356600 0.820785 0.804708 0.623292 0.674877 0.986169 0.116354 
46
0.000000 0.283569 0.468123 0.004862 0.000000 0.000000 0.000000 0.000000 0.000738 0.291323 0.679400 0.648846 0.762831 0.294354 0.094538 0.000000 0.000000 0.000000 0.000000 0.000738 0.448738 0.618923 0.836015 0.581662 0.000015 0.000000 0.000000 0.000000 0.000000 0.000738 0.584846 0.870215 0.584631 0.513785 0.000000 0.000000 0.000000 0.000000 0.000000 0.039262 0.845415 0.727938 0.134923 0.752108 0.000000 0.348754 0.371200 0.301231 0.003138 0.000000 0.000000 0.000000 0.000000 0.039262 0.277169 0.820785 0.583708 0.637831 0.707862 0.957062 0.105692 
47
0.000000 0.283569 0.472062 0.003385 0.000000 0.000000 0.000000 0.000000 0.000738 0.306831 0.707123 0.640277 0.761169 0.283600 0.094538 0.000000 0.000000 0.000000 0.000000 0.000738 0.468954 0.587031 0.887138 0.486138 0.000000 0.000000 0.000000 0.000000 0.000000 0.000738 0.573954 0.870292 0.584785 0.517092 0.000000 0.000000 0.000000 0.000000 0.000000 0.039262 0.849338 0.723015 0.131292 0.750846 0.000000 0.348754 0.322215 0.282815 0.003138 0.000000 0.000000 0.000000 0.000000 0.039262 0.274369 0.763569 0.657354 0.660569 0.645292 0.975615 0.105677 
48
0.000000 0.283569 0.559754 0.020646 0.000000 0.000000 0.000000 0.000000 0.000000 0.205754 0.852400 0.626292 0.818954 0.309646 0.105200 0.000000 0.000000 0.000000 0.000000 0.000000 0.440585 0.744215 0.967877 0.504508 0.000015 0.000000 0.000000 0.000000 0.000000 0.000738 0.539738 0.952862 0.737246 0.401508 0.000000 0.000000 0.000000 0.000000 0.000000 0.066892 0.901631 0.706908 0.204985 0.797662 0.070892 0.204231 0.460785 0.341862 0.004631 0.000000 0.000000 0.000000 0.000000 0.066892 0.366769 0.800000 0.864923 0.712708 0.884154 0.972954 0.224831 
49
0.000000 0.283569 0.465231 0.019154 0.000000 0.000000 0.000000 0.000000 0.000000 0.287415 0.685585 0.583400 0.863262 0.293215 0.094554 0.000000 0.000000 0.000000 0.000000 0.000000 0.377369 0.686708 1.012185 0.491400 0.000015 0.000000 0.000000 0.000000 0.000000 0.000738 0.532231 1.020215 0.680877 0.403108 0.000000 0.000000 0.000000 0.000000 0.000000 0.049754 0.845877 0.704723 0.166400 0.703138 0.000000 0.128200 0.364108 0.340508 0.003154 0.000000 0.000000 0.000000 0.000000 0.039200 0.270077 0.820785 0.704862 0.737215 0.854662 1.004015 0.130400 
50
0.000000 0.283569 0.460246 0.011262 0.000000 0.000000 0.000000 0.000000 0.000000 0.278585 0.654631 0.574785 0.779938 0.276631 0.094538 0.000000 0.000000 0.000000 0.000000 0.000000 0.449462 0.618923 0.936446 0.489892 0.000015 0.000000 0.000000 0.000000 0.000000 0.000738 0.510077 0.997831 0.671431 0.401231 0.000000 0.000000 0.000000 0.000000 0.000000 0.039262 0.784708 0.754446 0.153138 0.797123 0.000000 0.128200 0.332077 0.301231 0.003138 0.000000 0.000000 0.000000 0.000000 0.039262 0.311108 0.820785 0.588415 0.695062 0.895985 0.985662 0.116800 
51
0.000000 0.283569 0.464185 0.011262 0.000000 0.000000 0.000000 0.000000 0.000000 0.208308 0.767308 0.586631 0.767077 0.283600 0.094538 0.000000 0.000000 0.000000 0.000000 0.000000 0.466738 0.589985 0.981662 0.490862 0.000000 0.000000 0.000000 0.000000 0.000000 0.000738 0.564262 1.000569 0.675369 0.408231 0.000000 0.000000 0.000000 0.000000 0.000000 0.039262 0.784615 0.755708 0.155662 0.706231 0.000000 0.221154 0.243554 0.282815 0.003138 0.000000 0.000000 0.000000 0.000000 0.039262 0.272031 0.865108 0.574277 0.675185 0.898816 0.955046 0.119738 
52
0.000000 0.283569 0.575508 0.004892 0.000000 0.000000 0.000000 0.000000 0.000738 0.342738 0.291385 0.610538 0.855877 0.271800 0.105200 0.000000 0.000000 0.000000 0.000000 0.000738 0.429508 0.810892 0.840862 0.551215 0.189077 0.000000 0.000000 0.000000 0.000000 0.000738 0.568646 0.931046 0.547877 0.495815 0.000000 0.000000 0.000000 0.000000 0.000000 0.077231 0.896123 0.705815 0.306123 0.638154 0.070892 0.292954 0.319015 0.436138 0.004631 0.000000 0.000000 0.000000 0.000000 0.066892 0.393308 0.896738 0.549923 0.623262 0.709246 0.961508 0.130415 
53
0.000000 0.283569 0.480985 0.003400 0.000000 0.000000 0.000000 0.000000 0.000738 0.302923 0.226000 0.597277 0.875908 0.261892 0.094554 0.000000 0.000000 0.000000 0.000000 0.000738 0.383277 0.714692 0.887138 0.531077 0.189077 0.000000 0.000000 0.000000 0.000000 0.000738 0.458631 1.015831 0.509185 0.494292 0.000000 0.000000 0.000000 0.000000 0.000000 0.058615 0.827338 0.733954 0.285385 0.725262 0.000000 0.238969 0.159508 0.340585 0.003154 0.000000 0.000000 0.000000 0.000000 0.039200 0.356600 0.820785 0.604431 0.635969 0.663246 0.983062 0.130400 
54
0.000000 0.283569 0.468123 0.003385 0.000000 0.000000 0.000000 0.000000 0.000738 0.291323 0.195523 0.580615 0.789262 0.262677 0.094538 0.000000 0.000000 0.000000 0.000000 0.000738 0.448754 0.617123 0.836015 0.555923 0.189077 0.000000 0.000000 0.000000 0.000000 0.000738 0.563477 0.889477 0.515062 0.452923 0.000000 0.000000 0.000000 0.000000 0.000000 0.048123 0.773262 0.681385 0.272585 0.725246 0.000000 0.199092 0.039877 0.301308 0.003138 0.000000 0.000000 0.000000 0.000000 0.039262 0.277169 0.820785 0.585862 0.574723 0.654108 0.970492 0.121277 
55
0.000000 0.283569 0.472062 0.003385 0.000000 0.000000 0.000000 0.000000 0.000738 0.246646 0.267985 0.549292 0.783046 0.263231 0.094538 0.000000 0.000000 0.000000 0.000000 0.000738 0.439292 0.556292 0.887138 0.526800 0.094569 0.000000 0.000000 0.000000 0.000000 0.000738 0.565862 0.903738 0.513492 0.449600 0.000000 0.000000 0.000000 0.000000 0.000000 0.048123 0.786154 0.720923 0.266431 0.631923 0.000000 0.164785 0.000000 0.282908 0.003138 0.000000 0.000000 0.000000 0.000000 0.039262 0.274369 0.869908 0.474523 0.601308 0.609708 0.957062 0.142631 
56
0.000000 0.283569 0.556815 0.004877 0.000000 0.000000 0.000000 0.000000 0.000738 0.205062 0.442908 0.659015 0.818954 0.291923 0.105200 0.000000 0.000000 0.000000 0.000000 0.000738 0.419169 0.607385 0.940615 0.538477 0.189077 0.000000 0.000000 0.000000 0.000000 0.000738 0.569631 0.996108 0.678108 0.402985 0.000000 0.000000 0.000000 0.000000 0.000000 0.077369 0.877523 0.710031 0.397877 0.756308 0.000000 0.629969 1.016954 0.516031 0.004631 0.000000 0.000000 0.000000 0.000000 0.066892 0.366769 0.709908 0.854400 0.963646 0.777154 0.987323 0.123000 
57
0.000000 0.283569 0.541062 0.003400 0.000000 0.000000 0.000000 0.000000 0.000738 0.230708 0.330292 0.617954 0.863262 0.275492 0.094554 0.000000 0.000000 0.000000 0.000000 0.000738 0.405415 0.566569 0.979385 0.478600 0.189077 0.000000 0.000000 0.000000 0.000000 0.000738 0.563246 0.981646 0.661215 0.403092 0.000000 0.000000 0.000000 0.000000 0.000000 0.058615 0.836062 0.749400 0.389169 0.713615 0.000000 0.624677 0.992369 0.556338 0.003154 0.000000 0.000000 0.000000 0.000000 0.039200 0.381938 0.729215 0.780723 0.964062 0.770785 0.978354 0.120046 
58
0.000000 0.283569 0.494708 0.003385 0.000000 0.000000 0.000000 0.000000 0.000738 0.209277 0.330200 0.639538 0.863262 0.276631 0.094538 0.000000 0.000000 0.000000 0.000000 0.000738 0.382138 0.634154 0.940615 0.518262 0.102323 0.000000 0.000000 0.000000 0.000000 0.000738 0.456662 1.088015 0.649000 0.399754 0.000000 0.000000 0.000000 0.000000 0.000000 0.049600 0.791415 0.685692 0.385138 0.621385 0.000000 0.624677 1.007446 0.580877 0.003138 0.000000 0.000000 0.000000 0.000000 0.039262 0.386308 0.729215 0.708892 0.953077 0.787308 0.951308 0.123415 
59
0.000000 0.283569 0.494708 0.003369 0.000000 0.000000 0.000000 0.000000 0.000738 0.218123 0.326738 0.643738 0.778277 0.283600 0.094538 0.000000 0.000000 0.000000 0.000000 0.000738 0.456415 0.544708 0.998862 0.440154 0.100846 0.000000 0.000000 0.000000 0.000000 0.000738 0.573092 0.964769 0.651369 0.404923 0.000000 0.000000 0.000000 0.000000 0.000000 0.049600 0.744062 0.667292 0.384215 0.624246 0.000000 0.599446 1.013415 0.505323 0.003138 0.000000 0.000000 0.000000 0.000000 0.039262 0.271492 0.766523 0.681185 0.934015 0.773523 0.973185 0.098308 
60
0.000000 0.189046 0.646400 0.028508 0.000000 0.000000 0.000000 0.000000 0.000000 0.332969 0.680585 0.787169 0.854215 0.281154 0.000000 0.000000 0.000000 0.000000 0.000000 0.000738 0.307615 0.672323 0.935385 0.537908 0.000015 0.000000 0.000000 0.000000 0.000000 0.000738 0.582246 0.931015 0.495831 0.495800 0.000000 0.000000 0.000000 0.000000 0.000000 0.075754 0.865108 0.625262 0.302738 0.709046 0.070892 0.411769 1.034508 0.549508 0.004631 0.000000 0.000000 0.000000 0.000000 0.066892 0.374154 0.893785 0.655415 0.562846 0.723262 0.960031 0.126708 
61
0.000000 0.189046 0.646400 0.027031 0.000000 0.000000 0.000000 0.000000 0.000000 0.322431 0.716015 0.690138 0.862523 0.239646 0.000000 0.000000 0.000000 0.000000 0.000000 0.000738 0.345431 0.640523 0.981662 0.441000 0.000015 0.000000 0.000000 0.000000 0.000000 0.000738 0.524169 0.921169 0.485677 0.436323 0.000000 0.000000 0.000000 0.000000 0.000000 0.058615 0.854785 0.608877 0.290923 0.707677 0.000000 0.423000 1.022154 0.606246 0.003154 0.000000 0.000000 0.000000 0.000000 0.039200 0.387846 0.913462 0.639923 0.570585 0.680969 0.984354 0.130308 
62
0.000000 0.189046 0.546892 0.019138 0.000000 0.000000 0.000000 0.000000 0.000000 0.238538 0.762831 0.694692 0.903508 0.240431 0.000000 0.000000 0.000000 0.000000 0.000000 0.000738 0.309985 0.556400 0.980754 0.453338 0.000000 0.000000 0.000000 0.000000 0.000000 0.000738 0.513169 0.868523 0.486600 0.432985 0.000000 0.000000 0.000000 0.000000 0.000000 0.049600 0.801123 0.588031 0.286923 0.615415 0.000000 0.422985 1.027308 0.606538 0.003138 0.000000 0.000000 0.000000 0.000000 0.039262 0.392215 0.912354 0.490185 0.595662 0.671831 0.987600 0.112354 
63
0.000000 0.189046 0.546892 0.019123 0.000000 0.000000 0.000000 0.000000 0.000000 0.257938 0.730692 0.694692 0.808985 0.229538 0.000000 0.000000 0.000000 0.000000 0.000000 0.000738 0.374969 0.568692 0.931446 0.509015 0.000000 0.000000 0.000000 0.000000 0.000000 0.000738 0.554354 0.882169 0.474108 0.436292 0.000000 0.000000 0.000000 0.000000 0.000000 0.048123 0.790031 0.569677 0.292462 0.614600 0.000000 0.415385 1.031708 0.571246 0.003138 0.000000 0.000000 0.000000 0.000000 0.039262 0.277400 0.870277 0.477723 0.580862 0.628908 0.976662 0.116785 
64
0.000000 0.189046 0.643446 0.004892 0.000000 0.000000 0.000000 0.000000 0.000738 0.371308 0.285877 0.636846 0.879846 0.307400 0.101615 0.000000 0.000000 0.000000 0.000000 0.000738 0.602877 0.610385 0.923569 0.564662 0.190554 0.000000 0.000000 0.000000 0.000000 0.000738 0.588538 0.910123 0.534508 0.579892 0.000000 0.000000 0.000000 0.000000 0.000000 0.066892 0.860046 0.700923 0.299969 0.607877 0.070892 0.285738 0.487092 0.341831 0.004631 0.000000 0.000000 0.000000 0.000000 0.066892 0.363800 0.709908 0.850446 0.585308 0.686169 0.998662 0.116369 
65
0.000000 0.189046 0.643446 0.003415 0.000000 0.000000 0.000000 0.000000 0.000738 0.346062 0.241738 0.646585 0.762092 0.293662 0.101615 0.000000 0.000000 0.000000 0.000000 0.000738 0.551354 0.591062 0.967877 0.458523 0.189077 0.000000 0.000000 0.000000 0.000000 0.000738 0.576031 0.861846 0.537554 0.517108 0.000000 0.000000 0.000000 0.000000 0.000000 0.049754 0.849200 0.683815 0.291538 0.701046 0.000000 0.276262 0.287708 0.340538 0.003154 0.000000 0.000000 0.000000 0.000000 0.039200 0.381938 0.729215 0.782708 0.625308 0.680969 1.008400 0.112662 
66
0.000000 0.189046 0.589231 0.003385 0.000000 0.000000 0.000000 0.000000 0.000738 0.297985 0.230154 0.630831 0.711877 0.284708 0.100815 0.000000 0.000000 0.000000 0.000000 0.000738 0.518877 0.596538 0.960000 0.506015 0.100846 0.000000 0.000000 0.000000 0.000000 0.000738 0.516723 0.808369 0.523308 0.513785 0.000000 0.000000 0.000000 0.000000 0.000000 0.039262 0.830877 0.692492 0.266431 0.698908 0.000000 0.353400 0.105000 0.301231 0.003138 0.000000 0.000000 0.000000 0.000000 0.039262 0.386308 0.729215 0.750754 0.605415 0.671831 0.990800 0.112338 
67
0.000000 0.189046 0.589231 0.003369 0.000000 0.000000 0.000000 0.000000 0.000738 0.299415 0.248415 0.660308 0.711877 0.283062 0.100815 0.000000 0.000000 0.000000 0.000000 0.000738 0.511585 0.609323 0.996662 0.447431 0.100846 0.000000 0.000000 0.000000 0.000000 0.000738 0.548446 0.826969 0.530815 0.517092 0.000000 0.000000 0.000000 0.000000 0.000000 0.039262 0.811554 0.679877 0.269200 0.607892 0.000000 0.320523 0.055138 0.282815 0.003138 0.000000 0.000000 0.000000 0.000000 0.039262 0.271492 0.766523 0.640123 0.597000 0.662292 0.972338 0.101985 
68
0.000000 0.189046 0.671692 0.004892 0.000000 0.000000 0.000000 0.000000 0.000000 0.380169 0.668831 0.857200 0.828923 0.295508 0.105200 0.000000 0.000000 0.000000 0.000000 0.000000 0.443015 0.781554 0.967877 0.516046 0.000015 0.000000 0.000000 0.000000 0.000000 0.000738 0.563385 0.944123 0.598662 0.587800 0.000000 0.000000 0.000000 0.000000 0.000000 0.080323 0.795969 0.697908 0.291169 0.824800 0.000000 0.606123 0.953323 0.432569 0.004631 0.000000 0.000000 0.000000 0.000000 0.066892 0.416354 0.810954 0.802092 0.688354 0.871800 0.950662 0.221215 
69
0.000000 0.189046 0.670031 0.003415 0.000000 0.000000 0.000000 0.000000 0.000000 0.338677 0.680877 0.770692 0.856615 0.293123 0.094554 0.000000 0.000000 0.000000 0.000000 0.000000 0.377369 0.692538 0.923569 0.600892 0.000015 0.000000 0.000000 0.000000 0.000000 0.000738 0.508385 0.892246 0.618754 0.578415 0.000000 0.000000 0.000000 0.000000 0.000000 0.052708 0.772800 0.691615 0.290923 0.822092 0.000000 0.570123 0.926492 0.332938 0.003154 0.000000 0.000000 0.000000 0.000000 0.039200 0.437446 0.801477 0.780277 0.664862 0.896431 0.981585 0.126692 
70
0.000000 0.189046 0.562646 0.003385 0.000000 0.000000 0.000000 0.000000 0.000000 0.298723 0.710831 0.748385 0.856615 0.276538 0.094538 0.000000 0.000000 0.000000 0.000000 0.000000 0.449415 0.639600 0.923569 0.621231 0.000000 0.000000 0.000000 0.000000 0.000000 0.000738 0.492892 0.889754 0.583062 0.533723 0.000000 0.000000 0.000000 0.000000 0.000000 0.045169 0.860538 0.690446 0.293077 0.751908 0.000000 0.546831 0.954369 0.305031 0.003138 0.000000 0.000000 0.000000 0.000000 0.039262 0.355292 0.755908 0.714015 0.635323 0.903385 0.972215 0.109400 
71
0.000000 0.189046 0.562646 0.003369 0.000000 0.000000 0.000000 0.000000 0.000000 0.300154 0.730692 0.741154 0.781600 0.283508 0.094538 0.000000 0.000000 0.000000 0.000000 0.000000 0.471169 0.600400 0.981815 0.508492 0.000000 0.000000 0.000000 0.000000 0.000000 0.000738 0.558200 0.882969 0.586354 0.530400 0.000000 0.000000 0.000000 0.000000 0.000000 0.045262 0.801369 0.695062 0.298615 0.821892 0.000000 0.548092 0.954354 0.290400 0.003138 0.000000 0.000000 0.000000 0.000000 0.039262 0.281831 0.755200 0.619262 0.609292 0.864123 0.997800 0.109369 
72
0.000000 0.189046 0.630646 0.044262 0.000000 0.000000 0.000000 0.000000 0.000000 0.323892 0.308708 0.610108 0.823938 0.291815 0.112262 0.000000 0.000000 0.000000 0.000000 0.000738 0.447446 0.783600 0.840862 0.628877 0.000015 0.000000 0.000000 0.000000 0.000000 0.000738 0.604785 0.940892 0.701092 0.429538 0.000000 0.000000 0.000000 0.000000 0.000000 0.075754 0.822046 0.700092 0.306123 0.638154 0.070892 0.343385 0.319015 0.338031 0.004631 0.000000 0.000000 0.000000 0.000000 0.066892 0.365277 0.809846 0.711400 0.709754 0.723985 0.978138 0.224985 
73
0.000000 0.189046 0.630646 0.042785 0.000000 0.000000 0.000000 0.000000 0.000000 0.286031 0.257985 0.597277 0.856615 0.275400 0.101615 0.000000 0.000000 0.000000 0.000000 0.000738 0.403169 0.713523 0.887138 0.510046 0.000015 0.000000 0.000000 0.000000 0.000000 0.000738 0.508138 0.911046 0.658077 0.426369 0.000000 0.000000 0.000000 0.000000 0.000000 0.058615 0.739954 0.605062 0.288154 0.725262 0.000000 0.319338 0.159508 0.336708 0.003154 0.000000 0.000000 0.000000 0.000000 0.039200 0.381938 0.804062 0.703077 0.707754 0.680969 0.982738 0.130308 
74
0.000000 0.189046 0.523262 0.042769 0.000000 0.000000 0.000000 0.000000 0.000000 0.262723 0.221077 0.580615 0.778277 0.276538 0.100815 0.000000 0.000000 0.000000 0.000000 0.000738 0.451077 0.615954 0.836015 0.622954 0.000000 0.000000 0.000000 0.000000 0.000000 0.000738 0.472354 0.862646 0.656354 0.426354 0.000000 0.000000 0.000000 0.000000 0.000000 0.049600 0.820569 0.705262 0.263662 0.725246 0.000000 0.347569 0.039877 0.297431 0.003138 0.000000 0.000000 0.000000 0.000000 0.039262 0.386308 0.757385 0.657369 0.638277 0.671831 0.984538 0.102077 
75
0.000000 0.189046 0.523262 0.042754 0.000000 0.000000 0.000000 0.000000 0.000000 0.259415 0.280077 0.549292 0.778277 0.283508 0.100815 0.000000 0.000000 0.000000 0.000000 0.000738 0.470292 0.560477 0.887138 0.512800 0.000000 0.000000 0.000000 0.000000 0.000000 0.000738 0.570846 0.833677 0.652938 0.426338 0.000000 0.000000 0.000000 0.000000 0.000000 0.048123 0.736246 0.735385 0.269815 0.631923 0.000000 0.320754 0.000000 0.294246 0.003138 0.000000 0.000000 0.000000 0.000000 0.039262 0.270015 0.756677 0.597415 0.664954 0.628908 0.992292 0.116692 
76
0.000000 0.189046 0.670046 0.008876 0.000000 0.000000 0.000000 0.000000 0.000738 0.206538 0.443862 0.682954 0.831600 0.319462 0.010646 0.000000 0.000000 0.000000 0.000000 0.000000 0.859877 0.776015 0.967877 0.562723 0.189077 0.000000 0.000000 0.000000 0.000000 0.000738 0.533031 0.868631 0.688862 0.513231 0.000000 0.000000 0.000000 0.000000 0.000000 0.066892 0.883831 0.657200 0.297200 0.630831 0.070892 0.285738 0.447215 0.341862 0.004631 0.000000 0.000000 0.000000 0.000000 0.066892 0.366769 0.715323 0.814923 0.647908 0.725477 0.966308 0.127431 
77
0.000000 0.189046 0.670046 0.003400 0.000000 0.000000 0.000000 0.000000 0.000738 0.253538 0.281615 0.633708 0.856615 0.311585 0.000000 0.000000 0.000000 0.000000 0.000000 0.000000 0.785708 0.673815 0.923569 0.546831 0.189077 0.000000 0.000000 0.000000 0.000000 0.000738 0.566831 0.865846 0.671954 0.507154 0.000000 0.000000 0.000000 0.000000 0.000000 0.049754 0.773677 0.692462 0.288154 0.721692 0.000000 0.276262 0.287708 0.340508 0.003154 0.000000 0.000000 0.000000 0.000000 0.039200 0.381938 0.708431 0.807815 0.619508 0.680969 0.982862 0.123000 
78
0.000000 0.189046 0.562646 0.003385 0.000000 0.000000 0.000000 0.000000 0.000738 0.205185 0.278662 0.617046 0.856615 0.301631 0.000000 0.000000 0.000000 0.000000 0.000000 0.000000 0.785015 0.601969 0.923569 0.552415 0.102323 0.000000 0.000000 0.000000 0.000000 0.000738 0.530554 0.804585 0.659738 0.502154 0.000000 0.000000 0.000000 0.000000 0.000000 0.039262 0.806908 0.611154 0.263662 0.721677 0.000000 0.323508 0.134892 0.301231 0.003138 0.000000 0.000000 0.000000 0.000000 0.039262 0.386308 0.662862 0.726354 0.660630 0.671831 0.975738 0.112338 
79
0.000000 0.189046 0.562646 0.003369 0.000000 0.000000 0.000000 0.000000 0.000738 0.219600 0.316185 0.622154 0.773292 0.299138 0.000000 0.000000 0.000000 0.000000 0.000000 0.000000 0.803554 0.616292 0.981815 0.563662 0.100846 0.000000 0.000000 0.000000 0.000000 0.000738 0.560754 0.782523 0.665246 0.507323 0.000000 0.000000 0.000000 0.000000 0.000000 0.039262 0.770108 0.679138 0.272585 0.632354 0.000000 0.320523 0.055138 0.282800 0.003138 0.000000 0.000000 0.000000 0.000000 0.039262 0.271492 0.662154 0.701415 0.659923 0.628908 0.992415 0.113062 
80
0.000000 0.189046 0.670046 0.004892 0.000000 0.000000 0.000000 0.000000 0.000000 0.371092 0.309154 0.610108 0.820615 0.299292 0.010646 0.000000 0.000000 0.000000 0.000000 0.000738 0.303615 0.772508 0.935385 0.563215 0.000015 0.000000 0.000000 0.000000 0.000000 0.000738 0.551785 0.935357 0.681800 0.429554 0.000000 0.000000 0.000000 0.000000 0.000000 0.075754 0.789462 0.779554 0.167246 0.800615 0.000000 0.291446 0.681985 0.341862 0.004631 0.000000 0.000000 0.000000 0.000000 0.066892 0.369708 0.806523 0.666600 0.636615 0.720754 0.996831 0.116354 
81
0.000000 0.189046 0.670046 0.003400 0.000000 0.000000 0.000000 0.000000 0.000000 0.310400 0.244708 0.597277 0.856615 0.275492 0.000000 0.000000 0.000000 0.000000 0.000000 0.000738 0.299062 0.621477 0.975754 0.523092 0.000015 0.000000 0.000000 0.000000 0.000000 0.000738 0.515754 0.890308 0.659646 0.423046 0.000000 0.000000 0.000000 0.000000 0.000000 0.058615 0.822415 0.754015 0.137708 0.799308 0.000000 0.220554 0.593446 0.340508 0.003154 0.000000 0.000000 0.000000 0.000000 0.039200 0.384892 0.800000 0.647108 0.617154 0.744662 0.977031 0.116354 
82
0.000000 0.189046 0.562646 0.003385 0.000000 0.000000 0.000000 0.000000 0.000000 0.265862 0.220908 0.580615 0.781600 0.276631 0.000000 0.000000 0.000000 0.000000 0.000000 0.000738 0.365215 0.605508 0.936446 0.546631 0.000000 0.000000 0.000000 0.000000 0.000000 0.000738 0.564769 0.862646 0.657923 0.423031 0.000000 0.000000 0.000000 0.000000 0.000000 0.049600 0.794415 0.770123 0.134938 0.802154 0.000000 0.220554 0.644077 0.301231 0.003138 0.000000 0.000000 0.000000 0.000000 0.039262 0.389262 0.754431 0.675938 0.626954 0.737231 0.949892 0.102015 
83
0.000000 0.189046 0.562646 0.003369 0.000000 0.000000 0.000000 0.000000 0.000000 0.291077 0.248415 0.549292 0.778277 0.283600 0.000000 0.000000 0.000000 0.000000 0.000000 0.000738 0.321831 0.560508 0.981662 0.444708 0.000000 0.000000 0.000000 0.000000 0.000000 0.000738 0.521831 0.822169 0.669092 0.423015 0.000000 0.000000 0.000000 0.000000 0.000000 0.049600 0.864877 0.783419 0.150662 0.802154 0.000000 0.220554 0.553738 0.282800 0.003138 0.000000 0.000000 0.000000 0.000000 0.039262 0.272969 0.753723 0.625800 0.602538 0.708154 0.957538 0.098292 
84
0.000000 0.189046 0.643462 0.004892 0.000000 0.000000 0.000000 0.000000 0.000000 0.387338 0.309154 0.559892 0.870831 0.313323 0.010646 0.000000 0.000000 0.000000 0.000000 0.000000 0.296215 0.651923 0.840862 0.574354 0.189077 0.000000 0.000000 0.000000 0.000000 0.000738 0.496292 1.066277 0.579892 0.587785 0.000000 0.000000 0.000000 0.000000 0.000000 0.066892 0.857908 0.664954 0.344585 0.703138 0.070892 0.281785 0.423108 0.433031 0.004631 0.000000 0.000000 0.000000 0.000000 0.066892 0.368246 0.709908 0.915754 0.619846 0.692477 1.015723 0.108985 
85
0.000000 0.189046 0.643462 0.003400 0.000000 0.000000 0.000000 0.000000 0.000000 0.294154 0.244708 0.547062 0.906831 0.279185 0.000000 0.000000 0.000000 0.000000 0.000000 0.000000 0.322708 0.649292 0.887138 0.559569 0.189077 0.000000 0.000000 0.000000 0.000000 0.000738 0.575585 0.924154 0.563554 0.578415 0.000000 0.000000 0.000000 0.000000 0.000000 0.049754 0.828262 0.660215 0.297108 0.608615 0.000000 0.128200 0.364108 0.336800 0.003154 0.000000 0.000000 0.000000 0.000000 0.039200 0.381938 0.708431 0.890985 0.656708 0.668723 1.008723 0.120046 
86
0.000000 0.189046 0.589231 0.003385 0.000000 0.000000 0.000000 0.000000 0.000000 0.265862 0.220908 0.530400 0.823938 0.276631 0.000000 0.000000 0.000000 0.000000 0.000000 0.000000 0.288292 0.475431 0.836015 0.574815 0.189077 0.000000 0.000000 0.000000 0.000000 0.000738 0.534600 0.921415 0.554477 0.533723 0.000000 0.000000 0.000000 0.000000 0.000000 0.039262 0.815938 0.592800 0.275369 0.702600 0.000000 0.128200 0.332077 0.297508 0.003138 0.000000 0.000000 0.000000 0.000000 0.039262 0.386308 0.763292 0.749477 0.602446 0.677077 1.000815 0.119723 
87
0.000000 0.189046 0.589231 0.003369 0.000000 0.000000 0.000000 0.000000 0.000000 0.301631 0.237862 0.499077 0.820615 0.283600 0.000000 0.000000 0.000000 0.000000 0.000000 0.000000 0.349277 0.516031 0.887138 0.557277 0.094569 0.000000 0.000000 0.000000 0.000000 0.000738 0.536062 0.938154 0.540415 0.530400 0.000000 0.000000 0.000000 0.000000 0.000000 0.039262 0.757000 0.652923 0.274754 0.611708 0.000000 0.235538 0.189292 0.290492 0.003138 0.000000 0.000000 0.000000 0.000000 0.039262 0.270015 0.749292 0.697369 0.602538 0.677015 0.963908 0.119708 
88
0.000000 0.189046 0.643446 0.004892 0.000000 0.000000 0.000000 0.000000 0.000738 0.206538 0.405692 0.760738 0.794769 0.307677 0.000000 0.000000 0.000000 0.000000 0.000000 0.000738 0.291046 0.670662 0.985600 0.468138 0.189077 0.000000 0.000000 0.000000 0.000000 0.000738 0.600154 0.859708 0.635031 0.516953 0.000000 0.000000 0.000000 0.000000 0.000000 0.075754 0.869108 0.636369 0.297200 0.638154 0.070892 0.275123 1.121262 0.342262 0.004631 0.000000 0.000000 0.000000 0.000000 0.066892 0.368246 0.615385 0.934385 0.641846 0.673523 1.022431 0.108985 
89
0.000000 0.189046 0.643446 0.003415 0.000000 0.000000 0.000000 0.000000 0.000738 0.277169 0.257985 0.747923 0.783785 0.266908 0.000000 0.000000 0.000000 0.000000 0.000000 0.000738 0.290200 0.612292 0.931446 0.545677 0.189770 0.000000 0.000000 0.000000 0.000000 0.000738 0.486200 0.859692 0.603708 0.501938 0.000000 0.000000 0.000000 0.000000 0.000000 0.060092 0.801862 0.653600 0.279231 0.725262 0.000000 0.246738 1.117138 0.340292 0.003154 0.000000 0.000000 0.000000 0.000000 0.039200 0.381938 0.613908 0.954585 0.615431 0.657815 0.973523 0.120046 
90
0.000000 0.189046 0.589231 0.003385 0.000000 0.000000 0.000000 0.000000 0.000738 0.205185 0.277877 0.684985 0.791662 0.259000 0.000000 0.000000 0.000000 0.000000 0.000000 0.000738 0.293462 0.555000 0.930538 0.537662 0.100846 0.000000 0.000000 0.000000 0.000000 0.000738 0.464769 0.798431 0.609585 0.505262 0.000000 0.000000 0.000000 0.000000 0.000000 0.049600 0.767954 0.692754 0.263662 0.725246 0.000000 0.365938 0.917677 0.297354 0.003138 0.000000 0.000000 0.000000 0.000000 0.039262 0.386308 0.668769 0.860554 0.629077 0.623646 0.982631 0.119723 
91
0.000000 0.189046 0.589231 0.003369 0.000000 0.000000 0.000000 0.000000 0.000738 0.219600 0.319154 0.649723 0.708338 0.266646 0.000000 0.000000 0.000000 0.000000 0.000000 0.000738 0.278262 0.644846 0.937354 0.537154 0.102323 0.000000 0.000000 0.000000 0.000000 0.000738 0.528523 0.776369 0.615615 0.507969 0.000000 0.000000 0.000000 0.000000 0.000000 0.049600 0.807892 0.613969 0.269815 0.631923 0.000000 0.291969 1.121785 0.282738 0.003138 0.000000 0.000000 0.000000 0.000000 0.039262 0.270015 0.613908 0.938092 0.597954 0.657154 1.000046 0.094600 
92
0.000000 0.189046 0.646400 0.028508 0.000000 0.000000 0.000000 0.000000 0.000738 0.206538 0.959185 0.777662 0.833569 0.295108 0.010646 0.000000 0.000000 0.000000 0.000000 0.000000 0.256969 0.772508 0.967877 0.541600 0.190554 0.000000 0.000000 0.000000 0.000000 0.000738 0.618338 0.926015 0.536815 0.580523 0.000000 0.000000 0.000000 0.000000 0.000000 0.066892 0.894477 0.641277 0.208831 0.725354 0.070892 0.296585 0.612631 0.341862 0.004631 0.000000 0.000000 0.000000 0.000000 0.066892 0.371200 0.801108 0.795415 0.687815 0.865862 0.970492 0.218185 
93
0.000000 0.189046 0.646400 0.027031 0.000000 0.000000 0.000000 0.000000 0.000738 0.260708 0.811646 0.715338 0.806400 0.279138 0.000000 0.000000 0.000000 0.000000 0.000000 0.000000 0.284308 0.645846 1.012185 0.506415 0.189077 0.000000 0.000000 0.000000 0.000000 0.000738 0.425415 1.027938 0.512877 0.540154 0.000000 0.000000 0.000000 0.000000 0.000000 0.049754 0.792323 0.686923 0.190246 0.816215 0.000000 0.330831 0.544738 0.340508 0.003154 0.000000 0.000000 0.000000 0.000000 0.039200 0.384892 0.800000 0.727231 0.692354 0.880908 1.003446 0.126769 
94
0.000000 0.189046 0.554769 0.011262 0.000000 0.000000 0.000000 0.000000 0.000738 0.215738 0.826846 0.749477 0.767385 0.293138 0.000000 0.000000 0.000000 0.000000 0.000000 0.000000 0.342323 0.611815 0.936446 0.520538 0.100846 0.000000 0.000000 0.000000 0.000000 0.000738 0.506108 0.898123 0.515062 0.541815 0.000000 0.000000 0.000000 0.000000 0.000000 0.039262 0.811015 0.616062 0.175292 0.816200 0.000000 0.332200 0.499615 0.297431 0.003138 0.000000 0.000000 0.000000 0.000000 0.039262 0.389262 0.855969 0.601708 0.676462 0.863277 0.999215 0.113015 
95
0.000000 0.189046 0.554769 0.011262 0.000000 0.000000 0.000000 0.000000 0.000738 0.219600 0.845231 0.694523 0.756185 0.285262 0.000000 0.000000 0.000000 0.000000 0.000000 0.000000 0.338077 0.613415 0.981662 0.509077 0.100846 0.000000 0.000000 0.000000 0.000000 0.000738 0.553231 0.902954 0.517154 0.538477 0.000000 0.000000 0.000000 0.000000 0.000000 0.039262 0.771892 0.681908 0.180215 0.726877 0.000000 0.304462 0.531831 0.282800 0.003138 0.000000 0.000000 0.000000 0.000000 0.039262 0.274446 0.840862 0.586754 0.648985 0.902015 0.956215 0.116092 
96
0.000000 0.189046 0.643462 0.000262 0.000000 0.000000 0.000000 0.000000 0.000000 0.716662 0.336262 0.538308 0.907754 0.266908 0.010646 0.000000 0.000000 0.000000 0.000000 0.000000 0.300646 0.707831 0.973785 0.550354 0.004646 0.000000 0.000000 0.000000 0.000000 0.000738 0.509000 1.085569 0.678123 0.398338 0.000000 0.000000 0.000000 0.000000 0.000000 0.519169 0.860338 0.740154 0.166138 0.800615 0.000000 0.300246 0.592508 0.341615 0.000000 0.000000 0.000000 0.000000 0.000000 0.333785 0.556523 0.801108 0.891692 0.625092 0.675000 1.007585 0.105292 
97
0.000000 0.189046 0.643462 0.000246 0.000000 0.000000 0.000000 0.000000 0.000000 0.694215 0.375538 0.531308 0.932769 0.255338 0.000000 0.000000 0.000000 0.000000 0.000000 0.000000 0.288738 0.650400 1.018092 0.480123 0.003169 0.000000 0.000000 0.000000 0.000000 0.000738 0.546262 0.924154 0.677369 0.396631 0.000000 0.000000 0.000000 0.000000 0.000000 0.519169 0.838708 0.690369 0.165892 0.799308 0.000000 0.220554 0.459523 0.208169 0.000000 0.000000 0.000000 0.000000 0.000000 0.333785 0.588815 0.800000 0.826169 0.641077 0.657815 0.988369 0.116354 
98
0.000000 0.189046 0.589231 0.000246 0.000000 0.000000 0.000000 0.000000 0.000000 0.671877 0.355123 0.530400 0.838246 0.256123 0.000000 0.000000 0.000000 0.000000 0.000000 0.000000 0.356354 0.553938 0.930538 0.557831 0.003138 0.000000 0.000000 0.000000 0.000000 0.000738 0.495708 0.921415 0.647431 0.396615 0.000000 0.000000 0.000000 0.000000 0.000000 0.519169 0.883923 0.638862 0.156477 0.802154 0.000000 0.237169 0.474985 0.297354 0.000000 0.000000 0.000000 0.000000 0.000000 0.333785 0.593185 0.760338 0.752492 0.627154 0.623646 0.982631 0.116031 
99
0.000000 0.189046 0.589231 0.000231 0.000000 0.000000 0.000000 0.000000 0.000000 0.703538 0.317508 0.536415 0.836585 0.263692 0.000000 0.000000 0.000000 0.000000 0.000000 0.000000 0.346323 0.592262 0.975754 0.489262 0.003138 0.000000 0.000000 0.000000 0.000000 0.000738 0.530215 0.918862 0.656600 0.398462 0.000000 0.000000 0.000000 0.000000 0.000000 0.519169 0.805462 0.696462 0.169892 0.802154 0.000000 0.220554 0.473708 0.377277 0.000000 0.000000 0.000000 0.000000 0.000000 0.333785 0.520862 0.840862 0.637354 0.596231 0.657154 0.984292 0.105677 
100
0.000000 0.189046 0.643462 0.000262 0.000000 0.000000 0.000000 0.000000 0.000738 0.299800 0.659215 0.827938 0.856615 0.301062 0.010646 0.000000 0.000000 0.000000 0.000000 0.000738 0.475062 0.774462 0.877292 0.587169 0.189077 0.000000 0.000000 0.000000 0.000000 0.000738 0.590615 0.926015 0.530138 0.508585 0.000000 0.000000 0.000000 0.000000 0.000000 0.044892 0.816908 0.651046 0.184477 0.800615 0.000000 0.283569 0.756938 0.340200 0.000000 0.000000 0.000000 0.000000 0.000000 0.034554 0.365338 0.709908 0.772662 0.577738 0.701800 0.997462 0.112662 
101
0.000000 0.189046 0.643462 0.000246 0.000000 0.000000 0.000000 0.000000 0.000738 0.288092 0.734554 0.740354 0.781600 0.293938 0.000000 0.000000 0.000000 0.000000 0.000000 0.000738 0.450200 0.703646 0.886231 0.574646 0.189077 0.000000 0.000000 0.000000 0.000000 0.000738 0.413185 1.027938 0.520754 0.500677 0.000000 0.000000 0.000000 0.000000 0.000000 0.055446 0.826123 0.568277 0.157708 0.799308 0.000000 0.234938 0.587846 0.302292 0.000000 0.000000 0.000000 0.000000 0.000000 0.034554 0.381985 0.708431 0.721846 0.575769 0.676277 0.993477 0.120046 
102
0.000000 0.189046 0.589231 0.000246 0.000000 0.000000 0.000000 0.000000 0.000738 0.310400 0.692908 0.764123 0.822585 0.284185 0.000000 0.000000 0.000000 0.000000 0.000000 0.000738 0.475969 0.570154 0.836923 0.591431 0.189077 0.000000 0.000000 0.000000 0.000000 0.000738 0.512908 0.877692 0.521677 0.502338 0.000000 0.000000 0.000000 0.000000 0.000000 0.044892 0.752169 0.717492 0.150938 0.802154 0.000000 0.220554 0.651646 0.299092 0.000000 0.000000 0.000000 0.000000 0.000000 0.034554 0.271492 0.668769 0.782662 0.572477 0.641000 0.974015 0.094631 
103
0.000000 0.189046 0.589231 0.000231 0.000000 0.000000 0.000000 0.000000 0.000738 0.243415 0.763646 0.759754 0.814708 0.283508 0.000000 0.000000 0.000000 0.000000 0.000000 0.000738 0.467246 0.556600 0.887138 0.512769 0.094569 0.000000 0.000000 0.000000 0.000000 0.000738 0.548523 0.902954 0.512292 0.500862 0.000000 0.000000 0.000000 0.000000 0.000000 0.044892 0.774123 0.648246 0.167123 0.802154 0.000000 0.234938 0.595846 0.282800 0.000000 0.000000 0.000000 0.000000 0.000000 0.034554 0.270015 0.613908 0.813400 0.554200 0.674415 0.993892 0.098292 
104
0.000000 0.189046 0.630646 0.039631 0.000000 0.000000 0.000000 0.000000 0.000738 0.299800 0.296600 0.585738 0.822277 0.301169 0.010646 0.000000 0.000000 0.000000 0.000000 0.000738 0.278492 0.769985 0.877292 0.585031 0.190554 0.000000 0.000000 0.000000 0.000000 0.000738 0.629846 0.929477 0.621185 0.488631 0.000000 0.000000 0.000000 0.000000 0.000000 0.045108 0.807554 0.704646 0.303354 0.630831 0.070892 0.300277 0.512923 0.340585 0.000000 0.000000 0.000000 0.000000 0.000000 0.034554 0.348646 0.896738 0.655338 0.685031 0.868831 0.958969 0.137831 
105
0.000000 0.189046 0.628985 0.039631 0.000000 0.000000 0.000000 0.000000 0.000738 0.288092 0.243215 0.581523 0.818954 0.276308 0.000000 0.000000 0.000000 0.000000 0.000000 0.000738 0.301323 0.727538 0.886231 0.555569 0.189077 0.000000 0.000000 0.000000 0.000000 0.000738 0.434323 1.023292 0.607400 0.480754 0.000000 0.000000 0.000000 0.000000 0.000000 0.045108 0.839692 0.719277 0.282000 0.721692 0.000000 0.346585 0.373369 0.302077 0.000000 0.000000 0.000000 0.000000 0.000000 0.034554 0.363831 0.896738 0.639923 0.683569 0.857785 0.995215 0.137831 
106
0.000000 0.189046 0.531138 0.031754 0.000000 0.000000 0.000000 0.000000 0.000738 0.289292 0.251862 0.566677 0.863262 0.284277 0.000000 0.000000 0.000000 0.000000 0.000000 0.000738 0.281938 0.624308 0.836923 0.561523 0.100846 0.000000 0.000000 0.000000 0.000000 0.000738 0.507215 0.901292 0.609585 0.475938 0.000000 0.000000 0.000000 0.000000 0.000000 0.034554 0.863000 0.633769 0.269815 0.721677 0.000000 0.344123 0.306908 0.299015 0.000000 0.000000 0.000000 0.000000 0.000000 0.034554 0.440292 0.868892 0.526615 0.649369 0.898954 1.003446 0.112277 
107
0.000000 0.189046 0.531138 0.031738 0.000000 0.000000 0.000000 0.000000 0.000738 0.204338 0.356738 0.570877 0.861600 0.283600 0.000000 0.000000 0.000000 0.000000 0.000000 0.000738 0.318323 0.568385 0.887138 0.563908 0.100846 0.000000 0.000000 0.000000 0.000000 0.000738 0.541723 0.901185 0.615615 0.470954 0.000000 0.000000 0.000000 0.000000 0.000000 0.034554 0.826569 0.723492 0.269815 0.632354 0.000000 0.350785 0.303508 0.282738 0.000000 0.000000 0.000000 0.000000 0.000000 0.034554 0.440292 0.840862 0.569000 0.658262 0.901262 0.969000 0.127031 
108
0.000000 0.189046 0.643446 0.000246 0.000000 0.000000 0.000000 0.000000 0.000738 0.299800 0.296600 0.772554 0.775477 0.299277 0.010646 0.000000 0.000000 0.000000 0.000000 0.000738 0.325138 0.738815 0.908942 0.517554 0.190554 0.000000 0.000000 0.000000 0.000000 0.000738 0.559785 1.010446 0.696862 0.401646 0.000000 0.000000 0.000000 0.000000 0.000000 0.045108 0.809954 0.685200 0.308892 0.703138 0.070892 0.343385 0.319015 0.345815 0.000000 0.000000 0.000000 0.000000 0.000000 0.034554 0.414923 0.709908 0.729123 0.635800 0.536692 1.004800 0.134000 
109
0.000000 0.189046 0.641785 0.000246 0.000000 0.000000 0.000000 0.000000 0.000738 0.298646 0.243215 0.747923 0.756185 0.293662 0.000000 0.000000 0.000000 0.000000 0.000000 0.000738 0.322877 0.706462 0.923569 0.616877 0.189077 0.000000 0.000000 0.000000 0.000000 0.000738 0.418985 1.123015 0.680877 0.396615 0.000000 0.000000 0.000000 0.000000 0.000000 0.034554 0.815077 0.662108 0.279231 0.608615 0.000000 0.319338 0.159508 0.302323 0.000000 0.000000 0.000000 0.000000 0.000000 0.034554 0.353062 0.708431 0.735354 0.638569 0.502769 0.966662 0.131046 
110
0.000000 0.189046 0.589231 0.000246 0.000000 0.000000 0.000000 0.000000 0.000738 0.289292 0.251862 0.681046 0.669538 0.284708 0.000000 0.000000 0.000000 0.000000 0.000000 0.000738 0.281938 0.660862 1.004308 0.523862 0.100846 0.000000 0.000000 0.000000 0.000000 0.000738 0.553385 0.997631 0.664077 0.396615 0.000000 0.000000 0.000000 0.000000 0.000000 0.034554 0.793708 0.704908 0.263662 0.702600 0.000000 0.347569 0.039877 0.297431 0.000000 0.000000 0.000000 0.000000 0.000000 0.034554 0.281215 0.668769 0.747215 0.554154 0.613108 0.984538 0.112554 
111
0.000000 0.189046 0.589231 0.000246 0.000000 0.000000 0.000000 0.000000 0.000738 0.204338 0.356738 0.649723 0.669538 0.293046 0.000000 0.000000 0.000000 0.000000 0.000000 0.000738 0.323492 0.603369 0.953262 0.511046 0.100846 0.000000 0.000000 0.000000 0.000000 0.000738 0.585415 1.002462 0.663954 0.398477 0.000000 0.000000 0.000000 0.000000 0.000000 0.034554 0.843415 0.701400 0.263662 0.611708 0.000000 0.320754 0.000000 0.282800 0.000000 0.000000 0.000000 0.000000 0.000000 0.034554 0.236662 0.613908 0.778938 0.562662 0.646600 0.988600 0.119646 
112
0.000000 0.094523 0.699877 0.063062 0.000000 0.000000 0.000000 0.000000 0.000000 0.239308 0.328677 0.805046 0.770708 0.290723 0.010646 0.000000 0.000000 0.000000 0.000000 0.000000 0.341431 0.804815 0.967877 0.546662 0.189077 0.000000 0.000000 0.000000 0.000000 0.000738 0.513462 1.096246 0.579892 0.583169 0.000000 0.000000 0.000000 0.000000 0.000000 0.045108 0.869892 0.698954 0.469262 0.771938 0.070892 0.469738 1.038246 0.577662 0.000000 0.000000 0.000000 0.000000 0.000000 0.034554 0.347185 0.709908 0.748385 0.641877 0.575246 0.978938 0.130415 
113
0.000000 0.094523 0.696554 0.055185 0.000000 0.000000 0.000000 0.000000 0.000000 0.234831 0.306123 0.754815 0.762831 0.293938 0.000000 0.000000 0.000000 0.000000 0.000000 0.000000 0.218200 0.601246 0.923569 0.560631 0.189077 0.000000 0.000000 0.000000 0.000000 0.000738 0.600092 0.936462 0.563554 0.575262 0.000000 0.000000 0.000000 0.000000 0.000000 0.045108 0.813969 0.643431 0.456385 0.669538 0.000000 0.505615 0.982615 0.591231 0.000000 0.000000 0.000000 0.000000 0.000000 0.034554 0.360877 0.708431 0.773815 0.639908 0.569692 0.965631 0.130400 
114
0.000000 0.094523 0.602031 0.055185 0.000000 0.000000 0.000000 0.000000 0.000000 0.173415 0.398815 0.753908 0.762831 0.284185 0.000000 0.000000 0.000000 0.000000 0.000000 0.000000 0.245092 0.543338 0.923569 0.563369 0.102323 0.000000 0.000000 0.000000 0.000000 0.000738 0.537492 0.940985 0.554477 0.575262 0.000000 0.000000 0.000000 0.000000 0.000000 0.034554 0.827000 0.705523 0.430769 0.768000 0.000000 0.512462 1.011877 0.538200 0.000000 0.000000 0.000000 0.000000 0.000000 0.034554 0.437338 0.668769 0.807646 0.611862 0.553154 0.968969 0.121277 
115
0.000000 0.094523 0.602031 0.055169 0.000000 0.000000 0.000000 0.000000 0.000000 0.205077 0.343385 0.772800 0.677846 0.283508 0.000000 0.000000 0.000000 0.000000 0.000000 0.000000 0.301431 0.567985 0.981815 0.505815 0.100846 0.000000 0.000000 0.000000 0.000000 0.000738 0.533631 0.923046 0.540415 0.577108 0.000000 0.000000 0.000000 0.000000 0.000000 0.034554 0.891123 0.693092 0.434662 0.768000 0.000000 0.493615 1.002446 0.613569 0.000000 0.000000 0.000000 0.000000 0.000000 0.034554 0.437338 0.613908 0.811708 0.596415 0.666308 0.980785 0.123338 
116
0.000000 0.094523 0.699877 0.063046 0.000000 0.000000 0.000000 0.000000 0.000000 0.239308 0.365646 0.682954 0.831600 0.307969 0.010646 0.000000 0.000000 0.000000 0.000000 0.000000 0.279277 0.776708 0.873354 0.595477 0.004646 0.000000 0.000000 0.000000 0.000000 0.000738 0.585108 1.011262 0.698431 0.398323 0.000000 0.000000 0.000000 0.000000 0.000000 0.045108 0.793846 0.715938 0.286123 0.700800 0.070892 0.326354 0.519523 0.381062 0.000000 0.000000 0.000000 0.000000 0.000000 0.034554 0.422308 0.805538 0.721369 0.619077 0.696169 0.989354 0.116062 
117
0.000000 0.094523 0.696554 0.047385 0.000000 0.000000 0.000000 0.000000 0.000000 0.255938 0.274631 0.633708 0.856615 0.282892 0.000000 0.000000 0.000000 0.000000 0.000000 0.000000 0.257462 0.680231 0.923569 0.593492 0.003169 0.000000 0.000000 0.000000 0.000000 0.000738 0.445600 1.085585 0.711154 0.396615 0.000000 0.000000 0.000000 0.000000 0.000000 0.034554 0.808738 0.704723 0.274308 0.606277 0.000000 0.363200 0.345600 0.336062 0.000000 0.000000 0.000000 0.000000 0.000000 0.034554 0.424200 0.804062 0.651462 0.652769 0.686908 1.001969 0.109400 
118
0.000000 0.094523 0.602031 0.055154 0.000000 0.000000 0.000000 0.000000 0.000000 0.173415 0.367000 0.617046 0.773292 0.289754 0.000000 0.000000 0.000000 0.000000 0.000000 0.000000 0.248785 0.609077 0.960000 0.582815 0.003138 0.000000 0.000000 0.000000 0.000000 0.000738 0.576677 0.994123 0.662508 0.396615 0.000000 0.000000 0.000000 0.000000 0.000000 0.034554 0.747615 0.727723 0.247662 0.607477 0.000000 0.346585 0.373369 0.238077 0.000000 0.000000 0.000000 0.000000 0.000000 0.034554 0.374538 0.763292 0.686292 0.635200 0.684646 0.991400 0.109400 
119
0.000000 0.094523 0.602031 0.055154 0.000000 0.000000 0.000000 0.000000 0.000000 0.205077 0.355262 0.622154 0.769969 0.289754 0.000000 0.000000 0.000000 0.000000 0.000000 0.000000 0.336754 0.562738 0.887292 0.580908 0.003138 0.000000 0.000000 0.000000 0.000000 0.000738 0.570246 1.005354 0.672323 0.398462 0.000000 0.000000 0.000000 0.000000 0.000000 0.034554 0.783538 0.783369 0.243200 0.697477 0.000000 0.354092 0.316877 0.324800 0.000000 0.000000 0.000000 0.000000 0.000000 0.034554 0.226646 0.749292 0.642277 0.646446 0.684615 0.949877 0.116015 
