task94
0.012000 0.012000 1.000453 1.000526 2.001426 2.001598 3.012149 3.012305 4.010623 4.047489 5.011574 5.014323 
task16
0.022000 0.022866 1.010453 1.012852 2.011426 2.014591 3.026928 3.074431 4.050934 4.102703 5.021576 5.148240 
task19
0.022000 0.023529 0.024661 0.061338 1.010453 1.012885 1.015682 1.042326 2.010282 2.014520 3.020351 3.021812 3.025567 3.030600 4.050381 4.061809 5.020017 5.030042 
task0
0.022739 0.022866 1.011192 1.013414 2.012166 2.012265 3.027667 3.075762 4.051673 4.063949 5.022315 5.028089 
task13
0.022776 0.022866 1.012182 1.012277 2.012542 2.012665 3.028553 3.031451 4.051660 4.062185 5.021254 5.024852 
task10
0.022776 0.022866 1.012176 1.012240 2.012185 2.014746 3.028332 3.047189 4.051231 4.267314 5.022631 5.058172 
task15
0.022776 0.022866 1.012176 1.012240 2.012185 2.014746 3.028332 3.047189 4.051245 4.266508 5.020885 5.061631 
task17
0.023035 0.042102 1.013001 1.032218 2.014924 2.041977 3.075042 3.097195 4.103007 4.163997 5.148412 5.169115 
task20
0.024734 0.061400 1.014768 1.042203 2.023348 2.130440 3.077875 3.108852 4.106919 4.396160 5.150291 5.188765 
task3
0.025215 0.061008 1.013666 1.066122 2.012413 2.012797 3.076020 3.126937 4.066095 4.067715 5.029132 5.030922 
task1
0.025215 0.061008 1.013666 1.066122 2.012413 2.012797 3.076020 3.126937 4.066025 4.067678 5.029118 5.030466 
task14
0.025215 0.061008 1.013666 1.066122 2.012413 2.012797 3.076020 3.126937 4.066095 4.067715 5.029132 5.030922 
task12
0.025215 0.061008 1.013611 1.064025 2.013797 2.014208 3.076403 3.142262 4.064685 4.066903 5.029532 5.033065 
task11
0.025215 0.061008 1.013611 1.064025 2.013797 2.014208 3.076403 3.142262 4.064693 4.065135 5.029227 5.035014 
task2
0.025215 0.061008 1.013611 1.064025 2.013797 2.014208 3.076403 3.142262 4.064685 4.066903 5.029532 5.033065 
task9
0.025215 0.061008 1.013611 1.064025 2.013797 2.014208 3.076403 3.142262 4.064693 4.065135 5.029227 5.035014 
task6
0.025215 0.110312 1.013660 1.123058 2.014008 2.014405 3.076038 3.132555 4.064312 4.066297 5.029438 5.033206 
task4
0.025215 0.110312 1.013607 1.070322 2.012411 2.014300 3.076002 3.123065 4.065644 4.267932 5.028241 5.028735 
task7
0.025215 0.110312 1.013607 1.070322 2.012411 2.014300 3.076002 3.123065 4.065634 4.067009 5.030021 5.034717 
task5
0.025215 0.110312 1.013607 1.070322 2.012411 2.014300 3.076002 3.123065 4.065644 4.267932 5.028241 5.028735 
task8
0.025215 0.110312 1.013610 1.070225 2.012419 2.014372 3.076297 3.141685 4.064593 4.065126 5.028756 5.030558 
task18
0.083469 0.090858 1.012403 1.109942 2.015810 2.020722 2.020763 2.022358 2.022715 2.159295 3.021411 3.024369 3.025198 3.030994 4.103451 4.420737 5.059630 5.066208 
task21
0.093607 0.097788 1.076290 1.081418 2.016402 2.032703 3.022601 3.026132 3.026266 3.032506 4.310133 4.314789 5.207917 5.217562 
task22
0.138905 0.159875 1.128470 1.148915 2.017403 2.031818 3.024003 3.047485 4.456264 4.500997 5.222776 5.234915 
task23
0.140402 0.150029 1.129807 1.139951 2.067985 2.075695 3.025000 3.037882 4.466209 4.483848 5.263442 5.270258 
task24
0.174527 0.179708 1.168162 1.173217 2.098037 2.098182 2.098374 2.105109 3.061002 3.062494 3.062716 3.065782 4.507458 4.510040 5.296944 5.302380 
task26
0.220546 0.272946 1.210287 1.217383 2.210399 2.312208 3.220672 3.224763 4.570244 4.574960 5.350061 5.365006 
task27
0.220546 0.236058 1.210288 1.239605 2.210399 2.215485 3.220672 3.259046 4.570244 4.608831 5.350061 5.582980 
task28
0.220546 0.220914 0.220993 0.221655 0.221811 0.224346 1.210288 1.210728 1.211037 1.212346 1.212902 1.219029 2.210399 2.210703 2.210733 2.210960 2.210973 2.211794 2.211930 2.212454 2.212956 2.350691 3.220672 3.226146 4.570244 4.570705 4.570746 4.572142 4.572237 4.576535 5.350061 5.350220 5.350297 5.350700 5.350784 5.370726 
task54
0.220547 0.221086 0.221099 0.368389 1.210289 1.210352 1.210385 1.212095 1.212901 1.254746 2.210400 2.211414 2.211502 2.307734 3.220674 3.228191 4.570244 4.570492 4.570748 4.571263 4.571374 4.572085 4.572238 4.610508 5.350061 5.581046 
task33
0.220547 0.220783 0.220994 0.221075 0.221099 0.221175 0.221408 0.233548 1.210289 1.211229 1.211610 1.212085 1.212834 1.286111 2.210400 2.210475 2.210544 2.217852 3.220674 3.221603 3.221648 3.228186 4.570245 4.570486 4.570748 4.570825 4.570941 4.571808 4.571819 4.572054 4.572208 4.572343 4.572509 4.577860 5.350061 5.350137 5.350297 5.351837 5.351909 5.359142 
task25
0.220615 0.223571 1.210367 1.212391 1.212480 1.286078 2.210468 2.212015 2.212165 2.219780 3.220751 3.228288 4.570312 4.610609 5.350129 5.360069 
task90
0.220771 0.247252 1.210554 1.251363 2.210623 2.348446 3.220939 3.262808 4.571007 4.670017 5.350285 5.580652 
task86
0.220771 0.249237 1.210554 1.285931 2.210623 2.239243 3.220939 3.279186 4.570499 4.589697 5.350285 5.374228 
task31
0.220771 0.223649 1.210357 1.251515 2.210612 2.211131 2.211215 2.349100 3.220741 3.227669 4.570815 4.571132 4.571419 4.580182 5.350402 5.809900 
task30
0.220780 0.221034 0.221062 0.221411 0.221486 0.221649 0.221890 0.222077 0.222820 0.458540 1.210366 1.210612 1.210959 1.211417 1.211686 1.254922 2.210621 2.210885 2.211051 2.211452 2.211704 2.225134 3.220751 3.221018 3.221202 3.221702 3.221850 3.242678 4.570312 4.570754 4.570825 4.613248 5.350411 5.350783 5.351005 5.351549 5.351683 5.352223 5.352650 5.586349 
task84
0.220881 0.357822 1.210637 1.258977 2.210734 2.335183 3.221022 3.308488 4.570610 4.614665 5.350396 5.579268 
task83
0.220902 0.253329 1.210665 1.274269 2.210755 2.269337 3.221049 3.287243 4.570638 4.652642 5.350417 5.894334 
task55
0.221207 0.245720 1.211408 1.215218 2.273625 2.277705 3.300001 3.303515 4.654948 4.658365 5.554416 5.559274 
task56
0.222421 0.243526 1.212603 1.254148 2.286606 2.299805 3.321434 3.333038 4.671272 4.683260 5.560628 5.572586 
task57
0.233958 0.239331 1.240308 1.241231 1.241707 1.242722 2.361528 2.364923 3.344625 3.345285 3.345298 3.345471 3.345555 3.348286 4.687819 4.688074 4.688221 4.688400 4.688632 4.688666 4.688697 4.768252 5.793217 5.794648 5.794662 5.795452 
task29
0.255064 0.259038 1.217702 1.219474 2.272153 2.273606 2.273824 2.274343 3.275998 3.277945 4.621677 4.664842 5.371821 5.373805 
task32
0.255064 0.265303 1.285261 1.369098 2.211400 2.214528 3.264742 3.265457 3.265527 3.267020 4.636708 4.640363 5.398847 5.402568 
task45
0.255314 0.258742 1.217704 1.259551 2.272155 2.281794 3.276000 3.320875 4.621678 4.636892 5.371823 5.405032 
task85
0.259565 0.262422 1.254315 1.256825 2.343398 2.346769 3.312229 3.316657 4.622403 4.631785 5.355983 5.358629 
task34
0.275567 0.276865 0.276894 0.450074 1.253133 1.253489 1.253707 1.369652 2.236213 2.521991 3.454121 3.454597 3.455250 3.456277 4.571801 4.574862 5.479327 5.525391 
task35
0.278289 0.288808 1.380342 1.392157 2.236642 2.253469 3.580239 3.597122 4.966013 4.977349 5.480301 5.492772 
task36
0.313407 0.315571 1.231705 1.238106 2.284428 2.286602 3.314444 3.316568 4.665035 4.668337 5.399405 5.907523 
task87
0.313409 0.320905 1.286002 1.292220 2.235638 2.338368 3.233423 3.239445 4.582657 4.593566 5.363259 5.375777 
task88
0.325927 0.344237 1.432831 1.449400 2.310401 2.325898 3.243898 3.261992 4.593106 4.609815 5.373201 5.389388 
task89
0.341047 0.347355 1.584942 1.590632 2.364214 2.370286 3.308863 3.319242 4.660212 4.666448 5.612400 5.624643 
task39
0.368946 0.372843 1.293834 1.298109 2.356066 2.372477 3.334611 3.338575 4.688888 4.694514 5.404612 5.419143 
task47
0.368951 0.381148 1.293844 1.307398 2.356073 2.549425 3.334611 3.341738 4.688894 4.894317 5.404619 5.427634 
task37
0.369007 0.401974 1.293910 1.572138 2.356134 2.431045 3.334666 3.620146 4.688949 4.728214 5.404683 5.782349 
task48
0.374926 0.379883 1.299928 1.304123 2.364807 2.368271 3.342939 3.346752 4.696404 4.699688 5.409687 5.414049 
task38
0.402785 0.406740 1.325295 1.328926 2.431365 2.436322 3.376751 3.380735 4.729054 4.732225 5.782570 5.786498 
task49
0.407560 0.410648 1.334407 1.339380 2.386286 2.390798 3.350640 3.354394 4.965116 4.980051 5.417216 5.421266 
task50
0.413346 0.417422 1.338120 1.342077 2.445277 2.448974 3.383903 3.388700 4.966402 4.971248 5.517727 5.524046 
task91
0.471057 0.481945 1.594970 1.601738 2.370434 2.379974 3.440234 3.447720 4.671403 4.687588 5.626234 5.635966 
task93
0.471076 0.475366 1.594984 1.597686 2.370448 2.374938 3.440243 3.450675 4.671417 4.937466 5.626253 5.630342 
task92
0.484077 0.489132 1.776259 1.781295 2.386300 2.494134 3.454188 3.460017 4.695649 5.002626 5.797238 5.802606 
task51
0.501512 0.505498 1.739958 1.744500 2.554485 2.557738 3.393081 3.397734 5.054326 5.059471 5.562011 5.569892 
task52
0.506556 0.507500 0.507526 0.509825 1.744405 1.749545 2.559490 2.561114 2.561157 2.561495 3.395987 3.396362 3.396987 3.397308 3.397381 3.400132 5.064205 5.065409 5.065416 5.066123 5.739834 5.739980 5.740084 5.744618 
task53
0.508634 0.508678 0.509398 0.511863 1.747714 1.748062 1.748457 1.751849 2.561534 2.573168 3.399717 3.403517 5.067086 5.067538 5.067887 5.068083 5.741605 5.744766 
task40
0.514225 0.637262 1.428667 1.432149 2.475050 2.480551 3.427446 3.431875 4.769775 4.775414 5.598675 5.604042 
task42
0.523238 0.528849 1.454781 1.463140 2.561529 2.570563 3.463363 3.468457 4.778637 4.791618 5.610777 5.620289 
task41
0.523248 0.789355 1.454789 1.614314 2.561534 2.779283 3.463368 3.619549 4.778647 5.003065 5.610785 5.636157 
task43
0.523248 0.541157 1.454789 1.475448 2.561536 2.579354 3.463368 3.482882 4.778647 4.797028 5.610789 5.752511 
task46
0.523248 0.777048 1.454789 1.626622 2.561536 2.714811 3.463368 3.720685 4.778647 5.069103 5.610789 5.663503 
task44
0.624888 0.629800 1.686984 1.689342 2.692349 2.696705 3.675742 3.678785 5.012725 5.015585 5.725457 5.729218 
task58
4.010426 4.018466 
task59
4.010427 4.035143 
task61
4.010429 4.018485 
task64
4.010430 4.018811 
task62
4.010451 4.022326 
task74
4.010451 4.265845 
task73
4.010451 4.089186 
task69
4.010538 4.275369 
task72
4.010562 4.035015 
task75
4.011743 4.013194 
task63
4.022019 4.024792 
task71
4.022022 4.039863 
task76
4.034041 4.037443 
task65
4.038064 4.048452 
task80
4.050402 4.055222 
task77
4.050405 4.058425 
task78
4.067939 4.074978 
task79
4.092012 4.096491 
task66
4.105000 4.128988 
task81
4.294687 4.295774 4.296132 4.460763 
task60
4.296132 4.303782 
task67
4.304133 4.320900 
task82
4.332256 4.347062 
task68
4.332257 4.524817 
task70
4.332257 4.338632 
