5
0.000000 0.012000 1.000000 1.000851 2.000000 2.002075 3.000000 3.010934 4.000000 4.032275 5.000000 5.129069 
0
0.000000 0.103438 1.000000 1.127397 2.000000 2.120128 3.000000 3.149411 4.000000 4.259265 5.000000 5.375277 
4
0.000000 0.220583 1.000000 1.209592 2.000000 2.304589 3.000000 3.264518 4.000000 4.673272 5.000000 5.462880 
1
0.000000 0.804349 1.000000 1.785395 2.000000 3.012382 3.000000 4.018695 4.000000 5.268983 
2
0.000000 0.807808 1.000000 1.788575 2.000000 3.264518 3.000000 4.312248 4.000000 5.418517 
3
4.000000 4.654368 
