0
0.000000 99840.000000 99984.000000 100000.000000 99988.000000 99980.000000 100000.000000 100000.000000 100000.000000 100000.000000 0.000000 99920.000000 99984.000000 99996.000000 99998.000000 99998.000000 100000.000000 100000.000000 100000.000000 0.000000 0.000000 100000.000000 99840.000000 99984.000000 100000.000000 100000.000000 100000.000000 100000.000000 100000.000000 100000.000000 99648.000000 99968.000000 99984.000000 100000.000000 99992.000000 100000.000000 100000.000000 99986.000000 99968.000000 100000.000000 0.000000 100000.000000 99968.000000 99968.000000 99968.000000 100000.000000 100000.000000 100000.000000 99992.000000 99990.000000 99980.000000 100000.000000 99904.000000 100000.000000 99992.000000 100000.000000 99996.000000 99992.000000 100000.000000 100000.000000 99968.000000 
1
0.000000 99840.000000 100000.000000 99992.000000 99996.000000 99988.000000 100000.000000 100000.000000 100000.000000 100000.000000 0.000000 99920.000000 100000.000000 100000.000000 99992.000000 100000.000000 100000.000000 100000.000000 100000.000000 0.000000 0.000000 99824.000000 99584.000000 99984.000000 100000.000000 99996.000000 100000.000000 100000.000000 99712.000000 100000.000000 99648.000000 99968.000000 99984.000000 100000.000000 99992.000000 99992.000000 99992.000000 99986.000000 99840.000000 100000.000000 0.000000 100000.000000 100000.000000 100000.000000 100000.000000 99960.000000 100000.000000 100000.000000 100000.000000 99976.000000 99980.000000 100000.000000 100000.000000 100000.000000 100000.000000 99988.000000 100000.000000 100000.000000 100000.000000 100000.000000 99936.000000 
2
0.000000 99840.000000 99992.000000 100000.000000 99996.000000 99996.000000 100000.000000 100000.000000 100000.000000 99968.000000 0.000000 100000.000000 99984.000000 99995.000000 99988.000000 99996.000000 100000.000000 100000.000000 100000.000000 0.000000 0.000000 99856.000000 99840.000000 99984.000000 100000.000000 99992.000000 100000.000000 100000.000000 99584.000000 100000.000000 99648.000000 99968.000000 99984.000000 99984.000000 100000.000000 99988.000000 99976.000000 99954.000000 99968.000000 100000.000000 0.000000 100000.000000 99992.000000 100000.000000 100000.000000 99972.000000 100000.000000 100000.000000 100000.000000 99974.000000 99980.000000 100000.000000 100000.000000 99968.000000 100000.000000 100000.000000 100000.000000 100000.000000 100000.000000 100000.000000 100000.000000 
3
0.000000 99840.000000 99992.000000 100000.000000 99996.000000 99996.000000 100000.000000 100000.000000 100000.000000 99968.000000 0.000000 100000.000000 99984.000000 99995.000000 99988.000000 99996.000000 100000.000000 100000.000000 100000.000000 0.000000 0.000000 99856.000000 99584.000000 99984.000000 100000.000000 99992.000000 100000.000000 100000.000000 99584.000000 100000.000000 99648.000000 99968.000000 99984.000000 99984.000000 100000.000000 99988.000000 99976.000000 99954.000000 99968.000000 100000.000000 0.000000 100000.000000 100000.000000 100000.000000 100000.000000 100000.000000 100000.000000 100000.000000 99996.000000 99974.000000 99980.000000 100000.000000 100000.000000 99968.000000 100000.000000 100000.000000 100000.000000 99992.000000 100000.000000 100000.000000 100000.000000 
4
0.000000 99840.000000 100000.000000 100000.000000 100000.000000 100000.000000 100000.000000 99968.000000 100000.000000 100000.000000 0.000000 99840.000000 100000.000000 100000.000000 99998.000000 99996.000000 99994.000000 99968.000000 100000.000000 0.000000 0.000000 99984.000000 100000.000000 99984.000000 100000.000000 99996.000000 0.000000 99996.000000 99996.000000 99986.000000 99904.000000 100000.000000 100000.000000 100000.000000 99997.000000 99992.000000 99994.000000 99986.000000 99968.000000 99968.000000 0.000000 100000.000000 99976.000000 100000.000000 100000.000000 100000.000000 100000.000000 100000.000000 100000.000000 100000.000000 99986.000000 99980.000000 99968.000000 99968.000000 100000.000000 99993.000000 100000.000000 100000.000000 100000.000000 99986.000000 100000.000000 
5
0.000000 99840.000000 100000.000000 100000.000000 100000.000000 100000.000000 100000.000000 99968.000000 100000.000000 100000.000000 0.000000 99840.000000 100000.000000 100000.000000 99998.000000 99996.000000 99994.000000 99968.000000 100000.000000 0.000000 0.000000 99984.000000 100000.000000 99984.000000 100000.000000 99996.000000 0.000000 99996.000000 99996.000000 99986.000000 99904.000000 100000.000000 100000.000000 100000.000000 99997.000000 99992.000000 99994.000000 99986.000000 99968.000000 99968.000000 0.000000 100000.000000 100000.000000 100000.000000 100000.000000 100000.000000 100000.000000 100000.000000 100000.000000 99996.000000 99996.000000 99980.000000 99968.000000 99968.000000 100000.000000 99999.000000 100000.000000 99998.000000 99988.000000 100000.000000 99968.000000 
6
0.000000 99840.000000 99992.000000 100000.000000 100000.000000 100000.000000 100000.000000 99968.000000 100000.000000 100000.000000 0.000000 99840.000000 99984.000000 99999.000000 100000.000000 99996.000000 100000.000000 99968.000000 100000.000000 0.000000 0.000000 99824.000000 99584.000000 99984.000000 100000.000000 99992.000000 0.000000 99998.000000 100000.000000 100000.000000 99936.000000 99840.000000 100000.000000 100000.000000 100000.000000 100000.000000 99994.000000 99986.000000 99968.000000 99968.000000 0.000000 100000.000000 99976.000000 100000.000000 100000.000000 100000.000000 100000.000000 99992.000000 100000.000000 99996.000000 99996.000000 99980.000000 99968.000000 99968.000000 100000.000000 99984.000000 100000.000000 99998.000000 99988.000000 100000.000000 99968.000000 
7
0.000000 99840.000000 100000.000000 100000.000000 100000.000000 100000.000000 100000.000000 99968.000000 100000.000000 100000.000000 0.000000 99840.000000 100000.000000 99999.000000 100000.000000 99996.000000 100000.000000 99968.000000 100000.000000 0.000000 0.000000 99824.000000 99584.000000 99984.000000 100000.000000 99992.000000 0.000000 99998.000000 100000.000000 100000.000000 99936.000000 99840.000000 100000.000000 100000.000000 100000.000000 100000.000000 99994.000000 99986.000000 99968.000000 99968.000000 0.000000 100000.000000 100000.000000 100000.000000 100000.000000 100000.000000 100000.000000 100000.000000 100000.000000 99980.000000 99986.000000 100000.000000 99968.000000 99968.000000 100000.000000 99984.000000 100000.000000 99996.000000 99980.000000 99974.000000 99968.000000 
8
0.000000 99840.000000 99984.000000 100000.000000 100000.000000 99998.000000 100000.000000 100000.000000 99968.000000 100000.000000 0.000000 99904.000000 99984.000000 100000.000000 100000.000000 100000.000000 100000.000000 99936.000000 100000.000000 0.000000 0.000000 99992.000000 100000.000000 99984.000000 100000.000000 100000.000000 100000.000000 100000.000000 99936.000000 99968.000000 99520.000000 99842.000000 100000.000000 100000.000000 100000.000000 100000.000000 99998.000000 99986.000000 99968.000000 99968.000000 0.000000 100000.000000 100000.000000 100000.000000 100000.000000 99976.000000 100000.000000 100000.000000 100000.000000 99992.000000 99992.000000 100000.000000 99840.000000 99968.000000 99984.000000 100000.000000 100000.000000 99994.000000 99996.000000 100000.000000 99968.000000 
9
0.000000 99840.000000 99984.000000 100000.000000 100000.000000 99998.000000 100000.000000 100000.000000 99968.000000 100000.000000 0.000000 99904.000000 99984.000000 100000.000000 100000.000000 100000.000000 100000.000000 99936.000000 100000.000000 0.000000 0.000000 99992.000000 100000.000000 99984.000000 100000.000000 100000.000000 100000.000000 100000.000000 99936.000000 99968.000000 99520.000000 99842.000000 100000.000000 100000.000000 100000.000000 100000.000000 99998.000000 99986.000000 99968.000000 99968.000000 0.000000 100000.000000 100000.000000 100000.000000 99996.000000 99953.000000 100000.000000 100000.000000 100000.000000 99992.000000 99986.000000 100000.000000 100000.000000 100000.000000 99984.000000 100000.000000 100000.000000 99996.000000 99998.000000 100000.000000 99968.000000 
10
0.000000 99840.000000 99984.000000 100000.000000 100000.000000 99998.000000 100000.000000 100000.000000 99968.000000 100000.000000 0.000000 99904.000000 99984.000000 100000.000000 100000.000000 100000.000000 100000.000000 99936.000000 100000.000000 0.000000 0.000000 99992.000000 100000.000000 99984.000000 100000.000000 100000.000000 100000.000000 100000.000000 99936.000000 99968.000000 99520.000000 99842.000000 100000.000000 100000.000000 100000.000000 100000.000000 99998.000000 99986.000000 99968.000000 99968.000000 0.000000 100000.000000 100000.000000 100000.000000 100000.000000 99976.000000 100000.000000 100000.000000 100000.000000 99992.000000 99992.000000 100000.000000 99840.000000 99968.000000 99984.000000 100000.000000 100000.000000 99994.000000 99996.000000 100000.000000 99968.000000 
11
0.000000 99840.000000 99984.000000 100000.000000 100000.000000 99998.000000 100000.000000 100000.000000 99968.000000 100000.000000 0.000000 99904.000000 99984.000000 100000.000000 100000.000000 100000.000000 100000.000000 99936.000000 100000.000000 0.000000 0.000000 99992.000000 100000.000000 99984.000000 100000.000000 100000.000000 100000.000000 100000.000000 99936.000000 99968.000000 99520.000000 99842.000000 100000.000000 100000.000000 100000.000000 100000.000000 99998.000000 99986.000000 99968.000000 99968.000000 0.000000 100000.000000 100000.000000 100000.000000 99996.000000 99953.000000 100000.000000 100000.000000 100000.000000 99992.000000 99986.000000 100000.000000 100000.000000 100000.000000 99984.000000 100000.000000 100000.000000 99996.000000 99998.000000 100000.000000 99968.000000 
12
0.000000 99840.000000 99984.000000 100000.000000 100000.000000 99998.000000 99988.000000 99968.000000 99968.000000 99968.000000 0.000000 99945.000000 99984.000000 100000.000000 99996.000000 99996.000000 99996.000000 99968.000000 99968.000000 0.000000 0.000000 99880.000000 100000.000000 99984.000000 100000.000000 99916.000000 0.000000 100000.000000 99998.000000 100000.000000 99904.000000 99904.000000 100000.000000 99993.000000 99996.000000 100000.000000 100000.000000 99980.000000 99968.000000 99968.000000 0.000000 100000.000000 100000.000000 100000.000000 99976.000000 100000.000000 99976.000000 100000.000000 100000.000000 100000.000000 99980.000000 99974.000000 99936.000000 100000.000000 99984.000000 100000.000000 99992.000000 99990.000000 99996.000000 99974.000000 100000.000000 
13
0.000000 99988.000000 99984.000000 99999.000000 99996.000000 99996.000000 100000.000000 99968.000000 100000.000000 99424.000000 0.000000 99984.000000 99984.000000 100000.000000 100000.000000 99996.000000 99996.000000 99936.000000 99968.000000 0.000000 0.000000 99984.000000 99992.000000 99984.000000 100000.000000 99276.000000 0.000000 99998.000000 99998.000000 100000.000000 99904.000000 99988.000000 100000.000000 100000.000000 99996.000000 0.000000 99994.000000 99998.000000 99980.000000 100000.000000 99968.000000 100000.000000 99984.000000 99969.000000 99968.000000 100000.000000 99992.000000 100000.000000 99996.000000 99996.000000 99996.000000 100000.000000 99840.000000 99968.000000 100000.000000 100000.000000 99996.000000 100000.000000 100000.000000 100000.000000 100000.000000 
14
0.000000 100000.000000 99984.000000 99999.000000 99996.000000 99996.000000 100000.000000 100000.000000 99968.000000 99968.000000 0.000000 99912.000000 99984.000000 99996.000000 100000.000000 99996.000000 100000.000000 99936.000000 100000.000000 0.000000 0.000000 99816.000000 100000.000000 99984.000000 100000.000000 99920.000000 0.000000 100000.000000 99998.000000 100000.000000 99904.000000 99904.000000 100000.000000 100000.000000 100000.000000 0.000000 99994.000000 99998.000000 99980.000000 100000.000000 99968.000000 100000.000000 100000.000000 99968.000000 99968.000000 99976.000000 100000.000000 100000.000000 100000.000000 99992.000000 99980.000000 99974.000000 99936.000000 100000.000000 99984.000000 100000.000000 100000.000000 100000.000000 99984.000000 100000.000000 99968.000000 
15
0.000000 99999.888889 99984.000000 99999.000000 99996.000000 99996.000000 100000.000000 100000.000000 99968.000000 99968.000000 0.000000 99998.444444 99984.000000 99996.000000 100000.000000 99996.000000 100000.000000 99936.000000 100000.000000 0.000000 0.000000 99998.444444 99998.444444 99984.000000 100000.000000 99920.000000 0.000000 100000.000000 99998.000000 100000.000000 99904.000000 99904.000000 100000.000000 100000.000000 100000.000000 0.000000 99994.000000 99998.000000 99980.000000 100000.000000 99968.000000 100000.000000 100000.000000 99968.000000 99968.000000 99976.000000 100000.000000 100000.000000 100000.000000 99990.000000 99980.000000 99974.000000 99936.000000 100000.000000 99999.555556 100000.000000 100000.000000 99990.000000 99996.000000 99974.000000 100000.000000 
16
0.000000 99840.000000 99984.000000 99996.000000 99998.000000 99996.000000 100000.000000 99904.000000 99968.000000 99968.000000 0.000000 99856.000000 99984.000000 99999.000000 100000.000000 100000.000000 99980.000000 99968.000000 100000.000000 0.000000 0.000000 99984.000000 99456.000000 99984.000000 99999.000000 99988.000000 100000.000000 99996.000000 99942.000000 100000.000000 99776.000000 99968.000000 99984.000000 99993.000000 100000.000000 100000.000000 100000.000000 99980.000000 99904.000000 100000.000000 0.000000 100000.000000 99968.000000 99968.000000 99968.000000 100000.000000 99976.000000 100000.000000 99996.000000 99990.000000 99980.000000 100000.000000 99968.000000 99968.000000 100000.000000 99988.000000 100000.000000 100000.000000 99988.000000 99986.000000 99936.000000 
17
0.000000 99840.000000 99984.000000 99988.000000 99998.000000 99988.000000 100000.000000 100000.000000 100000.000000 100000.000000 0.000000 99920.000000 99984.000000 100000.000000 100000.000000 99988.000000 100000.000000 99840.000000 99968.000000 0.000000 0.000000 99952.000000 99840.000000 99984.000000 100000.000000 99992.000000 99992.000000 99996.000000 99968.000000 100000.000000 99648.000000 99968.000000 99984.000000 100000.000000 99999.000000 99996.000000 99996.000000 99980.000000 99968.000000 99968.000000 0.000000 100000.000000 99968.000000 99968.000000 99968.000000 99976.000000 99992.000000 100000.000000 100000.000000 99992.000000 99980.000000 100000.000000 99840.000000 99968.000000 99984.000000 99993.000000 99996.000000 99992.000000 100000.000000 99986.000000 100000.000000 
18
0.000000 99840.000000 99984.000000 99988.000000 99998.000000 99988.000000 100000.000000 100000.000000 100000.000000 100000.000000 0.000000 99952.000000 99984.000000 99996.000000 99994.000000 99994.000000 100000.000000 99872.000000 100000.000000 0.000000 0.000000 99952.000000 99840.000000 99984.000000 100000.000000 100000.000000 99984.000000 99988.000000 99968.000000 100000.000000 98624.000000 99968.000000 99984.000000 100000.000000 99997.000000 99992.000000 99976.000000 99968.000000 99968.000000 100000.000000 0.000000 100000.000000 100000.000000 100000.000000 100000.000000 100000.000000 99976.000000 100000.000000 100000.000000 99986.000000 100000.000000 100000.000000 99968.000000 99968.000000 99984.000000 99987.000000 99996.000000 100000.000000 99998.000000 99980.000000 99968.000000 
19
0.000000 99840.000000 99984.000000 99988.000000 99998.000000 99988.000000 100000.000000 100000.000000 100000.000000 100000.000000 0.000000 99952.000000 99984.000000 99996.000000 99994.000000 99994.000000 100000.000000 99872.000000 100000.000000 0.000000 0.000000 99952.000000 99840.000000 99984.000000 100000.000000 100000.000000 99984.000000 99988.000000 99968.000000 100000.000000 98624.000000 99968.000000 99984.000000 100000.000000 99997.000000 99992.000000 99976.000000 99968.000000 99968.000000 100000.000000 0.000000 100000.000000 100000.000000 100000.000000 99976.000000 99868.000000 100000.000000 99993.000000 99996.000000 99992.000000 99980.000000 99974.000000 99936.000000 99968.000000 100000.000000 100000.000000 99996.000000 99998.000000 99988.000000 99980.000000 100000.000000 
