0
0.000000 73728.000000 12288.000000 0.000000 11364.000000 30784.000000 4162.000000 0.000000 0.000000 0.000000 0.000000 67584.000000 6144.000000 0.000000 4473.000000 14208.000000 3456.000000 0.000000 0.000000 0.000000 0.000000 67584.000000 6144.000000 0.000000 3226.000000 2520.000000 0.000000 0.000000 0.000000 0.000000 0.000000 73728.000000 12288.000000 0.000000 8732.000000 32335.000000 6176.000000 0.000000 0.000000 0.000000 0.000000 43008.000000 5444.000000 33742.000000 0.000000 0.000000 2992.000000 14208.000000 960.000000 0.000000 0.000000 73728.000000 12288.000000 0.000000 7444.000000 28416.000000 5016.000000 0.000000 0.000000 0.000000 0.000000 
1
0.000000 30720.000000 0.000000 0.000000 11573.000000 30784.000000 2508.000000 0.000000 0.000000 0.000000 0.000000 18432.000000 0.000000 0.000000 6448.000000 14208.000000 4710.000000 0.000000 0.000000 0.000000 0.000000 18432.000000 0.000000 0.000000 3068.000000 2520.000000 0.000000 0.000000 0.000000 0.000000 0.000000 24576.000000 0.000000 0.000000 3692.000000 31370.000000 6756.000000 0.000000 0.000000 0.000000 0.000000 36864.000000 5444.000000 35838.000000 0.000000 0.000000 3952.000000 14208.000000 960.000000 0.000000 0.000000 24576.000000 0.000000 0.000000 8206.000000 28416.000000 4342.000000 0.000000 0.000000 0.000000 0.000000 
2
0.000000 30720.000000 0.000000 0.000000 11572.000000 31749.000000 3762.000000 0.000000 0.000000 0.000000 0.000000 18432.000000 0.000000 0.000000 6640.000000 14208.000000 3558.000000 0.000000 0.000000 0.000000 0.000000 18432.000000 0.000000 0.000000 2540.000000 2160.000000 0.000000 0.000000 0.000000 0.000000 0.000000 24576.000000 0.000000 0.000000 6038.000000 29381.000000 6670.000000 0.000000 0.000000 0.000000 0.000000 36864.000000 5660.000000 36448.000000 0.000000 0.000000 2992.000000 14208.000000 960.000000 0.000000 0.000000 24576.000000 0.000000 0.000000 6816.000000 28416.000000 4342.000000 0.000000 0.000000 0.000000 0.000000 
3
0.000000 30720.000000 0.000000 0.000000 11306.000000 30784.000000 3762.000000 0.000000 0.000000 0.000000 0.000000 18432.000000 0.000000 0.000000 3416.000000 14208.000000 3456.000000 0.000000 0.000000 0.000000 0.000000 18432.000000 0.000000 0.000000 7264.000000 2160.000000 0.000000 0.000000 0.000000 0.000000 0.000000 30720.000000 0.000000 0.000000 11146.000000 29381.000000 5502.000000 0.000000 0.000000 0.000000 0.000000 67840.000000 12288.000000 35662.000000 0.000000 0.000000 2992.000000 14208.000000 720.000000 0.000000 0.000000 24576.000000 0.000000 0.000000 6628.000000 28416.000000 4342.000000 0.000000 0.000000 0.000000 0.000000 
4
0.000000 30720.000000 0.000000 0.000000 9021.000000 26575.000000 8590.000000 0.000000 0.000000 0.000000 0.000000 24576.000000 0.000000 0.000000 9768.000000 19770.000000 580.000000 0.000000 0.000000 0.000000 0.000000 24576.000000 0.000000 0.000000 4582.000000 1800.000000 2800.000000 0.000000 0.000000 0.000000 0.000000 30720.000000 0.000000 0.000000 3868.000000 1384.000000 8590.000000 0.000000 0.000000 0.000000 0.000000 43008.000000 38283.000000 37248.000000 0.000000 0.000000 3588.000000 15173.000000 8958.000000 0.000000 0.000000 30720.000000 0.000000 0.000000 5218.000000 27072.000000 4108.000000 0.000000 0.000000 0.000000 0.000000 
5
0.000000 24576.000000 0.000000 0.000000 8637.000000 25728.000000 8590.000000 0.000000 0.000000 0.000000 0.000000 18432.000000 0.000000 0.000000 3704.000000 20916.000000 580.000000 0.000000 0.000000 0.000000 0.000000 18432.000000 0.000000 0.000000 3368.000000 1800.000000 2512.000000 0.000000 0.000000 0.000000 0.000000 24576.000000 0.000000 0.000000 8444.000000 1384.000000 8590.000000 0.000000 0.000000 0.000000 0.000000 36864.000000 38384.000000 33664.000000 0.000000 0.000000 5039.000000 15173.000000 8958.000000 0.000000 0.000000 24576.000000 0.000000 0.000000 5680.000000 26048.000000 2054.000000 0.000000 0.000000 0.000000 0.000000 
6
0.000000 24576.000000 0.000000 0.000000 12645.000000 28943.000000 7242.000000 0.000000 0.000000 0.000000 0.000000 18432.000000 0.000000 0.000000 7508.000000 19648.000000 0.000000 0.000000 0.000000 0.000000 0.000000 18432.000000 0.000000 0.000000 3368.000000 1800.000000 2800.000000 0.000000 0.000000 0.000000 0.000000 24576.000000 0.000000 0.000000 8444.000000 1384.000000 8496.000000 0.000000 0.000000 0.000000 0.000000 36864.000000 45782.000000 34144.000000 0.000000 0.000000 4432.000000 14208.000000 8864.000000 0.000000 0.000000 24576.000000 0.000000 0.000000 4424.000000 26048.000000 3708.000000 0.000000 0.000000 0.000000 0.000000 
7
0.000000 24576.000000 0.000000 0.000000 193.000000 29002.000000 7336.000000 0.000000 0.000000 0.000000 0.000000 18432.000000 0.000000 0.000000 10006.000000 18746.000000 0.000000 0.000000 0.000000 0.000000 0.000000 18432.000000 0.000000 0.000000 3368.000000 1440.000000 2400.000000 0.000000 0.000000 0.000000 0.000000 24576.000000 0.000000 0.000000 6726.000000 1024.000000 8590.000000 0.000000 0.000000 0.000000 0.000000 36864.000000 45575.000000 36960.000000 0.000000 0.000000 2992.000000 15173.000000 7806.000000 0.000000 0.000000 24576.000000 0.000000 0.000000 2540.000000 26048.000000 3708.000000 0.000000 0.000000 0.000000 0.000000 
8
0.000000 30720.000000 0.000000 0.000000 10104.000000 26575.000000 9170.000000 0.000000 0.000000 0.000000 0.000000 24576.000000 0.000000 0.000000 5244.000000 11840.000000 1834.000000 0.000000 0.000000 0.000000 0.000000 24576.000000 0.000000 0.000000 9188.000000 2160.000000 0.000000 0.000000 0.000000 0.000000 0.000000 30720.000000 0.000000 0.000000 7676.000000 26389.000000 7916.000000 0.000000 0.000000 0.000000 0.000000 43008.000000 46359.000000 18983.000000 0.000000 0.000000 1662.000000 11840.000000 2312.000000 0.000000 0.000000 30720.000000 0.000000 0.000000 10768.000000 23680.000000 6662.000000 0.000000 0.000000 0.000000 0.000000 
9
0.000000 24576.000000 0.000000 0.000000 9912.000000 24325.000000 9170.000000 0.000000 0.000000 0.000000 0.000000 18432.000000 0.000000 0.000000 5148.000000 11840.000000 1834.000000 0.000000 0.000000 0.000000 0.000000 18432.000000 0.000000 0.000000 9024.000000 2160.000000 0.000000 0.000000 0.000000 0.000000 0.000000 24576.000000 0.000000 0.000000 0.000000 28319.000000 7916.000000 0.000000 0.000000 0.000000 0.000000 36864.000000 45940.000000 20224.000000 0.000000 0.000000 3740.000000 9472.000000 2304.000000 0.000000 0.000000 24576.000000 0.000000 0.000000 11210.000000 22336.000000 6662.000000 0.000000 0.000000 0.000000 0.000000 
10
0.000000 24576.000000 0.000000 0.000000 9907.000000 23946.000000 8496.000000 0.000000 0.000000 0.000000 0.000000 18432.000000 0.000000 0.000000 6061.000000 9472.000000 1160.000000 0.000000 0.000000 0.000000 0.000000 18432.000000 0.000000 0.000000 9184.000000 2160.000000 0.000000 0.000000 0.000000 0.000000 0.000000 24576.000000 0.000000 0.000000 864.000000 27978.000000 8496.000000 0.000000 0.000000 0.000000 0.000000 36864.000000 45940.000000 19552.000000 0.000000 0.000000 3740.000000 9472.000000 2304.000000 0.000000 0.000000 24576.000000 0.000000 0.000000 6148.000000 22336.000000 6662.000000 0.000000 0.000000 0.000000 0.000000 
11
0.000000 24576.000000 0.000000 0.000000 7412.000000 21957.000000 8590.000000 0.000000 0.000000 0.000000 0.000000 18432.000000 0.000000 0.000000 4955.000000 9472.000000 580.000000 0.000000 0.000000 0.000000 0.000000 18432.000000 0.000000 0.000000 9220.000000 1800.000000 0.000000 0.000000 0.000000 0.000000 0.000000 24576.000000 0.000000 0.000000 8924.000000 28397.000000 7336.000000 0.000000 0.000000 0.000000 0.000000 36864.000000 46319.000000 21504.000000 0.000000 0.000000 3740.000000 7104.000000 2312.000000 0.000000 0.000000 24576.000000 0.000000 0.000000 4556.000000 23680.000000 7336.000000 0.000000 0.000000 0.000000 0.000000 
12
0.000000 30720.000000 0.000000 0.000000 6179.000000 27978.000000 8896.000000 0.000000 0.000000 0.000000 0.000000 24576.000000 0.000000 0.000000 6689.000000 20130.000000 3088.000000 0.000000 0.000000 0.000000 0.000000 24576.000000 0.000000 0.000000 5110.000000 10170.000000 3264.000000 0.000000 0.000000 0.000000 0.000000 30720.000000 0.000000 0.000000 8540.000000 28037.000000 9170.000000 0.000000 0.000000 0.000000 0.000000 43008.000000 48301.000000 23262.000000 0.000000 0.000000 4336.000000 12805.000000 10690.000000 0.000000 0.000000 30720.000000 0.000000 0.000000 4124.000000 25768.000000 6482.000000 0.000000 0.000000 0.000000 0.000000 
13
0.000000 24576.000000 0.000000 0.000000 3596.000000 27599.000000 9570.000000 0.000000 0.000000 0.000000 0.000000 18432.000000 0.000000 0.000000 8564.000000 22138.000000 3088.000000 0.000000 0.000000 0.000000 0.000000 18432.000000 0.000000 0.000000 6208.000000 9687.000000 3264.000000 0.000000 0.000000 0.000000 0.000000 24576.000000 0.000000 0.000000 8828.000000 28037.000000 9170.000000 0.000000 0.000000 0.000000 0.000000 36864.000000 48523.000000 23071.000000 0.000000 0.000000 4336.000000 14208.000000 9538.000000 0.000000 0.000000 24576.000000 0.000000 0.000000 8520.000000 26413.000000 6482.000000 0.000000 0.000000 0.000000 0.000000 
14
0.000000 24576.000000 0.000000 0.000000 672.000000 25610.000000 9170.000000 0.000000 0.000000 0.000000 0.000000 18432.000000 0.000000 0.000000 8325.000000 21114.000000 2414.000000 0.000000 0.000000 0.000000 0.000000 18432.000000 0.000000 0.000000 6208.000000 10243.000000 0.000000 0.000000 0.000000 0.000000 0.000000 24576.000000 0.000000 0.000000 3596.000000 28564.000000 9750.000000 0.000000 0.000000 0.000000 0.000000 36864.000000 47970.000000 24032.000000 0.000000 0.000000 4488.000000 14208.000000 10110.000000 0.000000 0.000000 24576.000000 0.000000 0.000000 2540.000000 25088.000000 6082.000000 0.000000 0.000000 0.000000 0.000000 
15
0.000000 24576.000000 0.000000 0.000000 672.000000 27013.000000 9170.000000 0.000000 0.000000 0.000000 0.000000 18432.000000 0.000000 0.000000 6258.000000 19770.000000 2414.000000 0.000000 0.000000 0.000000 0.000000 18432.000000 0.000000 0.000000 6208.000000 10603.000000 0.000000 0.000000 0.000000 0.000000 0.000000 24576.000000 0.000000 0.000000 3500.000000 27978.000000 9170.000000 0.000000 0.000000 0.000000 0.000000 36864.000000 40525.000000 23968.000000 0.000000 0.000000 3760.000000 16138.000000 10110.000000 0.000000 0.000000 24576.000000 0.000000 0.000000 3368.000000 26792.000000 6082.000000 0.000000 0.000000 0.000000 0.000000 
16
0.000000 30720.000000 0.000000 0.000000 5544.000000 31808.000000 3762.000000 0.000000 0.000000 0.000000 0.000000 24576.000000 0.000000 0.000000 2936.000000 16576.000000 2406.000000 0.000000 0.000000 0.000000 0.000000 24576.000000 0.000000 0.000000 7372.000000 2520.000000 3664.000000 0.000000 0.000000 0.000000 0.000000 30720.000000 0.000000 0.000000 1824.000000 34117.000000 5596.000000 0.000000 0.000000 0.000000 0.000000 36864.000000 48301.000000 22385.000000 0.000000 0.000000 3740.000000 18367.000000 480.000000 0.000000 0.000000 30720.000000 0.000000 0.000000 4184.000000 30784.000000 3762.000000 0.000000 0.000000 0.000000 0.000000 
17
0.000000 24576.000000 0.000000 0.000000 8225.000000 33152.000000 3762.000000 0.000000 0.000000 0.000000 0.000000 18432.000000 0.000000 0.000000 3320.000000 16576.000000 1152.000000 0.000000 0.000000 0.000000 0.000000 18432.000000 0.000000 0.000000 7104.000000 2520.000000 3664.000000 0.000000 0.000000 0.000000 0.000000 24576.000000 0.000000 0.000000 2044.000000 34117.000000 6270.000000 0.000000 0.000000 0.000000 0.000000 43008.000000 48523.000000 24312.000000 0.000000 0.000000 3740.000000 18506.000000 240.000000 0.000000 0.000000 24576.000000 0.000000 0.000000 4184.000000 30784.000000 1654.000000 0.000000 0.000000 0.000000 0.000000 
18
0.000000 24576.000000 0.000000 0.000000 3800.000000 30464.000000 3762.000000 0.000000 0.000000 0.000000 0.000000 18432.000000 0.000000 0.000000 3416.000000 14208.000000 1152.000000 0.000000 0.000000 0.000000 0.000000 18432.000000 0.000000 0.000000 7388.000000 2520.000000 3264.000000 0.000000 0.000000 0.000000 0.000000 24576.000000 0.000000 0.000000 8060.000000 33679.000000 6756.000000 0.000000 0.000000 0.000000 0.000000 36864.000000 47968.000000 25326.000000 0.000000 0.000000 3740.000000 16576.000000 240.000000 0.000000 0.000000 24576.000000 0.000000 0.000000 3648.000000 28416.000000 2054.000000 0.000000 0.000000 0.000000 0.000000 
19
0.000000 24576.000000 0.000000 0.000000 7850.000000 32832.000000 3762.000000 0.000000 0.000000 0.000000 0.000000 18432.000000 0.000000 0.000000 4856.000000 16576.000000 3456.000000 0.000000 0.000000 0.000000 0.000000 18432.000000 0.000000 0.000000 6736.000000 2520.000000 3600.000000 0.000000 0.000000 0.000000 0.000000 24576.000000 0.000000 0.000000 8060.000000 35082.000000 6176.000000 0.000000 0.000000 0.000000 0.000000 36864.000000 40525.000000 25024.000000 0.000000 0.000000 3740.000000 17541.000000 0.000000 0.000000 0.000000 24576.000000 0.000000 0.000000 4320.000000 30784.000000 2908.000000 0.000000 0.000000 0.000000 0.000000 
20
0.000000 30720.000000 0.000000 0.000000 9558.000000 35845.000000 6756.000000 0.000000 0.000000 0.000000 0.000000 24576.000000 0.000000 0.000000 9574.000000 26752.000000 3558.000000 0.000000 0.000000 0.000000 0.000000 24576.000000 0.000000 0.000000 5380.000000 13615.000000 13056.000000 0.000000 0.000000 0.000000 0.000000 30720.000000 0.000000 0.000000 9404.000000 3914.000000 7336.000000 0.000000 0.000000 0.000000 0.000000 43008.000000 45231.000000 25728.000000 0.000000 0.000000 4488.000000 22277.000000 720.000000 0.000000 0.000000 30720.000000 0.000000 0.000000 5960.000000 34880.000000 3308.000000 0.000000 0.000000 0.000000 0.000000 
21
0.000000 24576.000000 0.000000 0.000000 8615.000000 33743.000000 6270.000000 0.000000 0.000000 0.000000 0.000000 18432.000000 0.000000 0.000000 7408.000000 23400.000000 4608.000000 0.000000 0.000000 0.000000 0.000000 18432.000000 0.000000 0.000000 4424.000000 13015.000000 15424.000000 0.000000 0.000000 0.000000 0.000000 24576.000000 0.000000 0.000000 8156.000000 4578.000000 7830.000000 0.000000 0.000000 0.000000 0.000000 36864.000000 37500.000000 26208.000000 0.000000 0.000000 4220.000000 22277.000000 480.000000 0.000000 0.000000 24576.000000 0.000000 0.000000 7588.000000 34880.000000 4162.000000 0.000000 0.000000 0.000000 0.000000 
22
0.000000 24576.000000 0.000000 0.000000 8366.000000 36869.000000 6176.000000 0.000000 0.000000 0.000000 0.000000 18432.000000 0.000000 0.000000 9432.000000 21032.000000 3558.000000 0.000000 0.000000 0.000000 0.000000 18432.000000 0.000000 0.000000 3368.000000 13615.000000 13056.000000 0.000000 0.000000 0.000000 0.000000 24576.000000 0.000000 0.000000 4872.000000 4578.000000 8630.000000 0.000000 0.000000 0.000000 0.000000 36864.000000 45652.000000 23072.000000 0.000000 0.000000 3664.000000 22277.000000 480.000000 0.000000 0.000000 24576.000000 0.000000 0.000000 7204.000000 33216.000000 4162.000000 0.000000 0.000000 0.000000 0.000000 
23
0.000000 24576.000000 0.000000 0.000000 8366.000000 34063.000000 6756.000000 0.000000 0.000000 0.000000 0.000000 18432.000000 0.000000 0.000000 8807.000000 24384.000000 3558.000000 0.000000 0.000000 0.000000 0.000000 18432.000000 0.000000 0.000000 3368.000000 12267.000000 12160.000000 0.000000 0.000000 0.000000 0.000000 24576.000000 0.000000 0.000000 4872.000000 3914.000000 9358.000000 0.000000 0.000000 0.000000 0.000000 36864.000000 45316.000000 25568.000000 0.000000 0.000000 3836.000000 19909.000000 480.000000 0.000000 0.000000 24576.000000 0.000000 0.000000 5336.000000 32896.000000 3708.000000 0.000000 0.000000 0.000000 0.000000 
24
0.000000 30720.000000 0.000000 0.000000 3896.000000 26634.000000 8590.000000 0.000000 0.000000 0.000000 0.000000 24576.000000 0.000000 0.000000 4379.000000 11840.000000 580.000000 0.000000 0.000000 0.000000 0.000000 24576.000000 0.000000 0.000000 7008.000000 0.000000 0.000000 0.000000 0.000000 0.000000 0.000000 30720.000000 0.000000 0.000000 3500.000000 27978.000000 7336.000000 0.000000 0.000000 0.000000 0.000000 43008.000000 47966.000000 25854.000000 0.000000 0.000000 2992.000000 11840.000000 2160.000000 0.000000 0.000000 30720.000000 0.000000 0.000000 5228.000000 23680.000000 2854.000000 0.000000 0.000000 0.000000 0.000000 
25
0.000000 24576.000000 0.000000 0.000000 6868.000000 24266.000000 8590.000000 0.000000 0.000000 0.000000 0.000000 18432.000000 0.000000 0.000000 5729.000000 11840.000000 580.000000 0.000000 0.000000 0.000000 0.000000 18432.000000 0.000000 0.000000 7064.000000 0.000000 0.000000 0.000000 0.000000 0.000000 0.000000 24576.000000 0.000000 0.000000 3500.000000 27978.000000 7336.000000 0.000000 0.000000 0.000000 0.000000 36864.000000 47700.000000 23486.000000 0.000000 0.000000 2992.000000 11840.000000 2692.000000 0.000000 0.000000 24576.000000 0.000000 0.000000 5336.000000 23680.000000 1654.000000 0.000000 0.000000 0.000000 0.000000 
26
0.000000 24576.000000 0.000000 0.000000 7650.000000 25728.000000 7916.000000 0.000000 0.000000 0.000000 0.000000 18432.000000 0.000000 0.000000 4187.000000 9472.000000 580.000000 0.000000 0.000000 0.000000 0.000000 18432.000000 0.000000 0.000000 7100.000000 0.000000 0.000000 0.000000 0.000000 0.000000 0.000000 24576.000000 0.000000 0.000000 3788.000000 25610.000000 7916.000000 0.000000 0.000000 0.000000 0.000000 36864.000000 39969.000000 25152.000000 0.000000 0.000000 2992.000000 9472.000000 2784.000000 0.000000 0.000000 24576.000000 0.000000 0.000000 4184.000000 23680.000000 3708.000000 0.000000 0.000000 0.000000 0.000000 
27
0.000000 24576.000000 0.000000 0.000000 9041.000000 26575.000000 8496.000000 0.000000 0.000000 0.000000 0.000000 18432.000000 0.000000 0.000000 7027.000000 11840.000000 1160.000000 0.000000 0.000000 0.000000 0.000000 18432.000000 0.000000 0.000000 7064.000000 0.000000 0.000000 0.000000 0.000000 0.000000 0.000000 24576.000000 0.000000 0.000000 3692.000000 27013.000000 7916.000000 0.000000 0.000000 0.000000 0.000000 36864.000000 47704.000000 21856.000000 0.000000 0.000000 2992.000000 9472.000000 2832.000000 0.000000 0.000000 24576.000000 0.000000 0.000000 4664.000000 21312.000000 3708.000000 0.000000 0.000000 0.000000 0.000000 
28
0.000000 24576.000000 0.000000 0.000000 10370.000000 37189.000000 5596.000000 0.000000 0.000000 0.000000 0.000000 18432.000000 0.000000 0.000000 8325.000000 29950.000000 4608.000000 0.000000 0.000000 0.000000 0.000000 18432.000000 0.000000 0.000000 5908.000000 2160.000000 4576.000000 0.000000 0.000000 0.000000 0.000000 24576.000000 0.000000 0.000000 8540.000000 36165.000000 6850.000000 0.000000 0.000000 0.000000 0.000000 36864.000000 46240.000000 20844.000000 0.000000 0.000000 3740.000000 23242.000000 720.000000 0.000000 0.000000 24576.000000 0.000000 0.000000 7928.000000 1024.000000 3762.000000 0.000000 0.000000 0.000000 0.000000 
29
0.000000 24576.000000 0.000000 0.000000 3500.000000 37189.000000 5596.000000 0.000000 0.000000 0.000000 0.000000 18432.000000 0.000000 0.000000 7941.000000 29044.000000 2304.000000 0.000000 0.000000 0.000000 0.000000 18432.000000 0.000000 0.000000 5908.000000 2160.000000 4576.000000 0.000000 0.000000 0.000000 0.000000 24576.000000 0.000000 0.000000 8732.000000 36826.000000 5596.000000 0.000000 0.000000 0.000000 0.000000 36864.000000 46884.000000 24295.000000 0.000000 0.000000 3280.000000 23242.000000 720.000000 0.000000 0.000000 24576.000000 0.000000 0.000000 7888.000000 0.000000 2908.000000 0.000000 0.000000 0.000000 0.000000 
30
0.000000 24576.000000 0.000000 0.000000 9580.000000 34767.000000 5596.000000 0.000000 0.000000 0.000000 0.000000 18432.000000 0.000000 0.000000 8037.000000 29044.000000 2304.000000 0.000000 0.000000 0.000000 0.000000 18432.000000 0.000000 0.000000 5380.000000 2520.000000 4864.000000 0.000000 0.000000 0.000000 0.000000 24576.000000 0.000000 0.000000 1152.000000 36047.000000 6176.000000 0.000000 0.000000 0.000000 0.000000 36864.000000 46327.000000 21024.000000 0.000000 0.000000 2992.000000 19909.000000 720.000000 0.000000 0.000000 24576.000000 0.000000 0.000000 7928.000000 1024.000000 2454.000000 0.000000 0.000000 0.000000 0.000000 
31
0.000000 24576.000000 0.000000 0.000000 12024.000000 34767.000000 6176.000000 0.000000 0.000000 0.000000 0.000000 18432.000000 0.000000 0.000000 7940.000000 29950.000000 3456.000000 0.000000 0.000000 0.000000 0.000000 18432.000000 0.000000 0.000000 4424.000000 2520.000000 4464.000000 0.000000 0.000000 0.000000 0.000000 24576.000000 0.000000 0.000000 8444.000000 36466.000000 6576.000000 0.000000 0.000000 0.000000 0.000000 36864.000000 46883.000000 22055.000000 0.000000 0.000000 3568.000000 19909.000000 480.000000 0.000000 0.000000 24576.000000 0.000000 0.000000 7832.000000 1024.000000 3308.000000 0.000000 0.000000 0.000000 0.000000 
32
0.000000 30720.000000 0.000000 0.000000 3173.000000 25290.000000 8496.000000 0.000000 0.000000 0.000000 0.000000 24576.000000 0.000000 0.000000 3992.000000 11840.000000 580.000000 0.000000 0.000000 0.000000 0.000000 24576.000000 0.000000 0.000000 7264.000000 0.000000 0.000000 0.000000 0.000000 0.000000 0.000000 30720.000000 0.000000 0.000000 3514.000000 26389.000000 7242.000000 0.000000 0.000000 0.000000 0.000000 43008.000000 44676.000000 22560.000000 0.000000 0.000000 2244.000000 9472.000000 8864.000000 0.000000 0.000000 30720.000000 0.000000 0.000000 6424.000000 22336.000000 5408.000000 0.000000 0.000000 0.000000 0.000000 
33
0.000000 24576.000000 0.000000 0.000000 9736.000000 24207.000000 8590.000000 0.000000 0.000000 0.000000 0.000000 18432.000000 0.000000 0.000000 3608.000000 11840.000000 580.000000 0.000000 0.000000 0.000000 0.000000 18432.000000 0.000000 0.000000 5376.000000 0.000000 0.000000 0.000000 0.000000 0.000000 0.000000 24576.000000 0.000000 0.000000 2540.000000 28319.000000 7336.000000 0.000000 0.000000 0.000000 0.000000 36864.000000 44939.000000 23360.000000 0.000000 0.000000 2244.000000 9472.000000 9530.000000 0.000000 0.000000 24576.000000 0.000000 0.000000 7856.000000 23680.000000 5502.000000 0.000000 0.000000 0.000000 0.000000 
34
0.000000 24576.000000 0.000000 0.000000 10104.000000 24704.000000 8590.000000 0.000000 0.000000 0.000000 0.000000 18432.000000 0.000000 0.000000 3320.000000 9472.000000 580.000000 0.000000 0.000000 0.000000 0.000000 18432.000000 0.000000 0.000000 5376.000000 0.000000 0.000000 0.000000 0.000000 0.000000 0.000000 24576.000000 0.000000 0.000000 2540.000000 27978.000000 7336.000000 0.000000 0.000000 0.000000 0.000000 36864.000000 36901.000000 24064.000000 0.000000 0.000000 2244.000000 9472.000000 8386.000000 0.000000 0.000000 24576.000000 0.000000 0.000000 9272.000000 23680.000000 5502.000000 0.000000 0.000000 0.000000 0.000000 
35
0.000000 24576.000000 0.000000 0.000000 9577.000000 25610.000000 7916.000000 0.000000 0.000000 0.000000 0.000000 18432.000000 0.000000 0.000000 3992.000000 9472.000000 1834.000000 0.000000 0.000000 0.000000 0.000000 18432.000000 0.000000 0.000000 5376.000000 0.000000 0.000000 0.000000 0.000000 0.000000 0.000000 24576.000000 0.000000 0.000000 2400.000000 28397.000000 7916.000000 0.000000 0.000000 0.000000 0.000000 36864.000000 43443.000000 22560.000000 0.000000 0.000000 1496.000000 9472.000000 8386.000000 0.000000 0.000000 24576.000000 0.000000 0.000000 9328.000000 21312.000000 6082.000000 0.000000 0.000000 0.000000 0.000000 
36
0.000000 30720.000000 0.000000 0.000000 7928.000000 34176.000000 5596.000000 0.000000 0.000000 0.000000 0.000000 24576.000000 0.000000 0.000000 3994.000000 16576.000000 2406.000000 0.000000 0.000000 0.000000 0.000000 24576.000000 0.000000 0.000000 5760.000000 0.000000 3776.000000 0.000000 0.000000 0.000000 0.000000 30720.000000 0.000000 0.000000 9404.000000 35082.000000 6850.000000 0.000000 0.000000 0.000000 0.000000 43008.000000 42999.000000 12576.000000 0.000000 0.000000 3740.000000 18746.000000 480.000000 0.000000 0.000000 30720.000000 0.000000 0.000000 3552.000000 30784.000000 3762.000000 0.000000 0.000000 0.000000 0.000000 
37
0.000000 24576.000000 0.000000 0.000000 5773.000000 33152.000000 5596.000000 0.000000 0.000000 0.000000 0.000000 18432.000000 0.000000 0.000000 2840.000000 16576.000000 1152.000000 0.000000 0.000000 0.000000 0.000000 18432.000000 0.000000 0.000000 5760.000000 0.000000 3776.000000 0.000000 0.000000 0.000000 0.000000 24576.000000 0.000000 0.000000 8444.000000 35082.000000 7524.000000 0.000000 0.000000 0.000000 0.000000 36864.000000 48211.000000 11168.000000 0.000000 0.000000 3740.000000 18746.000000 480.000000 0.000000 0.000000 24576.000000 0.000000 0.000000 4184.000000 30784.000000 1654.000000 0.000000 0.000000 0.000000 0.000000 
38
0.000000 24576.000000 0.000000 0.000000 4089.000000 32832.000000 5016.000000 0.000000 0.000000 0.000000 0.000000 18432.000000 0.000000 0.000000 3416.000000 16576.000000 3456.000000 0.000000 0.000000 0.000000 0.000000 18432.000000 0.000000 0.000000 6208.000000 0.000000 3264.000000 0.000000 0.000000 0.000000 0.000000 24576.000000 0.000000 0.000000 3404.000000 35082.000000 7430.000000 0.000000 0.000000 0.000000 0.000000 36864.000000 43488.000000 11584.000000 0.000000 0.000000 3740.000000 16378.000000 240.000000 0.000000 0.000000 24576.000000 0.000000 0.000000 4664.000000 30784.000000 2054.000000 0.000000 0.000000 0.000000 0.000000 
39
0.000000 24576.000000 0.000000 0.000000 7404.000000 32832.000000 6176.000000 0.000000 0.000000 0.000000 0.000000 18432.000000 0.000000 0.000000 3416.000000 16576.000000 1152.000000 0.000000 0.000000 0.000000 0.000000 18432.000000 0.000000 0.000000 5664.000000 0.000000 3264.000000 0.000000 0.000000 0.000000 0.000000 24576.000000 0.000000 0.000000 8156.000000 35141.000000 6176.000000 0.000000 0.000000 0.000000 0.000000 36864.000000 43799.000000 12576.000000 0.000000 0.000000 3740.000000 16378.000000 240.000000 0.000000 0.000000 24576.000000 0.000000 0.000000 3840.000000 30784.000000 2908.000000 0.000000 0.000000 0.000000 0.000000 
40
0.000000 30720.000000 0.000000 0.000000 10367.000000 33152.000000 6176.000000 0.000000 0.000000 0.000000 0.000000 24576.000000 0.000000 0.000000 3032.000000 17600.000000 3456.000000 0.000000 0.000000 0.000000 0.000000 24576.000000 0.000000 0.000000 686.000000 2880.000000 4976.000000 0.000000 0.000000 0.000000 0.000000 30720.000000 0.000000 0.000000 4430.000000 35082.000000 7430.000000 0.000000 0.000000 0.000000 0.000000 43008.000000 47946.000000 23262.000000 0.000000 0.000000 3740.000000 16576.000000 240.000000 0.000000 0.000000 30720.000000 0.000000 0.000000 3896.000000 30784.000000 2508.000000 0.000000 0.000000 0.000000 0.000000 
41
0.000000 24576.000000 0.000000 0.000000 5424.000000 33152.000000 6756.000000 0.000000 0.000000 0.000000 0.000000 18432.000000 0.000000 0.000000 3896.000000 16576.000000 4710.000000 0.000000 0.000000 0.000000 0.000000 18432.000000 0.000000 0.000000 2428.000000 2520.000000 4576.000000 0.000000 0.000000 0.000000 0.000000 24576.000000 0.000000 0.000000 11688.000000 35082.000000 6850.000000 0.000000 0.000000 0.000000 0.000000 36864.000000 40303.000000 22432.000000 0.000000 0.000000 2992.000000 16576.000000 240.000000 0.000000 0.000000 24576.000000 0.000000 0.000000 3704.000000 30784.000000 3762.000000 0.000000 0.000000 0.000000 0.000000 
42
0.000000 24576.000000 0.000000 0.000000 10367.000000 33152.000000 6756.000000 0.000000 0.000000 0.000000 0.000000 18432.000000 0.000000 0.000000 3224.000000 16576.000000 4710.000000 0.000000 0.000000 0.000000 0.000000 18432.000000 0.000000 0.000000 3596.000000 2520.000000 4864.000000 0.000000 0.000000 0.000000 0.000000 24576.000000 0.000000 0.000000 6400.000000 35082.000000 6850.000000 0.000000 0.000000 0.000000 0.000000 36864.000000 47945.000000 21614.000000 0.000000 0.000000 3740.000000 16576.000000 240.000000 0.000000 0.000000 24576.000000 0.000000 0.000000 3704.000000 30784.000000 2508.000000 0.000000 0.000000 0.000000 0.000000 
43
0.000000 24576.000000 0.000000 0.000000 8660.000000 34176.000000 5596.000000 0.000000 0.000000 0.000000 0.000000 18432.000000 0.000000 0.000000 3416.000000 16576.000000 2304.000000 0.000000 0.000000 0.000000 0.000000 18432.000000 0.000000 0.000000 3368.000000 2520.000000 4864.000000 0.000000 0.000000 0.000000 0.000000 24576.000000 0.000000 0.000000 14076.000000 34117.000000 6756.000000 0.000000 0.000000 0.000000 0.000000 36864.000000 48302.000000 22087.000000 0.000000 0.000000 3740.000000 16576.000000 0.000000 0.000000 0.000000 24576.000000 0.000000 0.000000 5290.000000 30784.000000 2508.000000 0.000000 0.000000 0.000000 0.000000 
44
0.000000 24576.000000 0.000000 0.000000 8084.000000 34176.000000 5596.000000 0.000000 0.000000 0.000000 0.000000 18432.000000 0.000000 0.000000 2840.000000 16576.000000 2406.000000 0.000000 0.000000 0.000000 0.000000 18432.000000 0.000000 0.000000 5664.000000 2520.000000 3776.000000 0.000000 0.000000 0.000000 0.000000 24576.000000 0.000000 0.000000 9472.000000 35082.000000 5596.000000 0.000000 0.000000 0.000000 0.000000 36864.000000 46657.000000 33664.000000 1482.000000 0.000000 4488.000000 18746.000000 480.000000 0.000000 0.000000 24576.000000 0.000000 0.000000 6432.000000 30784.000000 3762.000000 0.000000 0.000000 0.000000 0.000000 
45
0.000000 24576.000000 0.000000 0.000000 8520.000000 33152.000000 5596.000000 0.000000 0.000000 0.000000 0.000000 18432.000000 0.000000 0.000000 3416.000000 16576.000000 1152.000000 0.000000 0.000000 0.000000 0.000000 18432.000000 0.000000 0.000000 5664.000000 2520.000000 3776.000000 0.000000 0.000000 0.000000 0.000000 24576.000000 0.000000 0.000000 9048.000000 35082.000000 7524.000000 0.000000 0.000000 0.000000 0.000000 36864.000000 46548.000000 35264.000000 0.000000 0.000000 3740.000000 18746.000000 480.000000 0.000000 0.000000 24576.000000 0.000000 0.000000 8520.000000 30784.000000 1654.000000 0.000000 0.000000 0.000000 0.000000 
46
0.000000 24832.000000 0.000000 0.000000 5670.000000 32832.000000 5596.000000 0.000000 0.000000 0.000000 0.000000 18432.000000 0.000000 0.000000 4280.000000 16576.000000 1152.000000 0.000000 0.000000 0.000000 0.000000 18688.000000 0.000000 0.000000 6208.000000 2520.000000 3264.000000 0.000000 0.000000 0.000000 0.000000 24832.000000 0.000000 0.000000 7676.000000 36106.000000 7430.000000 0.000000 0.000000 0.000000 0.000000 37120.000000 38883.000000 32128.000000 0.000000 0.000000 3740.000000 16378.000000 480.000000 0.000000 0.000000 30976.000000 0.000000 0.000000 5144.000000 30784.000000 2054.000000 0.000000 0.000000 0.000000 0.000000 
47
0.000000 24832.000000 0.000000 0.000000 8520.000000 32832.000000 5016.000000 0.000000 0.000000 0.000000 0.000000 18432.000000 0.000000 0.000000 3416.000000 16576.000000 3456.000000 0.000000 0.000000 0.000000 0.000000 18432.000000 0.000000 0.000000 5760.000000 2520.000000 3264.000000 0.000000 0.000000 0.000000 0.000000 24832.000000 0.000000 0.000000 9276.000000 34117.000000 6176.000000 0.000000 0.000000 0.000000 0.000000 37120.000000 38816.000000 33696.000000 0.000000 0.000000 3740.000000 18746.000000 480.000000 0.000000 0.000000 24832.000000 0.000000 0.000000 5472.000000 30784.000000 2908.000000 0.000000 0.000000 0.000000 0.000000 
48
0.000000 30720.000000 0.000000 0.000000 9708.000000 23242.000000 9170.000000 0.000000 0.000000 0.000000 0.000000 24576.000000 0.000000 0.000000 2936.000000 9472.000000 3088.000000 0.000000 0.000000 0.000000 0.000000 24576.000000 0.000000 0.000000 7676.000000 2160.000000 3200.000000 0.000000 0.000000 0.000000 0.000000 30720.000000 0.000000 0.000000 5680.000000 25591.000000 9170.000000 0.000000 0.000000 0.000000 0.000000 36864.000000 47744.000000 28910.000000 0.000000 0.000000 2244.000000 7104.000000 10690.000000 0.000000 0.000000 30720.000000 0.000000 0.000000 4280.000000 23680.000000 7916.000000 0.000000 0.000000 0.000000 0.000000 
49
0.000000 24576.000000 0.000000 0.000000 7457.000000 20992.000000 9170.000000 0.000000 0.000000 0.000000 0.000000 18432.000000 0.000000 0.000000 2936.000000 9472.000000 1834.000000 0.000000 0.000000 0.000000 0.000000 18432.000000 0.000000 0.000000 7640.000000 2160.000000 3200.000000 0.000000 0.000000 0.000000 0.000000 24576.000000 0.000000 0.000000 7408.000000 25591.000000 7916.000000 0.000000 0.000000 0.000000 0.000000 37632.000000 48038.000000 25134.000000 0.000000 0.000000 2244.000000 7104.000000 11842.000000 0.000000 0.000000 24576.000000 0.000000 0.000000 3800.000000 22336.000000 7916.000000 0.000000 0.000000 0.000000 0.000000 
50
0.000000 24576.000000 0.000000 0.000000 9534.000000 21519.000000 9750.000000 0.000000 0.000000 0.000000 0.000000 18432.000000 0.000000 0.000000 2936.000000 9472.000000 2414.000000 0.000000 0.000000 0.000000 0.000000 18432.000000 0.000000 0.000000 7588.000000 1800.000000 3200.000000 0.000000 0.000000 0.000000 0.000000 24576.000000 0.000000 0.000000 7792.000000 27013.000000 8496.000000 0.000000 0.000000 0.000000 0.000000 36864.000000 48037.000000 27726.000000 0.000000 0.000000 1496.000000 7104.000000 11842.000000 0.000000 0.000000 24576.000000 0.000000 0.000000 4952.000000 21312.000000 7916.000000 0.000000 0.000000 0.000000 0.000000 
51
0.000000 24576.000000 0.000000 0.000000 10104.000000 22922.000000 9170.000000 0.000000 0.000000 0.000000 0.000000 18432.000000 0.000000 0.000000 3896.000000 9472.000000 2414.000000 0.000000 0.000000 0.000000 0.000000 18432.000000 0.000000 0.000000 7488.000000 1800.000000 3200.000000 0.000000 0.000000 0.000000 0.000000 30720.000000 0.000000 0.000000 5336.000000 27072.000000 8496.000000 0.000000 0.000000 0.000000 0.000000 36864.000000 40165.000000 29504.000000 0.000000 0.000000 1496.000000 7104.000000 10682.000000 0.000000 0.000000 24576.000000 0.000000 0.000000 4844.000000 21312.000000 8496.000000 0.000000 0.000000 0.000000 0.000000 
52
0.000000 36864.000000 0.000000 0.000000 9964.000000 32714.000000 3762.000000 0.000000 0.000000 0.000000 0.000000 24576.000000 0.000000 0.000000 5923.000000 18944.000000 3456.000000 0.000000 0.000000 0.000000 0.000000 24576.000000 0.000000 0.000000 6528.000000 0.000000 4064.000000 0.000000 0.000000 0.000000 0.000000 30720.000000 0.000000 0.000000 3212.000000 34117.000000 6176.000000 0.000000 0.000000 0.000000 0.000000 43008.000000 45782.000000 16736.000000 0.000000 0.000000 2992.000000 14208.000000 0.000000 0.000000 0.000000 30720.000000 0.000000 0.000000 4334.000000 30784.000000 4248.000000 0.000000 0.000000 0.000000 0.000000 
53
0.000000 30720.000000 0.000000 0.000000 10278.000000 30405.000000 3762.000000 0.000000 0.000000 0.000000 0.000000 18432.000000 0.000000 0.000000 7026.000000 18944.000000 2304.000000 0.000000 0.000000 0.000000 0.000000 18432.000000 0.000000 0.000000 5000.000000 0.000000 4064.000000 0.000000 0.000000 0.000000 0.000000 24576.000000 0.000000 0.000000 192.000000 34117.000000 6850.000000 0.000000 0.000000 0.000000 0.000000 30720.000000 46119.000000 16736.000000 0.000000 0.000000 2992.000000 16576.000000 0.000000 0.000000 0.000000 24576.000000 0.000000 0.000000 4206.000000 30784.000000 3668.000000 0.000000 0.000000 0.000000 0.000000 
54
0.000000 30720.000000 0.000000 0.000000 9915.000000 32714.000000 3762.000000 0.000000 0.000000 0.000000 0.000000 18432.000000 0.000000 0.000000 7219.000000 16576.000000 2406.000000 0.000000 0.000000 0.000000 0.000000 18432.000000 0.000000 0.000000 6624.000000 0.000000 3664.000000 0.000000 0.000000 0.000000 0.000000 24576.000000 0.000000 0.000000 0.000000 33679.000000 7430.000000 0.000000 0.000000 0.000000 0.000000 30720.000000 46159.000000 16487.000000 0.000000 0.000000 2992.000000 16576.000000 0.000000 0.000000 0.000000 24576.000000 0.000000 0.000000 4088.000000 28416.000000 3668.000000 0.000000 0.000000 0.000000 0.000000 
55
0.000000 30720.000000 0.000000 0.000000 10237.000000 32714.000000 2508.000000 0.000000 0.000000 0.000000 0.000000 18432.000000 0.000000 0.000000 7316.000000 18944.000000 2304.000000 0.000000 0.000000 0.000000 0.000000 18432.000000 0.000000 0.000000 4280.000000 0.000000 3424.000000 0.000000 0.000000 0.000000 0.000000 24576.000000 0.000000 0.000000 8348.000000 35082.000000 6176.000000 0.000000 0.000000 0.000000 0.000000 30720.000000 46899.000000 15712.000000 0.000000 0.000000 2244.000000 16576.000000 0.000000 0.000000 0.000000 24576.000000 0.000000 0.000000 4128.000000 30784.000000 4154.000000 0.000000 0.000000 0.000000 0.000000 
56
0.000000 36864.000000 0.000000 0.000000 4810.000000 30026.000000 3762.000000 0.000000 0.000000 0.000000 0.000000 24576.000000 0.000000 0.000000 6932.000000 18944.000000 4608.000000 0.000000 0.000000 0.000000 0.000000 24576.000000 0.000000 0.000000 6736.000000 0.000000 3264.000000 0.000000 0.000000 0.000000 0.000000 30720.000000 0.000000 0.000000 2400.000000 32714.000000 6850.000000 0.000000 0.000000 0.000000 0.000000 43008.000000 0.000000 24670.000000 0.000000 0.000000 2992.000000 16576.000000 960.000000 0.000000 0.000000 30720.000000 0.000000 0.000000 7972.000000 27072.000000 2908.000000 0.000000 0.000000 0.000000 0.000000 
57
0.000000 30720.000000 0.000000 0.000000 8516.000000 31749.000000 2508.000000 0.000000 0.000000 0.000000 0.000000 18432.000000 0.000000 0.000000 7125.000000 18944.000000 4608.000000 0.000000 0.000000 0.000000 0.000000 18432.000000 0.000000 0.000000 6302.000000 0.000000 3264.000000 0.000000 0.000000 0.000000 0.000000 30720.000000 0.000000 0.000000 2732.000000 34117.000000 6176.000000 0.000000 0.000000 0.000000 0.000000 36864.000000 0.000000 22384.000000 0.000000 0.000000 2992.000000 16576.000000 960.000000 0.000000 0.000000 24576.000000 0.000000 0.000000 8120.000000 30784.000000 3762.000000 0.000000 0.000000 0.000000 0.000000 
58
0.000000 30720.000000 0.000000 0.000000 8586.000000 32453.000000 3762.000000 0.000000 0.000000 0.000000 0.000000 18432.000000 0.000000 0.000000 7124.000000 16576.000000 3456.000000 0.000000 0.000000 0.000000 0.000000 18432.000000 0.000000 0.000000 6240.000000 0.000000 3264.000000 0.000000 0.000000 0.000000 0.000000 24576.000000 0.000000 0.000000 2732.000000 34117.000000 6176.000000 0.000000 0.000000 0.000000 0.000000 36864.000000 0.000000 23262.000000 0.000000 0.000000 2992.000000 14208.000000 720.000000 0.000000 0.000000 24576.000000 0.000000 0.000000 2936.000000 30784.000000 2054.000000 0.000000 0.000000 0.000000 0.000000 
59
0.000000 30720.000000 0.000000 0.000000 4727.000000 32015.000000 3762.000000 0.000000 0.000000 0.000000 0.000000 18432.000000 0.000000 0.000000 5051.000000 18944.000000 3456.000000 0.000000 0.000000 0.000000 0.000000 18432.000000 0.000000 0.000000 6288.000000 0.000000 512.000000 0.000000 0.000000 0.000000 0.000000 24576.000000 0.000000 0.000000 7772.000000 36047.000000 6756.000000 0.000000 0.000000 0.000000 0.000000 36864.000000 0.000000 24384.000000 0.000000 0.000000 2244.000000 14208.000000 720.000000 0.000000 0.000000 24576.000000 0.000000 0.000000 9328.000000 28416.000000 2054.000000 0.000000 0.000000 0.000000 0.000000 
60
0.000000 30720.000000 0.000000 0.000000 5145.000000 33152.000000 3762.000000 0.000000 0.000000 0.000000 0.000000 18432.000000 0.000000 0.000000 7026.000000 16576.000000 4608.000000 0.000000 0.000000 0.000000 0.000000 18432.000000 0.000000 0.000000 5472.000000 0.000000 912.000000 0.000000 0.000000 0.000000 0.000000 24576.000000 0.000000 0.000000 8348.000000 32714.000000 7430.000000 0.000000 0.000000 0.000000 0.000000 30720.000000 46167.000000 29312.000000 0.000000 0.000000 2992.000000 16576.000000 0.000000 0.000000 0.000000 24576.000000 0.000000 0.000000 4184.000000 28416.000000 1254.000000 0.000000 0.000000 0.000000 0.000000 
61
0.000000 30720.000000 0.000000 0.000000 6929.000000 31808.000000 4162.000000 0.000000 0.000000 0.000000 0.000000 18432.000000 0.000000 0.000000 7219.000000 18944.000000 4608.000000 0.000000 0.000000 0.000000 0.000000 18432.000000 0.000000 0.000000 5054.000000 0.000000 800.000000 0.000000 0.000000 0.000000 0.000000 24576.000000 0.000000 0.000000 0.000000 31311.000000 8104.000000 0.000000 0.000000 0.000000 0.000000 30720.000000 37834.000000 29312.000000 0.000000 0.000000 2992.000000 14208.000000 0.000000 0.000000 0.000000 24576.000000 0.000000 0.000000 4376.000000 28416.000000 2508.000000 0.000000 0.000000 0.000000 0.000000 
62
0.000000 30976.000000 0.000000 0.000000 8029.000000 30784.000000 3762.000000 0.000000 0.000000 0.000000 0.000000 18688.000000 0.000000 0.000000 5056.000000 16576.000000 4036.000000 0.000000 0.000000 0.000000 0.000000 18432.000000 0.000000 0.000000 6400.000000 0.000000 1200.000000 0.000000 0.000000 0.000000 0.000000 24832.000000 0.000000 0.000000 0.000000 34117.000000 6756.000000 0.000000 0.000000 0.000000 0.000000 37120.000000 45834.000000 26528.000000 0.000000 0.000000 2244.000000 14208.000000 0.000000 0.000000 0.000000 24832.000000 0.000000 0.000000 4224.000000 30784.000000 2508.000000 0.000000 0.000000 0.000000 0.000000 
63
0.000000 30720.000000 0.000000 0.000000 4282.000000 30784.000000 3762.000000 0.000000 0.000000 0.000000 0.000000 18432.000000 0.000000 0.000000 7123.000000 16576.000000 4608.000000 0.000000 0.000000 0.000000 0.000000 18432.000000 0.000000 0.000000 5472.000000 0.000000 1200.000000 0.000000 0.000000 0.000000 0.000000 24576.000000 0.000000 0.000000 192.000000 34117.000000 6756.000000 0.000000 0.000000 0.000000 0.000000 36864.000000 45818.000000 27904.000000 0.000000 0.000000 2244.000000 14208.000000 0.000000 0.000000 0.000000 24576.000000 0.000000 0.000000 4128.000000 26048.000000 2508.000000 0.000000 0.000000 0.000000 0.000000 
64
0.000000 36864.000000 0.000000 0.000000 10961.000000 31370.000000 5016.000000 0.000000 0.000000 0.000000 0.000000 24576.000000 0.000000 0.000000 3896.000000 18944.000000 3456.000000 0.000000 0.000000 0.000000 0.000000 24576.000000 0.000000 0.000000 8452.000000 0.000000 3264.000000 0.000000 0.000000 0.000000 0.000000 30720.000000 0.000000 0.000000 10804.000000 35082.000000 6850.000000 0.000000 0.000000 0.000000 0.000000 43008.000000 47366.000000 23377.000000 0.000000 0.000000 2992.000000 16576.000000 960.000000 0.000000 0.000000 30720.000000 0.000000 0.000000 4472.000000 29440.000000 2908.000000 0.000000 0.000000 0.000000 0.000000 
65
0.000000 30720.000000 0.000000 0.000000 3896.000000 33679.000000 5016.000000 0.000000 0.000000 0.000000 0.000000 18432.000000 0.000000 0.000000 3032.000000 18944.000000 4608.000000 0.000000 0.000000 0.000000 0.000000 18432.000000 0.000000 0.000000 8540.000000 0.000000 3264.000000 0.000000 0.000000 0.000000 0.000000 30720.000000 0.000000 0.000000 6680.000000 32714.000000 5596.000000 0.000000 0.000000 0.000000 0.000000 36864.000000 39967.000000 22976.000000 0.000000 0.000000 2992.000000 16576.000000 960.000000 0.000000 0.000000 24576.000000 0.000000 0.000000 4272.000000 30784.000000 2908.000000 0.000000 0.000000 0.000000 0.000000 
66
0.000000 30720.000000 0.000000 0.000000 4282.000000 32773.000000 3762.000000 0.000000 0.000000 0.000000 0.000000 18432.000000 0.000000 0.000000 6928.000000 18944.000000 4608.000000 0.000000 0.000000 0.000000 0.000000 18432.000000 0.000000 0.000000 8464.000000 0.000000 0.000000 0.000000 0.000000 0.000000 0.000000 24576.000000 0.000000 0.000000 8656.000000 34176.000000 6082.000000 0.000000 0.000000 0.000000 0.000000 36864.000000 48859.000000 23589.000000 0.000000 0.000000 2992.000000 14208.000000 720.000000 0.000000 0.000000 24576.000000 0.000000 0.000000 4376.000000 30784.000000 2454.000000 0.000000 0.000000 0.000000 0.000000 
67
0.000000 30720.000000 0.000000 0.000000 8770.000000 32773.000000 2508.000000 0.000000 0.000000 0.000000 0.000000 18432.000000 0.000000 0.000000 6832.000000 16576.000000 3456.000000 0.000000 0.000000 0.000000 0.000000 18432.000000 0.000000 0.000000 8448.000000 0.000000 0.000000 0.000000 0.000000 0.000000 0.000000 30720.000000 0.000000 0.000000 5680.000000 36047.000000 6756.000000 0.000000 0.000000 0.000000 0.000000 36864.000000 47968.000000 23957.000000 0.000000 0.000000 2244.000000 14208.000000 720.000000 0.000000 0.000000 24576.000000 0.000000 0.000000 4032.000000 29440.000000 3308.000000 0.000000 0.000000 0.000000 0.000000 
68
0.000000 36864.000000 0.000000 0.000000 7975.000000 23242.000000 9170.000000 0.000000 0.000000 0.000000 0.000000 24576.000000 0.000000 0.000000 7220.000000 9472.000000 1834.000000 0.000000 0.000000 0.000000 0.000000 24576.000000 0.000000 0.000000 4800.000000 0.000000 2512.000000 0.000000 0.000000 0.000000 0.000000 30720.000000 0.000000 0.000000 3114.000000 25591.000000 8316.000000 0.000000 0.000000 0.000000 0.000000 36864.000000 41130.000000 30784.000000 0.000000 0.000000 2992.000000 9472.000000 9538.000000 0.000000 0.000000 30720.000000 0.000000 0.000000 10136.000000 22336.000000 6482.000000 0.000000 0.000000 0.000000 0.000000 
69
0.000000 30720.000000 0.000000 0.000000 12631.000000 20874.000000 9170.000000 0.000000 0.000000 0.000000 0.000000 18432.000000 0.000000 0.000000 7316.000000 9472.000000 2414.000000 0.000000 0.000000 0.000000 0.000000 18432.000000 0.000000 0.000000 4896.000000 0.000000 2800.000000 0.000000 0.000000 0.000000 0.000000 24576.000000 0.000000 0.000000 9226.000000 25591.000000 8896.000000 0.000000 0.000000 0.000000 0.000000 30720.000000 41130.000000 30368.000000 0.000000 0.000000 2992.000000 7104.000000 10690.000000 0.000000 0.000000 24576.000000 0.000000 0.000000 6724.000000 23680.000000 7062.000000 0.000000 0.000000 0.000000 0.000000 
70
0.000000 30720.000000 0.000000 0.000000 7835.000000 21578.000000 9170.000000 0.000000 0.000000 0.000000 0.000000 18432.000000 0.000000 0.000000 7316.000000 9472.000000 2414.000000 0.000000 0.000000 0.000000 0.000000 18432.000000 0.000000 0.000000 5720.000000 0.000000 2912.000000 0.000000 0.000000 0.000000 0.000000 24576.000000 0.000000 0.000000 1646.000000 27013.000000 8896.000000 0.000000 0.000000 0.000000 0.000000 30720.000000 49088.000000 27143.000000 0.000000 0.000000 2992.000000 7104.000000 10690.000000 0.000000 0.000000 24576.000000 0.000000 0.000000 5668.000000 21312.000000 7062.000000 0.000000 0.000000 0.000000 0.000000 
71
0.000000 30720.000000 0.000000 0.000000 5480.000000 22981.000000 9750.000000 0.000000 0.000000 0.000000 0.000000 18432.000000 0.000000 0.000000 7548.000000 9472.000000 1834.000000 0.000000 0.000000 0.000000 0.000000 18432.000000 0.000000 0.000000 4142.000000 0.000000 2400.000000 0.000000 0.000000 0.000000 0.000000 24576.000000 0.000000 0.000000 9226.000000 27072.000000 7916.000000 0.000000 0.000000 0.000000 0.000000 30720.000000 49211.000000 31662.000000 0.000000 0.000000 2244.000000 7104.000000 9530.000000 0.000000 0.000000 24576.000000 0.000000 0.000000 7732.000000 21312.000000 6662.000000 0.000000 0.000000 0.000000 0.000000 
72
0.000000 36864.000000 0.000000 0.000000 6340.000000 33152.000000 3762.000000 0.000000 0.000000 0.000000 0.000000 24576.000000 0.000000 0.000000 6448.000000 16576.000000 2406.000000 0.000000 0.000000 0.000000 0.000000 24576.000000 0.000000 0.000000 6208.000000 0.000000 3776.000000 0.000000 0.000000 0.000000 0.000000 30720.000000 0.000000 0.000000 0.000000 34117.000000 6850.000000 0.000000 0.000000 0.000000 0.000000 36864.000000 47009.000000 26848.000000 0.000000 0.000000 2992.000000 14208.000000 0.000000 0.000000 0.000000 30720.000000 0.000000 0.000000 4800.000000 30784.000000 1254.000000 0.000000 0.000000 0.000000 0.000000 
73
0.000000 30720.000000 0.000000 0.000000 9092.000000 34176.000000 3762.000000 0.000000 0.000000 0.000000 0.000000 18432.000000 0.000000 0.000000 6448.000000 16576.000000 2406.000000 0.000000 0.000000 0.000000 0.000000 18432.000000 0.000000 0.000000 6124.000000 0.000000 4064.000000 0.000000 0.000000 0.000000 0.000000 24576.000000 0.000000 0.000000 12724.000000 34117.000000 6850.000000 0.000000 0.000000 0.000000 0.000000 30720.000000 39057.000000 25120.000000 0.000000 0.000000 2992.000000 16576.000000 0.000000 0.000000 0.000000 24576.000000 0.000000 0.000000 2924.000000 30784.000000 2508.000000 0.000000 0.000000 0.000000 0.000000 
74
0.000000 30720.000000 0.000000 0.000000 4378.000000 34176.000000 3762.000000 0.000000 0.000000 0.000000 0.000000 18432.000000 0.000000 0.000000 3896.000000 16576.000000 2884.000000 0.000000 0.000000 0.000000 0.000000 18432.000000 0.000000 0.000000 6028.000000 0.000000 4064.000000 0.000000 0.000000 0.000000 0.000000 24576.000000 0.000000 0.000000 9760.000000 33679.000000 7430.000000 0.000000 0.000000 0.000000 0.000000 30720.000000 46989.000000 23232.000000 0.000000 0.000000 2992.000000 18746.000000 0.000000 0.000000 0.000000 24576.000000 0.000000 0.000000 5376.000000 30784.000000 2508.000000 0.000000 0.000000 0.000000 0.000000 
75
0.000000 30720.000000 0.000000 0.000000 8586.000000 31808.000000 3762.000000 0.000000 0.000000 0.000000 0.000000 18432.000000 0.000000 0.000000 2936.000000 16576.000000 3456.000000 0.000000 0.000000 0.000000 0.000000 18432.000000 0.000000 0.000000 6432.000000 0.000000 3312.000000 0.000000 0.000000 0.000000 0.000000 24576.000000 0.000000 0.000000 10104.000000 35082.000000 6176.000000 0.000000 0.000000 0.000000 0.000000 30720.000000 46766.000000 22912.000000 0.000000 0.000000 2244.000000 16576.000000 0.000000 0.000000 0.000000 24576.000000 0.000000 0.000000 4664.000000 28416.000000 2508.000000 0.000000 0.000000 0.000000 0.000000 
76
0.000000 30720.000000 0.000000 0.000000 686.000000 23680.000000 9170.000000 0.000000 0.000000 0.000000 0.000000 18432.000000 0.000000 0.000000 7360.000000 9472.000000 3088.000000 0.000000 0.000000 0.000000 0.000000 18432.000000 0.000000 0.000000 0.000000 0.000000 0.000000 0.000000 0.000000 0.000000 0.000000 24576.000000 0.000000 0.000000 12116.000000 25591.000000 9170.000000 0.000000 0.000000 0.000000 0.000000 30720.000000 48857.000000 27726.000000 0.000000 0.000000 2724.000000 7104.000000 11262.000000 0.000000 0.000000 24576.000000 0.000000 0.000000 6061.000000 21312.000000 7916.000000 0.000000 0.000000 0.000000 0.000000 
77
0.000000 30720.000000 0.000000 0.000000 4046.000000 21839.000000 9844.000000 0.000000 0.000000 0.000000 0.000000 18432.000000 0.000000 0.000000 5873.000000 9472.000000 3088.000000 0.000000 0.000000 0.000000 0.000000 18432.000000 0.000000 0.000000 0.000000 0.000000 0.000000 0.000000 0.000000 0.000000 0.000000 24576.000000 0.000000 0.000000 10000.000000 25591.000000 9170.000000 0.000000 0.000000 0.000000 0.000000 30720.000000 49237.000000 28720.000000 0.000000 0.000000 748.000000 7104.000000 11842.000000 0.000000 0.000000 24576.000000 0.000000 0.000000 2840.000000 22336.000000 7336.000000 0.000000 0.000000 0.000000 0.000000 
78
0.000000 30976.000000 0.000000 0.000000 3514.000000 24645.000000 9750.000000 0.000000 0.000000 0.000000 0.000000 18688.000000 0.000000 0.000000 5873.000000 9472.000000 3668.000000 0.000000 0.000000 0.000000 0.000000 24832.000000 0.000000 0.000000 3368.000000 0.000000 0.000000 0.000000 0.000000 0.000000 0.000000 24832.000000 0.000000 0.000000 4568.000000 27013.000000 8496.000000 0.000000 0.000000 0.000000 0.000000 37120.000000 41239.000000 29376.000000 0.000000 0.000000 3108.000000 7104.000000 11262.000000 0.000000 0.000000 24832.000000 0.000000 0.000000 7392.000000 21312.000000 7916.000000 0.000000 0.000000 0.000000 0.000000 
79
0.000000 30976.000000 0.000000 0.000000 3418.000000 21839.000000 9750.000000 0.000000 0.000000 0.000000 0.000000 18688.000000 0.000000 0.000000 6061.000000 9472.000000 3668.000000 0.000000 0.000000 0.000000 0.000000 18688.000000 0.000000 0.000000 0.000000 0.000000 0.000000 0.000000 0.000000 0.000000 0.000000 24832.000000 0.000000 0.000000 10612.000000 27072.000000 9750.000000 0.000000 0.000000 0.000000 0.000000 37120.000000 49311.000000 23359.000000 0.000000 0.000000 2992.000000 7104.000000 11262.000000 0.000000 0.000000 24832.000000 0.000000 0.000000 7216.000000 21312.000000 7242.000000 0.000000 0.000000 0.000000 0.000000 
