0
0.000000 2219866.000000 500950.000000 8464.000000 14088.000000 30103.000000 0.000000 0.000000 0.000000 0.000000 0.000000 2710175.000000 11921.000000 7632.000000 36511.000000 7680.000000 0.000000 0.000000 0.000000 0.000000 0.000000 2710175.000000 11921.000000 7632.000000 42655.000000 1536.000000 0.000000 0.000000 0.000000 0.000000 0.000000 2098906.000000 622678.000000 7632.000000 36511.000000 7680.000000 0.000000 0.000000 0.000000 0.000000 0.000000 119907.000000 2718781.000000 30186.000000 12384.000000 6400.000000 40095.000000 0.000000 0.000000 0.000000 0.000000 2164570.000000 556230.000000 8976.000000 14088.000000 30103.000000 0.000000 0.000000 0.000000 0.000000 0.000000 
1
0.000000 2219866.000000 500950.000000 8464.000000 14088.000000 30103.000000 0.000000 0.000000 0.000000 0.000000 0.000000 2710175.000000 11921.000000 7632.000000 36511.000000 7680.000000 0.000000 0.000000 0.000000 0.000000 0.000000 2710175.000000 11921.000000 7632.000000 42655.000000 1536.000000 0.000000 0.000000 0.000000 0.000000 0.000000 2098906.000000 622678.000000 7632.000000 36511.000000 7680.000000 0.000000 0.000000 0.000000 0.000000 0.000000 119907.000000 2718781.000000 30186.000000 12384.000000 6400.000000 40095.000000 0.000000 0.000000 0.000000 0.000000 2164570.000000 556230.000000 8976.000000 14088.000000 30103.000000 0.000000 0.000000 0.000000 0.000000 0.000000 
2
0.000000 2219866.000000 500950.000000 8464.000000 14088.000000 30103.000000 0.000000 0.000000 0.000000 0.000000 0.000000 2710175.000000 11921.000000 7632.000000 36511.000000 7680.000000 0.000000 0.000000 0.000000 0.000000 0.000000 2710175.000000 11921.000000 7632.000000 42655.000000 1536.000000 0.000000 0.000000 0.000000 0.000000 0.000000 2098906.000000 622678.000000 7632.000000 36511.000000 7680.000000 0.000000 0.000000 0.000000 0.000000 0.000000 119907.000000 2718781.000000 30186.000000 12384.000000 6400.000000 40095.000000 0.000000 0.000000 0.000000 0.000000 2164570.000000 556230.000000 8976.000000 14088.000000 30103.000000 0.000000 0.000000 0.000000 0.000000 0.000000 
3
0.000000 2219866.000000 500950.000000 8464.000000 14088.000000 30103.000000 0.000000 0.000000 0.000000 0.000000 0.000000 2710175.000000 11921.000000 7632.000000 36511.000000 7680.000000 0.000000 0.000000 0.000000 0.000000 0.000000 2710175.000000 11921.000000 7632.000000 42655.000000 1536.000000 0.000000 0.000000 0.000000 0.000000 0.000000 2098906.000000 622678.000000 7632.000000 36511.000000 7680.000000 0.000000 0.000000 0.000000 0.000000 0.000000 119907.000000 2718781.000000 30186.000000 12384.000000 6400.000000 40095.000000 0.000000 0.000000 0.000000 0.000000 2164570.000000 556230.000000 8976.000000 14088.000000 30103.000000 0.000000 0.000000 0.000000 0.000000 0.000000 
4
0.000000 2219370.000000 526966.000000 8272.000000 13980.000000 31183.000000 0.000000 0.000000 0.000000 0.000000 0.000000 2743999.000000 11105.000000 7632.000000 19888.000000 25275.000000 0.000000 0.000000 0.000000 0.000000 0.000000 2743999.000000 11105.000000 7632.000000 43627.000000 1536.000000 0.000000 0.000000 0.000000 0.000000 0.000000 2227562.000000 527030.000000 7632.000000 37483.000000 7680.000000 0.000000 0.000000 0.000000 0.000000 0.000000 137715.000000 2715229.000000 32890.000000 13856.000000 8016.000000 39451.000000 0.000000 0.000000 0.000000 0.000000 2237930.000000 516518.000000 8272.000000 13980.000000 31183.000000 0.000000 0.000000 0.000000 0.000000 0.000000 
5
0.000000 2219370.000000 526966.000000 8272.000000 13980.000000 31183.000000 0.000000 0.000000 0.000000 0.000000 0.000000 2743999.000000 11105.000000 7632.000000 19888.000000 25275.000000 0.000000 0.000000 0.000000 0.000000 0.000000 2743999.000000 11105.000000 7632.000000 43627.000000 1536.000000 0.000000 0.000000 0.000000 0.000000 0.000000 2227562.000000 527030.000000 7632.000000 37483.000000 7680.000000 0.000000 0.000000 0.000000 0.000000 0.000000 137715.000000 2715229.000000 32890.000000 13856.000000 8016.000000 39451.000000 0.000000 0.000000 0.000000 0.000000 2237930.000000 516518.000000 8272.000000 13980.000000 31183.000000 0.000000 0.000000 0.000000 0.000000 0.000000 
6
0.000000 2219370.000000 526966.000000 8272.000000 13980.000000 31183.000000 0.000000 0.000000 0.000000 0.000000 0.000000 2743999.000000 11105.000000 7632.000000 19888.000000 25275.000000 0.000000 0.000000 0.000000 0.000000 0.000000 2743999.000000 11105.000000 7632.000000 43627.000000 1536.000000 0.000000 0.000000 0.000000 0.000000 0.000000 2227562.000000 527030.000000 7632.000000 37483.000000 7680.000000 0.000000 0.000000 0.000000 0.000000 0.000000 137715.000000 2715229.000000 32890.000000 13856.000000 8016.000000 39451.000000 0.000000 0.000000 0.000000 0.000000 2237930.000000 516518.000000 8272.000000 13980.000000 31183.000000 0.000000 0.000000 0.000000 0.000000 0.000000 
7
0.000000 2219370.000000 526966.000000 8272.000000 13980.000000 31183.000000 0.000000 0.000000 0.000000 0.000000 0.000000 2743999.000000 11105.000000 7632.000000 19888.000000 25275.000000 0.000000 0.000000 0.000000 0.000000 0.000000 2743999.000000 11105.000000 7632.000000 43627.000000 1536.000000 0.000000 0.000000 0.000000 0.000000 0.000000 2227562.000000 527030.000000 7632.000000 37483.000000 7680.000000 0.000000 0.000000 0.000000 0.000000 0.000000 137715.000000 2715229.000000 32890.000000 13856.000000 8016.000000 39451.000000 0.000000 0.000000 0.000000 0.000000 2237930.000000 516518.000000 8272.000000 13980.000000 31183.000000 0.000000 0.000000 0.000000 0.000000 0.000000 
8
0.000000 2217418.000000 553846.000000 8272.000000 15732.000000 28879.000000 0.000000 0.000000 0.000000 0.000000 0.000000 2757407.000000 17058.000000 7440.000000 20104.000000 24507.000000 0.000000 0.000000 0.000000 0.000000 0.000000 2757407.000000 15137.000000 7440.000000 37699.000000 6912.000000 0.000000 0.000000 0.000000 0.000000 0.000000 2169034.000000 602998.000000 7440.000000 37699.000000 6912.000000 0.000000 0.000000 0.000000 0.000000 0.000000 155891.000000 2718533.000000 35578.000000 15392.000000 6400.000000 40515.000000 0.000000 0.000000 0.000000 0.000000 2134474.000000 636774.000000 8784.000000 14196.000000 30415.000000 0.000000 0.000000 0.000000 0.000000 0.000000 
9
0.000000 2217418.000000 553846.000000 8272.000000 15732.000000 28879.000000 0.000000 0.000000 0.000000 0.000000 0.000000 2757407.000000 17058.000000 7440.000000 20104.000000 24507.000000 0.000000 0.000000 0.000000 0.000000 0.000000 2757407.000000 15137.000000 7440.000000 37699.000000 6912.000000 0.000000 0.000000 0.000000 0.000000 0.000000 2169034.000000 602998.000000 7440.000000 37699.000000 6912.000000 0.000000 0.000000 0.000000 0.000000 0.000000 155891.000000 2718533.000000 35578.000000 15392.000000 6400.000000 40515.000000 0.000000 0.000000 0.000000 0.000000 2134474.000000 636774.000000 8784.000000 14196.000000 30415.000000 0.000000 0.000000 0.000000 0.000000 0.000000 
10
0.000000 2217418.000000 553846.000000 8272.000000 15732.000000 28879.000000 0.000000 0.000000 0.000000 0.000000 0.000000 2757407.000000 17058.000000 7440.000000 20104.000000 24507.000000 0.000000 0.000000 0.000000 0.000000 0.000000 2757407.000000 15137.000000 7440.000000 37699.000000 6912.000000 0.000000 0.000000 0.000000 0.000000 0.000000 2169034.000000 602998.000000 7440.000000 37699.000000 6912.000000 0.000000 0.000000 0.000000 0.000000 0.000000 155891.000000 2718533.000000 35578.000000 15392.000000 6400.000000 40515.000000 0.000000 0.000000 0.000000 0.000000 2134474.000000 636774.000000 8784.000000 14196.000000 30415.000000 0.000000 0.000000 0.000000 0.000000 0.000000 
11
0.000000 2217418.000000 553846.000000 8272.000000 15732.000000 28879.000000 0.000000 0.000000 0.000000 0.000000 0.000000 2757407.000000 17058.000000 7440.000000 20104.000000 24507.000000 0.000000 0.000000 0.000000 0.000000 0.000000 2757407.000000 15137.000000 7440.000000 37699.000000 6912.000000 0.000000 0.000000 0.000000 0.000000 0.000000 2169034.000000 602998.000000 7440.000000 37699.000000 6912.000000 0.000000 0.000000 0.000000 0.000000 0.000000 155891.000000 2718533.000000 35578.000000 15392.000000 6400.000000 40515.000000 0.000000 0.000000 0.000000 0.000000 2134474.000000 636774.000000 8784.000000 14196.000000 30415.000000 0.000000 0.000000 0.000000 0.000000 0.000000 
12
0.000000 2217514.000000 553846.000000 8368.000000 15860.000000 29647.000000 0.000000 0.000000 0.000000 0.000000 0.000000 2757503.000000 15137.000000 7536.000000 20232.000000 25275.000000 0.000000 0.000000 0.000000 0.000000 0.000000 2757503.000000 15137.000000 7536.000000 43971.000000 1536.000000 0.000000 0.000000 0.000000 0.000000 0.000000 2165674.000000 606454.000000 7536.000000 37827.000000 7680.000000 0.000000 0.000000 0.000000 0.000000 0.000000 161955.000000 2718845.000000 35578.000000 15488.000000 6528.000000 41283.000000 0.000000 0.000000 0.000000 0.000000 2124202.000000 647078.000000 8880.000000 14324.000000 31183.000000 0.000000 0.000000 0.000000 0.000000 0.000000 
13
0.000000 2217514.000000 553846.000000 8368.000000 15860.000000 29647.000000 0.000000 0.000000 0.000000 0.000000 0.000000 2757503.000000 15137.000000 7536.000000 20232.000000 25275.000000 0.000000 0.000000 0.000000 0.000000 0.000000 2757503.000000 15137.000000 7536.000000 43971.000000 1536.000000 0.000000 0.000000 0.000000 0.000000 0.000000 2165674.000000 606454.000000 7536.000000 37827.000000 7680.000000 0.000000 0.000000 0.000000 0.000000 0.000000 161955.000000 2718845.000000 35578.000000 15488.000000 6528.000000 41283.000000 0.000000 0.000000 0.000000 0.000000 2124202.000000 647078.000000 8880.000000 14324.000000 31183.000000 0.000000 0.000000 0.000000 0.000000 0.000000 
14
0.000000 2217514.000000 553846.000000 8368.000000 15860.000000 29647.000000 0.000000 0.000000 0.000000 0.000000 0.000000 2757503.000000 15137.000000 7536.000000 20232.000000 25275.000000 0.000000 0.000000 0.000000 0.000000 0.000000 2757503.000000 15137.000000 7536.000000 43971.000000 1536.000000 0.000000 0.000000 0.000000 0.000000 0.000000 2165674.000000 606454.000000 7536.000000 37827.000000 7680.000000 0.000000 0.000000 0.000000 0.000000 0.000000 161955.000000 2718845.000000 35578.000000 15488.000000 6528.000000 41283.000000 0.000000 0.000000 0.000000 0.000000 2124202.000000 647078.000000 8880.000000 14324.000000 31183.000000 0.000000 0.000000 0.000000 0.000000 0.000000 
15
0.000000 2217514.000000 553846.000000 8368.000000 15860.000000 29647.000000 0.000000 0.000000 0.000000 0.000000 0.000000 2757503.000000 15137.000000 7536.000000 20232.000000 25275.000000 0.000000 0.000000 0.000000 0.000000 0.000000 2757503.000000 15137.000000 7536.000000 43971.000000 1536.000000 0.000000 0.000000 0.000000 0.000000 0.000000 2165674.000000 606454.000000 7536.000000 37827.000000 7680.000000 0.000000 0.000000 0.000000 0.000000 0.000000 161955.000000 2718845.000000 35578.000000 15488.000000 6528.000000 41283.000000 0.000000 0.000000 0.000000 0.000000 2124202.000000 647078.000000 8880.000000 14324.000000 31183.000000 0.000000 0.000000 0.000000 0.000000 0.000000 
16
0.000000 2217418.000000 331084.000000 8368.000000 15604.000000 29647.000000 0.000000 0.000000 0.000000 0.000000 0.000000 2536181.000000 13601.000000 7536.000000 19976.000000 25275.000000 0.000000 0.000000 0.000000 0.000000 0.000000 2536181.000000 13601.000000 7536.000000 37571.000000 7680.000000 0.000000 0.000000 0.000000 0.000000 0.000000 2172490.000000 376780.000000 7536.000000 37571.000000 7680.000000 0.000000 0.000000 0.000000 0.000000 0.000000 155891.000000 2497307.000000 33657.000000 13952.000000 6272.000000 41283.000000 0.000000 0.000000 0.000000 0.000000 2141386.000000 407036.000000 8880.000000 14068.000000 31183.000000 0.000000 0.000000 0.000000 0.000000 0.000000 
17
0.000000 2217418.000000 331084.000000 8368.000000 15604.000000 29647.000000 0.000000 0.000000 0.000000 0.000000 0.000000 2536181.000000 13601.000000 7536.000000 19976.000000 25275.000000 0.000000 0.000000 0.000000 0.000000 0.000000 2536181.000000 13601.000000 7536.000000 37571.000000 7680.000000 0.000000 0.000000 0.000000 0.000000 0.000000 2172490.000000 376780.000000 7536.000000 37571.000000 7680.000000 0.000000 0.000000 0.000000 0.000000 0.000000 155891.000000 2497307.000000 33657.000000 13952.000000 6272.000000 41283.000000 0.000000 0.000000 0.000000 0.000000 2141386.000000 407036.000000 8880.000000 14068.000000 31183.000000 0.000000 0.000000 0.000000 0.000000 0.000000 
18
0.000000 2217418.000000 331084.000000 8368.000000 15604.000000 29647.000000 0.000000 0.000000 0.000000 0.000000 0.000000 2536181.000000 13601.000000 7536.000000 19976.000000 25275.000000 0.000000 0.000000 0.000000 0.000000 0.000000 2536181.000000 13601.000000 7536.000000 37571.000000 7680.000000 0.000000 0.000000 0.000000 0.000000 0.000000 2172490.000000 376780.000000 7536.000000 37571.000000 7680.000000 0.000000 0.000000 0.000000 0.000000 0.000000 155891.000000 2497307.000000 33657.000000 13952.000000 6272.000000 41283.000000 0.000000 0.000000 0.000000 0.000000 2141386.000000 407036.000000 8880.000000 14068.000000 31183.000000 0.000000 0.000000 0.000000 0.000000 0.000000 
19
0.000000 2217418.000000 331084.000000 8368.000000 15604.000000 29647.000000 0.000000 0.000000 0.000000 0.000000 0.000000 2536181.000000 13601.000000 7536.000000 19976.000000 25275.000000 0.000000 0.000000 0.000000 0.000000 0.000000 2536181.000000 13601.000000 7536.000000 37571.000000 7680.000000 0.000000 0.000000 0.000000 0.000000 0.000000 2172490.000000 376780.000000 7536.000000 37571.000000 7680.000000 0.000000 0.000000 0.000000 0.000000 0.000000 155891.000000 2497307.000000 33657.000000 13952.000000 6272.000000 41283.000000 0.000000 0.000000 0.000000 0.000000 2141386.000000 407036.000000 8880.000000 14068.000000 31183.000000 0.000000 0.000000 0.000000 0.000000 0.000000 
20
0.000000 2217578.000000 330988.000000 5200.000000 15752.000000 29647.000000 0.000000 0.000000 0.000000 0.000000 0.000000 2536341.000000 13505.000000 4368.000000 20124.000000 25275.000000 0.000000 0.000000 0.000000 0.000000 0.000000 2536341.000000 13505.000000 4368.000000 37719.000000 7680.000000 0.000000 0.000000 0.000000 0.000000 0.000000 2179562.000000 369772.000000 4368.000000 37719.000000 7680.000000 0.000000 0.000000 0.000000 0.000000 0.000000 161011.000000 2497571.000000 33657.000000 10688.000000 6528.000000 41175.000000 0.000000 0.000000 0.000000 0.000000 2151914.000000 396636.000000 5712.000000 14216.000000 31183.000000 0.000000 0.000000 0.000000 0.000000 0.000000 
21
0.000000 2217578.000000 330988.000000 5200.000000 15752.000000 29647.000000 0.000000 0.000000 0.000000 0.000000 0.000000 2536341.000000 13505.000000 4368.000000 20124.000000 25275.000000 0.000000 0.000000 0.000000 0.000000 0.000000 2536341.000000 13505.000000 4368.000000 37719.000000 7680.000000 0.000000 0.000000 0.000000 0.000000 0.000000 2179562.000000 369772.000000 4368.000000 37719.000000 7680.000000 0.000000 0.000000 0.000000 0.000000 0.000000 161011.000000 2497571.000000 33657.000000 10688.000000 6528.000000 41175.000000 0.000000 0.000000 0.000000 0.000000 2151914.000000 396636.000000 5712.000000 14216.000000 31183.000000 0.000000 0.000000 0.000000 0.000000 0.000000 
22
0.000000 2217578.000000 330988.000000 5200.000000 15752.000000 29647.000000 0.000000 0.000000 0.000000 0.000000 0.000000 2536341.000000 13505.000000 4368.000000 20124.000000 25275.000000 0.000000 0.000000 0.000000 0.000000 0.000000 2536341.000000 13505.000000 4368.000000 37719.000000 7680.000000 0.000000 0.000000 0.000000 0.000000 0.000000 2179562.000000 369772.000000 4368.000000 37719.000000 7680.000000 0.000000 0.000000 0.000000 0.000000 0.000000 161011.000000 2497571.000000 33657.000000 10688.000000 6528.000000 41175.000000 0.000000 0.000000 0.000000 0.000000 2151914.000000 396636.000000 5712.000000 14216.000000 31183.000000 0.000000 0.000000 0.000000 0.000000 0.000000 
23
0.000000 2217578.000000 330988.000000 5200.000000 15752.000000 29647.000000 0.000000 0.000000 0.000000 0.000000 0.000000 2536341.000000 13505.000000 4368.000000 20124.000000 25275.000000 0.000000 0.000000 0.000000 0.000000 0.000000 2536341.000000 13505.000000 4368.000000 37719.000000 7680.000000 0.000000 0.000000 0.000000 0.000000 0.000000 2179562.000000 369772.000000 4368.000000 37719.000000 7680.000000 0.000000 0.000000 0.000000 0.000000 0.000000 161011.000000 2497571.000000 33657.000000 10688.000000 6528.000000 41175.000000 0.000000 0.000000 0.000000 0.000000 2151914.000000 396636.000000 5712.000000 14216.000000 31183.000000 0.000000 0.000000 0.000000 0.000000 0.000000 
24
0.000000 2217418.000000 332620.000000 7760.000000 15624.000000 28559.000000 0.000000 0.000000 0.000000 0.000000 0.000000 2536181.000000 15137.000000 6928.000000 19996.000000 24187.000000 0.000000 0.000000 0.000000 0.000000 0.000000 2536181.000000 15137.000000 6928.000000 36503.000000 7680.000000 0.000000 0.000000 0.000000 0.000000 0.000000 2172490.000000 378380.000000 6928.000000 36503.000000 7680.000000 0.000000 0.000000 0.000000 0.000000 0.000000 162035.000000 2497307.000000 33657.000000 14880.000000 6400.000000 40087.000000 0.000000 0.000000 0.000000 0.000000 2134474.000000 415484.000000 8272.000000 14088.000000 30095.000000 0.000000 0.000000 0.000000 0.000000 0.000000 
25
0.000000 2217418.000000 332620.000000 7760.000000 15624.000000 28559.000000 0.000000 0.000000 0.000000 0.000000 0.000000 2536181.000000 15137.000000 6928.000000 19996.000000 24187.000000 0.000000 0.000000 0.000000 0.000000 0.000000 2536181.000000 15137.000000 6928.000000 36503.000000 7680.000000 0.000000 0.000000 0.000000 0.000000 0.000000 2172490.000000 378380.000000 6928.000000 36503.000000 7680.000000 0.000000 0.000000 0.000000 0.000000 0.000000 162035.000000 2497307.000000 33657.000000 14880.000000 6400.000000 40087.000000 0.000000 0.000000 0.000000 0.000000 2134474.000000 415484.000000 8272.000000 14088.000000 30095.000000 0.000000 0.000000 0.000000 0.000000 0.000000 
26
0.000000 2217418.000000 332620.000000 7760.000000 15624.000000 28559.000000 0.000000 0.000000 0.000000 0.000000 0.000000 2536181.000000 15137.000000 6928.000000 19996.000000 24187.000000 0.000000 0.000000 0.000000 0.000000 0.000000 2536181.000000 15137.000000 6928.000000 36503.000000 7680.000000 0.000000 0.000000 0.000000 0.000000 0.000000 2172490.000000 378380.000000 6928.000000 36503.000000 7680.000000 0.000000 0.000000 0.000000 0.000000 0.000000 162035.000000 2497307.000000 33657.000000 14880.000000 6400.000000 40087.000000 0.000000 0.000000 0.000000 0.000000 2134474.000000 415484.000000 8272.000000 14088.000000 30095.000000 0.000000 0.000000 0.000000 0.000000 0.000000 
27
0.000000 2217418.000000 332620.000000 7760.000000 15624.000000 28559.000000 0.000000 0.000000 0.000000 0.000000 0.000000 2536181.000000 15137.000000 6928.000000 19996.000000 24187.000000 0.000000 0.000000 0.000000 0.000000 0.000000 2536181.000000 15137.000000 6928.000000 36503.000000 7680.000000 0.000000 0.000000 0.000000 0.000000 0.000000 2172490.000000 378380.000000 6928.000000 36503.000000 7680.000000 0.000000 0.000000 0.000000 0.000000 0.000000 162035.000000 2497307.000000 33657.000000 14880.000000 6400.000000 40087.000000 0.000000 0.000000 0.000000 0.000000 2134474.000000 415484.000000 8272.000000 14088.000000 30095.000000 0.000000 0.000000 0.000000 0.000000 0.000000 
28
0.000000 2217274.000000 332620.000000 8240.000000 15732.000000 29647.000000 0.000000 0.000000 0.000000 0.000000 0.000000 2536037.000000 15137.000000 7408.000000 20104.000000 25275.000000 0.000000 0.000000 0.000000 0.000000 0.000000 2536037.000000 15137.000000 7408.000000 43843.000000 1536.000000 0.000000 0.000000 0.000000 0.000000 0.000000 2165434.000000 385228.000000 7408.000000 37699.000000 7680.000000 0.000000 0.000000 0.000000 0.000000 0.000000 162035.000000 2491099.000000 33657.000000 15488.000000 6272.000000 41283.000000 0.000000 0.000000 0.000000 0.000000 2134330.000000 415484.000000 8752.000000 14196.000000 31183.000000 0.000000 0.000000 0.000000 0.000000 0.000000 
29
0.000000 2217274.000000 332620.000000 8240.000000 15732.000000 29647.000000 0.000000 0.000000 0.000000 0.000000 0.000000 2536037.000000 15137.000000 7408.000000 20104.000000 25275.000000 0.000000 0.000000 0.000000 0.000000 0.000000 2536037.000000 15137.000000 7408.000000 43843.000000 1536.000000 0.000000 0.000000 0.000000 0.000000 0.000000 2165434.000000 385228.000000 7408.000000 37699.000000 7680.000000 0.000000 0.000000 0.000000 0.000000 0.000000 162035.000000 2491099.000000 33657.000000 15488.000000 6272.000000 41283.000000 0.000000 0.000000 0.000000 0.000000 2134330.000000 415484.000000 8752.000000 14196.000000 31183.000000 0.000000 0.000000 0.000000 0.000000 0.000000 
30
0.000000 2217274.000000 332620.000000 8240.000000 15732.000000 29647.000000 0.000000 0.000000 0.000000 0.000000 0.000000 2536037.000000 15137.000000 7408.000000 20104.000000 25275.000000 0.000000 0.000000 0.000000 0.000000 0.000000 2536037.000000 15137.000000 7408.000000 43843.000000 1536.000000 0.000000 0.000000 0.000000 0.000000 0.000000 2165434.000000 385228.000000 7408.000000 37699.000000 7680.000000 0.000000 0.000000 0.000000 0.000000 0.000000 162035.000000 2491099.000000 33657.000000 15488.000000 6272.000000 41283.000000 0.000000 0.000000 0.000000 0.000000 2134330.000000 415484.000000 8752.000000 14196.000000 31183.000000 0.000000 0.000000 0.000000 0.000000 0.000000 
31
0.000000 2217274.000000 332620.000000 8240.000000 15732.000000 29647.000000 0.000000 0.000000 0.000000 0.000000 0.000000 2536037.000000 15137.000000 7408.000000 20104.000000 25275.000000 0.000000 0.000000 0.000000 0.000000 0.000000 2536037.000000 15137.000000 7408.000000 43843.000000 1536.000000 0.000000 0.000000 0.000000 0.000000 0.000000 2165434.000000 385228.000000 7408.000000 37699.000000 7680.000000 0.000000 0.000000 0.000000 0.000000 0.000000 162035.000000 2491099.000000 33657.000000 15488.000000 6272.000000 41283.000000 0.000000 0.000000 0.000000 0.000000 2134330.000000 415484.000000 8752.000000 14196.000000 31183.000000 0.000000 0.000000 0.000000 0.000000 0.000000 
32
0.000000 2220298.000000 322924.000000 7728.000000 15496.000000 29647.000000 0.000000 0.000000 0.000000 0.000000 0.000000 2529365.000000 15137.000000 6896.000000 19868.000000 25275.000000 0.000000 0.000000 0.000000 0.000000 0.000000 2529365.000000 15137.000000 6896.000000 37463.000000 7680.000000 0.000000 0.000000 0.000000 0.000000 0.000000 2189194.000000 354796.000000 6896.000000 37463.000000 7680.000000 0.000000 0.000000 0.000000 0.000000 0.000000 159907.000000 2490459.000000 33657.000000 15488.000000 5632.000000 41175.000000 0.000000 0.000000 0.000000 0.000000 2168458.000000 374764.000000 9008.000000 13960.000000 31183.000000 0.000000 0.000000 0.000000 0.000000 0.000000 
33
0.000000 2220298.000000 322924.000000 7728.000000 15496.000000 29647.000000 0.000000 0.000000 0.000000 0.000000 0.000000 2529365.000000 15137.000000 6896.000000 19868.000000 25275.000000 0.000000 0.000000 0.000000 0.000000 0.000000 2529365.000000 15137.000000 6896.000000 37463.000000 7680.000000 0.000000 0.000000 0.000000 0.000000 0.000000 2189194.000000 354796.000000 6896.000000 37463.000000 7680.000000 0.000000 0.000000 0.000000 0.000000 0.000000 159907.000000 2490459.000000 33657.000000 15488.000000 5632.000000 41175.000000 0.000000 0.000000 0.000000 0.000000 2168458.000000 374764.000000 9008.000000 13960.000000 31183.000000 0.000000 0.000000 0.000000 0.000000 0.000000 
34
0.000000 2220298.000000 322924.000000 7728.000000 15496.000000 29647.000000 0.000000 0.000000 0.000000 0.000000 0.000000 2529365.000000 15137.000000 6896.000000 19868.000000 25275.000000 0.000000 0.000000 0.000000 0.000000 0.000000 2529365.000000 15137.000000 6896.000000 37463.000000 7680.000000 0.000000 0.000000 0.000000 0.000000 0.000000 2189194.000000 354796.000000 6896.000000 37463.000000 7680.000000 0.000000 0.000000 0.000000 0.000000 0.000000 159907.000000 2490459.000000 33657.000000 15488.000000 5632.000000 41175.000000 0.000000 0.000000 0.000000 0.000000 2168458.000000 374764.000000 9008.000000 13960.000000 31183.000000 0.000000 0.000000 0.000000 0.000000 0.000000 
35
0.000000 2220298.000000 322924.000000 7728.000000 15496.000000 29647.000000 0.000000 0.000000 0.000000 0.000000 0.000000 2529365.000000 15137.000000 6896.000000 19868.000000 25275.000000 0.000000 0.000000 0.000000 0.000000 0.000000 2529365.000000 15137.000000 6896.000000 37463.000000 7680.000000 0.000000 0.000000 0.000000 0.000000 0.000000 2189194.000000 354796.000000 6896.000000 37463.000000 7680.000000 0.000000 0.000000 0.000000 0.000000 0.000000 159907.000000 2490459.000000 33657.000000 15488.000000 5632.000000 41175.000000 0.000000 0.000000 0.000000 0.000000 2168458.000000 374764.000000 9008.000000 13960.000000 31183.000000 0.000000 0.000000 0.000000 0.000000 0.000000 
36
0.000000 2217514.000000 332620.000000 6928.000000 15732.000000 29643.000000 0.000000 0.000000 0.000000 0.000000 0.000000 2536277.000000 17058.000000 6096.000000 20104.000000 25271.000000 0.000000 0.000000 0.000000 0.000000 0.000000 2536277.000000 17058.000000 6096.000000 43839.000000 1536.000000 0.000000 0.000000 0.000000 0.000000 0.000000 2165674.000000 385292.000000 6096.000000 37695.000000 7680.000000 0.000000 0.000000 0.000000 0.000000 0.000000 162035.000000 2494035.000000 33657.000000 15584.000000 4864.000000 41279.000000 0.000000 0.000000 0.000000 0.000000 2131114.000000 418940.000000 7440.000000 14196.000000 31179.000000 0.000000 0.000000 0.000000 0.000000 0.000000 
37
0.000000 2217514.000000 332620.000000 6928.000000 15732.000000 29643.000000 0.000000 0.000000 0.000000 0.000000 0.000000 2536277.000000 17058.000000 6096.000000 20104.000000 25271.000000 0.000000 0.000000 0.000000 0.000000 0.000000 2536277.000000 17058.000000 6096.000000 43839.000000 1536.000000 0.000000 0.000000 0.000000 0.000000 0.000000 2165674.000000 385292.000000 6096.000000 37695.000000 7680.000000 0.000000 0.000000 0.000000 0.000000 0.000000 162035.000000 2494035.000000 33657.000000 15584.000000 4864.000000 41279.000000 0.000000 0.000000 0.000000 0.000000 2131114.000000 418940.000000 7440.000000 14196.000000 31179.000000 0.000000 0.000000 0.000000 0.000000 0.000000 
38
0.000000 2217514.000000 332620.000000 6928.000000 15732.000000 29643.000000 0.000000 0.000000 0.000000 0.000000 0.000000 2536277.000000 17058.000000 6096.000000 20104.000000 25271.000000 0.000000 0.000000 0.000000 0.000000 0.000000 2536277.000000 17058.000000 6096.000000 43839.000000 1536.000000 0.000000 0.000000 0.000000 0.000000 0.000000 2165674.000000 385292.000000 6096.000000 37695.000000 7680.000000 0.000000 0.000000 0.000000 0.000000 0.000000 162035.000000 2494035.000000 33657.000000 15584.000000 4864.000000 41279.000000 0.000000 0.000000 0.000000 0.000000 2131114.000000 418940.000000 7440.000000 14196.000000 31179.000000 0.000000 0.000000 0.000000 0.000000 0.000000 
39
0.000000 2217514.000000 332620.000000 6928.000000 15732.000000 29643.000000 0.000000 0.000000 0.000000 0.000000 0.000000 2536277.000000 17058.000000 6096.000000 20104.000000 25271.000000 0.000000 0.000000 0.000000 0.000000 0.000000 2536277.000000 17058.000000 6096.000000 43839.000000 1536.000000 0.000000 0.000000 0.000000 0.000000 0.000000 2165674.000000 385292.000000 6096.000000 37695.000000 7680.000000 0.000000 0.000000 0.000000 0.000000 0.000000 162035.000000 2494035.000000 33657.000000 15584.000000 4864.000000 41279.000000 0.000000 0.000000 0.000000 0.000000 2131114.000000 418940.000000 7440.000000 14196.000000 31179.000000 0.000000 0.000000 0.000000 0.000000 0.000000 
40
0.000000 2217610.000000 332620.000000 8464.000000 14920.000000 29639.000000 0.000000 0.000000 0.000000 0.000000 0.000000 2536373.000000 15137.000000 7632.000000 19284.000000 25275.000000 0.000000 0.000000 0.000000 0.000000 0.000000 2536373.000000 15137.000000 7632.000000 36879.000000 7680.000000 0.000000 0.000000 0.000000 0.000000 0.000000 2165770.000000 385804.000000 7632.000000 36879.000000 7680.000000 0.000000 0.000000 0.000000 0.000000 0.000000 161955.000000 2497587.000000 33657.000000 15584.000000 5760.000000 41103.000000 0.000000 0.000000 0.000000 0.000000 2127754.000000 422396.000000 8976.000000 13384.000000 31175.000000 0.000000 0.000000 0.000000 0.000000 0.000000 
41
0.000000 2217610.000000 332620.000000 8464.000000 14920.000000 29639.000000 0.000000 0.000000 0.000000 0.000000 0.000000 2536373.000000 15137.000000 7632.000000 19284.000000 25275.000000 0.000000 0.000000 0.000000 0.000000 0.000000 2536373.000000 15137.000000 7632.000000 36879.000000 7680.000000 0.000000 0.000000 0.000000 0.000000 0.000000 2165770.000000 385804.000000 7632.000000 36879.000000 7680.000000 0.000000 0.000000 0.000000 0.000000 0.000000 161955.000000 2497587.000000 33657.000000 15584.000000 5760.000000 41103.000000 0.000000 0.000000 0.000000 0.000000 2127754.000000 422396.000000 8976.000000 13384.000000 31175.000000 0.000000 0.000000 0.000000 0.000000 0.000000 
42
0.000000 2217610.000000 332620.000000 8464.000000 14920.000000 29639.000000 0.000000 0.000000 0.000000 0.000000 0.000000 2536373.000000 15137.000000 7632.000000 19284.000000 25275.000000 0.000000 0.000000 0.000000 0.000000 0.000000 2536373.000000 15137.000000 7632.000000 36879.000000 7680.000000 0.000000 0.000000 0.000000 0.000000 0.000000 2165770.000000 385804.000000 7632.000000 36879.000000 7680.000000 0.000000 0.000000 0.000000 0.000000 0.000000 161955.000000 2497587.000000 33657.000000 15584.000000 5760.000000 41103.000000 0.000000 0.000000 0.000000 0.000000 2127754.000000 422396.000000 8976.000000 13384.000000 31175.000000 0.000000 0.000000 0.000000 0.000000 0.000000 
43
0.000000 2217610.000000 332620.000000 8464.000000 14920.000000 29639.000000 0.000000 0.000000 0.000000 0.000000 0.000000 2536373.000000 15137.000000 7632.000000 19284.000000 25275.000000 0.000000 0.000000 0.000000 0.000000 0.000000 2536373.000000 15137.000000 7632.000000 36879.000000 7680.000000 0.000000 0.000000 0.000000 0.000000 0.000000 2165770.000000 385804.000000 7632.000000 36879.000000 7680.000000 0.000000 0.000000 0.000000 0.000000 0.000000 161955.000000 2497587.000000 33657.000000 15584.000000 5760.000000 41103.000000 0.000000 0.000000 0.000000 0.000000 2127754.000000 422396.000000 8976.000000 13384.000000 31175.000000 0.000000 0.000000 0.000000 0.000000 0.000000 
44
0.000000 2217674.000000 329164.000000 8368.000000 14196.000000 29647.000000 0.000000 0.000000 0.000000 0.000000 0.000000 2532981.000000 15137.000000 7536.000000 18568.000000 25275.000000 0.000000 0.000000 0.000000 0.000000 0.000000 2532981.000000 15137.000000 7536.000000 36163.000000 7680.000000 0.000000 0.000000 0.000000 0.000000 0.000000 2179658.000000 367948.000000 7536.000000 36163.000000 7680.000000 0.000000 0.000000 0.000000 0.000000 0.000000 162019.000000 2494043.000000 33625.000000 15488.000000 6400.000000 39747.000000 0.000000 0.000000 0.000000 0.000000 2152010.000000 394748.000000 9648.000000 12660.000000 31183.000000 0.000000 0.000000 0.000000 0.000000 0.000000 
45
0.000000 2217674.000000 329164.000000 8368.000000 14196.000000 29647.000000 0.000000 0.000000 0.000000 0.000000 0.000000 2532981.000000 15137.000000 7536.000000 18568.000000 25275.000000 0.000000 0.000000 0.000000 0.000000 0.000000 2532981.000000 15137.000000 7536.000000 36163.000000 7680.000000 0.000000 0.000000 0.000000 0.000000 0.000000 2179658.000000 367948.000000 7536.000000 36163.000000 7680.000000 0.000000 0.000000 0.000000 0.000000 0.000000 162019.000000 2494043.000000 33625.000000 15488.000000 6400.000000 39747.000000 0.000000 0.000000 0.000000 0.000000 2152010.000000 394748.000000 9648.000000 12660.000000 31183.000000 0.000000 0.000000 0.000000 0.000000 0.000000 
46
0.000000 2217674.000000 329164.000000 8368.000000 14196.000000 29647.000000 0.000000 0.000000 0.000000 0.000000 0.000000 2532981.000000 15137.000000 7536.000000 18568.000000 25275.000000 0.000000 0.000000 0.000000 0.000000 0.000000 2532981.000000 15137.000000 7536.000000 36163.000000 7680.000000 0.000000 0.000000 0.000000 0.000000 0.000000 2179658.000000 367948.000000 7536.000000 36163.000000 7680.000000 0.000000 0.000000 0.000000 0.000000 0.000000 162019.000000 2494043.000000 33625.000000 15488.000000 6400.000000 39747.000000 0.000000 0.000000 0.000000 0.000000 2152010.000000 394748.000000 9648.000000 12660.000000 31183.000000 0.000000 0.000000 0.000000 0.000000 0.000000 
47
0.000000 2217674.000000 329164.000000 8368.000000 14196.000000 29647.000000 0.000000 0.000000 0.000000 0.000000 0.000000 2532981.000000 15137.000000 7536.000000 18568.000000 25275.000000 0.000000 0.000000 0.000000 0.000000 0.000000 2532981.000000 15137.000000 7536.000000 36163.000000 7680.000000 0.000000 0.000000 0.000000 0.000000 0.000000 2179658.000000 367948.000000 7536.000000 36163.000000 7680.000000 0.000000 0.000000 0.000000 0.000000 0.000000 162019.000000 2494043.000000 33625.000000 15488.000000 6400.000000 39747.000000 0.000000 0.000000 0.000000 0.000000 2152010.000000 394748.000000 9648.000000 12660.000000 31183.000000 0.000000 0.000000 0.000000 0.000000 0.000000 
48
0.000000 2220218.000000 329788.000000 8464.000000 15752.000000 29647.000000 0.000000 0.000000 0.000000 0.000000 0.000000 2536149.000000 17058.000000 7632.000000 20124.000000 25275.000000 0.000000 0.000000 0.000000 0.000000 0.000000 2536149.000000 17058.000000 7632.000000 43863.000000 1536.000000 0.000000 0.000000 0.000000 0.000000 0.000000 2161466.000000 389308.000000 7632.000000 37719.000000 7680.000000 0.000000 0.000000 0.000000 0.000000 0.000000 162035.000000 2497395.000000 33657.000000 15584.000000 6528.000000 41175.000000 0.000000 0.000000 0.000000 0.000000 2123402.000000 426604.000000 8976.000000 14216.000000 31183.000000 0.000000 0.000000 0.000000 0.000000 0.000000 
49
0.000000 2220218.000000 329788.000000 8464.000000 15752.000000 29647.000000 0.000000 0.000000 0.000000 0.000000 0.000000 2536149.000000 17058.000000 7632.000000 20124.000000 25275.000000 0.000000 0.000000 0.000000 0.000000 0.000000 2536149.000000 17058.000000 7632.000000 43863.000000 1536.000000 0.000000 0.000000 0.000000 0.000000 0.000000 2161466.000000 389308.000000 7632.000000 37719.000000 7680.000000 0.000000 0.000000 0.000000 0.000000 0.000000 162035.000000 2497395.000000 33657.000000 15584.000000 6528.000000 41175.000000 0.000000 0.000000 0.000000 0.000000 2123402.000000 426604.000000 8976.000000 14216.000000 31183.000000 0.000000 0.000000 0.000000 0.000000 0.000000 
50
0.000000 2220218.000000 329788.000000 8464.000000 15752.000000 29647.000000 0.000000 0.000000 0.000000 0.000000 0.000000 2536149.000000 17058.000000 7632.000000 20124.000000 25275.000000 0.000000 0.000000 0.000000 0.000000 0.000000 2536149.000000 17058.000000 7632.000000 43863.000000 1536.000000 0.000000 0.000000 0.000000 0.000000 0.000000 2161466.000000 389308.000000 7632.000000 37719.000000 7680.000000 0.000000 0.000000 0.000000 0.000000 0.000000 162035.000000 2497395.000000 33657.000000 15584.000000 6528.000000 41175.000000 0.000000 0.000000 0.000000 0.000000 2123402.000000 426604.000000 8976.000000 14216.000000 31183.000000 0.000000 0.000000 0.000000 0.000000 0.000000 
51
0.000000 2220218.000000 329788.000000 8464.000000 15752.000000 29647.000000 0.000000 0.000000 0.000000 0.000000 0.000000 2536149.000000 17058.000000 7632.000000 20124.000000 25275.000000 0.000000 0.000000 0.000000 0.000000 0.000000 2536149.000000 17058.000000 7632.000000 43863.000000 1536.000000 0.000000 0.000000 0.000000 0.000000 0.000000 2161466.000000 389308.000000 7632.000000 37719.000000 7680.000000 0.000000 0.000000 0.000000 0.000000 0.000000 162035.000000 2497395.000000 33657.000000 15584.000000 6528.000000 41175.000000 0.000000 0.000000 0.000000 0.000000 2123402.000000 426604.000000 8976.000000 14216.000000 31183.000000 0.000000 0.000000 0.000000 0.000000 0.000000 
52
0.000000 2218282.000000 298060.000000 8368.000000 12440.000000 31183.000000 0.000000 0.000000 0.000000 0.000000 0.000000 2502485.000000 15137.000000 7536.000000 18348.000000 25275.000000 0.000000 0.000000 0.000000 0.000000 0.000000 2502485.000000 15137.000000 7536.000000 42087.000000 1536.000000 0.000000 0.000000 0.000000 0.000000 0.000000 2048864.000000 468214.000000 7536.000000 35943.000000 7680.000000 0.000000 0.000000 0.000000 0.000000 0.000000 127987.000000 2497491.000000 33657.000000 15488.000000 6400.000000 39527.000000 0.000000 0.000000 0.000000 0.000000 2083466.000000 432828.000000 8880.000000 12440.000000 31183.000000 0.000000 0.000000 0.000000 0.000000 0.000000 
53
0.000000 2218282.000000 298060.000000 8368.000000 12440.000000 31183.000000 0.000000 0.000000 0.000000 0.000000 0.000000 2502485.000000 15137.000000 7536.000000 18348.000000 25275.000000 0.000000 0.000000 0.000000 0.000000 0.000000 2502485.000000 15137.000000 7536.000000 42087.000000 1536.000000 0.000000 0.000000 0.000000 0.000000 0.000000 2048864.000000 468214.000000 7536.000000 35943.000000 7680.000000 0.000000 0.000000 0.000000 0.000000 0.000000 127987.000000 2497491.000000 33657.000000 15488.000000 6400.000000 39527.000000 0.000000 0.000000 0.000000 0.000000 2083466.000000 432828.000000 8880.000000 12440.000000 31183.000000 0.000000 0.000000 0.000000 0.000000 0.000000 
54
0.000000 2218282.000000 298060.000000 8368.000000 12440.000000 31183.000000 0.000000 0.000000 0.000000 0.000000 0.000000 2502485.000000 15137.000000 7536.000000 18348.000000 25275.000000 0.000000 0.000000 0.000000 0.000000 0.000000 2502485.000000 15137.000000 7536.000000 42087.000000 1536.000000 0.000000 0.000000 0.000000 0.000000 0.000000 2048864.000000 468214.000000 7536.000000 35943.000000 7680.000000 0.000000 0.000000 0.000000 0.000000 0.000000 127987.000000 2497491.000000 33657.000000 15488.000000 6400.000000 39527.000000 0.000000 0.000000 0.000000 0.000000 2083466.000000 432828.000000 8880.000000 12440.000000 31183.000000 0.000000 0.000000 0.000000 0.000000 0.000000 
55
0.000000 2218282.000000 298060.000000 8368.000000 12440.000000 31183.000000 0.000000 0.000000 0.000000 0.000000 0.000000 2502485.000000 15137.000000 7536.000000 18348.000000 25275.000000 0.000000 0.000000 0.000000 0.000000 0.000000 2502485.000000 15137.000000 7536.000000 42087.000000 1536.000000 0.000000 0.000000 0.000000 0.000000 0.000000 2048864.000000 468214.000000 7536.000000 35943.000000 7680.000000 0.000000 0.000000 0.000000 0.000000 0.000000 127987.000000 2497491.000000 33657.000000 15488.000000 6400.000000 39527.000000 0.000000 0.000000 0.000000 0.000000 2083466.000000 432828.000000 8880.000000 12440.000000 31183.000000 0.000000 0.000000 0.000000 0.000000 0.000000 
56
0.000000 2217626.000000 298684.000000 8464.000000 12788.000000 28555.000000 0.000000 0.000000 0.000000 0.000000 0.000000 2502453.000000 15137.000000 7632.000000 17152.000000 24191.000000 0.000000 0.000000 0.000000 0.000000 0.000000 2502453.000000 15137.000000 7632.000000 39807.000000 1536.000000 0.000000 0.000000 0.000000 0.000000 0.000000 2058602.000000 458476.000000 7632.000000 33663.000000 7680.000000 0.000000 0.000000 0.000000 0.000000 0.000000 128243.000000 2497587.000000 33657.000000 15584.000000 6528.000000 37119.000000 0.000000 0.000000 0.000000 0.000000 2093210.000000 423100.000000 8976.000000 12788.000000 28555.000000 0.000000 0.000000 0.000000 0.000000 0.000000 
57
0.000000 2217626.000000 298684.000000 8464.000000 12788.000000 28555.000000 0.000000 0.000000 0.000000 0.000000 0.000000 2502453.000000 15137.000000 7632.000000 17152.000000 24191.000000 0.000000 0.000000 0.000000 0.000000 0.000000 2502453.000000 15137.000000 7632.000000 39807.000000 1536.000000 0.000000 0.000000 0.000000 0.000000 0.000000 2058602.000000 458476.000000 7632.000000 33663.000000 7680.000000 0.000000 0.000000 0.000000 0.000000 0.000000 128243.000000 2497587.000000 33657.000000 15584.000000 6528.000000 37119.000000 0.000000 0.000000 0.000000 0.000000 2093210.000000 423100.000000 8976.000000 12788.000000 28555.000000 0.000000 0.000000 0.000000 0.000000 0.000000 
58
0.000000 2217626.000000 298684.000000 8464.000000 12788.000000 28555.000000 0.000000 0.000000 0.000000 0.000000 0.000000 2502453.000000 15137.000000 7632.000000 17152.000000 24191.000000 0.000000 0.000000 0.000000 0.000000 0.000000 2502453.000000 15137.000000 7632.000000 39807.000000 1536.000000 0.000000 0.000000 0.000000 0.000000 0.000000 2058602.000000 458476.000000 7632.000000 33663.000000 7680.000000 0.000000 0.000000 0.000000 0.000000 0.000000 128243.000000 2497587.000000 33657.000000 15584.000000 6528.000000 37119.000000 0.000000 0.000000 0.000000 0.000000 2093210.000000 423100.000000 8976.000000 12788.000000 28555.000000 0.000000 0.000000 0.000000 0.000000 0.000000 
59
0.000000 2217626.000000 298684.000000 8464.000000 12788.000000 28555.000000 0.000000 0.000000 0.000000 0.000000 0.000000 2502453.000000 15137.000000 7632.000000 17152.000000 24191.000000 0.000000 0.000000 0.000000 0.000000 0.000000 2502453.000000 15137.000000 7632.000000 39807.000000 1536.000000 0.000000 0.000000 0.000000 0.000000 0.000000 2058602.000000 458476.000000 7632.000000 33663.000000 7680.000000 0.000000 0.000000 0.000000 0.000000 0.000000 128243.000000 2497587.000000 33657.000000 15584.000000 6528.000000 37119.000000 0.000000 0.000000 0.000000 0.000000 2093210.000000 423100.000000 8976.000000 12788.000000 28555.000000 0.000000 0.000000 0.000000 0.000000 0.000000 
60
0.000000 2217506.000000 298684.000000 8368.000000 14324.000000 27215.000000 0.000000 0.000000 0.000000 0.000000 0.000000 2502333.000000 15137.000000 7536.000000 17348.000000 24191.000000 0.000000 0.000000 0.000000 0.000000 0.000000 2502333.000000 17058.000000 7536.000000 40003.000000 1536.000000 0.000000 0.000000 0.000000 0.000000 0.000000 2054994.000000 463853.000000 7536.000000 33859.000000 7680.000000 0.000000 0.000000 0.000000 0.000000 0.000000 128227.000000 2497155.000000 33657.000000 15488.000000 6528.000000 37315.000000 0.000000 0.000000 0.000000 0.000000 2089554.000000 428445.000000 8880.000000 14324.000000 27215.000000 0.000000 0.000000 0.000000 0.000000 0.000000 
61
0.000000 2217506.000000 298684.000000 8368.000000 14324.000000 27215.000000 0.000000 0.000000 0.000000 0.000000 0.000000 2502333.000000 15137.000000 7536.000000 17348.000000 24191.000000 0.000000 0.000000 0.000000 0.000000 0.000000 2502333.000000 17058.000000 7536.000000 40003.000000 1536.000000 0.000000 0.000000 0.000000 0.000000 0.000000 2054994.000000 463853.000000 7536.000000 33859.000000 7680.000000 0.000000 0.000000 0.000000 0.000000 0.000000 128227.000000 2497155.000000 33657.000000 15488.000000 6528.000000 37315.000000 0.000000 0.000000 0.000000 0.000000 2089554.000000 428445.000000 8880.000000 14324.000000 27215.000000 0.000000 0.000000 0.000000 0.000000 0.000000 
62
0.000000 2217506.000000 298684.000000 8368.000000 14324.000000 27215.000000 0.000000 0.000000 0.000000 0.000000 0.000000 2502333.000000 15137.000000 7536.000000 17348.000000 24191.000000 0.000000 0.000000 0.000000 0.000000 0.000000 2502333.000000 17058.000000 7536.000000 40003.000000 1536.000000 0.000000 0.000000 0.000000 0.000000 0.000000 2054994.000000 463853.000000 7536.000000 33859.000000 7680.000000 0.000000 0.000000 0.000000 0.000000 0.000000 128227.000000 2497155.000000 33657.000000 15488.000000 6528.000000 37315.000000 0.000000 0.000000 0.000000 0.000000 2089554.000000 428445.000000 8880.000000 14324.000000 27215.000000 0.000000 0.000000 0.000000 0.000000 0.000000 
63
0.000000 2217506.000000 298684.000000 8368.000000 14324.000000 27215.000000 0.000000 0.000000 0.000000 0.000000 0.000000 2502333.000000 15137.000000 7536.000000 17348.000000 24191.000000 0.000000 0.000000 0.000000 0.000000 0.000000 2502333.000000 17058.000000 7536.000000 40003.000000 1536.000000 0.000000 0.000000 0.000000 0.000000 0.000000 2054994.000000 463853.000000 7536.000000 33859.000000 7680.000000 0.000000 0.000000 0.000000 0.000000 0.000000 128227.000000 2497155.000000 33657.000000 15488.000000 6528.000000 37315.000000 0.000000 0.000000 0.000000 0.000000 2089554.000000 428445.000000 8880.000000 14324.000000 27215.000000 0.000000 0.000000 0.000000 0.000000 0.000000 
64
0.000000 2218186.000000 291148.000000 8464.000000 14000.000000 20671.000000 0.000000 0.000000 0.000000 0.000000 0.000000 2495477.000000 15137.000000 7632.000000 33903.000000 768.000000 0.000000 0.000000 0.000000 0.000000 0.000000 2495477.000000 15137.000000 7632.000000 33903.000000 768.000000 0.000000 0.000000 0.000000 0.000000 0.000000 2097226.000000 412876.000000 7632.000000 22844.000000 11827.000000 0.000000 0.000000 0.000000 0.000000 0.000000 128243.000000 2490707.000000 33657.000000 15584.000000 6528.000000 30447.000000 0.000000 0.000000 0.000000 0.000000 2162890.000000 346444.000000 8976.000000 14000.000000 20671.000000 0.000000 0.000000 0.000000 0.000000 0.000000 
65
0.000000 2218186.000000 291148.000000 8464.000000 14000.000000 20671.000000 0.000000 0.000000 0.000000 0.000000 0.000000 2495477.000000 15137.000000 7632.000000 33903.000000 768.000000 0.000000 0.000000 0.000000 0.000000 0.000000 2495477.000000 15137.000000 7632.000000 33903.000000 768.000000 0.000000 0.000000 0.000000 0.000000 0.000000 2097226.000000 412876.000000 7632.000000 22844.000000 11827.000000 0.000000 0.000000 0.000000 0.000000 0.000000 128243.000000 2490707.000000 33657.000000 15584.000000 6528.000000 30447.000000 0.000000 0.000000 0.000000 0.000000 2162890.000000 346444.000000 8976.000000 14000.000000 20671.000000 0.000000 0.000000 0.000000 0.000000 0.000000 
66
0.000000 2218186.000000 291148.000000 8464.000000 14000.000000 20671.000000 0.000000 0.000000 0.000000 0.000000 0.000000 2495477.000000 15137.000000 7632.000000 33903.000000 768.000000 0.000000 0.000000 0.000000 0.000000 0.000000 2495477.000000 15137.000000 7632.000000 33903.000000 768.000000 0.000000 0.000000 0.000000 0.000000 0.000000 2097226.000000 412876.000000 7632.000000 22844.000000 11827.000000 0.000000 0.000000 0.000000 0.000000 0.000000 128243.000000 2490707.000000 33657.000000 15584.000000 6528.000000 30447.000000 0.000000 0.000000 0.000000 0.000000 2162890.000000 346444.000000 8976.000000 14000.000000 20671.000000 0.000000 0.000000 0.000000 0.000000 0.000000 
67
0.000000 2218186.000000 291148.000000 8464.000000 14000.000000 20671.000000 0.000000 0.000000 0.000000 0.000000 0.000000 2495477.000000 15137.000000 7632.000000 33903.000000 768.000000 0.000000 0.000000 0.000000 0.000000 0.000000 2495477.000000 15137.000000 7632.000000 33903.000000 768.000000 0.000000 0.000000 0.000000 0.000000 0.000000 2097226.000000 412876.000000 7632.000000 22844.000000 11827.000000 0.000000 0.000000 0.000000 0.000000 0.000000 128243.000000 2490707.000000 33657.000000 15584.000000 6528.000000 30447.000000 0.000000 0.000000 0.000000 0.000000 2162890.000000 346444.000000 8976.000000 14000.000000 20671.000000 0.000000 0.000000 0.000000 0.000000 0.000000 
68
0.000000 2217562.000000 298684.000000 8880.000000 14216.000000 31183.000000 0.000000 0.000000 0.000000 0.000000 0.000000 2502389.000000 17058.000000 7536.000000 20124.000000 25275.000000 0.000000 0.000000 0.000000 0.000000 0.000000 2502389.000000 17058.000000 7536.000000 43863.000000 1536.000000 0.000000 0.000000 0.000000 0.000000 0.000000 2041184.000000 477719.000000 7536.000000 37719.000000 7680.000000 0.000000 0.000000 0.000000 0.000000 0.000000 126115.000000 2497395.000000 33657.000000 15488.000000 6528.000000 41175.000000 0.000000 0.000000 0.000000 0.000000 2068874.000000 449245.000000 8880.000000 14216.000000 31183.000000 0.000000 0.000000 0.000000 0.000000 0.000000 
69
0.000000 2217562.000000 298684.000000 8880.000000 14216.000000 31183.000000 0.000000 0.000000 0.000000 0.000000 0.000000 2502389.000000 17058.000000 7536.000000 20124.000000 25275.000000 0.000000 0.000000 0.000000 0.000000 0.000000 2502389.000000 17058.000000 7536.000000 43863.000000 1536.000000 0.000000 0.000000 0.000000 0.000000 0.000000 2041184.000000 477719.000000 7536.000000 37719.000000 7680.000000 0.000000 0.000000 0.000000 0.000000 0.000000 126115.000000 2497395.000000 33657.000000 15488.000000 6528.000000 41175.000000 0.000000 0.000000 0.000000 0.000000 2068874.000000 449245.000000 8880.000000 14216.000000 31183.000000 0.000000 0.000000 0.000000 0.000000 0.000000 
70
0.000000 2217562.000000 298684.000000 8880.000000 14216.000000 31183.000000 0.000000 0.000000 0.000000 0.000000 0.000000 2502389.000000 17058.000000 7536.000000 20124.000000 25275.000000 0.000000 0.000000 0.000000 0.000000 0.000000 2502389.000000 17058.000000 7536.000000 43863.000000 1536.000000 0.000000 0.000000 0.000000 0.000000 0.000000 2041184.000000 477719.000000 7536.000000 37719.000000 7680.000000 0.000000 0.000000 0.000000 0.000000 0.000000 126115.000000 2497395.000000 33657.000000 15488.000000 6528.000000 41175.000000 0.000000 0.000000 0.000000 0.000000 2068874.000000 449245.000000 8880.000000 14216.000000 31183.000000 0.000000 0.000000 0.000000 0.000000 0.000000 
71
0.000000 2217562.000000 298684.000000 8880.000000 14216.000000 31183.000000 0.000000 0.000000 0.000000 0.000000 0.000000 2502389.000000 17058.000000 7536.000000 20124.000000 25275.000000 0.000000 0.000000 0.000000 0.000000 0.000000 2502389.000000 17058.000000 7536.000000 43863.000000 1536.000000 0.000000 0.000000 0.000000 0.000000 0.000000 2041184.000000 477719.000000 7536.000000 37719.000000 7680.000000 0.000000 0.000000 0.000000 0.000000 0.000000 126115.000000 2497395.000000 33657.000000 15488.000000 6528.000000 41175.000000 0.000000 0.000000 0.000000 0.000000 2068874.000000 449245.000000 8880.000000 14216.000000 31183.000000 0.000000 0.000000 0.000000 0.000000 0.000000 
72
0.000000 2217754.000000 298684.000000 8880.000000 14088.000000 31183.000000 0.000000 0.000000 0.000000 0.000000 0.000000 2502581.000000 17058.000000 7536.000000 19996.000000 25275.000000 0.000000 0.000000 0.000000 0.000000 0.000000 2502581.000000 15137.000000 7536.000000 43735.000000 1536.000000 0.000000 0.000000 0.000000 0.000000 0.000000 2041376.000000 475798.000000 7536.000000 37591.000000 7680.000000 0.000000 0.000000 0.000000 0.000000 0.000000 128243.000000 2497619.000000 33657.000000 15488.000000 6400.000000 41175.000000 0.000000 0.000000 0.000000 0.000000 2072522.000000 443868.000000 8880.000000 14088.000000 31183.000000 0.000000 0.000000 0.000000 0.000000 0.000000 
73
0.000000 2217754.000000 298684.000000 8880.000000 14088.000000 31183.000000 0.000000 0.000000 0.000000 0.000000 0.000000 2502581.000000 17058.000000 7536.000000 19996.000000 25275.000000 0.000000 0.000000 0.000000 0.000000 0.000000 2502581.000000 15137.000000 7536.000000 43735.000000 1536.000000 0.000000 0.000000 0.000000 0.000000 0.000000 2041376.000000 475798.000000 7536.000000 37591.000000 7680.000000 0.000000 0.000000 0.000000 0.000000 0.000000 128243.000000 2497619.000000 33657.000000 15488.000000 6400.000000 41175.000000 0.000000 0.000000 0.000000 0.000000 2072522.000000 443868.000000 8880.000000 14088.000000 31183.000000 0.000000 0.000000 0.000000 0.000000 0.000000 
74
0.000000 2217754.000000 298684.000000 8880.000000 14088.000000 31183.000000 0.000000 0.000000 0.000000 0.000000 0.000000 2502581.000000 17058.000000 7536.000000 19996.000000 25275.000000 0.000000 0.000000 0.000000 0.000000 0.000000 2502581.000000 15137.000000 7536.000000 43735.000000 1536.000000 0.000000 0.000000 0.000000 0.000000 0.000000 2041376.000000 475798.000000 7536.000000 37591.000000 7680.000000 0.000000 0.000000 0.000000 0.000000 0.000000 128243.000000 2497619.000000 33657.000000 15488.000000 6400.000000 41175.000000 0.000000 0.000000 0.000000 0.000000 2072522.000000 443868.000000 8880.000000 14088.000000 31183.000000 0.000000 0.000000 0.000000 0.000000 0.000000 
75
0.000000 2217754.000000 298684.000000 8880.000000 14088.000000 31183.000000 0.000000 0.000000 0.000000 0.000000 0.000000 2502581.000000 17058.000000 7536.000000 19996.000000 25275.000000 0.000000 0.000000 0.000000 0.000000 0.000000 2502581.000000 15137.000000 7536.000000 43735.000000 1536.000000 0.000000 0.000000 0.000000 0.000000 0.000000 2041376.000000 475798.000000 7536.000000 37591.000000 7680.000000 0.000000 0.000000 0.000000 0.000000 0.000000 128243.000000 2497619.000000 33657.000000 15488.000000 6400.000000 41175.000000 0.000000 0.000000 0.000000 0.000000 2072522.000000 443868.000000 8880.000000 14088.000000 31183.000000 0.000000 0.000000 0.000000 0.000000 0.000000 
76
0.000000 2218410.000000 298060.000000 8688.000000 14088.000000 31183.000000 0.000000 0.000000 0.000000 0.000000 0.000000 2502613.000000 15137.000000 7344.000000 19996.000000 25275.000000 0.000000 0.000000 0.000000 0.000000 0.000000 2502613.000000 17058.000000 7344.000000 43735.000000 1536.000000 0.000000 0.000000 0.000000 0.000000 0.000000 2042112.000000 475126.000000 7344.000000 37591.000000 7680.000000 0.000000 0.000000 0.000000 0.000000 0.000000 128227.000000 2497435.000000 33657.000000 15296.000000 6400.000000 41175.000000 0.000000 0.000000 0.000000 0.000000 2073258.000000 443132.000000 8688.000000 14088.000000 31183.000000 0.000000 0.000000 0.000000 0.000000 0.000000 
77
0.000000 2218410.000000 298060.000000 8688.000000 14088.000000 31183.000000 0.000000 0.000000 0.000000 0.000000 0.000000 2502613.000000 15137.000000 7344.000000 19996.000000 25275.000000 0.000000 0.000000 0.000000 0.000000 0.000000 2502613.000000 17058.000000 7344.000000 43735.000000 1536.000000 0.000000 0.000000 0.000000 0.000000 0.000000 2042112.000000 475126.000000 7344.000000 37591.000000 7680.000000 0.000000 0.000000 0.000000 0.000000 0.000000 128227.000000 2497435.000000 33657.000000 15296.000000 6400.000000 41175.000000 0.000000 0.000000 0.000000 0.000000 2073258.000000 443132.000000 8688.000000 14088.000000 31183.000000 0.000000 0.000000 0.000000 0.000000 0.000000 
78
0.000000 2218410.000000 298060.000000 8688.000000 14088.000000 31183.000000 0.000000 0.000000 0.000000 0.000000 0.000000 2502613.000000 15137.000000 7344.000000 19996.000000 25275.000000 0.000000 0.000000 0.000000 0.000000 0.000000 2502613.000000 17058.000000 7344.000000 43735.000000 1536.000000 0.000000 0.000000 0.000000 0.000000 0.000000 2042112.000000 475126.000000 7344.000000 37591.000000 7680.000000 0.000000 0.000000 0.000000 0.000000 0.000000 128227.000000 2497435.000000 33657.000000 15296.000000 6400.000000 41175.000000 0.000000 0.000000 0.000000 0.000000 2073258.000000 443132.000000 8688.000000 14088.000000 31183.000000 0.000000 0.000000 0.000000 0.000000 0.000000 
79
0.000000 2218410.000000 298060.000000 8688.000000 14088.000000 31183.000000 0.000000 0.000000 0.000000 0.000000 0.000000 2502613.000000 15137.000000 7344.000000 19996.000000 25275.000000 0.000000 0.000000 0.000000 0.000000 0.000000 2502613.000000 17058.000000 7344.000000 43735.000000 1536.000000 0.000000 0.000000 0.000000 0.000000 0.000000 2042112.000000 475126.000000 7344.000000 37591.000000 7680.000000 0.000000 0.000000 0.000000 0.000000 0.000000 128227.000000 2497435.000000 33657.000000 15296.000000 6400.000000 41175.000000 0.000000 0.000000 0.000000 0.000000 2073258.000000 443132.000000 8688.000000 14088.000000 31183.000000 0.000000 0.000000 0.000000 0.000000 0.000000 
