0
0.000000 0.567154 0.958046 0.918046 0.977046 0.486215 0.000000 0.000000 0.000000 0.000000 0.000000 0.756200 0.741262 0.899738 0.979538 0.470215 0.000000 0.000000 0.000000 0.000000 0.000000 0.756200 0.730800 0.980800 0.986400 0.512246 0.000000 0.000000 0.000000 0.000000 0.000000 0.661677 0.813969 0.929292 0.932631 0.512200 0.000000 0.000000 0.000000 0.000000 0.000000 0.761246 0.985523 0.980092 0.755738 0.983677 0.901246 0.451692 0.000000 0.000000 0.000000 0.661677 0.604892 1.104231 0.944908 0.606523 0.000000 0.000000 0.000000 0.000000 0.000000 
1
0.000000 0.567138 0.906169 0.984692 0.964200 0.482508 0.000000 0.000000 0.000000 0.000000 0.000000 0.756185 0.825000 0.839569 0.978338 0.475523 0.000000 0.000000 0.000000 0.000000 0.000000 0.756185 0.698646 0.986569 0.940092 0.521031 0.000000 0.000000 0.000000 0.000000 0.000000 0.661662 0.925938 0.925662 0.929015 0.521054 0.000000 0.000000 0.000000 0.000000 0.000000 0.695692 1.016692 1.003200 0.672954 0.881800 0.908877 0.462938 0.000000 0.000000 0.000000 0.661662 0.800862 0.881138 0.948231 0.607677 0.000000 0.000000 0.000000 0.000000 0.000000 
2
0.000000 0.567138 0.907354 0.988831 0.966738 0.407354 0.000000 0.000000 0.000000 0.000000 0.000000 0.756185 0.770938 0.931738 0.983523 0.373138 0.000000 0.000000 0.000000 0.000000 0.000000 0.756185 0.699400 1.000015 0.985092 0.375908 0.000000 0.000000 0.000000 0.000000 0.000000 0.567138 1.007169 0.901862 0.953631 0.365308 0.000000 0.000000 0.000000 0.000000 0.000000 0.723754 0.993677 0.996354 0.739538 0.980369 0.858908 0.366062 0.000000 0.000000 0.000000 0.661662 0.708277 0.998046 0.994483 0.422431 0.000000 0.000000 0.000000 0.000000 0.000000 
3
0.000000 0.571077 0.970985 0.861200 0.990738 0.338277 0.000000 0.000000 0.000000 0.000000 0.000000 0.665600 0.794169 1.032600 0.955969 0.395477 0.000000 0.000000 0.000000 0.000000 0.000000 0.665600 0.867092 0.872385 0.934877 0.355385 0.000000 0.000000 0.000000 0.000000 0.000000 0.571077 0.996431 0.935769 0.903415 0.366077 0.000000 0.000000 0.000000 0.000000 0.000000 0.720354 1.014477 0.983523 0.692446 0.984769 0.879585 0.349231 0.000000 0.000000 0.000000 0.571077 0.818923 0.993262 0.966646 0.424308 0.000000 0.000000 0.000000 0.000000 0.000000 
4
0.000000 0.661677 0.764523 0.988923 0.929400 0.565692 0.000000 0.000000 0.000000 0.000000 0.000000 0.756292 0.700723 1.025585 0.919185 0.578492 0.000000 0.000000 0.000000 0.000000 0.000000 0.661677 0.827015 0.994569 0.907138 0.568123 0.000000 0.000000 0.000000 0.000000 0.000000 0.661677 0.837400 1.009523 0.877446 0.569600 0.000000 0.000000 0.000000 0.000000 0.000000 0.813985 0.914077 1.073677 0.794892 0.953615 0.821985 0.552862 0.000000 0.000000 0.000000 0.661677 0.766877 1.000400 0.974415 0.579185 0.000000 0.000000 0.000000 0.000000 0.000000 
5
0.000000 0.661662 0.820815 0.973723 0.914554 0.557815 0.000000 0.000000 0.000000 0.000000 0.000000 0.756185 0.671308 1.048954 0.903785 0.551323 0.000000 0.000000 0.000000 0.000000 0.000000 0.661662 0.799031 0.984908 0.920892 0.561692 0.000000 0.000000 0.000000 0.000000 0.000000 0.661662 0.809631 1.006415 0.871908 0.561692 0.000000 0.000000 0.000000 0.000000 0.000000 0.778769 1.000569 0.959308 0.770677 0.964646 0.839708 0.554308 0.000000 0.000000 0.000000 0.661662 0.738846 1.003262 0.969354 0.572785 0.000000 0.000000 0.000000 0.000000 0.000000 
6
0.000000 0.661662 0.770508 1.034938 0.848585 0.556769 0.000000 0.000000 0.000000 0.000000 0.000000 0.756185 0.753508 0.934169 0.853569 0.556277 0.000000 0.000000 0.000000 0.000000 0.000000 0.661662 0.750369 1.035908 0.897831 0.556277 0.000000 0.000000 0.000000 0.000000 0.000000 0.661662 0.810323 1.004985 0.877446 0.554815 0.000000 0.000000 0.000000 0.000000 0.000000 0.816169 0.914077 1.068138 0.780432 0.965985 0.834785 0.526738 0.000000 0.000000 0.000000 0.661662 0.729215 0.992954 0.928646 0.545200 0.000000 0.000000 0.000000 0.000000 0.000000 
7
0.000000 0.661662 0.779677 1.025015 0.883954 0.467646 0.000000 0.000000 0.000000 0.000000 0.000000 0.756185 0.751246 0.905554 0.888938 0.461831 0.000000 0.000000 0.000000 0.000000 0.000000 0.661662 0.759108 1.025985 0.831862 0.461831 0.000000 0.000000 0.000000 0.000000 0.000000 0.661662 0.819646 1.000338 0.809554 0.461815 0.000000 0.000000 0.000000 0.000000 0.000000 0.758723 1.035892 0.986477 0.709831 1.036908 0.784569 0.432292 0.000000 0.000000 0.000000 0.661662 0.713231 0.934508 0.982908 0.450754 0.000000 0.000000 0.000000 0.000000 0.000000 
8
0.000000 0.661677 0.834785 0.831446 0.878123 0.589108 0.000000 0.000000 0.000000 0.000000 0.000000 0.756200 0.771800 0.812862 0.846615 0.594508 0.000000 0.000000 0.000000 0.000000 0.000000 0.756200 0.794892 0.842631 0.876538 0.581908 0.000000 0.000000 0.000000 0.000000 0.000000 0.661677 0.755138 0.984969 0.856154 0.578954 0.000000 0.000000 0.000000 0.000000 0.000000 0.765662 0.889415 1.073138 0.705985 0.885585 0.820754 0.566154 0.000000 0.000000 0.000000 0.661677 0.684400 0.946000 0.919138 0.636554 0.000000 0.000000 0.000000 0.000000 0.000000 
9
0.000000 0.661662 0.839262 0.927846 0.865415 0.571569 0.000000 0.000000 0.000000 0.000000 0.000000 0.756185 0.750169 0.934769 0.865415 0.560600 0.000000 0.000000 0.000000 0.000000 0.000000 0.756185 0.726262 0.933492 0.876538 0.571077 0.000000 0.000000 0.000000 0.000000 0.000000 0.661662 0.842585 0.908800 0.856154 0.571077 0.000000 0.000000 0.000000 0.000000 0.000000 0.691754 0.944354 1.066954 0.678354 0.897646 0.762662 0.562462 0.000000 0.000000 0.000000 0.661662 0.784062 0.864385 0.920908 0.574769 0.000000 0.000000 0.000000 0.000000 0.000000 
10
0.000000 0.661662 0.838031 0.907154 0.815200 0.557954 0.000000 0.000000 0.000000 0.000000 0.000000 0.756185 0.681277 1.005877 0.799446 0.573031 0.000000 0.000000 0.000000 0.000000 0.000000 0.756185 0.726262 0.904354 0.870846 0.558969 0.000000 0.000000 0.000000 0.000000 0.000000 0.661662 0.842585 0.944769 0.828308 0.561923 0.000000 0.000000 0.000000 0.000000 0.000000 0.735092 0.978769 1.044292 0.522708 0.840600 0.760692 0.550354 0.000000 0.000000 0.000000 0.661662 0.780738 0.886938 0.934692 0.562662 0.000000 0.000000 0.000000 0.000000 0.000000 
11
0.000000 0.661662 0.840569 0.945877 0.880908 0.468769 0.000000 0.000000 0.000000 0.000000 0.000000 0.756185 0.743431 0.949708 0.865154 0.459262 0.000000 0.000000 0.000000 0.000000 0.000000 0.756185 0.727138 0.946846 0.800723 0.475446 0.000000 0.000000 0.000000 0.000000 0.000000 0.661662 0.848446 0.956369 0.780338 0.475446 0.000000 0.000000 0.000000 0.000000 0.000000 0.724169 1.002138 1.009031 0.664000 0.895062 0.760692 0.451323 0.000000 0.000000 0.000000 0.661662 0.788262 0.912862 0.932015 0.463631 0.000000 0.000000 0.000000 0.000000 0.000000 
12
0.000000 0.661677 0.773108 0.977785 0.911508 0.598954 0.000000 0.000000 0.000000 0.000000 0.000000 0.756200 0.693998 1.042323 0.895754 0.586523 0.000000 0.000000 0.000000 0.000000 0.000000 0.756200 0.733598 1.005738 0.887662 0.594738 0.000000 0.000000 0.000000 0.000000 0.000000 0.661677 0.767908 1.014569 0.850677 0.590369 0.000000 0.000000 0.000000 0.000000 0.000000 0.699646 1.069954 0.993769 0.709538 0.967231 0.780877 0.557862 0.000000 0.000000 0.000000 0.661677 0.767585 1.010062 0.926477 0.591031 0.000000 0.000000 0.000000 0.000000 0.000000 
13
0.000000 0.661662 0.824785 0.992062 0.883954 0.581415 0.000000 0.000000 0.000000 0.000000 0.000000 0.756185 0.761323 0.938292 0.883954 0.586892 0.000000 0.000000 0.000000 0.000000 0.000000 0.756185 0.718015 0.993031 0.896923 0.588308 0.000000 0.000000 0.000000 0.000000 0.000000 0.661662 0.842523 1.010431 0.862308 0.595108 0.000000 0.000000 0.000000 0.000000 0.000000 0.703769 1.015969 1.001862 0.596969 0.989400 0.804508 0.559985 0.000000 0.000000 0.000000 0.661662 0.752338 1.000615 0.932923 0.584646 0.000000 0.000000 0.000000 0.000000 0.000000 
14
0.000000 0.661662 0.781677 1.033846 0.797308 0.584923 0.000000 0.000000 0.000000 0.000000 0.000000 0.756185 0.695523 0.999646 0.797308 0.599985 0.000000 0.000000 0.000000 0.000000 0.000000 0.756185 0.665354 1.045892 0.784200 0.581415 0.000000 0.000000 0.000000 0.000000 0.000000 0.661662 0.835323 1.022631 0.817015 0.596231 0.000000 0.000000 0.000000 0.000000 0.000000 0.739277 0.988354 1.035169 0.607615 0.957862 0.788754 0.571554 0.000000 0.000000 0.000000 0.661662 0.738785 0.998769 0.932923 0.595431 0.000000 0.000000 0.000000 0.000000 0.000000 
15
0.000000 0.661662 0.774308 1.027585 0.844892 0.486108 0.000000 0.000000 0.000000 0.000000 0.000000 0.756185 0.683677 1.024185 0.829138 0.478000 0.000000 0.000000 0.000000 0.000000 0.000000 0.756185 0.659215 1.028554 0.826938 0.486938 0.000000 0.000000 0.000000 0.000000 0.000000 0.661662 0.849600 0.922600 0.827231 0.469692 0.000000 0.000000 0.000000 0.000000 0.000000 0.686154 1.061138 0.996815 0.704615 0.958969 0.761185 0.455662 0.000000 0.000000 0.000000 0.661662 0.707815 0.935615 0.918908 0.480292 0.000000 0.000000 0.000000 0.000000 0.000000 
16
0.000000 0.661677 0.785677 0.992585 0.952954 0.552569 0.000000 0.000000 0.000000 0.000000 0.000000 0.756200 0.775908 0.965954 0.968246 0.500415 0.000000 0.000000 0.000000 0.000000 0.000000 0.757863 0.706708 1.003923 0.965846 0.526969 0.000000 0.000000 0.000000 0.000000 0.000000 0.661677 0.769923 1.012108 0.960523 0.520077 0.000000 0.000000 0.000000 0.000000 0.000000 0.746462 0.998431 0.997662 0.693323 0.947092 0.960446 0.442323 0.000000 0.000000 0.000000 0.661677 0.688631 0.977754 0.969923 0.617554 0.000000 0.000000 0.000000 0.000000 0.000000 
17
0.000000 0.661662 0.811585 0.919585 1.008708 0.452138 0.000000 0.000000 0.000000 0.000000 0.000000 0.756185 0.679338 0.901046 1.000385 0.448754 0.000000 0.000000 0.000000 0.000000 0.000000 0.756185 0.698585 0.915923 0.945538 0.526969 0.000000 0.000000 0.000000 0.000000 0.000000 0.661662 0.896200 0.868462 0.977138 0.484631 0.000000 0.000000 0.000000 0.000000 0.000000 0.689000 1.012631 1.021785 0.635446 0.938785 0.981200 0.430508 0.000000 0.000000 0.000000 0.661662 0.758477 0.996831 0.981554 0.575215 0.000000 0.000000 0.000000 0.000000 0.000000 
18
0.000000 0.661662 0.797985 1.021108 0.956523 0.399969 0.000000 0.000000 0.000000 0.000000 0.000000 0.756185 0.671969 1.028723 0.972277 0.452123 0.000000 0.000000 0.000000 0.000000 0.000000 0.756185 0.686215 0.998908 0.979631 0.407846 0.000000 0.000000 0.000000 0.000000 0.000000 0.661662 0.880692 0.972692 0.974308 0.332031 0.000000 0.000000 0.000000 0.000000 0.000000 0.713231 0.988369 0.979800 0.698585 0.884738 0.966846 0.334677 0.000000 0.000000 0.000000 0.661662 0.703892 0.974969 0.971185 0.523046 0.000000 0.000000 0.000000 0.000000 0.000000 
19
0.000000 0.661662 0.872800 0.885369 1.010692 0.352815 0.000000 0.000000 0.000000 0.000000 0.000000 0.756185 0.736923 0.938769 0.997938 0.356200 0.000000 0.000000 0.000000 0.000000 0.000000 0.756185 0.759369 0.879785 0.996615 0.396138 0.000000 0.000000 0.000000 0.000000 0.000000 0.661662 0.880677 0.928292 0.944769 0.370538 0.000000 0.000000 0.000000 0.000000 0.000000 0.706615 1.021662 0.991985 0.764754 0.912323 0.919877 0.296446 0.000000 0.000000 0.000000 0.661662 0.703877 0.932662 1.000369 0.397123 0.000000 0.000000 0.000000 0.000000 0.000000 
20
0.000000 0.661677 0.731292 1.053615 0.993569 0.521846 0.000000 0.000000 0.000000 0.000000 0.000000 0.756200 0.695862 1.072585 0.968154 0.541631 0.000000 0.000000 0.000000 0.000000 0.000000 0.756200 0.699277 1.031415 0.993569 0.563477 0.000000 0.000000 0.000000 0.000000 0.000000 0.661677 0.773046 0.997462 0.976292 0.531385 0.000000 0.000000 0.000000 0.000000 0.000000 0.790523 0.997523 0.967815 0.714077 1.011000 0.938292 0.456277 0.000000 0.000000 0.000000 0.567154 0.786277 0.970277 0.985323 0.593385 0.000000 0.000000 0.000000 0.000000 0.000000 
21
0.000000 0.661662 0.758600 1.052877 0.964031 0.559785 0.000000 0.000000 0.000000 0.000000 0.000000 0.756185 0.661723 1.019954 0.966954 0.548923 0.000000 0.000000 0.000000 0.000000 0.000000 0.756185 0.642277 1.030677 1.025092 0.522708 0.000000 0.000000 0.000000 0.000000 0.000000 0.661662 0.749708 1.078231 0.991431 0.521262 0.000000 0.000000 0.000000 0.000000 0.000000 0.840031 0.989862 0.957538 0.687323 0.968462 0.958600 0.463446 0.000000 0.000000 0.000000 0.567138 0.755308 1.114246 0.987600 0.632646 0.000000 0.000000 0.000000 0.000000 0.000000 
22
0.000000 0.661662 0.824615 1.007831 0.998846 0.429892 0.000000 0.000000 0.000000 0.000000 0.000000 0.756185 0.736677 0.984969 0.998846 0.404185 0.000000 0.000000 0.000000 0.000000 0.000000 0.756185 0.670877 1.024708 1.007877 0.407846 0.000000 0.000000 0.000000 0.000000 0.000000 0.661662 0.838492 1.028662 0.982123 0.408892 0.000000 0.000000 0.000000 0.000000 0.000000 0.728677 1.042262 0.982723 0.691108 1.023969 0.967754 0.358677 0.000000 0.000000 0.000000 0.567138 0.786400 1.071708 0.996631 0.498154 0.000000 0.000000 0.000000 0.000000 0.000000 
23
0.000000 0.661662 0.814492 1.018508 0.973692 0.415046 0.000000 0.000000 0.000000 0.000000 0.000000 0.756185 0.750431 0.978708 0.993862 0.416985 0.000000 0.000000 0.000000 0.000000 0.000000 0.756185 0.699400 1.024154 0.979415 0.417692 0.000000 0.000000 0.000000 0.000000 0.000000 0.661662 0.838492 1.014615 0.988477 0.399969 0.000000 0.000000 0.000000 0.000000 0.000000 0.797015 0.995662 1.023646 0.504431 1.075015 0.944354 0.349754 0.000000 0.000000 0.000000 0.567138 0.755385 1.084231 1.000077 0.478985 0.000000 0.000000 0.000000 0.000000 0.000000 
24
0.000000 0.661677 0.788646 0.956723 0.899708 0.486015 0.000000 0.000000 0.000000 0.000000 0.000000 0.756200 0.782662 0.939569 0.883954 0.474277 0.000000 0.000000 0.000000 0.000000 0.000000 0.756200 0.751846 0.947523 0.908046 0.490631 0.000000 0.000000 0.000000 0.000000 0.000000 0.661677 0.772892 0.874754 0.887662 0.485492 0.000000 0.000000 0.000000 0.000000 0.000000 0.769446 1.001677 0.984831 0.732923 0.834138 0.784323 0.463062 0.000000 0.000000 0.000000 0.661677 0.712708 0.967769 0.950938 0.483246 0.000000 0.000000 0.000000 0.000000 0.000000 
25
0.000000 0.661662 0.854569 0.956554 0.899708 0.558262 0.000000 0.000000 0.000000 0.000000 0.000000 0.756185 0.714738 0.867385 0.883954 0.554000 0.000000 0.000000 0.000000 0.000000 0.000000 0.756185 0.732046 0.962200 0.897831 0.566569 0.000000 0.000000 0.000000 0.000000 0.000000 0.661662 0.839969 1.015246 0.871908 0.561431 0.000000 0.000000 0.000000 0.000000 0.000000 0.720338 1.029338 1.013923 0.714569 0.939308 0.776446 0.543185 0.000000 0.000000 0.000000 0.661662 0.693308 1.040231 0.893215 0.555492 0.000000 0.000000 0.000000 0.000000 0.000000 
26
0.000000 0.661662 0.891108 0.866000 0.797308 0.552831 0.000000 0.000000 0.000000 0.000000 0.000000 0.756185 0.746400 0.941846 0.797308 0.558215 0.000000 0.000000 0.000000 0.000000 0.000000 0.756185 0.782446 0.861431 0.811185 0.538985 0.000000 0.000000 0.000000 0.000000 0.000000 0.661662 0.796400 1.021569 0.785262 0.554585 0.000000 0.000000 0.000000 0.000000 0.000000 0.726060 1.013108 1.005692 0.641662 0.871692 0.797123 0.537015 0.000000 0.000000 0.000000 0.661662 0.678123 1.002338 0.937554 0.549323 0.000000 0.000000 0.000000 0.000000 0.000000 
27
0.000000 0.661662 0.838908 0.866538 0.844892 0.548492 0.000000 0.000000 0.000000 0.000000 0.000000 0.756185 0.677446 1.018169 0.829138 0.559108 0.000000 0.000000 0.000000 0.000000 0.000000 0.756185 0.728800 0.856277 0.842938 0.549415 0.000000 0.000000 0.000000 0.000000 0.000000 0.661662 0.868508 0.903938 0.822554 0.544092 0.000000 0.000000 0.000000 0.000000 0.000000 0.732123 1.013138 1.002400 0.640200 0.971231 0.748877 0.545231 0.000000 0.000000 0.000000 0.661662 0.790354 0.844585 0.949538 0.557538 0.000000 0.000000 0.000000 0.000000 0.000000 
28
0.000000 0.661677 0.766537 1.052877 1.000308 0.492538 0.000000 0.000000 0.000000 0.000000 0.000000 0.756200 0.757492 0.964938 0.997938 0.489769 0.000000 0.000000 0.000000 0.000000 0.000000 0.756200 0.678062 1.030677 0.979785 0.524200 0.000000 0.000000 0.000000 0.000000 0.000000 0.661677 0.814600 1.006262 0.999815 0.533831 0.000000 0.000000 0.000000 0.000000 0.000000 0.742523 0.999908 0.990231 0.635398 0.979692 0.972631 0.421308 0.000000 0.000000 0.000000 0.661677 0.741321 1.001415 0.987600 0.596323 0.000000 0.000000 0.000000 0.000000 0.000000 
29
0.000000 0.661662 0.733938 1.045431 0.998846 0.534930 0.000000 0.000000 0.000000 0.000000 0.000000 0.756185 0.723938 0.999262 0.997945 0.488323 0.000000 0.000000 0.000000 0.000000 0.000000 0.756185 0.636292 1.056615 0.974492 0.518046 0.000000 0.000000 0.000000 0.000000 0.000000 0.661662 0.720123 1.093108 0.969754 0.504292 0.000000 0.000000 0.000000 0.000000 0.000000 0.684308 1.006554 0.977846 0.607431 0.994723 1.009514 0.415154 0.000000 0.000000 0.000000 0.661662 0.603523 1.106062 0.993138 0.596323 0.000000 0.000000 0.000000 0.000000 0.000000 
30
0.000000 0.661662 0.760785 1.046231 0.988538 0.440338 0.000000 0.000000 0.000000 0.000000 0.000000 0.756185 0.729169 0.988877 0.968708 0.441446 0.000000 0.000000 0.000000 0.000000 0.000000 0.756185 0.664785 1.024031 1.007877 0.439508 0.000000 0.000000 0.000000 0.000000 0.000000 0.661662 0.808815 0.992400 0.996615 0.398831 0.000000 0.000000 0.000000 0.000000 0.000000 0.661431 1.047108 0.983892 0.672738 0.965262 1.001631 0.326769 0.000000 0.000000 0.000000 0.661662 0.671092 1.047092 0.983754 0.517046 0.000000 0.000000 0.000000 0.000000 0.000000 
31
0.000000 0.661662 0.789308 1.022200 0.978877 0.372985 0.000000 0.000000 0.000000 0.000000 0.000000 0.756185 0.741969 0.981292 0.968708 0.406400 0.000000 0.000000 0.000000 0.000000 0.000000 0.756185 0.692938 1.027846 0.996615 0.394400 0.000000 0.000000 0.000000 0.000000 0.000000 0.661662 0.816446 0.988692 0.991707 0.388985 0.000000 0.000000 0.000000 0.000000 0.000000 0.684123 1.054723 0.989969 0.558154 1.072800 0.979600 0.296431 0.000000 0.000000 0.000000 0.661662 0.660538 1.054692 0.984185 0.480554 0.000000 0.000000 0.000000 0.000000 0.000000 
32
0.000000 0.661677 0.789338 0.911400 0.878123 0.569108 0.000000 0.000000 0.000000 0.000000 0.000000 0.756200 0.783169 0.800431 0.862369 0.575262 0.000000 0.000000 0.000000 0.000000 0.000000 0.756200 0.749446 0.933662 0.856000 0.572277 0.000000 0.000000 0.000000 0.000000 0.000000 0.661677 0.772892 0.962892 0.856154 0.568585 0.000000 0.000000 0.000000 0.000000 0.000000 0.760185 1.066138 0.941154 0.636600 0.916138 0.826908 0.542246 0.000000 0.000000 0.000000 0.661677 0.773508 0.976569 0.963662 0.568585 0.000000 0.000000 0.000000 0.000000 0.000000 
33
0.000000 0.661662 0.853846 0.925631 0.865415 0.558446 0.000000 0.000000 0.000000 0.000000 0.000000 0.756185 0.671862 1.010154 0.865415 0.564600 0.000000 0.000000 0.000000 0.000000 0.000000 0.756185 0.740938 0.946123 0.861692 0.559369 0.000000 0.000000 0.000000 0.000000 0.000000 0.661662 0.840908 0.976554 0.856154 0.557923 0.000000 0.000000 0.000000 0.000000 0.000000 0.743692 1.054508 0.967554 0.735554 0.895492 0.833062 0.525431 0.000000 0.000000 0.000000 0.661662 0.667354 1.029400 0.939277 0.557923 0.000000 0.000000 0.000000 0.000000 0.000000 
34
0.000000 0.661662 0.890385 0.830338 0.865415 0.555492 0.000000 0.000000 0.000000 0.000000 0.000000 0.756185 0.695538 0.986615 0.849662 0.545308 0.000000 0.000000 0.000000 0.000000 0.000000 0.756185 0.778569 0.840615 0.876538 0.559369 0.000000 0.000000 0.000000 0.000000 0.000000 0.661662 0.798031 1.003631 0.828308 0.541646 0.000000 0.000000 0.000000 0.000000 0.000000 0.775369 0.948692 1.035108 0.695169 0.912846 0.780877 0.512846 0.000000 0.000000 0.000000 0.661662 0.667308 1.029985 0.907646 0.545338 0.000000 0.000000 0.000000 0.000000 0.000000 
35
0.000000 0.661662 0.838123 0.940723 0.880908 0.446292 0.000000 0.000000 0.000000 0.000000 0.000000 0.756185 0.702277 0.998908 0.865154 0.444169 0.000000 0.000000 0.000000 0.000000 0.000000 0.756185 0.724646 0.952769 0.830554 0.438323 0.000000 0.000000 0.000000 0.000000 0.000000 0.661662 0.864400 0.879169 0.830554 0.461185 0.000000 0.000000 0.000000 0.000000 0.000000 0.725985 1.047262 0.963862 0.714015 0.923800 0.773000 0.432877 0.000000 0.000000 0.000000 0.661662 0.775338 0.813123 0.926477 0.457492 0.000000 0.000000 0.000000 0.000000 0.000000 
36
0.000000 0.661677 0.801354 0.981615 0.978108 0.502369 0.000000 0.000000 0.000000 0.000000 0.000000 0.756200 0.691631 0.972262 0.998846 0.504846 0.000000 0.000000 0.000000 0.000000 0.000000 0.756200 0.769338 0.980554 0.942123 0.534915 0.000000 0.000000 0.000000 0.000000 0.000000 0.661769 0.733691 1.051938 0.960523 0.520062 0.000000 0.000000 0.000000 0.000000 0.000000 0.711708 1.049400 0.995246 0.542215 0.916277 0.987400 0.436185 0.000000 0.000000 0.000000 0.661769 0.803677 0.901385 0.976800 0.627938 0.000000 0.000000 0.000000 0.000000 0.000000 
37
0.000000 0.661662 0.854923 0.976015 1.004077 0.491762 0.000000 0.000000 0.000000 0.000000 0.000000 0.756185 0.786046 0.784646 1.004077 0.485277 0.000000 0.000000 0.000000 0.000000 0.000000 0.756185 0.738600 0.969769 0.945538 0.524200 0.000000 0.000000 0.000000 0.000000 0.000000 0.661662 0.838662 1.001615 0.960523 0.473985 0.000000 0.000000 0.000000 0.000000 0.000000 0.756354 1.013969 0.996631 0.461646 0.929154 0.942108 0.396039 0.000000 0.000000 0.000000 0.661662 0.783538 0.902523 0.988862 0.587723 0.000000 0.000000 0.000000 0.000000 0.000000 
38
0.000000 0.661662 0.902154 0.742385 0.993862 0.389292 0.000000 0.000000 0.000000 0.000000 0.000000 0.756185 0.807846 0.927985 0.970692 0.413969 0.000000 0.000000 0.000000 0.000000 0.000000 0.756185 0.787492 0.759277 0.947308 0.439508 0.000000 0.000000 0.000000 0.000000 0.000000 0.661662 0.855800 0.904031 0.977138 0.371585 0.000000 0.000000 0.000000 0.000000 0.000000 0.731585 0.988031 0.984523 0.517000 0.882031 0.959831 0.311692 0.000000 0.000000 0.000000 0.661662 0.772154 0.900015 1.009108 0.468985 0.000000 0.000000 0.000000 0.000000 0.000000 
39
0.000000 0.661662 0.838800 0.999400 0.954800 0.403000 0.000000 0.000000 0.000000 0.000000 0.000000 0.756185 0.777831 0.950123 0.977415 0.382262 0.000000 0.000000 0.000000 0.000000 0.000000 0.756185 0.723708 0.992923 0.942123 0.438446 0.000000 0.000000 0.000000 0.000000 0.000000 0.661662 0.912431 0.921231 0.960523 0.370508 0.000000 0.000000 0.000000 0.000000 0.000000 0.754615 0.994554 0.978262 0.554000 0.923492 0.952615 0.307985 0.000000 0.000000 0.000000 0.661662 0.751246 0.888477 1.008046 0.443369 0.000000 0.000000 0.000000 0.000000 0.000000 
40
0.000000 0.661677 0.758969 1.011369 0.988323 0.509338 0.000000 0.000000 0.000000 0.000000 0.000000 0.756200 0.787246 0.947538 0.993308 0.510785 0.000000 0.000000 0.000000 0.000000 0.000000 0.756200 0.719077 0.983631 0.980692 0.549923 0.000000 0.000000 0.000000 0.000000 0.000000 0.661677 0.782292 0.989077 0.966062 0.527800 0.000000 0.000000 0.000000 0.000000 0.000000 0.709369 1.043631 0.989323 0.741108 0.925138 0.984938 0.453185 0.000000 0.000000 0.000000 0.661677 0.701000 1.017785 0.965292 0.632631 0.000000 0.000000 0.000000 0.000000 0.000000 
41
0.000000 0.661662 0.800031 1.004215 0.998538 0.489769 0.000000 0.000000 0.000000 0.000000 0.000000 0.756185 0.763723 0.919415 0.998846 0.512938 0.000000 0.000000 0.000000 0.000000 0.000000 0.756185 0.687031 0.998631 0.952846 0.561092 0.000000 0.000000 0.000000 0.000000 0.000000 0.661662 0.884646 0.965446 0.977138 0.509431 0.000000 0.000000 0.000000 0.000000 0.000000 0.683908 1.068138 0.977815 0.643138 1.028415 0.970954 0.436385 0.000000 0.000000 0.000000 0.661662 0.746923 0.985015 0.969615 0.594569 0.000000 0.000000 0.000000 0.000000 0.000000 
42
0.000000 0.661662 0.876169 0.881615 0.960477 0.387354 0.000000 0.000000 0.000000 0.000000 0.000000 0.756185 0.689200 0.880738 1.009062 0.396892 0.000000 0.000000 0.000000 0.000000 0.000000 0.756185 0.764400 0.872415 0.936231 0.430708 0.000000 0.000000 0.000000 0.000000 0.000000 0.661662 0.880769 0.892938 0.960523 0.371569 0.000000 0.000000 0.000000 0.000000 0.000000 0.688985 1.062123 0.964185 0.666785 0.937431 0.961262 0.334369 0.000000 0.000000 0.000000 0.661662 0.764108 0.866723 1.008677 0.486831 0.000000 0.000000 0.000000 0.000000 0.000000 
43
0.000000 0.661662 0.795385 0.996462 0.983508 0.440415 0.000000 0.000000 0.000000 0.000000 0.000000 0.756185 0.679323 1.038015 0.970554 0.406262 0.000000 0.000000 0.000000 0.000000 0.000000 0.756185 0.721031 0.935185 0.975154 0.435800 0.000000 0.000000 0.000000 0.000000 0.000000 0.661662 0.881415 0.958908 0.966062 0.367862 0.000000 0.000000 0.000000 0.000000 0.000000 0.673754 1.041277 0.971538 0.701062 0.881969 0.966846 0.311492 0.000000 0.000000 0.000000 0.661662 0.704615 0.974969 1.008677 0.454508 0.000000 0.000000 0.000000 0.000000 0.000000 
44
0.000000 0.661677 0.828308 0.979400 0.963262 0.501569 0.000000 0.000000 0.000000 0.000000 0.000000 0.756200 0.730231 0.965954 0.998846 0.500500 0.000000 0.000000 0.000000 0.000000 0.000000 0.756200 0.735446 0.981277 0.925000 0.534862 0.000000 0.000000 0.000000 0.000000 0.000000 0.661677 0.887308 0.960077 0.943754 0.512738 0.000000 0.000000 0.000000 0.000000 0.000000 0.792985 1.000185 0.949154 0.800738 0.927692 0.948554 0.439877 0.000000 0.000000 0.000000 0.661677 0.769785 0.906277 0.992000 0.625200 0.000000 0.000000 0.000000 0.000000 0.000000 
45
0.000000 0.661662 0.813031 0.987769 0.967800 0.504338 0.000000 0.000000 0.000000 0.000000 0.000000 0.756185 0.751908 0.815385 0.953862 0.549200 0.000000 0.000000 0.000000 0.000000 0.000000 0.756185 0.720169 0.954492 0.969615 0.534862 0.000000 0.000000 0.000000 0.000000 0.000000 0.661662 0.878523 0.814292 0.966062 0.483200 0.000000 0.000000 0.000000 0.000000 0.000000 0.791785 1.009200 0.942015 0.802138 0.918631 0.987400 0.410338 0.000000 0.000000 0.000000 0.661662 0.767477 0.889908 1.014215 0.567108 0.000000 0.000000 0.000000 0.000000 0.000000 
46
0.000000 0.669538 0.877215 0.751277 0.952954 0.442062 0.000000 0.000000 0.000000 0.000000 0.000000 0.669538 0.824523 0.946169 0.965015 0.452138 0.000000 0.000000 0.000000 0.000000 0.000000 0.764062 0.773800 0.757262 0.956615 0.450185 0.000000 0.000000 0.000000 0.000000 0.000000 0.669538 0.813708 0.971908 0.980908 0.391046 0.000000 0.000000 0.000000 0.000000 0.000000 0.715585 1.045923 0.994708 0.677108 0.944708 0.973615 0.318677 0.000000 0.000000 0.000000 0.669538 0.747877 0.881031 0.977154 0.501631 0.000000 0.000000 0.000000 0.000000 0.000000 
47
0.000000 0.665600 0.882446 0.934723 0.969785 0.413677 0.000000 0.000000 0.000000 0.000000 0.000000 0.665600 0.758492 1.025446 0.983092 0.359877 0.000000 0.000000 0.000000 0.000000 0.000000 0.764062 0.704600 0.975846 0.971385 0.442169 0.000000 0.000000 0.000000 0.000000 0.000000 0.665600 0.870477 0.949785 0.971600 0.374231 0.000000 0.000000 0.000000 0.000000 0.000000 0.718354 1.007246 1.015631 0.791323 0.918292 0.953677 0.308015 0.000000 0.000000 0.000000 0.665600 0.723185 0.959677 0.987938 0.459154 0.000000 0.000000 0.000000 0.000000 0.000000 
48
0.000000 0.661769 0.787031 0.946062 0.850569 0.613631 0.000000 0.000000 0.000000 0.000000 0.000000 0.756200 0.797262 0.915938 0.834815 0.598415 0.000000 0.000000 0.000000 0.000000 0.000000 0.756200 0.747138 0.941492 0.860785 0.610523 0.000000 0.000000 0.000000 0.000000 0.000000 0.661677 0.841723 0.945000 0.840400 0.610523 0.000000 0.000000 0.000000 0.000000 0.000000 0.753877 1.009415 0.997523 0.760754 0.919615 0.784323 0.593308 0.000000 0.000000 0.000000 0.661677 0.781308 0.879985 0.907000 0.610538 0.000000 0.000000 0.000000 0.000000 0.000000 
49
0.000000 0.661662 0.895462 0.813969 0.808600 0.605754 0.000000 0.000000 0.000000 0.000000 0.000000 0.756185 0.789862 0.918846 0.798385 0.614354 0.000000 0.000000 0.000000 0.000000 0.000000 0.756185 0.782462 0.825154 0.860785 0.596677 0.000000 0.000000 0.000000 0.000000 0.000000 0.661662 0.827415 0.937292 0.840400 0.596677 0.000000 0.000000 0.000000 0.000000 0.000000 0.708277 0.895585 1.087492 0.680815 0.923431 0.726231 0.584385 0.000000 0.000000 0.000000 0.661662 0.755123 0.918923 0.874969 0.586046 0.000000 0.000000 0.000000 0.000000 0.000000 
50
0.000000 0.661662 0.798646 0.964308 0.788723 0.499215 0.000000 0.000000 0.000000 0.000000 0.000000 0.756185 0.683569 0.848600 0.772969 0.513938 0.000000 0.000000 0.000000 0.000000 0.000000 0.756185 0.686877 0.937431 0.812662 0.509723 0.000000 0.000000 0.000000 0.000000 0.000000 0.661662 0.767015 0.972585 0.758892 0.509723 0.000000 0.000000 0.000000 0.000000 0.000000 0.709446 1.010000 0.995569 0.749446 0.920138 0.740015 0.493723 0.000000 0.000000 0.000000 0.661662 0.765646 0.880154 0.895585 0.604223 0.000000 0.000000 0.000000 0.000000 0.000000 
51
0.000000 0.661662 0.795277 0.908338 0.847385 0.588169 0.000000 0.000000 0.000000 0.000000 0.000000 0.756185 0.697969 0.952185 0.815877 0.580062 0.000000 0.000000 0.000000 0.000000 0.000000 0.756185 0.681846 0.919523 0.770123 0.589846 0.000000 0.000000 0.000000 0.000000 0.000000 0.661662 0.804938 0.904123 0.764585 0.589846 0.000000 0.000000 0.000000 0.000000 0.000000 0.674538 1.035415 1.022354 0.751277 0.752200 0.777508 0.578246 0.000000 0.000000 0.000000 0.661662 0.747908 0.887277 0.910492 0.506031 0.000000 0.000000 0.000000 0.000000 0.000000 
52
0.000000 0.567154 0.903077 0.963985 0.977200 0.412369 0.000000 0.000000 0.000000 0.000000 0.000000 0.756200 0.755092 0.896538 0.968246 0.407662 0.000000 0.000000 0.000000 0.000000 0.000000 0.756200 0.767000 0.969631 0.971600 0.410646 0.000000 0.000000 0.000000 0.000000 0.000000 0.661677 0.917723 0.924462 0.960523 0.410646 0.000000 0.000000 0.000000 0.000000 0.000000 0.747492 0.931508 1.031415 0.511169 0.969000 0.965738 0.324246 0.000000 0.000000 0.000000 0.661677 0.811846 0.844646 1.002154 0.479569 0.000000 0.000000 0.000000 0.000000 0.000000 
53
0.000000 0.567138 0.950185 0.949323 0.985538 0.496215 0.000000 0.000000 0.000000 0.000000 0.000000 0.661662 0.910446 0.906431 1.000385 0.448769 0.000000 0.000000 0.000000 0.000000 0.000000 0.756185 0.741000 0.956738 0.978985 0.493046 0.000000 0.000000 0.000000 0.000000 0.000000 0.661662 0.892185 0.915954 0.964138 0.493046 0.000000 0.000000 0.000000 0.000000 0.000000 0.744908 0.998062 0.972062 0.594123 0.956646 0.957862 0.424369 0.000000 0.000000 0.000000 0.661662 0.775385 0.933292 0.999462 0.537354 0.000000 0.000000 0.000000 0.000000 0.000000 
54
0.000000 0.567138 0.997462 0.799185 1.003169 0.438108 0.000000 0.000000 0.000000 0.000000 0.000000 0.756185 0.816169 0.765615 0.997938 0.496415 0.000000 0.000000 0.000000 0.000000 0.000000 0.756185 0.788277 0.810369 0.955554 0.493431 0.000000 0.000000 0.000000 0.000000 0.000000 0.661662 0.833000 0.924708 0.935169 0.493431 0.000000 0.000000 0.000000 0.000000 0.000000 0.722138 1.047092 0.971262 0.588446 0.866154 0.986492 0.434600 0.000000 0.000000 0.000000 0.661662 0.762431 0.930138 1.001723 0.547585 0.000000 0.000000 0.000000 0.000000 0.000000 
55
0.000000 0.567138 0.925492 0.962800 1.002108 0.399138 0.000000 0.000000 0.000000 0.000000 0.000000 0.756185 0.829862 0.904954 0.955969 0.443200 0.000000 0.000000 0.000000 0.000000 0.000000 0.756185 0.723754 0.973985 0.976231 0.398923 0.000000 0.000000 0.000000 0.000000 0.000000 0.661662 0.889185 0.883862 0.950308 0.398923 0.000000 0.000000 0.000000 0.000000 0.000000 0.701785 1.036769 0.970508 0.604923 0.947831 0.931277 0.322369 0.000000 0.000000 0.000000 0.661662 0.751292 0.946169 0.986523 0.477692 0.000000 0.000000 0.000000 0.000000 0.000000 
56
0.000000 0.567154 0.849092 1.003046 0.977200 0.532723 0.000000 0.000000 0.000000 0.000000 0.000000 0.756200 0.703246 0.963523 0.963262 0.521031 0.000000 0.000000 0.000000 0.000000 0.000000 0.756200 0.707538 1.008692 0.971600 0.522077 0.000000 0.000000 0.000000 0.000000 0.000000 0.661677 0.780169 1.061215 0.960523 0.522077 0.000000 0.000000 0.000000 0.000000 0.000000 0.753954 1.002646 0.974492 0.712785 0.954462 0.959585 0.445523 0.000000 0.000000 0.000000 0.661677 0.674154 1.086446 1.007415 0.594692 0.000000 0.000000 0.000000 0.000000 0.000000 
57
0.000000 0.567138 0.885492 0.992092 0.985538 0.506985 0.000000 0.000000 0.000000 0.000000 0.000000 0.756185 0.720908 0.968308 0.999831 0.486923 0.000000 0.000000 0.000000 0.000000 0.000000 0.756185 0.686292 0.997738 0.995754 0.487538 0.000000 0.000000 0.000000 0.000000 0.000000 0.661662 0.841662 0.971785 0.980908 0.505262 0.000000 0.000000 0.000000 0.000000 0.000000 0.753938 0.895585 1.085092 0.704738 0.946631 0.951708 0.421323 0.000000 0.000000 0.000000 0.661662 0.764246 0.873831 0.999462 0.528154 0.000000 0.000000 0.000000 0.000000 0.000000 
58
0.000000 0.567138 0.968985 0.845554 1.003169 0.332954 0.000000 0.000000 0.000000 0.000000 0.000000 0.756185 0.749169 0.834569 0.997938 0.399692 0.000000 0.000000 0.000000 0.000000 0.000000 0.756185 0.765138 0.852969 0.944323 0.395754 0.000000 0.000000 0.000000 0.000000 0.000000 0.661662 0.860400 0.811108 0.923938 0.395754 0.000000 0.000000 0.000000 0.000000 0.000000 0.762000 0.966877 1.018200 0.701631 0.831692 0.938908 0.343077 0.000000 0.000000 0.000000 0.661662 0.671569 1.013246 0.989077 0.449908 0.000000 0.000000 0.000000 0.000000 0.000000 
59
0.000000 0.567138 0.920631 0.955662 1.002108 0.388462 0.000000 0.000000 0.000000 0.000000 0.000000 0.661662 0.868015 0.946415 0.961508 0.403692 0.000000 0.000000 0.000000 0.000000 0.000000 0.756185 0.709046 0.966846 0.976231 0.405969 0.000000 0.000000 0.000000 0.000000 0.000000 0.661662 0.835231 0.983015 0.950308 0.388246 0.000000 0.000000 0.000000 0.000000 0.000000 0.711046 0.974000 1.023800 0.567338 1.014862 0.974523 0.329415 0.000000 0.000000 0.000000 0.661662 0.719308 0.932954 0.982400 0.484738 0.000000 0.000000 0.000000 0.000000 0.000000 
60
0.000000 0.567154 0.982938 0.844523 0.982031 0.398677 0.000000 0.000000 0.000000 0.000000 0.000000 0.756200 0.801123 0.907846 0.971508 0.401431 0.000000 0.000000 0.000000 0.000000 0.000000 0.756200 0.795554 0.846400 0.971046 0.403369 0.000000 0.000000 0.000000 0.000000 0.000000 0.661677 0.861108 0.971892 0.944769 0.403369 0.000000 0.000000 0.000000 0.000000 0.000000 0.778831 0.957631 1.004046 0.718000 0.974738 0.901738 0.351831 0.000000 0.000000 0.000000 0.661677 0.744985 0.846308 0.996908 0.464815 0.000000 0.000000 0.000000 0.000000 0.000000 
61
0.000000 0.567138 0.894692 1.016985 0.991800 0.474631 0.000000 0.000000 0.000000 0.000000 0.000000 0.756185 0.802385 0.795831 0.976046 0.468477 0.000000 0.000000 0.000000 0.000000 0.000000 0.756185 0.707308 0.994785 1.015938 0.470431 0.000000 0.000000 0.000000 0.000000 0.000000 0.661662 0.840415 0.964385 0.977015 0.473308 0.000000 0.000000 0.000000 0.000000 0.000000 0.755200 0.942123 1.010754 0.740954 0.836277 0.886969 0.444477 0.000000 0.000000 0.000000 0.661662 0.770169 0.983062 0.999015 0.513154 0.000000 0.000000 0.000000 0.000000 0.000000 
62
0.000000 0.571077 0.926615 0.972785 1.001200 0.468477 0.000000 0.000000 0.000000 0.000000 0.000000 0.665600 0.802369 1.005800 0.995969 0.469092 0.000000 0.000000 0.000000 0.000000 0.000000 0.665600 0.789692 1.012831 0.990015 0.467154 0.000000 0.000000 0.000000 0.000000 0.000000 0.665600 0.881985 0.815400 0.964092 0.464262 0.000000 0.000000 0.000000 0.000000 0.000000 0.686354 1.037600 1.001631 0.743062 0.913200 0.921431 0.465092 0.000000 0.000000 0.000000 0.665600 0.733215 0.961785 0.993431 0.583985 0.000000 0.000000 0.000000 0.000000 0.000000 
63
0.000000 0.571077 0.902138 0.893400 0.959569 0.348938 0.000000 0.000000 0.000000 0.000000 0.000000 0.665600 0.878262 0.920585 0.943815 0.351723 0.000000 0.000000 0.000000 0.000000 0.000000 0.665600 0.807615 0.899046 0.971308 0.349769 0.000000 0.000000 0.000000 0.000000 0.000000 0.665600 0.882508 0.936092 0.950923 0.349785 0.000000 0.000000 0.000000 0.000000 0.000000 0.729400 1.027923 1.003046 0.758677 0.916292 0.935215 0.347600 0.000000 0.000000 0.000000 0.665600 0.765400 0.895277 0.977092 0.452708 0.000000 0.000000 0.000000 0.000000 0.000000 
64
0.000000 0.567138 0.849000 0.998000 0.987415 0.482508 0.000000 0.000000 0.000000 0.000000 0.000000 0.661662 0.731585 1.016877 0.992954 0.476354 0.000000 0.000000 0.000000 0.000000 0.000000 0.756185 0.706708 1.009185 0.971600 0.504354 0.000000 0.000000 0.000000 0.000000 0.000000 0.661662 0.790523 1.048815 0.960523 0.522077 0.000000 0.000000 0.000000 0.000000 0.000000 0.741369 0.997800 1.001862 0.715831 0.944708 0.945062 0.435677 0.000000 0.000000 0.000000 0.661662 0.780123 0.977800 1.008477 0.548662 0.000000 0.000000 0.000000 0.000000 0.000000 
65
0.000000 0.567138 0.922985 0.963354 0.992954 0.474631 0.000000 0.000000 0.000000 0.000000 0.000000 0.756185 0.694446 0.934062 0.966738 0.518692 0.000000 0.000000 0.000000 0.000000 0.000000 0.756185 0.685492 0.997000 0.995754 0.504354 0.000000 0.000000 0.000000 0.000000 0.000000 0.661662 0.840862 0.939185 0.980908 0.522077 0.000000 0.000000 0.000000 0.000000 0.000000 0.729969 0.897092 1.105062 0.709000 0.936631 0.951708 0.441831 0.000000 0.000000 0.000000 0.661662 0.762662 0.930723 0.995523 0.577215 0.000000 0.000000 0.000000 0.000000 0.000000 
66
0.000000 0.567138 0.968246 0.842231 0.982492 0.399985 0.000000 0.000000 0.000000 0.000000 0.000000 0.661662 0.845831 0.974385 0.982185 0.357862 0.000000 0.000000 0.000000 0.000000 0.000000 0.756185 0.763615 0.855185 0.980754 0.380077 0.000000 0.000000 0.000000 0.000000 0.000000 0.661662 0.858200 0.852569 0.960369 0.362354 0.000000 0.000000 0.000000 0.000000 0.000000 0.723754 0.960200 1.026215 0.704877 0.852923 0.973615 0.353738 0.000000 0.000000 0.000000 0.661662 0.670785 1.016200 0.976862 0.458846 0.000000 0.000000 0.000000 0.000000 0.000000 
67
0.000000 0.567138 0.920585 0.959231 0.970692 0.438708 0.000000 0.000000 0.000000 0.000000 0.000000 0.756185 0.777877 0.918169 1.005154 0.392708 0.000000 0.000000 0.000000 0.000000 0.000000 0.756185 0.709738 0.970415 0.955554 0.407046 0.000000 0.000000 0.000000 0.000000 0.000000 0.661662 0.835969 0.981538 0.929631 0.389323 0.000000 0.000000 0.000000 0.000000 0.000000 0.675415 1.031092 0.980446 0.638185 0.940800 0.924308 0.338369 0.000000 0.000000 0.000000 0.661662 0.719308 0.881231 0.976815 0.493692 0.000000 0.000000 0.000000 0.000000 0.000000 
68
0.000000 0.567138 0.963785 0.751385 0.865415 0.599492 0.000000 0.000000 0.000000 0.000000 0.000000 0.756185 0.727600 0.928862 0.849662 0.596692 0.000000 0.000000 0.000000 0.000000 0.000000 0.756185 0.827708 0.746815 0.860785 0.593923 0.000000 0.000000 0.000000 0.000000 0.000000 0.661662 0.925185 0.829815 0.840400 0.593923 0.000000 0.000000 0.000000 0.000000 0.000000 0.715385 1.048800 0.978646 0.767462 0.814508 0.790477 0.572846 0.000000 0.000000 0.000000 0.661662 0.808754 0.899492 0.895769 0.599154 0.000000 0.000000 0.000000 0.000000 0.000000 
69
0.000000 0.567138 0.948354 0.915723 0.823446 0.599446 0.000000 0.000000 0.000000 0.000000 0.000000 0.661662 0.872815 0.941831 0.813231 0.587769 0.000000 0.000000 0.000000 0.000000 0.000000 0.756185 0.739169 0.926908 0.860785 0.601400 0.000000 0.000000 0.000000 0.000000 0.000000 0.661662 0.854985 0.907508 0.840400 0.601400 0.000000 0.000000 0.000000 0.000000 0.000000 0.769523 1.006200 0.990754 0.809077 0.852077 0.790477 0.579385 0.000000 0.000000 0.000000 0.661662 0.738185 0.938785 0.907000 0.605000 0.000000 0.000000 0.000000 0.000000 0.000000 
70
0.000000 0.567138 0.949000 0.917354 0.803569 0.573631 0.000000 0.000000 0.000000 0.000000 0.000000 0.756185 0.821308 0.868108 0.772062 0.573015 0.000000 0.000000 0.000000 0.000000 0.000000 0.756185 0.739815 0.890477 0.862877 0.579169 0.000000 0.000000 0.000000 0.000000 0.000000 0.661662 0.855662 0.870769 0.809108 0.579169 0.000000 0.000000 0.000000 0.000000 0.000000 0.764585 0.982985 1.028477 0.794508 0.840908 0.776446 0.563169 0.000000 0.000000 0.000000 0.661662 0.707169 0.972969 0.939123 0.576215 0.000000 0.000000 0.000000 0.000000 0.000000 
71
0.000000 0.567138 0.934308 0.920385 0.853062 0.482631 0.000000 0.000000 0.000000 0.000000 0.000000 0.756185 0.746785 0.820308 0.821554 0.497723 0.000000 0.000000 0.000000 0.000000 0.000000 0.756185 0.732569 0.931569 0.770123 0.480708 0.000000 0.000000 0.000000 0.000000 0.000000 0.661662 0.834338 0.934938 0.764585 0.480708 0.000000 0.000000 0.000000 0.000000 0.000000 0.702677 1.043877 1.017477 0.727338 0.937646 0.747231 0.456354 0.000000 0.000000 0.000000 0.661662 0.774323 0.841477 0.844646 0.474831 0.000000 0.000000 0.000000 0.000000 0.000000 
72
0.000000 0.567138 0.837462 1.004154 0.947508 0.502354 0.000000 0.000000 0.000000 0.000000 0.000000 0.756185 0.691708 0.956877 0.973477 0.499600 0.000000 0.000000 0.000000 0.000000 0.000000 0.756185 0.733523 0.970723 0.977138 0.500646 0.000000 0.000000 0.000000 0.000000 0.000000 0.661662 0.767908 1.062323 0.966062 0.500631 0.000000 0.000000 0.000000 0.000000 0.000000 0.753477 0.998246 0.963308 0.707200 0.955369 0.949369 0.420385 0.000000 0.000000 0.000000 0.661662 0.767862 0.976415 1.016923 0.569554 0.000000 0.000000 0.000000 0.000000 0.000000 
73
0.000000 0.567138 0.883200 0.992292 0.982492 0.538538 0.000000 0.000000 0.000000 0.000000 0.000000 0.756185 0.680708 0.996523 0.957031 0.517431 0.000000 0.000000 0.000000 0.000000 0.000000 0.756185 0.684785 0.997938 0.964862 0.500908 0.000000 0.000000 0.000000 0.000000 0.000000 0.661662 0.840169 0.972892 0.986446 0.493031 0.000000 0.000000 0.000000 0.000000 0.000000 0.773092 1.014200 0.979031 0.684908 0.946785 0.977185 0.424354 0.000000 0.000000 0.000000 0.661662 0.761954 0.869185 1.016923 0.537338 0.000000 0.000000 0.000000 0.000000 0.000000 
74
0.000000 0.567138 0.890185 0.969800 0.967800 0.401692 0.000000 0.000000 0.000000 0.000000 0.000000 0.756185 0.693092 0.902815 0.997938 0.410338 0.000000 0.000000 0.000000 0.000000 0.000000 0.756185 0.685554 0.980985 0.987308 0.398923 0.000000 0.000000 0.000000 0.000000 0.000000 0.661662 0.858277 0.814877 0.940708 0.398923 0.000000 0.000000 0.000000 0.000000 0.000000 0.758585 0.999831 0.966277 0.720923 0.837231 0.973000 0.346246 0.000000 0.000000 0.000000 0.661662 0.670877 1.003492 0.968569 0.489508 0.000000 0.000000 0.000000 0.000000 0.000000 
75
0.000000 0.567138 0.958785 0.855354 1.003169 0.388477 0.000000 0.000000 0.000000 0.000000 0.000000 0.756185 0.750692 0.973646 0.961508 0.403692 0.000000 0.000000 0.000000 0.000000 0.000000 0.756185 0.748662 0.862769 0.991985 0.380369 0.000000 0.000000 0.000000 0.000000 0.000000 0.661662 0.825108 0.979246 0.950308 0.388262 0.000000 0.000000 0.000000 0.000000 0.000000 0.716138 0.980538 1.070646 0.488569 1.022615 0.947031 0.311708 0.000000 0.000000 0.000000 0.661662 0.676938 0.970200 0.982400 0.467031 0.000000 0.000000 0.000000 0.000000 0.000000 
76
0.000000 0.567138 0.932431 0.953600 0.814138 0.609800 0.000000 0.000000 0.000000 0.000000 0.000000 0.756185 0.796954 0.883262 0.798385 0.616015 0.000000 0.000000 0.000000 0.000000 0.000000 0.756185 0.814769 0.811308 0.840400 0.613015 0.000000 0.000000 0.000000 0.000000 0.000000 0.661662 0.900723 0.781754 0.834862 0.613015 0.000000 0.000000 0.000000 0.000000 0.000000 0.737431 0.991215 1.004892 0.796323 0.843831 0.790477 0.586846 0.000000 0.000000 0.000000 0.661662 0.743631 0.904415 0.890231 0.610231 0.000000 0.000000 0.000000 0.000000 0.000000 
77
0.000000 0.567138 0.937169 0.823169 0.808600 0.598969 0.000000 0.000000 0.000000 0.000000 0.000000 0.756185 0.803385 0.904538 0.798385 0.595523 0.000000 0.000000 0.000000 0.000000 0.000000 0.756185 0.743569 0.841692 0.857015 0.602415 0.000000 0.000000 0.000000 0.000000 0.000000 0.661662 0.846492 0.905154 0.851477 0.602415 0.000000 0.000000 0.000000 0.000000 0.000000 0.695277 0.997477 1.043677 0.697108 0.867523 0.726231 0.590046 0.000000 0.000000 0.000000 0.661662 0.771508 0.903492 0.834477 0.602354 0.000000 0.000000 0.000000 0.000000 0.000000 
78
0.000000 0.575015 0.962969 0.866723 0.791769 0.604292 0.000000 0.000000 0.000000 0.000000 0.000000 0.669538 0.833062 0.912231 0.760262 0.596246 0.000000 0.000000 0.000000 0.000000 0.000000 0.669538 0.775662 0.941877 0.773738 0.600969 0.000000 0.000000 0.000000 0.000000 0.000000 0.669538 0.830769 0.922846 0.747815 0.600969 0.000000 0.000000 0.000000 0.000000 0.000000 0.698600 0.998431 1.008477 0.679323 0.940723 0.746169 0.582446 0.000000 0.000000 0.000000 0.669538 0.702969 0.978769 0.873277 0.600908 0.000000 0.000000 0.000000 0.000000 0.000000 
79
0.000000 0.571077 0.996923 0.781400 0.847385 0.499154 0.000000 0.000000 0.000000 0.000000 0.000000 0.665600 0.820800 0.822000 0.815877 0.504431 0.000000 0.000000 0.000000 0.000000 0.000000 0.665600 0.854000 0.915677 0.779431 0.495815 0.000000 0.000000 0.000000 0.000000 0.000000 0.665600 0.851877 0.905369 0.759046 0.495815 0.000000 0.000000 0.000000 0.000000 0.000000 0.670954 1.026554 1.016600 0.610600 0.852046 0.783662 0.477308 0.000000 0.000000 0.000000 0.665600 0.778954 0.884892 0.871569 0.498723 0.000000 0.000000 0.000000 0.000000 0.000000 
