task94
0.012000 1.001107 2.002015 2.002142 3.011104 3.011268 4.011833 4.012011 5.023745 5.038669 
task15
0.022000 1.013379 2.012015 2.014417 3.021104 3.023544 4.042489 4.049162 5.055696 5.082487 
task10
0.022000 1.011077 2.012015 2.012022 3.021104 3.021125 4.042489 4.050409 5.055696 5.080144 
task13
0.022000 1.011025 2.012015 2.012067 3.021104 3.021333 4.042489 4.051678 5.055696 5.141167 
task0
0.022000 1.011370 2.012015 2.012403 3.021104 3.021490 4.042489 4.044253 5.055696 5.083778 
task5
0.024000 1.012479 2.014205 2.014976 3.022689 3.023491 4.050078 4.050277 5.084594 5.139437 
task1
0.024000 1.012468 2.014773 2.014931 3.023310 3.023360 4.046183 4.047578 5.085185 5.085431 
task8
0.024000 1.012373 2.013467 2.014284 3.023284 3.024066 4.050085 4.050205 5.085761 5.136048 
task12
0.024000 1.012879 2.014392 2.015173 3.022744 3.023499 4.046004 4.047234 5.086104 5.139769 
task11
0.024000 1.014133 2.012713 2.013586 3.022274 3.023046 4.047466 4.048275 5.085658 5.139508 
task2
0.024000 1.012595 2.014457 2.015130 3.023264 3.024089 4.048206 4.048231 5.085858 5.136012 
task9
0.024000 1.013867 2.012809 2.013611 3.022503 3.023136 4.048626 4.048816 5.084698 5.138934 
task6
0.024000 1.012738 2.014585 2.015376 3.022975 3.023664 4.048792 4.048896 5.084254 5.139100 
task3
0.024000 1.013953 2.012829 2.013606 3.022546 3.023210 4.048271 4.049001 5.085194 5.139103 
task4
0.024000 1.012876 2.012861 2.013552 3.023345 3.024017 4.047469 4.048190 5.085793 5.140612 
task7
0.024000 1.013079 2.014015 2.014030 3.023104 3.023132 4.048445 4.049348 5.085696 5.141591 
task14
0.024305 1.012408 2.014069 2.014270 3.023887 3.023923 4.045596 4.046793 5.086399 5.086966 
task16
0.032000 1.087097 2.022015 2.087934 3.031104 3.097075 4.064135 4.130519 5.177198 5.244922 
task17
0.084000 0.093852 1.087743 1.098823 2.088773 2.099860 3.097310 3.108801 4.258055 4.558690 5.267489 5.289261 
task20
0.084148 0.245483 1.087817 1.251565 2.088847 2.252606 3.097383 3.261673 4.258212 4.597149 5.262511 5.263105 5.263488 5.265414 5.265489 5.267446 
task19
0.274379 0.283625 1.279818 1.288372 2.280848 2.289515 3.289384 3.298524 4.680627 4.683104 5.522621 5.526557 5.531659 5.548969 
task18
0.298407 0.298831 0.304475 0.323283 1.296545 1.305006 1.310686 1.311303 1.311622 1.333438 2.306365 2.306852 2.307070 2.308036 2.311431 2.333490 3.315511 3.316000 3.316183 3.316728 3.321527 3.342853 4.708433 4.710310 4.710581 4.711125 5.531497 5.533786 
task21
0.304416 0.305502 1.311563 1.315018 2.311431 2.315289 3.321413 3.324171 4.714926 4.718824 5.553857 5.556376 
task22
0.326490 0.327463 0.328521 0.329008 1.335622 1.335870 1.336153 1.336442 1.336803 1.336992 1.337033 1.337696 1.337727 1.337950 1.338184 1.338681 2.333431 2.333924 2.335462 2.335597 2.335744 2.336795 2.337184 2.337460 2.337462 2.337587 2.337635 2.337860 2.337999 2.338231 3.343606 3.344208 3.345637 3.345671 3.345684 3.346040 3.346121 3.346158 3.346453 3.346854 3.347305 3.347549 4.716581 4.716699 4.716713 4.716874 4.716887 4.717022 4.717041 4.717532 4.717560 4.717707 4.717873 4.717989 4.718036 4.718118 5.574351 5.574589 5.574593 5.574776 5.574872 5.574874 5.575016 5.575021 5.575061 5.575328 5.575459 5.575561 5.575575 5.575931 5.576617 5.576795 
task23
0.334000 0.334938 1.342099 1.342907 2.342203 2.343076 3.354302 3.355245 4.740411 4.741401 5.600510 5.601370 
task24
0.336521 0.336847 1.343064 1.343297 1.343441 1.343674 1.343727 1.343867 1.344184 1.344584 1.344908 1.345195 2.343289 2.343684 2.343740 2.343987 2.343999 2.344173 2.344629 2.344976 3.355637 3.355910 3.356152 3.356369 3.356521 3.356843 3.357389 3.357609 4.741978 4.742181 4.742819 4.743450 4.743465 4.743771 5.601409 5.607592 
task54
0.350563 0.351026 0.354068 0.354225 0.354659 0.354809 0.354918 0.355775 1.360319 1.361243 1.361557 1.362053 1.363770 1.363934 1.364340 1.364579 1.365131 1.365273 1.365303 1.365789 1.365792 1.366120 2.360670 2.360920 2.361330 2.361466 2.361503 2.361618 2.362066 2.363709 2.364166 2.365743 2.365802 2.366779 3.370577 3.370793 3.371678 3.372089 3.374088 3.374534 3.374732 3.376615 3.377035 3.377275 4.760860 4.761183 4.761507 4.761805 4.762019 4.762292 4.764199 4.764693 4.765180 4.765274 4.765387 4.765530 4.765731 4.765979 5.620581 5.621207 5.621807 5.623603 5.624264 5.625299 5.626208 5.626647 
task25
0.350563 0.354630 0.354659 0.358224 1.360225 1.364249 1.364298 1.368873 2.360671 2.365123 2.365192 2.369381 3.370563 3.375487 3.375873 3.377803 4.760860 4.780985 5.620581 5.629245 
task31
0.350696 0.351134 0.354068 0.372547 1.360320 1.360771 1.361557 1.361849 1.363770 1.363901 1.365792 1.383089 2.362067 2.362417 2.365561 2.365706 2.366378 2.383700 3.370577 3.370812 3.371800 3.372050 3.374732 3.376451 4.760929 4.761197 4.761507 4.761887 4.764281 4.764888 4.765731 4.783156 5.620616 5.621011 5.621971 5.622317 5.624706 5.643347 
task30
0.350696 0.351055 0.354068 0.357711 1.360320 1.360693 1.361557 1.361771 1.363770 1.368380 2.362067 2.362339 2.365561 2.368868 3.370577 3.370734 3.371800 3.371971 3.374732 3.378281 4.760929 4.761118 4.761507 4.761809 4.764281 4.767909 5.620616 5.620933 5.621971 5.622238 5.624706 5.628732 
task35
0.352055 0.352510 1.362154 1.362679 2.360258 2.360648 3.370357 3.370817 4.760466 4.760973 5.620565 5.620941 
task90
0.353890 0.356737 1.363524 1.365020 2.365192 2.366707 3.374649 3.377423 4.764629 4.767403 5.625273 5.628045 
task83
0.353890 0.370792 1.363524 1.381132 2.364037 2.381842 3.373986 3.380746 4.764178 4.769505 5.624178 5.641644 
task33
0.353994 0.354165 0.354810 0.355306 0.415164 0.434783 1.380340 1.380515 1.381131 1.381258 1.381303 1.381602 1.381770 1.381934 1.382352 1.382524 1.383142 1.383268 1.383315 1.383412 1.383775 1.383849 1.423955 1.443680 2.363979 2.364217 2.364267 2.364617 2.365475 2.365648 2.365665 2.366091 2.381802 2.381846 2.382021 2.382093 2.382132 2.382223 2.382267 2.382383 2.383520 2.383609 2.383802 2.383856 2.384032 2.384102 2.384143 2.384233 2.384267 2.384399 2.425954 2.446447 3.373980 3.374401 3.374726 3.382325 3.384088 3.384143 3.384676 3.388418 3.391999 3.392062 3.392088 3.392228 3.392232 3.392354 3.392385 3.392396 3.392687 3.392958 3.393046 3.393082 3.393082 3.393177 3.436152 3.455970 4.764188 4.773593 4.781180 4.781296 4.781387 4.781530 4.781731 4.781941 4.782281 4.782474 4.783215 4.783301 4.825475 4.879848 5.624280 5.631323 5.632264 5.632336 5.634275 5.636515 5.636717 5.640311 5.642209 5.642493 5.642717 5.642802 5.642809 5.642952 5.643014 5.643093 5.643166 5.643396 5.643731 5.643921 5.686357 5.705646 
task26
0.415012 0.418130 1.423802 1.427960 2.425802 2.429794 3.435999 3.439287 4.825423 4.829405 5.686214 5.688977 
task86
0.415029 0.484916 1.423819 1.440677 2.425819 2.495511 3.436017 3.452021 4.825440 4.895417 5.686231 5.701710 
task84
0.415150 0.478603 1.423941 1.487401 2.425940 2.489181 3.436138 3.498731 4.825468 4.883755 5.686347 5.749498 
task85
0.482823 0.499957 1.481955 1.486184 1.493531 1.504043 2.496420 2.527314 3.494152 3.498523 3.504153 3.515674 4.895896 4.928967 5.754427 5.766771 
task87
0.485427 0.495963 1.493805 1.500056 2.496420 2.502751 3.506153 3.511760 4.895880 4.902176 5.756871 5.762857 
task27
0.485443 0.517320 1.493821 1.524931 2.496421 2.526995 3.506169 3.537353 4.895897 4.903129 5.756887 5.788614 
task28
0.485461 0.492346 1.493838 1.500647 2.484184 2.488069 2.493707 2.525986 3.506186 3.512307 4.892955 4.893374 4.893375 4.895910 4.895914 4.903482 5.756904 5.763494 
task29
0.515462 0.516665 0.516858 0.517842 0.518296 0.524179 1.524539 1.524905 1.525566 1.526358 1.526629 1.530952 2.524560 2.525091 2.526438 2.526988 2.527718 2.528884 2.529732 2.530308 2.530367 2.546981 3.538191 3.541925 4.923914 4.924957 4.925508 4.926854 4.926989 4.927907 4.928026 4.937413 5.789261 5.791938 
task32
0.518191 0.519830 1.526539 1.526961 1.527216 1.528748 2.530233 2.530853 2.531508 2.532290 3.570480 3.605036 4.927928 4.933058 5.822927 5.886764 
task36
0.518222 0.582748 1.526592 1.529654 2.530293 2.532880 3.570496 3.607914 4.927995 4.981865 5.816987 5.822853 5.822995 5.829577 
task88
0.518296 0.533247 1.526621 1.541696 2.530330 2.546644 3.536186 3.555240 4.928026 4.946121 5.786969 5.805108 
task89
0.551227 0.584146 1.558108 1.569942 1.591554 1.622334 2.560484 2.583476 2.594377 2.647878 3.570471 3.588715 5.019740 5.030869 5.822923 5.829368 
task39
0.566315 0.578544 1.591525 1.595667 2.596383 2.606688 3.612387 3.615837 3.616393 3.619345 5.022575 5.025582 5.859369 5.870589 
task91
0.570056 0.570199 1.592160 1.592368 2.596259 2.596536 3.616357 3.616505 5.026467 5.026661 5.904565 5.904830 
task92
0.600321 0.605027 0.613279 0.626131 1.619712 1.658328 2.646741 2.657933 3.629021 3.667733 5.050583 5.085040 5.929384 5.938170 5.968378 5.938170 5.968403 5.938170 5.965040 5.938170 5.965065 5.938641 5.968927 5.938641 5.968849 5.938641 5.965586 5.938641 5.965509 5.939188 5.970233 5.939188 5.970292 5.939188 5.966895 5.939396 5.971824 5.939396 5.969538 5.939396 5.968485 5.939396 5.967764 5.939396 5.967748 5.939396 5.966199 5.939396 5.939540 5.939540 5.971911 5.939540 5.971192 5.939540 5.971090 5.939540 5.968541 5.939540 5.967854 5.939540 5.967895 5.939540 5.967752 5.939649 5.971950 5.939649 5.969838 5.939649 5.968611 5.939649 5.968010 5.939649 5.968059 5.939649 5.966498 5.939649 
task93
0.613253 0.616508 1.657755 1.673526 2.671714 2.674277 3.667210 3.672706 5.084875 5.111076 5.937937 5.938601 5.940208 5.938601 5.940275 5.938601 5.940143 5.938601 5.940239 5.938634 5.993782 5.938640 5.993836 5.938640 5.993763 5.938640 5.995267 5.938640 5.992351 5.938640 5.992278 5.938640 5.992298 5.938641 5.941910 5.938641 5.940239 5.938641 5.940426 5.938641 5.940305 5.938641 5.940239 5.938666 5.994107 5.938672 5.994229 5.938672 5.994455 5.938672 5.992334 5.938672 5.995592 5.938672 5.995714 5.938672 5.995939 5.938673 5.941828 5.938673 5.941806 5.938673 5.940298 5.938673 5.940343 5.938673 5.940322 5.939122 5.994326 5.939128 5.994452 5.939128 5.994251 5.939128 5.992654 5.939128 5.992841 5.939128 5.992967 5.939128 5.992766 5.939188 5.943197 5.939188 5.941673 5.939188 5.941713 5.939188 5.941580 5.939188 5.941335 5.939389 5.994906 5.939395 5.994781 5.939395 5.995245 5.939395 5.992959 5.939395 5.996391 5.939395 5.996266 5.939395 5.996730 5.939396 5.942487 5.939396 5.942473 5.939396 5.940917 5.939396 5.941002 5.939396 5.940988 5.939533 5.996492 5.939539 5.998154 5.939539 5.996784 5.939539 5.996098 5.939539 5.995007 5.939539 5.941024 5.939539 5.995300 5.939539 5.994613 5.939540 5.942580 5.939540 5.942580 5.939540 5.941095 5.939540 5.941095 5.939540 5.942509 5.939607 5.995089 5.939617 5.995155 5.939617 5.995378 5.939617 5.993267 5.939617 5.996573 5.939617 5.996639 5.939617 5.996863 5.939649 5.942767 5.939649 5.942741 5.939649 5.941225 5.939649 5.941283 5.939649 5.941256 5.939649 
task37
0.613254 0.659856 1.622677 1.628001 2.596377 2.600360 3.632402 3.637048 4.958564 4.973462 4.984081 4.991920 5.859363 5.865239 
task34
0.613260 0.622950 1.591531 1.599304 2.596390 2.646042 3.602565 3.602878 3.604328 3.605346 3.605393 3.605627 3.606387 3.607666 4.984062 4.989846 5.851075 5.855300 5.855344 5.855726 5.856549 5.857211 5.857363 5.857918 5.858064 5.858363 5.858568 5.859358 5.859375 5.871898 
task38
0.655279 0.658480 0.659027 0.667032 1.661438 1.663966 2.649704 2.654041 3.667205 3.670111 4.984026 4.988628 5.900580 5.912337 
task40
0.659021 0.662313 1.674243 1.679837 2.671720 2.699322 3.682456 3.686307 5.053847 5.057373 5.904114 5.908508 
task41
0.683295 0.704665 1.693449 1.711414 2.695726 2.713975 3.701049 3.719086 5.084875 5.101465 5.937946 5.938170 5.979309 5.938170 5.979372 5.938170 5.975664 5.938170 5.975729 5.938170 5.972021 5.938170 5.972046 5.938170 5.961701 5.938170 5.961726 5.938170 5.958058 5.938170 5.958083 5.938170 5.954415 5.938170 5.954400 5.938601 5.979753 5.938601 5.979748 5.938601 5.976110 5.938601 5.976087 5.938601 5.972453 5.938601 5.972421 5.938641 5.979901 5.938641 5.979816 5.938641 5.976254 5.938641 5.976135 5.938641 5.972610 5.938641 5.972492 5.938641 5.962248 5.938641 5.962170 5.938641 5.958573 5.938641 5.958527 5.938641 5.954924 5.938641 5.954849 5.938673 5.981655 5.938673 5.981742 5.938673 5.982001 5.938673 5.979912 5.938673 5.978012 5.938673 5.978086 5.938673 5.978322 5.938673 5.976269 5.938673 5.974369 5.938673 5.974443 5.938673 5.974640 5.938673 5.972586 5.938673 5.970718 5.938673 5.970768 5.938673 5.939128 5.939128 5.980206 5.939128 5.980393 5.939128 5.980502 5.939128 5.980318 5.939128 5.976558 5.939128 5.976732 5.939128 5.976841 5.939128 5.976658 5.939128 5.972892 5.939128 5.973075 5.939128 5.973184 5.939128 5.973001 5.939183 5.985210 5.939183 5.983090 5.939183 5.981235 5.939183 5.981261 5.939183 5.981529 5.939183 5.979408 5.939183 5.977552 5.939183 5.977618 5.939183 5.977885 5.939183 5.975765 5.939183 5.973909 5.939183 5.973935 5.939183 5.974242 5.939183 5.972122 5.939188 5.966954 5.939188 5.963556 5.939188 5.963271 5.939188 5.959874 5.939188 5.959628 5.939188 5.956230 5.939188 5.955952 5.939396 5.982422 5.939396 5.982358 5.939396 5.982791 5.939396 5.980505 5.939396 5.978772 5.939396 5.978715 5.939396 5.979115 5.939396 5.976828 5.939396 5.975129 5.939396 5.975036 5.939396 5.975467 5.939396 5.973181 5.939396 5.971447 5.939396 5.971391 5.939396 5.939540 5.939540 5.982518 5.939540 5.982059 5.939540 5.978873 5.939540 5.978376 5.939540 5.975229 5.939540 5.974733 5.939540 5.971547 5.939540 5.965203 5.939540 5.964515 5.939540 5.964556 5.939540 5.964413 5.939540 5.961560 5.939540 5.960872 5.939540 5.960873 5.939540 5.960770 5.939540 5.957877 5.939540 5.957197 5.939540 5.957230 5.939540 5.957119 5.939540 5.939649 5.939649 5.965272 5.939649 5.964672 5.939649 5.964721 5.939649 5.963159 5.939649 5.961629 5.939649 5.961022 5.939649 5.961045 5.939649 5.959516 5.939649 5.957951 5.939649 5.957379 5.939649 5.957397 5.939649 5.955836 5.939649 
task42
0.687028 0.694518 1.694768 1.700567 2.697726 2.702438 3.702462 3.707946 5.084843 5.090422 5.937943 5.937946 5.999660 5.937946 5.996886 5.937946 5.952645 5.937946 5.951974 5.937946 5.952038 5.937946 5.950413 5.937946 5.949002 5.937946 5.948330 5.937946 5.948356 5.937946 5.946770 5.937946 5.945320 5.937946 5.944687 5.937946 5.944713 5.937946 5.943087 5.937946 5.941677 5.938169 5.996926 5.938170 5.996991 5.938170 5.992967 5.938170 5.998384 5.938170 5.990314 5.938170 5.990339 5.938170 5.996610 5.938170 5.990287 5.938170 5.989284 5.938170 5.986644 5.938170 5.985641 5.938170 5.982993 5.938170 5.953008 5.938170 5.950663 5.938170 5.949359 5.938170 5.947016 5.938170 5.945716 5.938170 5.943373 5.938600 5.997833 5.938601 5.991072 5.938601 5.997364 5.938601 5.997341 5.938601 5.991203 5.938601 5.997702 5.938601 5.990734 5.938601 5.990729 5.938601 5.987074 5.938601 5.987069 5.938601 5.983414 5.938601 5.983408 5.938640 5.997516 5.938641 5.997408 5.938641 5.992801 5.938641 5.998910 5.938641 5.990866 5.938641 5.990793 5.938641 5.996444 5.938641 5.990812 5.938641 5.989122 5.938641 5.987169 5.938641 5.985470 5.938641 5.983494 5.938641 5.952877 5.938641 5.951214 5.938641 5.949234 5.938641 5.947563 5.938641 5.945558 5.938641 5.943920 5.938672 5.995977 5.938673 5.992623 5.938673 5.992745 5.938673 5.992970 5.938673 5.990849 5.938673 5.999275 5.938673 5.999357 5.938673 5.999582 5.938673 5.999633 5.938673 5.988979 5.938673 5.989062 5.938673 5.989327 5.938673 5.987206 5.938673 5.985304 5.938673 5.985419 5.938673 5.985644 5.938673 5.983555 5.938673 5.953345 5.938673 5.952803 5.938673 5.952773 5.938673 5.951264 5.938673 5.949671 5.938673 5.949151 5.938673 5.949130 5.938673 5.947588 5.938673 5.946021 5.938673 5.945508 5.938673 5.945452 5.938673 5.943941 5.938673 5.942378 5.939128 5.996315 5.939128 5.997986 5.939128 5.998095 5.939128 5.997912 5.939128 5.991170 5.939128 5.991357 5.939128 5.991483 5.939128 5.991282 5.939128 5.999975 5.939182 5.939183 5.939188 5.956283 5.939188 5.954165 5.939188 5.952640 5.939188 5.950522 5.939188 5.948960 5.939188 5.946840 5.939188 5.945316 5.939395 5.996602 5.939396 5.993422 5.939396 5.993296 5.939396 5.993760 5.939396 5.991474 5.939540 5.996669 5.939540 5.993815 5.939540 5.993129 5.939540 5.990172 5.939540 5.989486 5.939540 5.986521 5.939540 5.985809 5.943332 
task43
0.772397 0.787943 1.783451 1.793523 2.781726 2.795689 3.785485 3.801342 5.175409 5.192398 
task46
0.780060 0.780289 1.822164 1.822458 2.790263 2.790427 3.794362 3.794596 5.184471 5.184752 
task47
0.782080 0.783369 1.848184 1.849338 2.792283 2.793507 3.796382 3.797676 5.186491 5.187631 
task48
0.831471 0.859001 1.849531 1.855332 2.844636 2.852853 3.849504 3.854552 5.238413 5.263312 
task49
0.839106 0.842223 1.860890 1.864126 2.863836 2.865962 3.869118 3.871745 5.244446 5.249255 
task44
0.839138 0.845984 1.844121 1.849661 2.846471 2.851275 3.851400 3.854943 5.244478 5.253923 
task50
0.857541 0.903094 1.893959 1.898321 2.897836 2.900711 3.903513 3.907265 5.270446 5.279722 
task51
0.862624 0.864233 0.864576 0.865165 1.909740 1.912592 2.911867 2.913744 3.917544 3.918467 3.918676 3.920354 3.920707 3.921329 5.531645 5.550105 
task45
0.862655 0.867366 1.860905 1.866999 2.859805 2.868801 3.867468 3.874581 5.270432 5.279583 
task52
0.906740 0.908835 0.909282 0.909446 0.909449 0.909585 0.909617 0.909836 0.909876 0.910051 0.910620 0.910986 0.911339 0.911577 1.917029 1.917114 1.917771 1.917886 1.917899 1.918084 1.918103 1.918547 1.919103 1.919282 1.919668 1.920054 2.918313 2.918695 2.919867 2.919978 2.920085 2.920571 2.920592 2.921001 3.925663 3.925751 3.925755 3.925799 3.926707 3.927027 3.927260 3.927848 5.550434 5.550769 5.550963 5.551254 5.551545 5.551707 5.551909 5.552173 5.552534 5.552770 5.552989 5.553016 5.553089 5.553187 5.553227 5.553468 5.553571 5.553709 5.553990 5.560062 
task53
0.909436 0.909699 0.909836 0.909987 0.910607 0.910670 0.910700 0.910837 0.911326 0.911465 1.919090 1.919240 1.919654 1.919779 1.919784 1.919903 1.919960 1.920066 1.920146 1.920340 1.920379 1.920550 2.921911 2.922045 2.922112 2.922167 2.922241 2.922360 2.922374 2.922517 2.922605 2.922652 2.922769 2.922910 2.922948 2.923063 3.927229 3.927381 3.927416 3.927493 3.927558 3.927800 3.928720 3.928864 3.928870 3.928975 5.553844 5.554039 5.554055 5.554088 5.554534 5.554730 5.554989 5.555005 5.555061 5.555079 5.555089 5.555301 5.555341 5.555469 5.555571 5.555746 
task55
0.911510 0.927092 1.921103 1.924718 2.923924 2.926515 3.929303 3.932448 5.573299 5.577887 
task56
0.913339 0.924660 1.924009 1.935064 2.926675 2.938304 3.933021 3.943618 5.578395 5.590574 
task57
0.935757 0.935873 0.936036 0.936100 0.943771 0.943875 0.944050 0.944101 0.944279 0.945805 0.945808 0.945865 0.946050 0.946161 0.946293 0.952370 1.953453 1.953881 1.954009 1.954139 1.954198 1.954354 1.954378 1.954508 1.954572 1.955075 2.957042 2.957216 2.957257 2.957353 2.958267 2.958435 2.958489 2.958659 2.958676 2.958769 2.958961 2.959030 3.963076 3.963433 3.963638 3.963731 3.963826 3.963964 3.964080 3.964255 5.590762 5.599463 
task58
4.011090 4.014216 
task62
4.011298 4.045722 
task69
4.011307 4.023734 
task61
4.011325 4.032465 
task74
4.011385 4.040683 
task73
4.011386 4.020650 
task64
4.029435 4.030785 4.031465 4.034345 4.035970 4.037215 4.037465 4.039292 4.040002 4.041170 4.041407 4.052343 
task59
4.041404 4.047145 
task75
4.041405 4.046997 
task60
4.052078 4.055977 
task76
4.052134 4.064246 
task63
4.066135 4.068883 
task65
4.070684 4.080366 
task66
4.096400 4.096863 
task67
4.097013 4.106161 
task82
4.118478 4.133394 
task80
4.118530 4.257211 
task71
4.118531 4.248285 
task68
4.118600 4.146780 
task77
4.118600 4.240101 
task70
4.248601 4.496851 
task78
4.258054 4.267151 
task72
4.258054 4.563038 
task81
4.258055 4.646855 
task79
4.540593 4.542205 4.542593 4.545059 4.552593 4.559082 4.670213 4.671959 4.672313 4.673939 4.674213 4.675919 4.678627 4.679899 4.680213 4.685033 
