5
0.000000 0.012000 1.000000 1.001107 2.000000 2.002142 3.000000 3.011268 4.000000 4.012011 5.000000 5.038669 
0
0.000000 0.024411 1.000000 1.014133 2.000000 2.015376 3.000000 3.024089 4.000000 4.051678 5.000000 5.141591 
4
0.000000 0.344077 1.000000 1.352368 2.000000 2.352030 3.000000 3.364678 4.000000 4.750947 5.000000 5.616984 
1
0.000000 0.677325 1.000000 1.676555 2.000000 2.749646 3.000000 3.683721 4.000000 5.169650 
2
0.000000 0.972015 1.000000 1.963467 2.000000 2.966690 3.000000 3.972046 4.000000 5.618942 
3
4.000000 4.715136 
