0
0.000000 2000000.000000 1998912.000000 1998912.000000 2000000.000000 1999996.000000 1999999.000000 1999998.000000 1999998.000000 1999997.000000 1999997.000000 2000000.000000 1998912.000000 1998912.000000 2000000.000000 1999996.000000 1999999.000000 1999998.000000 1999998.000000 1999997.000000 1999957.000000 2000000.000000 1998912.000000 1998912.000000 2000000.000000 1999996.000000 1999999.000000 1999998.000000 1999998.000000 1999988.000000 2000000.000000 2000000.000000 1998912.000000 1998912.000000 2000000.000000 1999996.000000 1999999.000000 1999998.000000 1999998.000000 2000000.000000 1999992.000000 2000000.000000 2000000.000000 2000000.000000 1999998.000000 1999999.000000 1999995.000000 1999996.000000 2000000.000000 1999996.000000 1999999.000000 1999998.000000 1999998.000000 2000000.000000 1999968.000000 1999996.000000 1999999.000000 2000000.000000 2000000.000000 1999998.000000 1999998.000000 
1
0.000000 42048.000000 402496.000000 1273218.000000 2000000.000000 1999996.000000 1999999.000000 1999998.000000 1999998.000000 1999992.000000 1999997.000000 1999581.000000 1999996.000000 1999998.000000 2000000.000000 1999996.000000 1999999.000000 1999998.000000 1999998.000000 1999997.000000 1999997.000000 1999983.000000 1999999.000000 2000000.000000 2000000.000000 1999996.000000 1999999.000000 1999998.000000 1999998.000000 1999992.000000 1999996.000000 1997873.000000 1999985.000000 2000000.000000 2000000.000000 1999996.000000 1999999.000000 1999998.000000 1999998.000000 1999998.000000 1999993.000000 2000000.000000 1999998.000000 2000000.000000 1999999.000000 1999999.000000 1999994.000000 1999994.000000 2000000.000000 1999996.000000 1999999.000000 1999998.000000 1999998.000000 1999998.000000 1999998.000000 1999997.000000 1999997.000000 2000000.000000 2000000.000000 1999998.000000 1999998.000000 
2
0.000000 59456.000000 419904.000000 1298818.000000 2000000.000000 1999993.000000 2000000.000000 1999999.000000 1999999.000000 1999997.000000 1999997.000000 1999973.000000 1999989.000000 1999998.000000 2000000.000000 1999993.000000 2000000.000000 1999999.000000 1999999.000000 1999999.000000 1999999.000000 1999997.000000 1999996.000000 1999998.000000 2000000.000000 1999993.000000 2000000.000000 1999999.000000 1999999.000000 1999980.000000 1999992.000000 1999991.000000 1999982.000000 1999984.000000 2000000.000000 1999993.000000 2000000.000000 1999999.000000 1999999.000000 1999999.000000 1999997.000000 2000000.000000 1999999.000000 1999999.000000 1999997.000000 1999999.000000 1999999.000000 2000000.000000 2000000.000000 1999945.000000 2000000.000000 1999999.000000 2000000.000000 1999980.000000 1998900.000000 1999912.000000 2000000.000000 2000000.000000 1999998.000000 1999999.000000 1999999.000000 
3
0.000000 59456.000000 419904.000000 1298818.000000 2000000.000000 2000000.000000 2000000.000000 1999999.000000 1999999.000000 1999997.000000 1999997.000000 1999999.000000 1999977.000000 1999994.000000 2000000.000000 1999993.000000 2000000.000000 1999999.000000 1999999.000000 1999997.000000 1999993.000000 1999999.000000 1999998.000000 2000000.000000 2000000.000000 1999993.000000 2000000.000000 1999999.000000 1999999.000000 1999975.000000 1999980.000000 2000000.000000 1999994.000000 1999994.000000 2000000.000000 1999993.000000 2000000.000000 1999999.000000 1999999.000000 2000000.000000 1999945.000000 2000000.000000 2000000.000000 2000000.000000 2000000.000000 2000000.000000 2000000.000000 2000000.000000 1999997.000000 1999993.000000 2000000.000000 2000000.000000 1999993.000000 1999977.000000 1999996.000000 2000000.000000 2000000.000000 2000000.000000 1999998.000000 1999999.000000 1999999.000000 
4
0.000000 42368.000000 402816.000000 1152321.000000 2000000.000000 1999987.000000 1999998.000000 1999997.000000 1999997.000000 1999993.000000 1999997.000000 1999999.000000 1999995.000000 1999995.000000 2000000.000000 1999987.000000 1999998.000000 1999997.000000 1999997.000000 1999993.000000 1999957.000000 1999999.000000 1999992.000000 1999993.000000 2000000.000000 1999987.000000 1999998.000000 1999997.000000 1999997.000000 1999997.000000 1999965.000000 1999999.000000 1999996.000000 1999989.000000 2000000.000000 1999987.000000 1999998.000000 1999997.000000 1999997.000000 1999997.000000 1999997.000000 2000000.000000 1999999.000000 1999999.000000 1999991.000000 1999999.000000 2000000.000000 2000000.000000 2000000.000000 1999987.000000 1999998.000000 1999997.000000 1999997.000000 1999998.000000 1999998.000000 1999989.000000 1999997.000000 2000000.000000 2000000.000000 1999999.000000 1999997.000000 
5
0.000000 42048.000000 402496.000000 1160193.000000 2000000.000000 1999987.000000 1999998.000000 1999997.000000 1999997.000000 1999997.000000 1999989.000000 1998783.000000 1999999.000000 1999999.000000 2000000.000000 1999987.000000 1999998.000000 1999997.000000 1999997.000000 1999997.000000 1999993.000000 1999977.000000 1999998.000000 1999999.000000 2000000.000000 1999987.000000 1999998.000000 1999997.000000 1999997.000000 1999997.000000 1999913.000000 1996293.000000 1999988.000000 1999997.000000 2000000.000000 1999987.000000 1999998.000000 1999997.000000 1999997.000000 1999997.000000 1999989.000000 2000000.000000 1999999.000000 1999999.000000 1999999.000000 1999999.000000 1999992.000000 2000000.000000 2000000.000000 1999987.000000 1999998.000000 1999997.000000 1999999.000000 1999997.000000 1999975.000000 1999999.000000 2000000.000000 2000000.000000 1999998.000000 1999997.000000 1999997.000000 
6
0.000000 42048.000000 402496.000000 1160193.000000 2000000.000000 1999987.000000 1999998.000000 1999997.000000 1999997.000000 1999989.000000 1999981.000000 1999259.000000 1999986.000000 1999995.000000 2000000.000000 1999987.000000 1999998.000000 1999997.000000 1999997.000000 1999997.000000 1999997.000000 1999501.000000 1999981.000000 1999997.000000 2000000.000000 1999987.000000 1999998.000000 1999997.000000 1999997.000000 1999997.000000 1999969.000000 1998517.000000 1999989.000000 1999989.000000 2000000.000000 1999987.000000 1999998.000000 1999997.000000 1999997.000000 1999997.000000 1999973.000000 2000000.000000 1999999.000000 1999999.000000 1999999.000000 2000000.000000 1999994.000000 1999994.000000 1999997.000000 1999987.000000 1999998.000000 1999997.000000 1999997.000000 1999997.000000 1999999.000000 1999998.000000 1999998.000000 1999998.000000 1999998.000000 1999997.000000 1999997.000000 
7
0.000000 42048.000000 402496.000000 1160193.000000 2000000.000000 1999987.000000 1999998.000000 1999997.000000 1999997.000000 1999997.000000 1999961.000000 1999975.000000 1999990.000000 1999998.000000 2000000.000000 1999987.000000 1999998.000000 1999997.000000 1999997.000000 1999997.000000 1999989.000000 1999973.000000 1999996.000000 1999997.000000 2000000.000000 1999987.000000 1999998.000000 1999997.000000 1999997.000000 1999997.000000 1999945.000000 1999977.000000 1999977.000000 1999993.000000 2000000.000000 1999987.000000 1999998.000000 1999997.000000 1999997.000000 1999997.000000 1999989.000000 2000000.000000 1999997.000000 1999999.000000 1999996.000000 2000000.000000 1999992.000000 2000000.000000 2000000.000000 1999987.000000 1999998.000000 1999997.000000 1999997.000000 1999989.000000 1999998.000000 1999997.000000 1999997.000000 2000000.000000 1999998.000000 1999997.000000 1999997.000000 
8
0.000000 42048.000000 402496.000000 1160193.000000 2000000.000000 2000000.000000 1999999.000000 1999998.000000 1999988.000000 2000000.000000 1999977.000000 1999835.000000 1999978.000000 1999994.000000 2000000.000000 2000000.000000 1999999.000000 1999999.000000 1999996.000000 1999995.000000 1999991.000000 1999971.000000 2000000.000000 2000000.000000 2000000.000000 2000000.000000 1999999.000000 1999998.000000 1999987.000000 1999987.000000 1999979.000000 1999979.000000 1999999.000000 1999985.000000 2000000.000000 2000000.000000 1999999.000000 1999998.000000 1999992.000000 1999995.000000 1999991.000000 2000000.000000 1999999.000000 1999999.000000 1999997.000000 1999994.000000 1999999.000000 2000000.000000 2000000.000000 2000000.000000 1999999.000000 1999999.000000 1999998.000000 1999995.000000 1999929.000000 1999983.000000 2000000.000000 2000000.000000 2000000.000000 1999999.000000 1999952.000000 
9
0.000000 42048.000000 402496.000000 1160193.000000 2000000.000000 2000000.000000 1999999.000000 1999998.000000 1999950.000000 1999991.000000 1999995.000000 1999611.000000 1999992.000000 2000000.000000 2000000.000000 2000000.000000 1999999.000000 1999999.000000 1999952.000000 1999999.000000 1999975.000000 1999987.000000 2000000.000000 2000000.000000 2000000.000000 1999996.000000 1999999.000000 1999998.000000 2000000.000000 1999999.000000 1999995.000000 1999973.000000 1999986.000000 1999995.000000 2000000.000000 2000000.000000 1999999.000000 1999998.000000 1999924.000000 2000000.000000 2000000.000000 2000000.000000 1999999.000000 2000000.000000 1999999.000000 1999999.000000 1999999.000000 2000000.000000 2000000.000000 2000000.000000 1999999.000000 1999998.000000 2000000.000000 1999999.000000 1999924.000000 1999993.000000 2000000.000000 2000000.000000 2000000.000000 1999998.000000 1999895.000000 
