0
0.000000 135168.000000 67584.000000 6252.000000 0.000000 13560.000000 2244.000000 54464.000000 32640.000000 6546.000000 0.000000 135168.000000 73728.000000 6144.000000 0.000000 19128.000000 17256.000000 62592.000000 40640.000000 10368.000000 0.000000 135168.000000 73728.000000 12288.000000 0.000000 20768.000000 34320.000000 61568.000000 38272.000000 10368.000000 0.000000 141312.000000 79872.000000 12288.000000 0.000000 10324.000000 12464.000000 4096.000000 43904.000000 3668.000000 0.000000 16896.000000 55355.000000 253565.000000 192413.000000 122784.000000 58176.000000 2809.000000 0.000000 17208.000000 21440.000000 55577.000000 32640.000000 148476.000000 80970.000000 19506.000000 12290.000000 42986.000000 35972.000000 6576.000000 36287.000000 
1
0.000000 129280.000000 61696.000000 9384.000000 0.000000 13862.000000 1496.000000 50752.000000 32640.000000 6546.000000 0.000000 129280.000000 67840.000000 9384.000000 0.000000 19128.000000 17256.000000 60224.000000 38272.000000 9224.000000 0.000000 129280.000000 67840.000000 9384.000000 0.000000 21728.000000 37116.000000 61568.000000 41536.000000 11520.000000 0.000000 135424.000000 73984.000000 12624.000000 0.000000 9638.000000 768.000000 4096.000000 40640.000000 3668.000000 0.000000 16896.000000 48299.000000 254912.000000 190528.000000 127520.000000 62240.000000 1574.000000 0.000000 19520.000000 14652.000000 56980.000000 35904.000000 151164.000000 82302.000000 17202.000000 6148.000000 43479.000000 35200.000000 7396.000000 35124.000000 
2
0.000000 129280.000000 61696.000000 9168.000000 0.000000 11152.000000 748.000000 54464.000000 32640.000000 6546.000000 0.000000 129280.000000 67840.000000 9384.000000 0.000000 16240.000000 16500.000000 60224.000000 38272.000000 9224.000000 0.000000 129280.000000 67840.000000 9384.000000 0.000000 21776.000000 35676.000000 61568.000000 41536.000000 10368.000000 0.000000 135424.000000 73984.000000 12408.000000 0.000000 8952.000000 3472.000000 4096.000000 41536.000000 3668.000000 0.000000 16896.000000 39617.000000 253952.000000 193952.000000 124544.000000 64768.000000 4074.000000 0.000000 19520.000000 15280.000000 54992.000000 35904.000000 147222.000000 80970.000000 17202.000000 6145.000000 44162.000000 38674.000000 0.000000 35322.000000 
3
0.000000 129024.000000 61440.000000 3024.000000 0.000000 13704.000000 7096.000000 52096.000000 28480.000000 6546.000000 0.000000 129024.000000 67584.000000 9276.000000 0.000000 18998.000000 17176.000000 61568.000000 38272.000000 9224.000000 0.000000 129024.000000 67584.000000 9168.000000 0.000000 18936.000000 35812.000000 61568.000000 38272.000000 11520.000000 0.000000 135168.000000 73728.000000 12192.000000 0.000000 8952.000000 12465.000000 3072.000000 44800.000000 2994.000000 0.000000 15360.000000 41237.000000 254375.000000 189223.000000 127200.000000 60032.000000 4321.000000 0.000000 19992.000000 15280.000000 57359.000000 32640.000000 148374.000000 80868.000000 19506.000000 6145.000000 37268.000000 29488.000000 6576.000000 33919.000000 
4
0.000000 135168.000000 67584.000000 6144.000000 0.000000 13080.000000 4296.000000 54464.000000 28480.000000 6648.000000 0.000000 135168.000000 73728.000000 6144.000000 0.000000 21776.000000 18384.000000 60224.000000 38272.000000 9216.000000 0.000000 135168.000000 73728.000000 6144.000000 0.000000 20672.000000 38464.000000 63557.000000 37376.000000 10368.000000 0.000000 141312.000000 79872.000000 12288.000000 0.000000 10324.000000 14976.000000 4096.000000 42432.000000 1160.000000 0.000000 12288.000000 46765.000000 172224.000000 103008.000000 39936.000000 0.000000 0.000000 0.000000 19848.000000 15424.000000 58325.000000 35008.000000 148374.000000 82122.000000 19506.000000 12290.000000 42742.000000 36937.000000 5540.000000 31353.000000 
5
0.000000 129280.000000 61696.000000 1944.000000 0.000000 10768.000000 5792.000000 50752.000000 32640.000000 6786.000000 0.000000 129280.000000 67840.000000 9384.000000 0.000000 18936.000000 18312.000000 60224.000000 38272.000000 9216.000000 0.000000 129280.000000 67840.000000 9384.000000 0.000000 20720.000000 39064.000000 62533.000000 38272.000000 10368.000000 0.000000 135424.000000 73984.000000 11544.000000 0.000000 9638.000000 16224.000000 3072.000000 42432.000000 2994.000000 0.000000 13824.000000 46443.000000 167264.000000 104192.000000 39936.000000 0.000000 0.000000 0.000000 22208.000000 15424.000000 59407.000000 35904.000000 151164.000000 82302.000000 17202.000000 6146.000000 39278.000000 30260.000000 6288.000000 31353.000000 
6
0.000000 129280.000000 61696.000000 1944.000000 0.000000 13320.000000 4296.000000 54464.000000 32640.000000 6786.000000 0.000000 129280.000000 67840.000000 9384.000000 0.000000 19656.000000 17032.000000 61568.000000 38272.000000 9216.000000 0.000000 129280.000000 67840.000000 9384.000000 0.000000 21152.000000 38436.000000 61568.000000 41536.000000 11520.000000 0.000000 135424.000000 73984.000000 11544.000000 0.000000 8952.000000 6944.000000 3072.000000 39168.000000 3668.000000 0.000000 13824.000000 40315.000000 175936.000000 110048.000000 45856.000000 0.000000 0.000000 0.000000 22208.000000 15424.000000 61716.000000 37376.000000 147222.000000 82224.000000 17202.000000 6145.000000 41614.000000 36744.000000 5540.000000 32954.000000 
7
0.000000 129024.000000 61440.000000 1512.000000 0.000000 12832.000000 1496.000000 54464.000000 32640.000000 6168.000000 0.000000 129024.000000 67584.000000 9276.000000 0.000000 16062.000000 8516.000000 61568.000000 38272.000000 8064.000000 0.000000 129024.000000 67584.000000 9384.000000 0.000000 18352.000000 37752.000000 62592.000000 38272.000000 11520.000000 0.000000 135168.000000 73728.000000 11112.000000 0.000000 8952.000000 6656.000000 3072.000000 39168.000000 2414.000000 0.000000 12288.000000 33154.000000 182336.000000 113120.000000 48704.000000 0.000000 0.000000 0.000000 22640.000000 20500.000000 59407.000000 35904.000000 149526.000000 82020.000000 19506.000000 6146.000000 42889.000000 35586.000000 6432.000000 32954.000000 
8
0.000000 135168.000000 67584.000000 6144.000000 0.000000 10768.000000 7096.000000 54464.000000 32640.000000 6546.000000 0.000000 135168.000000 73728.000000 6144.000000 0.000000 15280.000000 18004.000000 60224.000000 40640.000000 9216.000000 0.000000 135168.000000 73728.000000 12288.000000 0.000000 18360.000000 34320.000000 59200.000000 35008.000000 11520.000000 0.000000 141312.000000 79872.000000 12288.000000 0.000000 10324.000000 10240.000000 4096.000000 43904.000000 3668.000000 0.000000 13824.000000 44895.000000 251872.000000 186880.000000 121056.000000 58624.000000 0.000000 0.000000 17208.000000 13396.000000 57418.000000 35904.000000 155592.000000 88188.000000 25650.000000 12290.000000 42742.000000 36937.000000 10528.000000 35124.000000 
9
0.000000 129280.000000 61696.000000 1944.000000 0.000000 13320.000000 5792.000000 54464.000000 32640.000000 5634.000000 0.000000 129280.000000 67840.000000 9384.000000 0.000000 17832.000000 17132.000000 60224.000000 37376.000000 9216.000000 0.000000 129280.000000 67840.000000 9384.000000 0.000000 20870.000000 37116.000000 59200.000000 39168.000000 11520.000000 0.000000 135424.000000 73984.000000 11976.000000 0.000000 9638.000000 12944.000000 4096.000000 40640.000000 3668.000000 0.000000 13824.000000 46765.000000 248608.000000 182464.000000 117824.000000 58016.000000 1821.000000 0.000000 19520.000000 13468.000000 57360.000000 35904.000000 158860.000000 88948.000000 29490.000000 6146.000000 39278.000000 30260.000000 10384.000000 34686.000000 
10
0.000000 129280.000000 61696.000000 1944.000000 0.000000 9752.000000 748.000000 52096.000000 31744.000000 5394.000000 0.000000 129280.000000 67840.000000 9384.000000 0.000000 14944.000000 16500.000000 57856.000000 38272.000000 8644.000000 0.000000 129280.000000 67840.000000 9384.000000 0.000000 20672.000000 36424.000000 59200.000000 39168.000000 11520.000000 0.000000 135424.000000 73984.000000 11976.000000 0.000000 8952.000000 6656.000000 4096.000000 41536.000000 3668.000000 0.000000 12288.000000 45521.000000 250816.000000 184672.000000 121728.000000 54048.000000 0.000000 0.000000 19520.000000 13540.000000 55577.000000 35904.000000 156650.000000 89348.000000 26802.000000 6146.000000 41614.000000 36744.000000 2696.000000 36287.000000 
11
0.000000 129024.000000 61440.000000 1512.000000 0.000000 12640.000000 4296.000000 53120.000000 32640.000000 5394.000000 0.000000 129024.000000 67584.000000 9276.000000 0.000000 17838.000000 17976.000000 59200.000000 38272.000000 8644.000000 0.000000 129024.000000 67584.000000 9168.000000 0.000000 21152.000000 35812.000000 57797.000000 39168.000000 10368.000000 0.000000 135168.000000 73728.000000 11544.000000 0.000000 8952.000000 6656.000000 3072.000000 41536.000000 2994.000000 0.000000 12288.000000 33153.000000 251552.000000 192032.000000 122304.000000 60992.000000 0.000000 0.000000 19992.000000 13180.000000 55577.000000 41536.000000 155890.000000 87922.000000 23346.000000 6146.000000 43575.000000 35586.000000 12336.000000 35124.000000 
12
0.000000 135168.000000 67584.000000 6144.000000 0.000000 13800.000000 2992.000000 54464.000000 32640.000000 6546.000000 0.000000 135168.000000 73728.000000 6144.000000 0.000000 21968.000000 15204.000000 62592.000000 37376.000000 9216.000000 0.000000 135168.000000 73728.000000 6144.000000 0.000000 20672.000000 37120.000000 62533.000000 41536.000000 11520.000000 0.000000 141312.000000 79872.000000 12288.000000 0.000000 10324.000000 11008.000000 4096.000000 44800.000000 0.000000 0.000000 12288.000000 44895.000000 162752.000000 99680.000000 32544.000000 0.000000 0.000000 0.000000 19272.000000 17276.000000 60314.000000 38272.000000 150780.000000 83376.000000 19506.000000 12290.000000 44114.000000 29295.000000 4792.000000 31353.000000 
13
0.000000 129280.000000 61696.000000 1944.000000 0.000000 13896.000000 4296.000000 54464.000000 32640.000000 6546.000000 0.000000 129280.000000 67840.000000 9384.000000 0.000000 21968.000000 17132.000000 60224.000000 38272.000000 8644.000000 0.000000 129280.000000 67840.000000 9384.000000 0.000000 20720.000000 38464.000000 61568.000000 41536.000000 11520.000000 0.000000 135424.000000 73984.000000 11760.000000 0.000000 9638.000000 12464.000000 3072.000000 44800.000000 4248.000000 0.000000 12288.000000 46765.000000 161760.000000 96896.000000 33344.000000 0.000000 0.000000 0.000000 21584.000000 15208.000000 59029.000000 35008.000000 148578.000000 83580.000000 23346.000000 6146.000000 40004.000000 29295.000000 4792.000000 31353.000000 
14
0.000000 129280.000000 61696.000000 1944.000000 0.000000 13896.000000 7096.000000 52096.000000 28480.000000 6546.000000 0.000000 129280.000000 67840.000000 9276.000000 0.000000 16336.000000 16500.000000 60224.000000 38272.000000 9216.000000 0.000000 129280.000000 67840.000000 9384.000000 0.000000 21152.000000 37024.000000 62533.000000 37376.000000 10368.000000 0.000000 135424.000000 73984.000000 11544.000000 0.000000 8952.000000 12752.000000 4096.000000 41536.000000 3668.000000 0.000000 10752.000000 45521.000000 162912.000000 93440.000000 28800.000000 0.000000 0.000000 0.000000 21584.000000 15208.000000 60751.000000 34112.000000 151908.000000 82020.000000 19506.000000 6146.000000 42742.000000 36744.000000 4792.000000 30388.000000 
15
0.000000 129024.000000 61440.000000 1512.000000 0.000000 10960.000000 1496.000000 52096.000000 29376.000000 6648.000000 0.000000 129024.000000 67584.000000 9168.000000 0.000000 19094.000000 15176.000000 61568.000000 38272.000000 9216.000000 0.000000 129024.000000 67584.000000 9168.000000 0.000000 18352.000000 37160.000000 60224.000000 38272.000000 10368.000000 0.000000 135168.000000 73728.000000 11112.000000 0.000000 8952.000000 12464.000000 3072.000000 41536.000000 3668.000000 0.000000 12288.000000 33153.000000 168704.000000 99168.000000 36512.000000 0.000000 0.000000 0.000000 21624.000000 21368.000000 62154.000000 37376.000000 151932.000000 83274.000000 19506.000000 6146.000000 42886.000000 35200.000000 4792.000000 30586.000000 
16
0.000000 135168.000000 67584.000000 7008.000000 11500.000000 16510.000000 9943.000000 57856.000000 35008.000000 7698.000000 0.000000 135168.000000 73728.000000 7008.000000 17800.000000 17846.000000 19908.000000 60224.000000 38272.000000 9216.000000 0.000000 135168.000000 73728.000000 13152.000000 18700.000000 24032.000000 34800.000000 59200.000000 35904.000000 10368.000000 0.000000 141312.000000 79872.000000 13584.000000 24244.000000 8952.000000 14784.000000 4096.000000 41536.000000 2414.000000 0.000000 12288.000000 46765.000000 162752.000000 99680.000000 32544.000000 0.000000 0.000000 18700.000000 22112.000000 15928.000000 59348.000000 38272.000000 150780.000000 83376.000000 19506.000000 18435.000000 44114.000000 35779.000000 2696.000000 33919.000000 
17
0.000000 129280.000000 61696.000000 3456.000000 11500.000000 16510.000000 18332.000000 59200.000000 34112.000000 6786.000000 0.000000 129280.000000 67840.000000 10032.000000 17800.000000 17852.000000 20944.000000 60224.000000 38272.000000 8064.000000 0.000000 129280.000000 67840.000000 10032.000000 18700.000000 23840.000000 34876.000000 60165.000000 38272.000000 10368.000000 0.000000 135424.000000 73984.000000 13920.000000 24244.000000 8952.000000 13328.000000 3072.000000 41536.000000 2994.000000 0.000000 12288.000000 46443.000000 161760.000000 96896.000000 33344.000000 0.000000 0.000000 18700.000000 22112.000000 15208.000000 59348.000000 35008.000000 151908.000000 82020.000000 19506.000000 6146.000000 42986.000000 28137.000000 9568.000000 35322.000000 
18
0.000000 135168.000000 67584.000000 7008.000000 12544.000000 6062.000000 10472.000000 59200.000000 34112.000000 6546.000000 0.000000 135168.000000 73728.000000 7008.000000 17944.000000 15252.000000 12156.000000 61568.000000 38272.000000 9216.000000 0.000000 135168.000000 73728.000000 13152.000000 18844.000000 21014.000000 34924.000000 57797.000000 35008.000000 10368.000000 0.000000 141312.000000 79872.000000 13800.000000 25288.000000 8952.000000 2800.000000 3072.000000 44800.000000 2414.000000 0.000000 10752.000000 40315.000000 168704.000000 99328.000000 36512.000000 0.000000 0.000000 18844.000000 21446.000000 20020.000000 61131.000000 34112.000000 148578.000000 83580.000000 23346.000000 12292.000000 43930.000000 28137.000000 7396.000000 33919.000000 
19
0.000000 129024.000000 61440.000000 3024.000000 12146.000000 16214.000000 10088.000000 55488.000000 35008.000000 6546.000000 0.000000 129024.000000 67584.000000 10032.000000 18446.000000 24356.000000 12156.000000 61568.000000 35008.000000 9216.000000 0.000000 129024.000000 67584.000000 10032.000000 18494.000000 23360.000000 35524.000000 59200.000000 35904.000000 10368.000000 0.000000 135168.000000 73728.000000 13488.000000 24890.000000 4802.000000 10612.000000 3072.000000 38272.000000 2414.000000 0.000000 12288.000000 43134.000000 162912.000000 99584.000000 34944.000000 0.000000 0.000000 18446.000000 19080.000000 16556.000000 59348.000000 35008.000000 151932.000000 83274.000000 19506.000000 12292.000000 43524.000000 38481.000000 1348.000000 35322.000000 
20
0.000000 135168.000000 67584.000000 7008.000000 0.000000 13800.000000 2992.000000 54464.000000 32640.000000 5394.000000 0.000000 135168.000000 73728.000000 7008.000000 0.000000 18264.000000 13368.000000 60224.000000 38272.000000 9216.000000 0.000000 135168.000000 73728.000000 13152.000000 0.000000 20672.000000 34320.000000 61568.000000 38272.000000 10368.000000 0.000000 141312.000000 79872.000000 13152.000000 0.000000 8266.000000 14880.000000 3072.000000 44800.000000 2414.000000 0.000000 12288.000000 44895.000000 162752.000000 99680.000000 32544.000000 0.000000 0.000000 0.000000 21584.000000 14580.000000 55050.000000 35904.000000 148476.000000 80970.000000 19506.000000 6145.000000 44114.000000 35200.000000 8892.000000 31353.000000 
21
0.000000 129280.000000 61696.000000 3456.000000 0.000000 13896.000000 4296.000000 54464.000000 32640.000000 6546.000000 0.000000 129280.000000 67840.000000 10032.000000 0.000000 21104.000000 16140.000000 60224.000000 38272.000000 9216.000000 0.000000 129280.000000 67840.000000 10032.000000 0.000000 20720.000000 36368.000000 61568.000000 41536.000000 11520.000000 0.000000 135424.000000 73984.000000 13488.000000 0.000000 4116.000000 2800.000000 3072.000000 44800.000000 2414.000000 0.000000 12288.000000 46765.000000 161760.000000 96896.000000 33344.000000 0.000000 0.000000 0.000000 19944.000000 16556.000000 56542.000000 32640.000000 151062.000000 81048.000000 17202.000000 6149.000000 40004.000000 35972.000000 7540.000000 31353.000000 
22
0.000000 135168.000000 67584.000000 7008.000000 0.000000 13896.000000 7096.000000 52096.000000 28480.000000 6546.000000 0.000000 135168.000000 73728.000000 7008.000000 0.000000 15472.000000 16140.000000 61568.000000 38272.000000 9216.000000 0.000000 135168.000000 73728.000000 13152.000000 0.000000 21152.000000 36276.000000 61568.000000 41536.000000 11520.000000 0.000000 141312.000000 79872.000000 13152.000000 0.000000 9638.000000 10998.000000 3072.000000 44800.000000 2414.000000 0.000000 10752.000000 43873.000000 162912.000000 93440.000000 28800.000000 0.000000 0.000000 0.000000 21584.000000 15208.000000 56980.000000 35904.000000 147222.000000 82224.000000 17202.000000 6147.000000 42742.000000 38674.000000 0.000000 32954.000000 
23
0.000000 129024.000000 61440.000000 3024.000000 0.000000 10960.000000 1496.000000 52096.000000 29376.000000 6648.000000 0.000000 129024.000000 67584.000000 10032.000000 0.000000 21096.000000 14960.000000 61568.000000 35008.000000 7492.000000 0.000000 129024.000000 67584.000000 10032.000000 0.000000 17824.000000 35812.000000 62533.000000 38272.000000 10368.000000 0.000000 135168.000000 73728.000000 13272.000000 0.000000 8952.000000 16032.000000 2048.000000 38272.000000 2414.000000 0.000000 12288.000000 33153.000000 168704.000000 99168.000000 36512.000000 0.000000 0.000000 0.000000 21638.000000 21368.000000 57360.000000 32640.000000 148272.000000 80766.000000 19506.000000 12290.000000 43572.000000 29488.000000 6288.000000 32954.000000 
24
0.000000 135168.000000 67584.000000 7008.000000 0.000000 13080.000000 1496.000000 54464.000000 32640.000000 5394.000000 0.000000 135168.000000 73728.000000 7008.000000 0.000000 18120.000000 16168.000000 60224.000000 38272.000000 10368.000000 0.000000 135168.000000 73728.000000 13152.000000 0.000000 20960.000000 37120.000000 62533.000000 38272.000000 10368.000000 0.000000 141312.000000 79872.000000 13800.000000 0.000000 8266.000000 12752.000000 4096.000000 43904.000000 4248.000000 0.000000 12288.000000 46765.000000 172224.000000 103008.000000 39936.000000 0.000000 0.000000 0.000000 19848.000000 13716.000000 54554.000000 35904.000000 146070.000000 82326.000000 17202.000000 6146.000000 44114.000000 29295.000000 4044.000000 33721.000000 
25
0.000000 129280.000000 61696.000000 3456.000000 0.000000 10768.000000 748.000000 52096.000000 31744.000000 5634.000000 0.000000 129280.000000 67840.000000 10032.000000 0.000000 19080.000000 16140.000000 60224.000000 38272.000000 8064.000000 0.000000 129280.000000 67840.000000 10032.000000 0.000000 21392.000000 37716.000000 63557.000000 37376.000000 10368.000000 0.000000 135424.000000 73984.000000 14136.000000 0.000000 4116.000000 6656.000000 4096.000000 40640.000000 3668.000000 0.000000 13824.000000 46443.000000 167264.000000 104192.000000 39936.000000 0.000000 0.000000 0.000000 22208.000000 13716.000000 56394.000000 35904.000000 148476.000000 80970.000000 19506.000000 6145.000000 39318.000000 29295.000000 4792.000000 33721.000000 
26
0.000000 135168.000000 67584.000000 7008.000000 0.000000 13320.000000 748.000000 54464.000000 29376.000000 5394.000000 0.000000 135168.000000 73728.000000 7008.000000 0.000000 16288.000000 16140.000000 61568.000000 38272.000000 9216.000000 0.000000 135168.000000 73728.000000 13152.000000 0.000000 19272.000000 38372.000000 62592.000000 41536.000000 10368.000000 0.000000 141312.000000 79872.000000 13800.000000 0.000000 9638.000000 9548.000000 4096.000000 41536.000000 3668.000000 0.000000 10752.000000 39380.000000 175936.000000 110048.000000 45856.000000 0.000000 0.000000 0.000000 22208.000000 21080.000000 56394.000000 32640.000000 149526.000000 82122.000000 19506.000000 6147.000000 43428.000000 36744.000000 4044.000000 32756.000000 
27
0.000000 129024.000000 61440.000000 3024.000000 0.000000 12352.000000 4296.000000 52096.000000 32640.000000 5394.000000 0.000000 129024.000000 67584.000000 10032.000000 0.000000 18120.000000 14960.000000 61568.000000 35008.000000 10368.000000 0.000000 129024.000000 67584.000000 10032.000000 0.000000 21584.000000 37160.000000 62533.000000 37376.000000 10368.000000 0.000000 135168.000000 73728.000000 13704.000000 0.000000 8952.000000 9952.000000 3072.000000 41536.000000 2414.000000 0.000000 12288.000000 34089.000000 182336.000000 113120.000000 48704.000000 0.000000 0.000000 0.000000 22640.000000 14364.000000 54553.000000 32640.000000 149526.000000 80766.000000 19506.000000 6146.000000 42886.000000 35392.000000 4792.000000 32954.000000 
28
0.000000 135168.000000 67584.000000 7008.000000 0.000000 13600.000000 20987.000000 54464.000000 32640.000000 6546.000000 0.000000 135168.000000 73728.000000 7008.000000 0.000000 17728.000000 19836.000000 60224.000000 38272.000000 9216.000000 0.000000 135168.000000 73728.000000 13152.000000 0.000000 21296.000000 33068.000000 59200.000000 39168.000000 11520.000000 0.000000 141312.000000 79872.000000 13152.000000 0.000000 8952.000000 15168.000000 3072.000000 44800.000000 2414.000000 0.000000 12288.000000 44895.000000 162752.000000 99680.000000 32544.000000 0.000000 0.000000 0.000000 19848.000000 13716.000000 59407.000000 38272.000000 149628.000000 80868.000000 19506.000000 6145.000000 43428.000000 29295.000000 4044.000000 33721.000000 
29
0.000000 129280.000000 61696.000000 3456.000000 0.000000 13896.000000 17392.000000 52096.000000 28480.000000 6546.000000 0.000000 129280.000000 67840.000000 10032.000000 0.000000 21296.000000 13896.000000 60224.000000 38272.000000 9216.000000 0.000000 129280.000000 67840.000000 10032.000000 0.000000 21728.000000 34560.000000 59200.000000 39168.000000 10368.000000 0.000000 135424.000000 73984.000000 13272.000000 0.000000 4116.000000 3664.000000 4096.000000 44800.000000 2414.000000 0.000000 13824.000000 46765.000000 161760.000000 96896.000000 33344.000000 0.000000 0.000000 0.000000 22208.000000 13716.000000 62096.000000 37376.000000 150106.000000 80868.000000 19506.000000 6145.000000 36540.000000 29295.000000 2696.000000 31353.000000 
30
0.000000 135168.000000 67584.000000 7008.000000 0.000000 13896.000000 12716.000000 53120.000000 29376.000000 6546.000000 0.000000 135168.000000 73728.000000 7008.000000 0.000000 15664.000000 12132.000000 61568.000000 38272.000000 9216.000000 0.000000 135168.000000 73728.000000 13152.000000 0.000000 21776.000000 35236.000000 56832.000000 39168.000000 11520.000000 0.000000 141312.000000 79872.000000 13152.000000 0.000000 8952.000000 16321.000000 3072.000000 41536.000000 2414.000000 0.000000 10752.000000 45521.000000 162912.000000 93440.000000 28800.000000 0.000000 0.000000 0.000000 22208.000000 20792.000000 59348.000000 38272.000000 147324.000000 82326.000000 17202.000000 12290.000000 42742.000000 36744.000000 2696.000000 32756.000000 
31
0.000000 129024.000000 61440.000000 2808.000000 0.000000 10960.000000 7844.000000 52096.000000 29376.000000 6648.000000 0.000000 129024.000000 67584.000000 10032.000000 0.000000 21248.000000 20868.000000 61568.000000 35008.000000 7492.000000 0.000000 129024.000000 67584.000000 10032.000000 0.000000 18936.000000 35088.000000 59200.000000 35904.000000 11520.000000 0.000000 135168.000000 73728.000000 13056.000000 0.000000 8952.000000 15169.000000 3072.000000 42432.000000 2994.000000 0.000000 12288.000000 33153.000000 168864.000000 99328.000000 36512.000000 0.000000 0.000000 0.000000 22640.000000 13016.000000 59348.000000 35008.000000 149526.000000 82122.000000 19506.000000 6148.000000 42886.000000 35200.000000 4044.000000 32954.000000 
32
0.000000 135168.000000 67584.000000 7008.000000 0.000000 13464.000000 21996.000000 54464.000000 31744.000000 4242.000000 0.000000 135168.000000 73728.000000 7008.000000 0.000000 18806.000000 19908.000000 60224.000000 38272.000000 10368.000000 0.000000 135168.000000 73728.000000 13152.000000 0.000000 20672.000000 37716.000000 63557.000000 40640.000000 11520.000000 0.000000 141312.000000 79872.000000 13800.000000 0.000000 8952.000000 17680.000000 4096.000000 40640.000000 2414.000000 0.000000 13824.000000 46765.000000 250176.000000 184032.000000 120320.000000 60192.000000 0.000000 0.000000 19272.000000 16700.000000 57360.000000 35008.000000 145764.000000 82020.000000 19506.000000 12290.000000 42986.000000 35200.000000 4044.000000 31551.000000 
33
0.000000 129280.000000 61696.000000 3456.000000 0.000000 13464.000000 18888.000000 54464.000000 29376.000000 5496.000000 0.000000 129280.000000 67840.000000 10032.000000 0.000000 18744.000000 14860.000000 60224.000000 38272.000000 8064.000000 0.000000 129280.000000 67840.000000 10032.000000 0.000000 20720.000000 39064.000000 62533.000000 38272.000000 11520.000000 0.000000 135424.000000 73984.000000 14136.000000 0.000000 4116.000000 16320.000000 4096.000000 41536.000000 4248.000000 0.000000 10752.000000 46443.000000 250176.000000 184032.000000 121408.000000 60192.000000 0.000000 0.000000 21584.000000 15352.000000 57418.000000 35904.000000 150780.000000 83376.000000 19506.000000 6146.000000 43476.000000 29295.000000 4044.000000 31551.000000 
34
0.000000 135168.000000 67584.000000 7008.000000 0.000000 11056.000000 7844.000000 52096.000000 32640.000000 5394.000000 0.000000 135168.000000 73728.000000 7008.000000 0.000000 18792.000000 21012.000000 61568.000000 38272.000000 9216.000000 0.000000 135168.000000 73728.000000 13152.000000 0.000000 21152.000000 38436.000000 61568.000000 41536.000000 9216.000000 0.000000 141312.000000 79872.000000 13800.000000 0.000000 8952.000000 6368.000000 4096.000000 41536.000000 3668.000000 0.000000 12288.000000 40315.000000 254528.000000 194528.000000 124960.000000 64768.000000 0.000000 0.000000 21584.000000 14652.000000 55577.000000 31744.000000 148578.000000 83580.000000 23346.000000 6146.000000 43476.000000 29295.000000 4044.000000 31353.000000 
35
0.000000 129024.000000 61440.000000 2808.000000 0.000000 13608.000000 7844.000000 52096.000000 32640.000000 5394.000000 0.000000 129024.000000 67584.000000 10032.000000 0.000000 15534.000000 12276.000000 61568.000000 35008.000000 9216.000000 0.000000 129024.000000 67584.000000 10032.000000 0.000000 18352.000000 37752.000000 62592.000000 38272.000000 10368.000000 0.000000 135168.000000 73728.000000 13704.000000 0.000000 8952.000000 16032.000000 3072.000000 44800.000000 3668.000000 0.000000 12288.000000 42199.000000 247968.000000 183456.000000 119808.000000 58816.000000 1821.000000 0.000000 21624.000000 21032.000000 55636.000000 31744.000000 151932.000000 83274.000000 19506.000000 6157.000000 42790.000000 36744.000000 4792.000000 30586.000000 
36
0.000000 135168.000000 67584.000000 7008.000000 0.000000 10768.000000 7096.000000 52096.000000 31744.000000 6546.000000 0.000000 135168.000000 73728.000000 13152.000000 0.000000 18086.000000 15204.000000 59200.000000 38272.000000 10368.000000 0.000000 135168.000000 73728.000000 13152.000000 0.000000 17824.000000 33068.000000 61568.000000 41536.000000 11520.000000 0.000000 141312.000000 79872.000000 13152.000000 0.000000 8952.000000 16513.000000 4096.000000 44800.000000 2994.000000 0.000000 12288.000000 46765.000000 258688.000000 194848.000000 126848.000000 63872.000000 8399.000000 0.000000 20576.000000 20380.000000 56394.000000 32640.000000 146172.000000 82428.000000 17202.000000 6145.000000 42986.000000 29295.000000 4044.000000 31551.000000 
37
0.000000 129280.000000 61696.000000 3456.000000 0.000000 13320.000000 5792.000000 54464.000000 32640.000000 6546.000000 0.000000 129280.000000 67840.000000 10032.000000 0.000000 18120.000000 16312.000000 61568.000000 37376.000000 10368.000000 0.000000 129280.000000 67840.000000 10032.000000 0.000000 20864.000000 34560.000000 61568.000000 38272.000000 10368.000000 0.000000 135424.000000 73984.000000 13488.000000 0.000000 4116.000000 7040.000000 3072.000000 41536.000000 3668.000000 0.000000 10752.000000 46443.000000 255136.000000 192704.000000 126400.000000 61696.000000 10127.000000 0.000000 17784.000000 13688.000000 57360.000000 35904.000000 148476.000000 80970.000000 19506.000000 6145.000000 43476.000000 35200.000000 4792.000000 30586.000000 
38
0.000000 135168.000000 67584.000000 7008.000000 0.000000 10336.000000 0.000000 54464.000000 29376.000000 6546.000000 0.000000 135168.000000 73728.000000 13152.000000 0.000000 15328.000000 16284.000000 61568.000000 37376.000000 10368.000000 0.000000 135168.000000 73728.000000 13152.000000 0.000000 20864.000000 35236.000000 61568.000000 41536.000000 10368.000000 0.000000 141312.000000 79872.000000 13152.000000 0.000000 8952.000000 15072.000000 3072.000000 38272.000000 2994.000000 0.000000 12288.000000 40315.000000 260576.000000 201664.000000 131552.000000 68736.000000 10224.000000 0.000000 20096.000000 13016.000000 54553.000000 32640.000000 149526.000000 80766.000000 19506.000000 6147.000000 42790.000000 29295.000000 2696.000000 31353.000000 
39
0.000000 129024.000000 61440.000000 2808.000000 0.000000 12352.000000 5044.000000 52096.000000 29376.000000 6546.000000 0.000000 129024.000000 67584.000000 10032.000000 0.000000 14950.000000 16284.000000 61568.000000 34112.000000 9216.000000 0.000000 129024.000000 67584.000000 10032.000000 0.000000 21344.000000 35836.000000 62533.000000 38272.000000 11520.000000 0.000000 135168.000000 73728.000000 13272.000000 0.000000 8952.000000 17872.000000 4096.000000 42432.000000 2414.000000 0.000000 12288.000000 33154.000000 261824.000000 202976.000000 134496.000000 70016.000000 8464.000000 0.000000 20096.000000 13016.000000 54553.000000 32640.000000 150678.000000 82020.000000 19506.000000 6146.000000 37268.000000 36744.000000 2696.000000 31353.000000 
