0
0.000000 8256.000000 0.000000 20480.000000 196246.000000 9618.000000 9072.000000 4704.000000 1536.000000 8196.000000 25279.000000 8256.000000 0.000000 20480.000000 196246.000000 7826.000000 11184.000000 3168.000000 1536.000000 8164.000000 24271.000000 8256.000000 0.000000 12288.000000 200982.000000 9618.000000 11792.000000 2496.000000 1536.000000 8164.000000 22879.000000 8256.000000 0.000000 12288.000000 204438.000000 5761.000000 9425.000000 4160.000000 1664.000000 5156.000000 25527.000000 103761.000000 8064.000000 21550.000000 0.000000 0.000000 0.000000 12344.000000 197911.000000 9490.000000 11696.000000 36928.000000 1536.000000 16420.000000 0.000000 0.000000 61644.000000 192087.000000 5905.000000 9904.000000 1472.000000 
1
0.000000 8256.000000 0.000000 20480.000000 196246.000000 9618.000000 9072.000000 4704.000000 1536.000000 8196.000000 25279.000000 8256.000000 0.000000 20480.000000 196246.000000 7826.000000 11184.000000 3168.000000 1536.000000 8164.000000 24271.000000 8256.000000 0.000000 12288.000000 200982.000000 9618.000000 11792.000000 2496.000000 1536.000000 8164.000000 22879.000000 8256.000000 0.000000 12288.000000 204438.000000 5761.000000 9425.000000 4160.000000 1664.000000 5156.000000 25527.000000 103761.000000 8064.000000 21550.000000 0.000000 0.000000 0.000000 12344.000000 197911.000000 9490.000000 11696.000000 36928.000000 1536.000000 16420.000000 0.000000 0.000000 61644.000000 192087.000000 5905.000000 9904.000000 1472.000000 
2
0.000000 8256.000000 0.000000 20480.000000 196246.000000 9618.000000 9072.000000 4704.000000 1536.000000 8196.000000 25279.000000 8256.000000 0.000000 20480.000000 196246.000000 7826.000000 11184.000000 3168.000000 1536.000000 8164.000000 24271.000000 8256.000000 0.000000 12288.000000 200982.000000 9618.000000 11792.000000 2496.000000 1536.000000 8164.000000 22879.000000 8256.000000 0.000000 12288.000000 204438.000000 5761.000000 9425.000000 4160.000000 1664.000000 5156.000000 25527.000000 103761.000000 8064.000000 21550.000000 0.000000 0.000000 0.000000 12344.000000 197911.000000 9490.000000 11696.000000 36928.000000 1536.000000 16420.000000 0.000000 0.000000 61644.000000 192087.000000 5905.000000 9904.000000 1472.000000 
3
0.000000 8256.000000 0.000000 20480.000000 196246.000000 9618.000000 9072.000000 4704.000000 1536.000000 8196.000000 25279.000000 8256.000000 0.000000 20480.000000 196246.000000 7826.000000 11184.000000 3168.000000 1536.000000 8164.000000 24271.000000 8256.000000 0.000000 12288.000000 200982.000000 9618.000000 11792.000000 2496.000000 1536.000000 8164.000000 22879.000000 8256.000000 0.000000 12288.000000 204438.000000 5761.000000 9425.000000 4160.000000 1664.000000 5156.000000 25527.000000 103761.000000 8064.000000 21550.000000 0.000000 0.000000 0.000000 12344.000000 197911.000000 9490.000000 11696.000000 36928.000000 1536.000000 16420.000000 0.000000 0.000000 61644.000000 192087.000000 5905.000000 9904.000000 1472.000000 
4
0.000000 42048.000000 0.000000 12288.000000 234743.000000 14978.000000 9584.000000 4768.000000 0.000000 9700.000000 22423.000000 42048.000000 0.000000 20480.000000 241271.000000 14994.000000 11696.000000 2656.000000 1536.000000 6724.000000 28963.000000 42048.000000 0.000000 12288.000000 241271.000000 14994.000000 12464.000000 2496.000000 1536.000000 8292.000000 29739.000000 42048.000000 0.000000 12288.000000 234743.000000 11137.000000 12769.000000 5920.000000 1664.000000 4928.000000 31667.000000 146898.000000 7776.000000 20326.000000 0.000000 0.000000 56.000000 12288.000000 249463.000000 14994.000000 11696.000000 36960.000000 1536.000000 16516.000000 0.000000 0.000000 55120.000000 200823.000000 5889.000000 10416.000000 2496.000000 
5
0.000000 42048.000000 0.000000 12288.000000 234743.000000 14978.000000 9584.000000 4768.000000 0.000000 9700.000000 22423.000000 42048.000000 0.000000 20480.000000 241271.000000 14994.000000 11696.000000 2656.000000 1536.000000 6724.000000 28963.000000 42048.000000 0.000000 12288.000000 241271.000000 14994.000000 12464.000000 2496.000000 1536.000000 8292.000000 29739.000000 42048.000000 0.000000 12288.000000 234743.000000 11137.000000 12769.000000 5920.000000 1664.000000 4928.000000 31667.000000 146898.000000 7776.000000 20326.000000 0.000000 0.000000 56.000000 12288.000000 249463.000000 14994.000000 11696.000000 36960.000000 1536.000000 16516.000000 0.000000 0.000000 55120.000000 200823.000000 5889.000000 10416.000000 2496.000000 
6
0.000000 42048.000000 0.000000 12288.000000 234743.000000 14978.000000 9584.000000 4768.000000 0.000000 9700.000000 22423.000000 42048.000000 0.000000 20480.000000 241271.000000 14994.000000 11696.000000 2656.000000 1536.000000 6724.000000 28963.000000 42048.000000 0.000000 12288.000000 241271.000000 14994.000000 12464.000000 2496.000000 1536.000000 8292.000000 29739.000000 42048.000000 0.000000 12288.000000 234743.000000 11137.000000 12769.000000 5920.000000 1664.000000 4928.000000 31667.000000 146898.000000 7776.000000 20326.000000 0.000000 0.000000 56.000000 12288.000000 249463.000000 14994.000000 11696.000000 36960.000000 1536.000000 16516.000000 0.000000 0.000000 55120.000000 200823.000000 5889.000000 10416.000000 2496.000000 
7
0.000000 42048.000000 0.000000 12288.000000 234743.000000 14978.000000 9584.000000 4768.000000 0.000000 9700.000000 22423.000000 42048.000000 0.000000 20480.000000 241271.000000 14994.000000 11696.000000 2656.000000 1536.000000 6724.000000 28963.000000 42048.000000 0.000000 12288.000000 241271.000000 14994.000000 12464.000000 2496.000000 1536.000000 8292.000000 29739.000000 42048.000000 0.000000 12288.000000 234743.000000 11137.000000 12769.000000 5920.000000 1664.000000 4928.000000 31667.000000 146898.000000 7776.000000 20326.000000 0.000000 0.000000 56.000000 12288.000000 249463.000000 14994.000000 11696.000000 36960.000000 1536.000000 16516.000000 0.000000 0.000000 55120.000000 200823.000000 5889.000000 10416.000000 2496.000000 
8
0.000000 42048.000000 0.000000 20480.000000 199079.000000 15618.000000 8048.000000 5376.000000 1536.000000 9700.000000 29635.000000 42048.000000 0.000000 20480.000000 199703.000000 14994.000000 7072.000000 3168.000000 1536.000000 8292.000000 31179.000000 42048.000000 0.000000 12288.000000 207895.000000 13202.000000 9296.000000 2496.000000 1536.000000 8100.000000 31175.000000 42048.000000 0.000000 12288.000000 207895.000000 11137.000000 12769.000000 4736.000000 1664.000000 6660.000000 31667.000000 146897.000000 7776.000000 20302.000000 0.000000 0.000000 0.000000 12344.000000 207895.000000 14994.000000 5984.000000 36320.000000 1536.000000 16724.000000 0.000000 0.000000 60880.000000 242583.000000 5905.000000 9840.000000 1984.000000 
9
0.000000 42048.000000 0.000000 20480.000000 199079.000000 15618.000000 8048.000000 5376.000000 1536.000000 9700.000000 29635.000000 42048.000000 0.000000 20480.000000 199703.000000 14994.000000 7072.000000 3168.000000 1536.000000 8292.000000 31179.000000 42048.000000 0.000000 12288.000000 207895.000000 13202.000000 9296.000000 2496.000000 1536.000000 8100.000000 31175.000000 42048.000000 0.000000 12288.000000 207895.000000 11137.000000 12769.000000 4736.000000 1664.000000 6660.000000 31667.000000 146897.000000 7776.000000 20302.000000 0.000000 0.000000 0.000000 12344.000000 207895.000000 14994.000000 5984.000000 36320.000000 1536.000000 16724.000000 0.000000 0.000000 60880.000000 242583.000000 5905.000000 9840.000000 1984.000000 
10
0.000000 42048.000000 0.000000 20480.000000 199079.000000 15618.000000 8048.000000 5376.000000 1536.000000 9700.000000 29635.000000 42048.000000 0.000000 20480.000000 199703.000000 14994.000000 7072.000000 3168.000000 1536.000000 8292.000000 31179.000000 42048.000000 0.000000 12288.000000 207895.000000 13202.000000 9296.000000 2496.000000 1536.000000 8100.000000 31175.000000 42048.000000 0.000000 12288.000000 207895.000000 11137.000000 12769.000000 4736.000000 1664.000000 6660.000000 31667.000000 146897.000000 7776.000000 20302.000000 0.000000 0.000000 0.000000 12344.000000 207895.000000 14994.000000 5984.000000 36320.000000 1536.000000 16724.000000 0.000000 0.000000 60880.000000 242583.000000 5905.000000 9840.000000 1984.000000 
11
0.000000 42048.000000 0.000000 20480.000000 199079.000000 15618.000000 8048.000000 5376.000000 1536.000000 9700.000000 29635.000000 42048.000000 0.000000 20480.000000 199703.000000 14994.000000 7072.000000 3168.000000 1536.000000 8292.000000 31179.000000 42048.000000 0.000000 12288.000000 207895.000000 13202.000000 9296.000000 2496.000000 1536.000000 8100.000000 31175.000000 42048.000000 0.000000 12288.000000 207895.000000 11137.000000 12769.000000 4736.000000 1664.000000 6660.000000 31667.000000 146897.000000 7776.000000 20302.000000 0.000000 0.000000 0.000000 12344.000000 207895.000000 14994.000000 5984.000000 36320.000000 1536.000000 16724.000000 0.000000 0.000000 60880.000000 242583.000000 5905.000000 9840.000000 1984.000000 
12
0.000000 42048.000000 0.000000 20480.000000 237287.000000 15490.000000 9584.000000 3616.000000 1536.000000 8160.000000 28203.000000 42048.000000 0.000000 20480.000000 234839.000000 14994.000000 11696.000000 3040.000000 1536.000000 6564.000000 30091.000000 42048.000000 0.000000 12288.000000 243031.000000 14994.000000 12368.000000 2496.000000 1536.000000 6852.000000 30095.000000 42048.000000 0.000000 12288.000000 246103.000000 11137.000000 12769.000000 5824.000000 1664.000000 6596.000000 30127.000000 112978.000000 1536.000000 20718.000000 0.000000 0.000000 56.000000 4096.000000 249559.000000 14994.000000 11792.000000 3040.000000 1536.000000 16452.000000 0.000000 0.000000 50044.000000 197463.000000 5777.000000 8768.000000 2496.000000 
13
0.000000 42048.000000 0.000000 20480.000000 237287.000000 15490.000000 9584.000000 3616.000000 1536.000000 8160.000000 28203.000000 42048.000000 0.000000 20480.000000 234839.000000 14994.000000 11696.000000 3040.000000 1536.000000 6564.000000 30091.000000 42048.000000 0.000000 12288.000000 243031.000000 14994.000000 12368.000000 2496.000000 1536.000000 6852.000000 30095.000000 42048.000000 0.000000 12288.000000 246103.000000 11137.000000 12769.000000 5824.000000 1664.000000 6596.000000 30127.000000 112978.000000 1536.000000 20718.000000 0.000000 0.000000 56.000000 4096.000000 249559.000000 14994.000000 11792.000000 3040.000000 1536.000000 16452.000000 0.000000 0.000000 50044.000000 197463.000000 5777.000000 8768.000000 2496.000000 
14
0.000000 42048.000000 0.000000 20480.000000 237287.000000 15490.000000 9584.000000 3616.000000 1536.000000 8160.000000 28203.000000 42048.000000 0.000000 20480.000000 234839.000000 14994.000000 11696.000000 3040.000000 1536.000000 6564.000000 30091.000000 42048.000000 0.000000 12288.000000 243031.000000 14994.000000 12368.000000 2496.000000 1536.000000 6852.000000 30095.000000 42048.000000 0.000000 12288.000000 246103.000000 11137.000000 12769.000000 5824.000000 1664.000000 6596.000000 30127.000000 112978.000000 1536.000000 20718.000000 0.000000 0.000000 56.000000 4096.000000 249559.000000 14994.000000 11792.000000 3040.000000 1536.000000 16452.000000 0.000000 0.000000 50044.000000 197463.000000 5777.000000 8768.000000 2496.000000 
15
0.000000 42048.000000 0.000000 20480.000000 237287.000000 15490.000000 9584.000000 3616.000000 1536.000000 8160.000000 28203.000000 42048.000000 0.000000 20480.000000 234839.000000 14994.000000 11696.000000 3040.000000 1536.000000 6564.000000 30091.000000 42048.000000 0.000000 12288.000000 243031.000000 14994.000000 12368.000000 2496.000000 1536.000000 6852.000000 30095.000000 42048.000000 0.000000 12288.000000 246103.000000 11137.000000 12769.000000 5824.000000 1664.000000 6596.000000 30127.000000 112978.000000 1536.000000 20718.000000 0.000000 0.000000 56.000000 4096.000000 249559.000000 14994.000000 11792.000000 3040.000000 1536.000000 16452.000000 0.000000 0.000000 50044.000000 197463.000000 5777.000000 8768.000000 2496.000000 
16
0.000000 42048.000000 0.000000 4096.000000 203879.000000 13698.000000 9680.000000 4640.000000 1536.000000 9828.000000 28879.000000 42048.000000 0.000000 4096.000000 203879.000000 13698.000000 11696.000000 3168.000000 1536.000000 8164.000000 28655.000000 42048.000000 0.000000 4096.000000 203879.000000 13698.000000 12368.000000 2240.000000 1536.000000 6496.000000 27795.000000 42048.000000 0.000000 4096.000000 203879.000000 9841.000000 12769.000000 5824.000000 1664.000000 6596.000000 31983.000000 145873.000000 7872.000000 20398.000000 0.000000 0.000000 56.000000 12288.000000 203879.000000 13698.000000 11696.000000 36544.000000 1536.000000 16484.000000 0.000000 0.000000 61640.000000 240663.000000 5393.000000 10320.000000 2496.000000 
17
0.000000 42048.000000 0.000000 4096.000000 203879.000000 13698.000000 9680.000000 4640.000000 1536.000000 9828.000000 28879.000000 42048.000000 0.000000 4096.000000 203879.000000 13698.000000 11696.000000 3168.000000 1536.000000 8164.000000 28655.000000 42048.000000 0.000000 4096.000000 203879.000000 13698.000000 12368.000000 2240.000000 1536.000000 6496.000000 27795.000000 42048.000000 0.000000 4096.000000 203879.000000 9841.000000 12769.000000 5824.000000 1664.000000 6596.000000 31983.000000 145873.000000 7872.000000 20398.000000 0.000000 0.000000 56.000000 12288.000000 203879.000000 13698.000000 11696.000000 36544.000000 1536.000000 16484.000000 0.000000 0.000000 61640.000000 240663.000000 5393.000000 10320.000000 2496.000000 
18
0.000000 42048.000000 0.000000 4096.000000 203879.000000 13698.000000 9680.000000 4640.000000 1536.000000 9828.000000 28879.000000 42048.000000 0.000000 4096.000000 203879.000000 13698.000000 11696.000000 3168.000000 1536.000000 8164.000000 28655.000000 42048.000000 0.000000 4096.000000 203879.000000 13698.000000 12368.000000 2240.000000 1536.000000 6496.000000 27795.000000 42048.000000 0.000000 4096.000000 203879.000000 9841.000000 12769.000000 5824.000000 1664.000000 6596.000000 31983.000000 145873.000000 7872.000000 20398.000000 0.000000 0.000000 56.000000 12288.000000 203879.000000 13698.000000 11696.000000 36544.000000 1536.000000 16484.000000 0.000000 0.000000 61640.000000 240663.000000 5393.000000 10320.000000 2496.000000 
19
0.000000 42048.000000 0.000000 4096.000000 203879.000000 13698.000000 9680.000000 4640.000000 1536.000000 9828.000000 28879.000000 42048.000000 0.000000 4096.000000 203879.000000 13698.000000 11696.000000 3168.000000 1536.000000 8164.000000 28655.000000 42048.000000 0.000000 4096.000000 203879.000000 13698.000000 12368.000000 2240.000000 1536.000000 6496.000000 27795.000000 42048.000000 0.000000 4096.000000 203879.000000 9841.000000 12769.000000 5824.000000 1664.000000 6596.000000 31983.000000 145873.000000 7872.000000 20398.000000 0.000000 0.000000 56.000000 12288.000000 203879.000000 13698.000000 11696.000000 36544.000000 1536.000000 16484.000000 0.000000 0.000000 61640.000000 240663.000000 5393.000000 10320.000000 2496.000000 
20
0.000000 42048.000000 0.000000 12288.000000 248999.000000 15618.000000 9584.000000 5280.000000 1536.000000 9700.000000 28563.000000 42048.000000 0.000000 12288.000000 249623.000000 14978.000000 11792.000000 2912.000000 1536.000000 8164.000000 27123.000000 42048.000000 0.000000 12288.000000 249623.000000 14994.000000 12368.000000 1472.000000 1536.000000 8292.000000 30415.000000 42048.000000 0.000000 12288.000000 249623.000000 11137.000000 12241.000000 5824.000000 128.000000 6724.000000 30447.000000 140625.000000 7840.000000 20398.000000 0.000000 0.000000 56.000000 12288.000000 246167.000000 13202.000000 11792.000000 36960.000000 1536.000000 16420.000000 0.000000 0.000000 58408.000000 242487.000000 4369.000000 8880.000000 2496.000000 
21
0.000000 42048.000000 0.000000 12288.000000 248999.000000 15618.000000 9584.000000 5280.000000 1536.000000 9700.000000 28563.000000 42048.000000 0.000000 12288.000000 249623.000000 14978.000000 11792.000000 2912.000000 1536.000000 8164.000000 27123.000000 42048.000000 0.000000 12288.000000 249623.000000 14994.000000 12368.000000 1472.000000 1536.000000 8292.000000 30415.000000 42048.000000 0.000000 12288.000000 249623.000000 11137.000000 12241.000000 5824.000000 128.000000 6724.000000 30447.000000 140625.000000 7840.000000 20398.000000 0.000000 0.000000 56.000000 12288.000000 246167.000000 13202.000000 11792.000000 36960.000000 1536.000000 16420.000000 0.000000 0.000000 58408.000000 242487.000000 4369.000000 8880.000000 2496.000000 
22
0.000000 42048.000000 0.000000 12288.000000 248999.000000 15618.000000 9584.000000 5280.000000 1536.000000 9700.000000 28563.000000 42048.000000 0.000000 12288.000000 249623.000000 14978.000000 11792.000000 2912.000000 1536.000000 8164.000000 27123.000000 42048.000000 0.000000 12288.000000 249623.000000 14994.000000 12368.000000 1472.000000 1536.000000 8292.000000 30415.000000 42048.000000 0.000000 12288.000000 249623.000000 11137.000000 12241.000000 5824.000000 128.000000 6724.000000 30447.000000 140625.000000 7840.000000 20398.000000 0.000000 0.000000 56.000000 12288.000000 246167.000000 13202.000000 11792.000000 36960.000000 1536.000000 16420.000000 0.000000 0.000000 58408.000000 242487.000000 4369.000000 8880.000000 2496.000000 
23
0.000000 42048.000000 0.000000 12288.000000 248999.000000 15618.000000 9584.000000 5280.000000 1536.000000 9700.000000 28563.000000 42048.000000 0.000000 12288.000000 249623.000000 14978.000000 11792.000000 2912.000000 1536.000000 8164.000000 27123.000000 42048.000000 0.000000 12288.000000 249623.000000 14994.000000 12368.000000 1472.000000 1536.000000 8292.000000 30415.000000 42048.000000 0.000000 12288.000000 249623.000000 11137.000000 12241.000000 5824.000000 128.000000 6724.000000 30447.000000 140625.000000 7840.000000 20398.000000 0.000000 0.000000 56.000000 12288.000000 246167.000000 13202.000000 11792.000000 36960.000000 1536.000000 16420.000000 0.000000 0.000000 58408.000000 242487.000000 4369.000000 8880.000000 2496.000000 
24
0.000000 42048.000000 0.000000 12288.000000 203879.000000 15618.000000 9584.000000 5152.000000 1536.000000 8292.000000 29635.000000 42048.000000 0.000000 12288.000000 204503.000000 14994.000000 11792.000000 2656.000000 1536.000000 8164.000000 30103.000000 42048.000000 0.000000 12288.000000 204503.000000 14994.000000 11952.000000 2496.000000 1536.000000 8292.000000 28655.000000 42048.000000 0.000000 12288.000000 204503.000000 11265.000000 10593.000000 5824.000000 1664.000000 6724.000000 30227.000000 106961.000000 7872.000000 20710.000000 0.000000 0.000000 56.000000 12288.000000 204503.000000 14994.000000 11696.000000 36960.000000 0.000000 16420.000000 0.000000 0.000000 60112.000000 197367.000000 5905.000000 10416.000000 2496.000000 
25
0.000000 42048.000000 0.000000 12288.000000 203879.000000 15618.000000 9584.000000 5152.000000 1536.000000 8292.000000 29635.000000 42048.000000 0.000000 12288.000000 204503.000000 14994.000000 11792.000000 2656.000000 1536.000000 8164.000000 30103.000000 42048.000000 0.000000 12288.000000 204503.000000 14994.000000 11952.000000 2496.000000 1536.000000 8292.000000 28655.000000 42048.000000 0.000000 12288.000000 204503.000000 11265.000000 10593.000000 5824.000000 1664.000000 6724.000000 30227.000000 106961.000000 7872.000000 20710.000000 0.000000 0.000000 56.000000 12288.000000 204503.000000 14994.000000 11696.000000 36960.000000 0.000000 16420.000000 0.000000 0.000000 60112.000000 197367.000000 5905.000000 10416.000000 2496.000000 
26
0.000000 42048.000000 0.000000 12288.000000 203879.000000 15618.000000 9584.000000 5152.000000 1536.000000 8292.000000 29635.000000 42048.000000 0.000000 12288.000000 204503.000000 14994.000000 11792.000000 2656.000000 1536.000000 8164.000000 30103.000000 42048.000000 0.000000 12288.000000 204503.000000 14994.000000 11952.000000 2496.000000 1536.000000 8292.000000 28655.000000 42048.000000 0.000000 12288.000000 204503.000000 11265.000000 10593.000000 5824.000000 1664.000000 6724.000000 30227.000000 106961.000000 7872.000000 20710.000000 0.000000 0.000000 56.000000 12288.000000 204503.000000 14994.000000 11696.000000 36960.000000 0.000000 16420.000000 0.000000 0.000000 60112.000000 197367.000000 5905.000000 10416.000000 2496.000000 
27
0.000000 42048.000000 0.000000 12288.000000 203879.000000 15618.000000 9584.000000 5152.000000 1536.000000 8292.000000 29635.000000 42048.000000 0.000000 12288.000000 204503.000000 14994.000000 11792.000000 2656.000000 1536.000000 8164.000000 30103.000000 42048.000000 0.000000 12288.000000 204503.000000 14994.000000 11952.000000 2496.000000 1536.000000 8292.000000 28655.000000 42048.000000 0.000000 12288.000000 204503.000000 11265.000000 10593.000000 5824.000000 1664.000000 6724.000000 30227.000000 106961.000000 7872.000000 20710.000000 0.000000 0.000000 56.000000 12288.000000 204503.000000 14994.000000 11696.000000 36960.000000 0.000000 16420.000000 0.000000 0.000000 60112.000000 197367.000000 5905.000000 10416.000000 2496.000000 
28
0.000000 42048.000000 0.000000 12288.000000 248999.000000 15618.000000 9072.000000 5280.000000 1536.000000 8292.000000 28567.000000 42048.000000 0.000000 12288.000000 246167.000000 14866.000000 11184.000000 3264.000000 1536.000000 8292.000000 30099.000000 42048.000000 0.000000 12288.000000 249623.000000 14978.000000 12464.000000 2368.000000 0.000000 8036.000000 28663.000000 42048.000000 0.000000 12288.000000 249623.000000 11137.000000 12641.000000 5280.000000 1664.000000 6724.000000 32739.000000 113105.000000 7872.000000 20782.000000 0.000000 0.000000 56.000000 12288.000000 249623.000000 14994.000000 11696.000000 36960.000000 1536.000000 13700.000000 0.000000 0.000000 58192.000000 197463.000000 5905.000000 10320.000000 2368.000000 
29
0.000000 42048.000000 0.000000 12288.000000 248999.000000 15618.000000 9072.000000 5280.000000 1536.000000 8292.000000 28567.000000 42048.000000 0.000000 12288.000000 246167.000000 14866.000000 11184.000000 3264.000000 1536.000000 8292.000000 30099.000000 42048.000000 0.000000 12288.000000 249623.000000 14978.000000 12464.000000 2368.000000 0.000000 8036.000000 28663.000000 42048.000000 0.000000 12288.000000 249623.000000 11137.000000 12641.000000 5280.000000 1664.000000 6724.000000 32739.000000 113105.000000 7872.000000 20782.000000 0.000000 0.000000 56.000000 12288.000000 249623.000000 14994.000000 11696.000000 36960.000000 1536.000000 13700.000000 0.000000 0.000000 58192.000000 197463.000000 5905.000000 10320.000000 2368.000000 
30
0.000000 42048.000000 0.000000 12288.000000 248999.000000 15618.000000 9072.000000 5280.000000 1536.000000 8292.000000 28567.000000 42048.000000 0.000000 12288.000000 246167.000000 14866.000000 11184.000000 3264.000000 1536.000000 8292.000000 30099.000000 42048.000000 0.000000 12288.000000 249623.000000 14978.000000 12464.000000 2368.000000 0.000000 8036.000000 28663.000000 42048.000000 0.000000 12288.000000 249623.000000 11137.000000 12641.000000 5280.000000 1664.000000 6724.000000 32739.000000 113105.000000 7872.000000 20782.000000 0.000000 0.000000 56.000000 12288.000000 249623.000000 14994.000000 11696.000000 36960.000000 1536.000000 13700.000000 0.000000 0.000000 58192.000000 197463.000000 5905.000000 10320.000000 2368.000000 
31
0.000000 42048.000000 0.000000 12288.000000 248999.000000 15618.000000 9072.000000 5280.000000 1536.000000 8292.000000 28567.000000 42048.000000 0.000000 12288.000000 246167.000000 14866.000000 11184.000000 3264.000000 1536.000000 8292.000000 30099.000000 42048.000000 0.000000 12288.000000 249623.000000 14978.000000 12464.000000 2368.000000 0.000000 8036.000000 28663.000000 42048.000000 0.000000 12288.000000 249623.000000 11137.000000 12641.000000 5280.000000 1664.000000 6724.000000 32739.000000 113105.000000 7872.000000 20782.000000 0.000000 0.000000 56.000000 12288.000000 249623.000000 14994.000000 11696.000000 36960.000000 1536.000000 13700.000000 0.000000 0.000000 58192.000000 197463.000000 5905.000000 10320.000000 2368.000000 
32
0.000000 42048.000000 0.000000 12288.000000 204535.000000 13202.000000 8144.000000 5280.000000 1536.000000 9700.000000 28195.000000 42048.000000 0.000000 12288.000000 196343.000000 14994.000000 9584.000000 3264.000000 1536.000000 8292.000000 30103.000000 42048.000000 0.000000 12288.000000 204535.000000 14994.000000 10416.000000 1984.000000 1536.000000 8292.000000 31179.000000 42048.000000 0.000000 12288.000000 204535.000000 11137.000000 11233.000000 5408.000000 1536.000000 6596.000000 30223.000000 146673.000000 7776.000000 20774.000000 0.000000 0.000000 0.000000 12288.000000 204535.000000 14994.000000 10160.000000 36960.000000 1536.000000 14752.000000 0.000000 0.000000 50572.000000 242487.000000 4113.000000 8784.000000 2368.000000 
33
0.000000 42048.000000 0.000000 12288.000000 204535.000000 13202.000000 8144.000000 5280.000000 1536.000000 9700.000000 28195.000000 42048.000000 0.000000 12288.000000 196343.000000 14994.000000 9584.000000 3264.000000 1536.000000 8292.000000 30103.000000 42048.000000 0.000000 12288.000000 204535.000000 14994.000000 10416.000000 1984.000000 1536.000000 8292.000000 31179.000000 42048.000000 0.000000 12288.000000 204535.000000 11137.000000 11233.000000 5408.000000 1536.000000 6596.000000 30223.000000 146673.000000 7776.000000 20774.000000 0.000000 0.000000 0.000000 12288.000000 204535.000000 14994.000000 10160.000000 36960.000000 1536.000000 14752.000000 0.000000 0.000000 50572.000000 242487.000000 4113.000000 8784.000000 2368.000000 
34
0.000000 42048.000000 0.000000 12288.000000 204535.000000 13202.000000 8144.000000 5280.000000 1536.000000 9700.000000 28195.000000 42048.000000 0.000000 12288.000000 196343.000000 14994.000000 9584.000000 3264.000000 1536.000000 8292.000000 30103.000000 42048.000000 0.000000 12288.000000 204535.000000 14994.000000 10416.000000 1984.000000 1536.000000 8292.000000 31179.000000 42048.000000 0.000000 12288.000000 204535.000000 11137.000000 11233.000000 5408.000000 1536.000000 6596.000000 30223.000000 146673.000000 7776.000000 20774.000000 0.000000 0.000000 0.000000 12288.000000 204535.000000 14994.000000 10160.000000 36960.000000 1536.000000 14752.000000 0.000000 0.000000 50572.000000 242487.000000 4113.000000 8784.000000 2368.000000 
35
0.000000 42048.000000 0.000000 12288.000000 204535.000000 13202.000000 8144.000000 5280.000000 1536.000000 9700.000000 28195.000000 42048.000000 0.000000 12288.000000 196343.000000 14994.000000 9584.000000 3264.000000 1536.000000 8292.000000 30103.000000 42048.000000 0.000000 12288.000000 204535.000000 14994.000000 10416.000000 1984.000000 1536.000000 8292.000000 31179.000000 42048.000000 0.000000 12288.000000 204535.000000 11137.000000 11233.000000 5408.000000 1536.000000 6596.000000 30223.000000 146673.000000 7776.000000 20774.000000 0.000000 0.000000 0.000000 12288.000000 204535.000000 14994.000000 10160.000000 36960.000000 1536.000000 14752.000000 0.000000 0.000000 50572.000000 242487.000000 4113.000000 8784.000000 2368.000000 
36
0.000000 42048.000000 0.000000 12288.000000 248983.000000 15586.000000 8032.000000 4864.000000 1536.000000 9828.000000 28567.000000 42048.000000 0.000000 12288.000000 249575.000000 14994.000000 11696.000000 2656.000000 0.000000 6752.000000 31183.000000 42048.000000 0.000000 12288.000000 249575.000000 14866.000000 10816.000000 2496.000000 1536.000000 6756.000000 31175.000000 42048.000000 0.000000 12288.000000 249575.000000 11137.000000 12769.000000 5920.000000 1664.000000 6724.000000 31307.000000 146897.000000 7776.000000 20334.000000 0.000000 0.000000 0.000000 12344.000000 241383.000000 14978.000000 11184.000000 36448.000000 1536.000000 16420.000000 0.000000 0.000000 53456.000000 242439.000000 5905.000000 10224.000000 2368.000000 
37
0.000000 42048.000000 0.000000 12288.000000 248983.000000 15586.000000 8032.000000 4864.000000 1536.000000 9828.000000 28567.000000 42048.000000 0.000000 12288.000000 249575.000000 14994.000000 11696.000000 2656.000000 0.000000 6752.000000 31183.000000 42048.000000 0.000000 12288.000000 249575.000000 14866.000000 10816.000000 2496.000000 1536.000000 6756.000000 31175.000000 42048.000000 0.000000 12288.000000 249575.000000 11137.000000 12769.000000 5920.000000 1664.000000 6724.000000 31307.000000 146897.000000 7776.000000 20334.000000 0.000000 0.000000 0.000000 12344.000000 241383.000000 14978.000000 11184.000000 36448.000000 1536.000000 16420.000000 0.000000 0.000000 53456.000000 242439.000000 5905.000000 10224.000000 2368.000000 
38
0.000000 42048.000000 0.000000 12288.000000 248983.000000 15586.000000 8032.000000 4864.000000 1536.000000 9828.000000 28567.000000 42048.000000 0.000000 12288.000000 249575.000000 14994.000000 11696.000000 2656.000000 0.000000 6752.000000 31183.000000 42048.000000 0.000000 12288.000000 249575.000000 14866.000000 10816.000000 2496.000000 1536.000000 6756.000000 31175.000000 42048.000000 0.000000 12288.000000 249575.000000 11137.000000 12769.000000 5920.000000 1664.000000 6724.000000 31307.000000 146897.000000 7776.000000 20334.000000 0.000000 0.000000 0.000000 12344.000000 241383.000000 14978.000000 11184.000000 36448.000000 1536.000000 16420.000000 0.000000 0.000000 53456.000000 242439.000000 5905.000000 10224.000000 2368.000000 
39
0.000000 42048.000000 0.000000 12288.000000 248983.000000 15586.000000 8032.000000 4864.000000 1536.000000 9828.000000 28567.000000 42048.000000 0.000000 12288.000000 249575.000000 14994.000000 11696.000000 2656.000000 0.000000 6752.000000 31183.000000 42048.000000 0.000000 12288.000000 249575.000000 14866.000000 10816.000000 2496.000000 1536.000000 6756.000000 31175.000000 42048.000000 0.000000 12288.000000 249575.000000 11137.000000 12769.000000 5920.000000 1664.000000 6724.000000 31307.000000 146897.000000 7776.000000 20334.000000 0.000000 0.000000 0.000000 12344.000000 241383.000000 14978.000000 11184.000000 36448.000000 1536.000000 16420.000000 0.000000 0.000000 53456.000000 242439.000000 5905.000000 10224.000000 2368.000000 
