0
0.000000 0.600720 1.047883 0.956683 0.591820 0.834117 1.001277 0.868427 0.992101 0.987973 0.600166 0.777164 0.952621 1.051945 0.564009 0.747439 0.844314 0.979337 0.994212 1.019439 0.492385 0.777182 0.952621 0.956683 0.649389 0.700663 0.907951 0.983806 1.015292 0.991932 0.516708 0.682071 0.952621 1.051945 0.675560 0.544916 1.022847 0.996730 0.990567 0.998467 0.572171 0.754021 0.999287 0.964472 0.946715 1.076579 1.000009 1.008490 0.528230 0.701556 0.950390 1.000810 1.008097 0.925975 1.046764 0.952326 0.886518 0.378056 0.994391 1.089544 0.937154 
1
0.000000 0.095293 1.047883 0.922229 0.565654 0.825033 1.012479 0.872834 0.985440 0.991211 0.599944 0.095778 0.952621 1.017491 0.559149 0.745032 0.885528 0.973793 0.993904 1.034408 0.493959 0.095356 0.952621 1.017491 0.576030 0.690999 0.857206 1.010595 0.964028 1.023764 0.519075 0.000083 0.952621 1.051822 0.605313 0.563588 1.069049 0.861401 0.991985 0.995724 0.570231 0.669136 1.025286 1.018754 0.997082 0.973058 1.009366 1.025301 0.428083 0.691094 0.998357 0.975523 0.979434 0.903039 1.067037 1.009111 0.850409 0.272810 0.958716 1.120079 0.984216 
2
0.000000 0.095277 1.047883 0.922229 0.530601 0.824095 0.991724 0.880765 0.991865 0.994992 0.683096 0.095277 0.952621 1.017491 0.556749 0.746501 0.870679 0.967218 0.994074 1.015817 0.493820 0.095624 0.952621 1.017491 0.542896 0.690694 0.968834 0.987283 0.964151 1.033725 0.514701 0.000535 0.952621 1.051822 0.601400 0.563562 1.070979 0.905856 0.990914 1.007528 0.579074 0.680039 1.037418 0.997679 0.930300 1.070780 0.926150 1.086173 0.475764 0.689231 0.994634 0.976274 1.000003 0.950283 1.026017 0.988216 0.860811 0.348401 0.962437 1.081119 0.891734 
3
0.000000 0.095277 1.047883 1.013553 0.448653 0.828203 0.967671 0.956329 0.970970 1.006070 0.587395 0.098049 0.952621 1.013553 0.547052 0.746472 0.903065 0.953705 1.015969 1.015374 0.573108 0.098291 0.952621 1.013553 0.570587 0.690685 0.867198 1.013028 0.966001 1.018530 0.597828 0.002544 0.952621 1.051945 0.622464 0.563553 0.995317 0.984217 1.012322 0.972368 0.549943 0.682699 0.987575 1.006000 1.008508 0.955678 1.038106 1.013438 0.461678 0.693600 1.004449 0.978831 0.987047 0.933229 1.046625 0.950948 0.899015 0.362211 0.946853 1.053029 0.988388 
4
0.000000 0.094538 1.039754 0.948554 0.560015 0.821324 0.998286 0.915583 1.006364 0.975680 0.211391 0.094538 0.952872 1.051948 0.580604 0.703746 1.006911 0.984546 0.995610 1.032085 0.485997 0.094712 0.952327 1.051897 0.565171 0.691054 0.963156 1.009935 1.009275 0.984097 0.611287 0.000015 0.951484 1.052033 0.666390 0.544916 1.057006 1.008388 0.976928 1.016770 0.635635 0.666305 0.920934 1.012283 1.072499 0.976088 0.618548 0.154142 0.477181 0.699966 1.032377 0.983290 0.966041 0.941343 1.026675 0.970351 0.893922 0.365203 1.016421 1.065675 0.970606 
5
0.000000 0.094538 1.039754 1.018954 0.415828 0.811950 0.944387 0.943798 0.985201 0.990352 0.202129 0.094538 0.952452 1.017494 0.545882 0.745032 0.974156 0.979644 0.994387 1.034183 0.482274 0.094538 0.952439 1.017276 0.560580 0.691008 0.966914 0.989471 1.029729 0.978515 0.515792 0.000015 0.952210 1.072140 0.594007 0.563588 1.011496 1.024373 0.975692 0.994168 0.565078 0.645966 0.944112 1.081725 0.977783 0.994564 0.622305 0.138815 0.405295 0.691008 1.020185 0.964507 1.016485 0.910828 1.066517 1.009185 0.848240 0.324754 0.987606 0.991676 0.969963 
6
0.000000 0.094523 1.039754 1.018954 0.404981 0.801433 0.982028 0.902594 0.992847 1.008075 0.236633 0.095216 0.952428 1.017621 0.551045 0.745032 0.996878 0.957821 1.015542 1.014129 0.482274 0.094523 0.952763 1.017431 0.550671 0.690677 0.976532 1.012394 0.964905 1.020893 0.516511 0.000000 0.952719 1.072142 0.594415 0.563562 1.046474 0.969849 0.975375 0.989053 0.581432 0.668656 0.924934 1.027511 1.021024 0.992674 0.710292 0.138826 0.402716 0.689707 1.023916 0.969128 0.979833 0.999985 1.007833 1.007247 0.860209 0.359169 0.983439 1.071301 0.950076 
7
0.000000 0.094523 1.039754 1.020000 0.410686 0.820154 0.993371 0.888556 0.992811 1.005036 0.227593 0.094523 0.952654 1.013509 0.560313 0.746463 0.976460 0.856350 1.014748 1.013477 0.570170 0.095216 0.952797 1.014006 0.550679 0.690694 0.859910 1.067307 0.980331 1.013033 0.504681 0.000000 0.951578 1.072143 0.579009 0.563553 1.054086 0.957233 0.975586 0.990008 0.544143 0.676294 1.006044 0.866137 1.073104 0.996161 0.753709 0.139076 0.392799 0.693219 1.024311 0.980786 1.016792 0.933325 1.046972 0.968805 0.890603 0.269003 0.960903 1.105734 0.942100 
8
0.000000 0.094538 1.039754 0.948554 0.545528 0.811824 0.978130 0.933054 0.993291 1.000690 0.198672 0.094712 0.952838 1.051919 0.578441 0.753355 0.907966 1.025056 0.957173 1.043139 0.488723 0.094712 0.952649 0.956721 0.676802 0.703729 0.944978 0.978328 1.029701 0.975064 0.522748 0.000189 0.951935 1.051904 0.662810 0.545071 0.983464 1.027804 0.991183 1.001254 0.571927 0.658943 0.953639 1.021547 1.006183 1.015566 0.966629 1.047739 0.472260 0.691297 0.875810 0.966411 0.986038 0.987906 1.045114 0.969063 0.996889 0.366463 1.009592 1.071565 1.004870 
9
0.000000 0.094523 1.039754 1.018954 0.424589 0.815279 0.985882 0.919034 0.991536 1.016845 0.183852 0.094538 0.952672 1.017480 0.559751 0.753877 0.868115 0.993232 0.958815 1.040703 0.478581 0.094538 0.952503 1.017404 0.547654 0.708984 0.860642 1.010306 0.964683 1.023166 0.519958 0.000015 0.952800 1.063916 0.608227 0.563579 0.964027 1.004276 0.991058 0.993258 0.572829 0.659306 0.928935 1.050571 1.024900 0.997556 1.020206 0.976805 0.433646 0.689618 0.941271 0.959231 0.985810 0.945205 1.082960 0.920651 1.057868 0.397431 0.988311 1.037444 1.001149 
10
0.000000 0.094523 1.039754 1.018954 0.421927 0.813086 0.966122 0.886186 0.970609 1.025799 0.215166 0.094523 0.953043 1.017705 0.553499 0.755371 0.820224 1.000999 0.957851 1.038415 0.571654 0.094523 0.952770 1.017801 0.547368 0.702329 0.894610 0.997434 0.964578 1.015688 0.516442 0.000000 0.951507 1.067989 0.590205 0.563553 1.053843 0.895568 0.991499 1.006943 0.577141 0.668610 0.919663 1.033091 1.024711 0.971557 1.046842 0.973260 0.398676 0.690974 0.931299 0.939345 1.010061 0.967630 1.044122 0.968158 1.019448 0.282568 0.981988 1.084084 0.959897 
11
0.000000 0.094523 1.039754 1.020000 0.399252 0.822822 0.996869 0.901452 0.971396 1.025568 0.216032 0.095043 0.951925 1.013468 0.544424 0.753856 0.803060 1.020155 0.978424 1.007875 0.478101 0.095043 0.952552 1.013305 0.564763 0.700870 0.859179 0.999802 0.992785 0.970350 0.603429 0.000000 0.951838 1.064340 0.592391 0.563553 1.041726 0.949899 1.011651 0.974337 0.644864 0.676211 0.991890 0.999781 0.922288 1.075151 0.949233 1.017086 0.393913 0.691562 0.896090 0.932361 1.036804 0.940582 1.053892 1.002458 0.958076 0.260384 0.971128 1.106002 0.992975 
12
0.000000 0.094538 1.039754 0.948554 0.556451 0.833779 0.992463 0.873506 0.992361 1.005782 0.209945 0.096271 0.952081 1.052040 0.567865 0.703755 0.920723 0.953433 0.994374 1.033720 0.479182 0.096097 0.952176 1.051871 0.566768 0.703755 0.947308 1.021584 0.979432 1.021345 0.519438 0.001574 0.951911 1.051919 0.677334 0.544924 0.982190 1.038260 0.977674 1.027935 0.608193 0.675622 0.932256 1.023870 0.977659 1.039594 0.507707 0.154298 0.478335 0.691158 0.994332 0.984818 0.995222 0.965155 1.044698 0.989489 0.894630 0.367396 1.041700 1.027624 0.965383 
13
0.000000 0.094523 1.039754 1.018954 0.416121 0.820574 0.970182 0.905993 0.991798 0.990698 0.197917 0.094523 0.952692 1.017825 0.542350 0.701340 0.938616 0.987983 0.994616 1.021562 0.492359 0.094523 0.953113 1.017302 0.554776 0.711406 0.947564 1.010542 0.964554 1.022716 0.514878 0.000000 0.952758 1.072196 0.606261 0.563562 1.007986 0.996681 0.961293 1.034227 0.582108 0.683057 0.906169 1.066822 1.005171 0.984334 0.516297 0.138862 0.399080 0.690947 1.015194 0.966700 1.026719 0.959848 1.007712 0.933052 0.945772 0.365654 0.999148 1.035602 0.984265 
14
0.000000 0.094523 1.039754 1.018954 0.426757 0.812618 0.971235 0.952523 0.971294 1.009831 0.233408 0.095216 0.952852 1.017728 0.563979 0.745015 0.859199 0.954241 0.994495 1.019925 0.479740 0.095216 0.952664 1.017825 0.553654 0.700844 0.966410 0.998163 0.993669 0.998244 0.516987 0.000000 0.952295 1.072199 0.592974 0.563571 0.946444 1.031026 0.990860 0.987093 0.573223 0.659645 0.892497 0.991345 1.076646 1.000928 0.457631 0.134278 0.402518 0.691441 1.009736 0.977002 1.015159 0.907671 1.083640 0.968893 0.887227 0.284949 1.000685 1.066687 0.966867 
15
0.000000 0.094523 1.039754 1.020000 0.407629 0.818631 0.976883 0.906664 1.006274 0.943755 0.234993 0.094523 0.952737 1.012936 0.549726 0.744995 0.928286 0.930586 1.015141 1.001990 0.487228 0.094523 0.952475 1.013548 0.546830 0.702338 0.917247 1.004163 0.994516 1.005132 0.503073 0.000000 0.951220 1.072176 0.570775 0.563553 1.000448 0.985488 0.961922 1.041088 0.561609 0.692705 0.991482 0.887095 1.077698 0.969081 0.565812 0.138997 0.387234 0.691138 1.003169 0.992802 0.986383 0.941322 1.064024 0.988170 0.890546 0.267770 0.962441 1.104257 0.953930 
16
0.000000 0.094538 1.039754 0.958523 0.883537 0.999386 1.007936 0.966800 1.008716 1.009109 0.618220 0.097656 0.953229 1.064235 0.789008 1.008171 0.984756 0.970636 0.994729 1.021440 0.478909 0.096575 0.952439 0.968896 0.878450 0.979304 0.998811 0.978174 1.014587 0.976158 0.599517 0.001540 0.952630 1.056030 0.802869 0.946391 0.979606 1.030471 0.991176 1.010619 0.649728 0.715873 0.921658 1.051913 0.977336 1.039458 0.507855 0.154171 0.672678 0.980138 1.010359 0.979342 0.980609 0.956940 1.043774 0.989283 0.790111 0.944650 1.022960 1.044864 0.956650 
17
0.000000 0.094523 1.039754 1.018954 0.744464 0.991859 0.986829 0.995722 0.991890 1.037340 0.603842 0.094523 0.951886 1.033674 0.773657 1.008133 0.962117 0.983078 0.994833 1.025949 0.480340 0.094523 0.952829 1.033803 0.753988 0.989803 1.002490 0.988105 0.993441 1.014069 0.500624 0.000000 0.951432 1.055822 0.749322 0.945730 0.998382 1.009635 1.012179 0.981899 0.563939 0.690458 0.921907 1.063245 1.004744 0.984495 0.516206 0.138827 0.597009 0.979549 1.022302 0.963945 1.030106 0.904217 1.083699 0.968602 0.892862 0.837512 1.036503 0.992155 0.953858 
18
0.000000 0.094523 1.039754 0.958523 0.797801 1.013401 0.913960 0.968708 0.992519 1.037094 0.682264 0.095008 0.952529 1.064236 0.721856 1.003415 0.957720 0.926169 1.015179 1.010413 0.563274 0.094523 0.952816 0.968863 0.813453 0.978215 1.010132 0.988239 1.008083 0.983266 0.488750 0.000000 0.952901 1.056074 0.701035 0.955658 1.053141 0.942541 0.961608 1.034017 0.544385 0.700449 0.875559 0.996366 1.075660 0.971677 0.565672 0.138937 0.596409 0.979700 1.023506 0.974625 1.020741 0.940905 1.007937 0.933471 0.856399 0.851415 1.032535 1.047042 0.986487 
19
0.000000 0.094523 1.039754 1.021662 0.728176 1.009329 0.998069 0.998292 0.972181 1.023930 0.587914 0.095008 0.952503 1.029656 0.776081 1.013432 0.990188 0.907436 1.014589 1.000164 0.486173 0.094523 0.952354 1.025748 0.769271 0.979980 0.999981 0.967431 1.015291 0.985194 0.490339 0.000000 0.951204 1.055971 0.717563 1.002434 1.003322 0.957148 1.011463 0.976951 0.544589 0.722480 0.980055 0.954906 0.981947 1.000845 0.545349 0.138930 0.603091 0.978980 1.002783 0.990611 0.980524 0.939198 1.064770 0.988174 0.890311 0.759871 0.972634 1.096990 0.910379 
20
0.000000 0.094538 1.039754 0.958523 0.575325 0.833640 0.992645 0.872402 0.993486 1.024586 0.192099 0.094538 0.953177 1.064259 0.568030 0.741393 0.838147 0.956976 0.993484 1.022315 0.480514 0.094712 0.952487 0.968983 0.667703 0.705249 0.904941 0.976904 1.014954 0.990607 0.516779 0.000137 0.951604 1.064181 0.671734 0.562408 0.992097 1.056342 0.960915 1.037880 0.648812 0.709409 0.931507 1.023612 0.977493 1.039528 0.507699 0.154204 0.482316 0.703582 1.020206 0.966859 1.000698 0.919640 1.045621 0.952778 0.895775 0.332097 0.959827 1.067290 0.976655 
21
0.000000 0.094523 1.039754 1.018954 0.437940 0.820617 0.968352 0.906550 0.993334 0.990872 0.198248 0.094523 0.952263 1.033465 0.574512 0.689054 0.931055 0.949361 0.995202 1.025516 0.479062 0.095216 0.952644 1.033802 0.576276 0.711424 0.856174 0.998450 0.964594 1.025391 0.516892 0.000000 0.951816 1.068072 0.635493 0.625740 0.990076 0.942300 0.961302 1.036839 0.555309 0.721079 0.906659 1.066870 1.005634 0.984457 0.516258 0.138715 0.396614 0.701349 1.017626 0.971013 1.023589 0.886059 1.085175 0.989452 0.843650 0.314364 0.957341 1.084389 0.974901 
22
0.000000 0.094523 1.039754 0.958523 0.482976 0.812635 0.972385 0.973838 0.969365 0.999980 0.233408 0.095181 0.952266 1.064200 0.512192 0.726478 0.901607 0.948962 1.014552 1.011132 0.562216 0.094523 0.952822 0.968709 0.605813 0.700844 0.957805 0.996189 0.964620 1.025373 0.599229 0.000000 0.952337 1.064085 0.584383 0.534353 1.077986 0.981046 0.962272 1.038476 0.543485 0.703146 0.917871 0.966249 1.076413 1.000916 0.453899 0.138775 0.385095 0.701331 1.010998 0.975308 0.980441 0.985986 1.007729 1.007622 0.856770 0.258898 0.949278 1.090155 0.916128 
23
0.000000 0.094523 1.039754 1.021662 0.415501 0.818726 0.977522 0.907300 1.005467 0.944932 0.234874 0.094523 0.952667 1.025843 0.536847 0.693184 0.955498 0.962153 1.016143 1.012639 0.481535 0.094523 0.952419 1.029849 0.538501 0.708958 0.849621 0.999421 0.979988 1.019577 0.503816 0.000000 0.952218 1.068259 0.617280 0.555334 0.970269 1.060752 0.996424 0.999939 0.545871 0.718712 0.991707 0.887122 1.077824 0.969089 0.565785 0.139136 0.380018 0.701268 1.004731 0.993407 0.986917 0.921375 1.046452 0.949393 0.891030 0.338429 1.042983 1.046955 0.949475 
24
0.000000 0.094538 1.039754 0.958523 0.576719 0.823780 1.004212 0.883271 0.992069 1.002186 0.583135 0.094538 0.952722 1.064249 0.584151 0.748047 0.837577 1.000883 0.994376 1.002427 0.497428 0.094538 0.952586 0.968853 0.687474 0.703772 0.870173 1.005047 1.030115 0.979399 0.609866 0.000015 0.951106 1.055867 0.710826 0.562425 0.948358 1.079246 0.991202 0.999124 0.587534 0.764670 0.920760 1.012547 1.073038 0.975692 0.618574 0.154178 0.479745 0.704127 1.014432 0.978302 0.993073 0.974259 0.988125 1.009160 0.866085 0.332478 1.035889 1.056932 0.961843 
25
0.000000 0.094523 1.039754 1.018954 0.438792 0.812332 0.986846 0.851751 0.969732 1.026968 0.585758 0.094523 0.952638 1.033750 0.557224 0.740887 0.900222 0.950346 0.994931 1.019077 0.479301 0.094523 0.953095 1.033913 0.546512 0.711415 0.891050 0.997728 1.009231 1.000286 0.496551 0.000000 0.952407 1.056014 0.636137 0.633845 0.955771 0.920716 0.991274 1.003116 0.568455 0.777006 0.944548 1.081749 0.977586 0.994414 0.622315 0.138863 0.398324 0.702341 1.004318 0.992633 0.970408 0.929975 1.045621 0.952276 0.901518 0.323614 0.978116 1.049504 0.937543 
26
0.000000 0.094523 1.039754 0.958523 0.483715 0.808380 1.016521 0.839330 0.992697 1.021683 0.664784 0.094869 0.952626 1.064073 0.501540 0.726314 0.916735 0.947021 1.014613 1.002471 0.581874 0.094523 0.952155 0.968776 0.605529 0.700844 0.899085 1.002838 0.980127 1.021395 0.505009 0.000000 0.952013 1.052055 0.598770 0.534370 1.051187 0.971436 0.990920 1.008342 0.655151 0.783959 0.889326 1.012882 1.021124 0.993350 0.710223 0.138854 0.382997 0.701453 0.982560 0.998396 0.971875 0.939887 1.045195 0.970506 0.879762 0.249188 1.013949 1.059505 0.944513 
27
0.000000 0.094523 1.039754 1.021662 0.412967 0.828202 0.993458 0.910824 0.956459 1.020202 0.569498 0.094523 0.952438 1.029733 0.548695 0.751654 0.905181 0.948316 1.015556 0.991570 0.485955 0.095181 0.952607 1.025775 0.550878 0.700835 0.836909 1.007156 0.994217 1.016872 0.485820 0.000000 0.952526 1.051841 0.606896 0.555308 0.996765 0.946017 1.011929 0.976775 0.539742 0.792195 0.991835 0.880572 1.072683 0.996033 0.753735 0.138969 0.379495 0.711666 1.002832 0.964494 0.992831 0.903025 1.066022 0.949212 0.889033 0.254467 0.961603 1.050315 0.916735 
28
0.000000 0.094538 1.039754 0.958523 0.566337 0.827477 0.869588 1.112032 0.992681 0.998598 0.234336 0.095023 0.952640 1.064056 0.594626 0.743841 0.992365 0.962592 0.993808 1.021640 0.479286 0.094631 0.952151 0.968969 0.689769 0.693235 0.932471 1.004031 0.964871 1.023598 0.523217 0.000189 0.951429 1.064088 0.670781 0.562417 0.996949 1.056026 0.961870 1.032270 0.654494 0.770452 0.931822 1.023169 0.977561 1.039756 0.507699 0.154267 0.475274 0.705232 1.015715 0.960522 0.981466 0.949139 1.065918 0.951180 0.892454 0.343050 1.033998 1.050084 0.949213 
29
0.000000 0.094523 1.039754 1.018954 0.433178 0.828125 0.883173 1.099148 1.021042 0.967360 0.305477 0.094523 0.952650 1.034414 0.555315 0.697654 1.043023 0.926925 0.994415 1.026088 0.479636 0.094523 0.952783 1.034098 0.555195 0.690316 0.915092 0.989986 0.964612 1.025563 0.520021 0.000000 0.951697 1.068056 0.609191 0.626208 0.998122 0.943113 0.977708 1.034166 0.555863 0.782940 0.928804 1.066638 1.005469 0.984050 0.516215 0.138796 0.398280 0.701349 1.005122 0.978902 0.985991 0.958510 1.072925 0.951081 0.893942 0.366797 0.935310 1.055881 0.967589 
30
0.000000 0.094523 1.039754 0.958523 0.490906 0.812072 1.002196 0.988590 0.971903 1.002737 0.303260 0.094523 0.952332 1.064125 0.505057 0.733269 0.968006 0.913111 1.015877 1.010647 0.562701 0.094523 0.952588 0.968758 0.605309 0.691252 0.918327 0.999042 0.978699 0.972654 0.601570 0.000000 0.951969 1.064148 0.577408 0.551863 0.999800 1.040140 0.961278 1.027842 0.545494 0.778812 0.892372 0.991671 1.076279 1.001081 0.453951 0.138740 0.384586 0.701340 0.986895 0.983310 0.979281 0.986756 1.007694 1.008665 0.856638 0.351949 1.001214 1.078698 0.900902 
31
0.000000 0.094523 1.039754 1.021662 0.416815 0.818016 0.941258 0.966089 1.005791 0.947613 0.305002 0.095008 0.952604 1.025232 0.552603 0.693138 1.011991 0.990757 1.015247 1.012985 0.481396 0.095181 0.952961 1.025419 0.540994 0.693340 0.841365 0.981727 1.014878 0.969418 0.505938 0.000000 0.952985 1.068228 0.652179 0.555279 0.992399 1.036297 0.961276 1.030270 0.558986 0.785821 0.991689 0.884970 1.078225 0.971529 0.565785 0.139026 0.382663 0.711848 1.022189 0.944449 0.979615 0.965595 1.044744 0.970116 0.888834 0.255773 0.961498 1.094924 0.938641 
32
0.000000 0.094538 1.039754 0.958523 0.627147 0.832153 0.883187 1.080998 1.007766 1.016020 0.564943 0.094538 0.952584 1.064127 0.658187 0.740683 0.999286 0.966609 0.993747 1.003466 0.496981 0.094712 0.950750 0.968825 0.759469 0.691931 0.975500 0.999256 1.010339 0.983117 0.616377 0.000500 0.951061 1.051781 0.746607 0.562200 0.984172 1.076868 0.990995 1.002083 0.557130 0.731736 0.943213 1.050338 1.025065 0.983347 0.930122 1.071933 0.539612 0.703868 1.001818 0.991489 1.000580 0.996139 0.988028 0.969348 0.898167 0.437319 0.949211 1.101848 0.949059 
33
0.000000 0.094523 1.039754 1.018954 0.482255 0.829934 0.886573 1.101605 0.991638 1.017818 0.583214 0.095701 0.952217 1.033577 0.603247 0.741894 0.993929 0.951392 0.994626 1.019406 0.480344 0.094523 0.953506 1.034146 0.595808 0.690454 0.968759 0.989486 1.028990 0.978481 0.518486 0.000000 0.952219 1.051832 0.664055 0.626000 0.886144 1.078673 0.991103 0.995661 0.582169 0.741901 0.895026 1.046620 1.024340 0.966576 0.946273 1.068468 0.444207 0.701631 1.014656 0.978722 0.985690 0.910829 1.044229 0.991124 0.898101 0.327778 1.017607 0.996689 0.961185 
34
0.000000 0.094523 1.039754 0.958523 0.551628 0.822367 0.978021 0.961845 0.955189 1.029310 0.663804 0.094523 0.953035 1.064031 0.549670 0.740701 0.973576 0.988054 1.014112 1.001986 0.581322 0.095043 0.952972 0.968766 0.676234 0.691045 0.977521 1.013529 0.964646 1.038101 0.490495 0.000000 0.951760 1.052145 0.655193 0.552227 1.064323 0.970295 0.991213 1.009124 0.560900 0.712990 0.902538 1.068656 0.929647 1.072488 0.930894 1.075685 0.459679 0.701421 1.020853 0.967916 1.023535 0.944468 1.008529 0.931393 0.958656 0.336434 1.021288 1.051113 0.973207 
35
0.000000 0.094523 1.039754 1.021662 0.497180 0.837259 0.971138 0.963576 0.956569 1.019191 0.570773 0.094523 0.952200 1.030073 0.630364 0.741396 0.964857 0.915282 1.016347 1.008427 0.467679 0.094523 0.953238 1.025580 0.609560 0.693054 0.856173 1.066088 0.980193 1.032817 0.489325 0.000000 0.952734 1.051893 0.746039 0.555608 1.006632 1.010131 0.961072 0.994684 0.559851 0.745389 0.995118 0.982050 0.999057 0.982554 0.944778 1.084596 0.473806 0.711623 1.004483 0.986555 1.023445 0.876632 1.064144 0.987672 0.915407 0.406566 0.992364 1.080258 0.957990 
36
0.000000 0.094631 1.039754 0.958523 0.621112 0.818168 0.957179 0.951803 0.969077 0.997147 0.599942 0.094538 0.952492 0.969097 0.730776 0.740360 0.892596 0.984385 0.981113 1.002267 0.503808 0.095023 0.953309 0.968828 0.738656 0.699785 0.940010 0.993440 0.965109 1.025132 0.514516 0.000189 0.953508 1.064096 0.730962 0.562777 1.034315 1.015719 0.978170 1.027216 0.655155 0.732088 0.921293 1.050298 0.988570 1.049254 0.974351 1.014113 0.656740 0.691847 1.028961 0.988913 1.022177 0.941663 0.989027 1.010319 0.866333 0.404319 1.022043 1.055941 0.964180 
37
0.000000 0.094523 1.039754 1.018954 0.497090 0.820448 1.013315 0.924417 0.995287 0.988526 0.599892 0.095216 0.952246 1.033997 0.633441 0.740798 0.864970 0.992490 1.027683 0.978413 0.500239 0.094523 0.953387 1.033693 0.622080 0.690817 0.856899 0.984919 1.016412 0.984664 0.515047 0.000000 0.951253 1.064193 0.688295 0.626398 0.990006 0.988379 1.011981 0.977909 0.576309 0.729511 0.895046 1.046395 0.966313 1.023262 1.000808 1.017833 0.617154 0.690280 0.997716 0.965621 0.988111 0.940152 1.046282 0.953337 0.910607 0.348782 0.954943 1.073444 0.943181 
38
0.000000 0.094523 1.039754 0.958523 0.560928 0.823825 0.959592 0.867928 0.992288 1.002883 0.600447 0.094523 0.952481 0.968522 0.672476 0.741078 0.881155 0.972928 1.027507 0.979876 0.490305 0.094523 0.953149 0.968810 0.673779 0.690019 0.900019 1.003991 0.963860 1.031206 0.505459 0.000000 0.950673 1.064115 0.659096 0.551906 1.054488 0.998417 1.011636 0.990610 0.551336 0.718698 0.902576 1.071519 0.912861 1.081223 0.971735 1.002901 0.619347 0.693958 1.026172 0.978931 0.991794 0.921876 1.065400 0.947845 0.906051 0.340875 1.005977 1.062881 0.915096 
39
0.000000 0.094523 1.039754 1.021662 0.478921 0.846642 0.969580 0.911638 1.004902 0.936247 0.682195 0.094523 0.953193 1.025618 0.609496 0.739456 0.823484 0.971682 1.030599 0.984812 0.491479 0.094869 0.950489 1.025978 0.606991 0.692119 0.862666 0.999352 0.978526 1.018746 0.503582 0.000000 0.952581 1.063995 0.688412 0.554555 0.947039 1.088501 0.975971 1.011358 0.538526 0.746492 1.005532 0.962448 0.911096 1.057157 0.996556 0.995924 0.593591 0.690607 1.025485 0.949395 0.992498 0.848085 1.064145 0.969016 0.895374 0.411592 0.910138 1.076905 0.915320 
