task94
0.012000 1.001360 2.024459 2.042219 3.023427 3.039282 4.052262 4.055061 5.058364 5.066054 
task15
0.022000 1.051943 2.054486 2.063874 3.048426 3.061174 4.065308 4.074777 5.134115 5.728923 
task10
0.022000 1.011235 2.054486 2.063522 3.048426 3.059240 4.065349 4.098009 5.134115 5.525124 
task13
0.022000 1.011223 2.054486 2.056375 3.048426 3.061172 4.076256 4.105400 5.144250 5.162019 
task0
0.022000 1.012359 2.054486 2.064754 3.048336 3.059242 4.076256 4.079052 5.144250 5.165268 
task1
0.024000 1.014714 2.071762 2.079122 3.066426 3.066963 4.093181 4.102229 5.845533 4.102229 
task14
0.024000 1.022657 2.069097 2.074266 3.066267 3.072158 4.092869 4.114506 5.844870 5.949917 
task12
0.024000 1.021155 2.080200 2.088755 3.065713 3.070592 4.094524 4.103389 5.862969 4.103389 
task11
0.024000 1.019729 2.080180 2.084608 3.065713 3.069051 4.096719 4.114122 5.830038 4.114122 
task2
0.024000 1.028882 2.078636 2.083108 3.065427 3.068398 4.098613 4.101954 5.882577 4.101954 
task9
0.024000 1.024331 2.080186 2.086849 3.069098 3.082311 4.096673 4.105672 5.853882 5.919920 
task6
0.024000 1.016283 2.078604 2.081211 3.072087 3.072225 4.096661 4.105526 5.849639 5.997761 
task3
0.024000 1.030266 2.070245 2.077163 3.068426 3.068580 4.097045 4.108091 5.847153 5.976552 
task4
0.024000 1.027265 2.080192 2.088575 3.067514 3.068397 4.097044 4.106666 5.829374 5.940173 
task7
0.024000 1.025849 2.078595 2.086445 3.068313 3.074369 4.097047 4.109720 5.848461 5.946418 
task5
0.024000 1.017811 2.088220 2.091248 3.070563 3.070623 4.100507 4.103388 5.828785 5.951985 
task8
0.024000 1.031866 2.088254 2.093248 3.069039 3.069049 4.097602 4.111145 5.853293 4.111145 
task16
0.052000 1.382896 2.109769 2.237165 3.091736 3.317683 4.120654 4.977382 
task17
0.052573 0.078506 1.383088 1.408786 2.237504 2.283137 3.317875 3.335208 5.045625 5.077746 5.097964 5.299946 5.399671 5.516516 5.676161 5.730353 
task20
0.052942 0.097803 1.383196 1.428006 2.244957 2.302065 3.318244 3.354525 5.041188 5.050450 
task19
0.143007 0.149849 0.150281 0.161708 1.475523 1.498636 2.346155 2.462694 3.409048 3.413963 3.415891 3.430360 5.086084 5.098324 5.100029 5.109701 5.123825 5.127921 5.134109 5.136102 5.136332 5.138080 5.139408 5.168665 5.174540 5.175092 5.176943 5.219035 5.257068 5.294442 5.294627 5.312624 5.399671 5.415473 5.432156 5.432156 5.492451 5.432156 5.491417 5.432156 5.701182 5.432156 5.717139 5.432156 5.682645 5.432156 5.719231 5.432156 5.458674 5.432156 5.459338 5.432156 5.458304 5.432156 5.690732 5.681055 5.702610 5.681055 5.817231 5.681055 5.840539 5.681055 5.696986 5.681055 5.697659 5.681055 5.817933 5.681055 5.823559 5.681055 5.827099 5.685430 5.700741 5.685430 5.699709 5.685430 5.699267 5.685430 5.700078 5.694963 
task18
0.162281 0.163174 0.164576 0.181209 1.493001 1.513775 2.367633 2.368571 2.370369 2.370537 2.370795 2.370991 2.371200 2.373108 2.373478 2.373929 2.374008 2.374217 2.374369 2.375483 2.375661 2.376588 2.376770 2.377040 2.377139 2.377551 2.377661 2.378554 2.378703 2.379517 2.379594 2.379828 2.379878 2.380442 2.393138 2.405669 3.426043 3.440866 3.444656 3.454995 5.486029 5.513634 5.517016 5.538222 5.538234 5.550623 5.578613 5.580744 5.627973 5.628915 5.629016 5.639306 5.651669 5.652881 5.653016 5.660783 5.699669 5.700426 5.700574 5.700847 5.700927 5.709489 5.817669 5.825401 5.828785 5.828785 5.993236 5.828785 5.977249 5.828785 5.969020 5.829374 5.941004 5.829374 5.940837 5.829374 5.940671 5.829374 5.850409 5.829374 5.837777 5.829374 5.837715 5.829374 5.837794 5.829374 5.940339 5.829374 5.837413 5.829374 5.837445 5.829374 5.837383 5.829374 5.837462 5.830627 5.999376 5.830627 5.982524 5.830627 5.984210 5.830627 5.972399 5.830627 5.992078 5.830627 5.964423 5.830627 5.966771 5.830627 5.956355 5.830627 5.974913 5.834829 5.908450 5.834829 5.929228 5.834829 5.897210 5.834829 5.962501 5.834829 5.959708 5.834829 5.900322 5.834829 5.908284 5.834829 5.929062 5.834829 5.897044 5.834829 5.962667 5.834829 5.959874 5.834829 5.900156 5.834829 5.908117 5.834829 5.928896 5.834829 5.896877 5.834829 5.962833 5.834829 5.960040 5.834829 5.899990 5.834829 5.907951 5.834829 5.928729 5.834829 5.896711 5.834829 5.962999 5.834829 5.960207 5.834829 5.899824 5.834829 5.907785 5.834829 5.928563 5.834829 5.896545 5.834829 5.963165 5.834829 5.960373 5.834829 5.899658 5.835418 5.984874 5.835418 5.993530 5.835418 5.951638 5.835418 5.969609 5.843911 5.920208 5.843911 5.955014 5.843911 5.935801 5.843911 5.919876 5.843911 5.954681 5.843911 5.936133 5.843911 5.919544 5.843911 5.954349 5.843911 5.936465 5.843911 5.919211 5.843911 5.954017 5.843911 5.936797 5.843911 5.918879 5.843911 5.953684 5.843911 5.937130 5.844870 5.973138 5.844870 5.950527 5.844870 5.956724 5.844870 5.936892 5.844870 5.942443 5.844870 5.922573 5.844870 5.928767 5.844870 5.907642 5.845533 5.957774 5.845533 5.846244 5.845533 5.846295 5.845533 5.846258 5.845533 5.861716 5.845533 5.846078 5.845533 5.846129 5.845533 5.846092 5.845533 5.845892 5.845533 5.845912 5.845533 5.845963 5.845533 5.845926 5.845533 5.845726 5.845533 5.845746 5.845533 5.845797 5.845533 5.845760 5.846122 5.993825 5.846122 5.999671 5.846122 5.965823 5.847872 5.987602 5.847872 5.970007 5.848461 5.995003 5.848461 5.995297 5.848461 5.870694 5.848461 5.871283 5.848461 5.870988 5.848461 5.870399 5.849050 5.994414 5.849050 5.977543 5.849639 5.929947 5.849639 5.897322 5.853293 5.997612 5.853293 5.988836 5.853293 5.988542 5.853293 5.882872 5.853293 5.883461 5.853293 5.883755 5.853293 5.883166 5.862969 5.979983 5.903999 5.906133 5.906133 
task21
0.164281 0.177486 1.495065 1.508058 1.508068 1.510455 2.390593 2.399032 2.399287 2.401120 2.401424 2.402240 2.402532 2.403672 2.403860 2.404805 3.431251 3.442634 3.444656 3.449885 3.450107 3.453932 5.827669 5.827964 5.827973 5.827982 5.828054 5.828055 5.994549 5.828234 5.828574 5.828637 5.828785 5.828785 5.828785 5.828785 5.960278 5.828785 5.952616 5.828785 5.985420 5.828785 5.959395 5.828785 5.931616 5.828785 5.951829 5.828785 5.951344 5.828785 5.930732 5.828785 5.899122 5.828785 5.923708 5.828785 5.923361 5.828785 5.897941 5.829016 5.853607 5.829167 5.829224 5.829228 5.829307 5.829374 5.963392 5.829374 5.947765 5.829374 5.949863 5.829374 5.953960 5.829374 5.852704 5.829374 5.878364 5.829374 5.876447 5.829374 5.829376 5.829430 5.830038 5.830038 5.958494 5.830038 5.929136 5.830038 5.854399 5.830038 5.910169 5.830038 5.955967 5.830038 5.935468 5.830627 5.949275 5.830627 5.951615 5.830627 5.942293 5.830627 5.958641 5.830627 5.921615 5.830627 5.950827 5.830627 5.941505 5.830627 5.930095 5.830627 5.887194 5.830627 5.923214 5.830627 5.912240 5.830627 5.897469 5.834165 5.958953 5.834165 5.951681 5.834165 5.938520 5.834165 5.952314 5.834165 5.930291 5.834165 5.923560 5.834165 5.923907 5.834165 5.924204 5.834165 5.897647 5.834829 5.968128 5.835418 5.937974 5.835418 5.953249 5.835418 5.986312 5.835418 5.959836 5.835418 5.937186 5.835418 5.952461 5.835418 5.952279 5.835418 5.931174 5.835418 5.907273 5.835418 5.924352 5.835418 5.924201 5.835418 5.898088 5.835955 5.993761 5.835955 5.995337 5.835955 5.992974 5.835955 5.996124 5.835955 5.992186 5.835955 5.996912 5.835955 5.991398 5.835955 5.997700 5.835955 5.990611 5.835955 5.998488 5.835955 5.989823 5.835955 5.999275 5.835955 5.957266 5.835955 5.990832 5.835955 5.978530 5.835955 5.989035 5.835955 5.956479 5.835955 5.990044 5.835955 5.991108 5.839745 5.933794 5.839745 5.940171 5.839745 5.936081 5.839745 5.925362 5.839745 5.919034 5.839745 5.911121 5.839745 5.921173 5.839745 5.909799 5.839745 5.900526 5.840170 5.843911 5.843911 5.918713 5.843911 5.953518 5.843911 5.951196 5.843911 5.899615 5.843911 5.924721 5.843911 5.985619 5.843911 5.898827 5.843911 5.895493 5.843911 5.908852 5.843911 5.926814 5.844870 5.984580 5.844870 5.990940 5.844870 5.966193 5.845533 5.978626 5.845533 5.958125 5.845533 5.867108 5.845533 5.974515 5.845533 5.974368 5.845533 5.866739 5.845533 5.847415 5.845533 5.863373 5.845533 5.846122 5.846122 5.982819 5.846122 5.950946 5.846122 5.986754 5.846122 5.959984 5.846122 5.949569 5.846122 5.950158 5.846122 5.952608 5.846122 5.931321 5.846122 5.921909 5.846122 5.922204 5.846122 5.924868 5.846122 5.898975 5.847153 5.852819 5.847153 5.854394 5.847153 5.852031 5.847153 5.855182 5.847153 5.851244 5.847153 5.855970 5.847153 5.850456 5.847153 5.856757 5.847153 5.849668 5.847153 5.857545 5.847153 5.848880 5.847153 5.858333 5.847153 5.853344 5.847153 5.852557 5.847153 5.852557 5.847153 5.848093 5.847153 5.852557 5.848461 5.849050 5.849050 5.983968 5.849050 5.953936 5.849050 5.987750 5.849050 5.960425 5.849050 5.950680 5.849050 5.953149 5.849050 5.953665 5.849050 5.932195 5.849050 5.922920 5.849050 5.925509 5.849050 5.925656 5.849050 5.899639 5.849639 5.957755 5.849639 5.853293 5.853293 5.853882 5.853882 5.892764 5.853882 5.894336 5.853882 5.854857 5.857771 5.949915 5.857771 5.998276 5.857771 5.949127 5.857771 5.981238 5.857771 5.935492 5.857771 5.962433 5.857771 5.920879 5.857771 5.933794 5.857771 5.905252 5.857771 5.904883 5.861177 5.918144 5.861177 5.929947 5.861177 5.917357 5.861177 5.943471 5.861177 5.957608 5.861177 5.914588 5.861177 5.899246 5.861177 5.915252 5.861177 5.929653 5.861177 5.896528 5.862969 5.866369 5.866369 5.913722 5.866369 5.930585 5.866369 5.931027 5.866369 5.930438 5.866369 5.976660 5.874331 5.999013 5.874331 5.997760 5.874331 5.998571 5.874331 5.935639 5.874331 5.934975 5.874331 5.935122 5.874331 5.881989 5.903999 5.980130 5.903999 5.973580 5.903999 5.973727 5.903999 5.981533 5.903999 5.947470 5.936228 
task22
0.180418 0.181786 0.181896 0.182057 0.182094 0.182823 0.182885 0.183186 0.183197 0.183297 0.183353 0.183378 0.183509 0.183983 0.184132 0.184183 0.184288 0.184380 1.514437 1.516795 1.516831 1.517102 1.517324 1.517382 1.517438 1.517455 1.517480 1.517729 1.517749 1.517805 1.517905 1.517922 1.517931 1.518311 1.518667 1.518726 1.518823 1.518838 1.518979 1.518992 1.519135 1.519185 1.528667 1.528797 1.528823 1.528969 1.528979 1.529243 1.529324 1.529602 1.529749 1.529940 1.530036 1.530063 1.530217 1.532575 2.405685 2.406900 2.407044 2.407518 2.407527 2.407709 2.407821 2.408065 2.408116 2.408397 2.408623 2.408848 2.408935 2.408945 2.409238 2.409825 2.409876 2.410066 2.410067 2.410155 2.410171 2.410228 2.410320 2.410380 2.410623 2.410849 2.410935 2.411028 2.411190 2.411225 2.411238 2.411415 2.411424 2.411715 2.411980 2.412162 2.412223 2.412302 2.412320 2.412382 2.412623 2.413138 2.413190 2.413392 2.413394 2.413417 2.413492 2.413740 2.413860 2.414163 2.414223 2.414303 2.414320 2.414383 2.448623 2.448846 2.448935 2.449006 2.449190 2.449394 2.449394 2.449418 2.449492 2.449742 2.449878 2.449924 2.449980 2.450165 2.450223 2.450305 2.450320 2.450385 2.450532 2.456503 2.462623 2.462848 2.462935 2.463140 2.463190 2.463226 2.463238 2.463420 2.463492 2.463520 2.463648 2.463743 2.463878 2.463925 2.463980 2.464166 2.464223 2.464306 2.464320 2.464386 2.464892 2.479595 3.461895 3.464425 3.464529 3.464620 3.464685 3.464798 3.465210 3.465460 3.465511 3.465558 3.465703 3.465711 3.466036 3.466420 3.466529 3.466545 3.466562 3.466771 3.466873 3.466923 3.467544 3.467640 3.468289 3.468428 3.468445 3.468557 3.528036 3.528058 3.528289 3.528332 3.528373 3.528717 3.528718 3.528948 3.529012 3.529466 3.529511 3.529734 3.530567 3.531162 
task23
0.186000 0.187138 1.560752 1.564507 2.499030 2.500076 3.570480 3.578445 
task24
0.187224 0.187812 0.187821 0.189612 0.190063 0.190091 0.190106 0.190217 0.190463 0.190617 0.190729 0.190814 0.190951 0.191015 0.191097 0.191212 0.191216 0.191411 1.564667 1.565260 1.565324 1.565415 1.565438 1.565535 1.565554 1.565723 1.565749 1.566174 1.566217 1.566545 1.566915 1.567175 2.500223 2.500418 2.500623 2.501865 2.501878 2.503240 2.503576 2.503709 2.504000 2.504175 2.504407 2.504598 2.513616 2.514032 3.578685 3.578869 3.578873 3.578965 3.579092 3.579139 3.579210 3.579382 3.579402 3.579494 3.579511 3.579563 3.579568 3.579639 3.579703 3.581349 3.581718 3.581912 3.581978 3.582180 
task35
0.200277 0.200710 1.591720 1.593279 2.541307 2.542648 3.601676 3.602417 
task25
0.200463 0.358522 0.360660 0.360766 0.366612 0.366723 0.367578 0.367725 0.372447 0.372689 0.377957 0.378228 0.382855 0.383029 0.386706 0.386963 0.389456 0.389692 0.389693 0.389775 0.390054 0.390378 0.390498 0.391166 0.394028 0.394251 0.394316 0.395960 0.396235 0.396360 0.396564 0.396734 0.397123 0.397257 0.397443 0.397894 0.398175 0.398389 1.590283 1.746809 1.751715 1.751858 1.761437 1.761660 1.762377 1.762520 1.764720 1.764920 1.771772 1.771920 1.780614 1.781891 1.783604 1.783692 1.785592 1.785931 1.787364 1.788191 1.788561 1.788808 1.790515 1.790980 1.791065 1.791538 1.802278 1.802535 1.802689 1.804551 2.540264 2.718210 2.718415 2.718611 2.720285 2.720542 2.728029 2.728234 2.738149 2.738354 2.739717 2.739989 2.743749 2.743928 2.744863 2.744941 2.746413 2.746655 2.746880 2.747046 2.747804 2.748074 2.748317 2.748460 2.748825 2.748905 2.749145 2.749245 2.749992 2.750375 2.750924 2.758095 2.761095 2.780110 3.600735 3.776768 3.787325 3.787478 3.787481 3.787610 3.788888 3.789025 3.789357 3.789542 3.808487 3.808678 3.817894 3.818320 3.818527 3.818620 3.818999 3.819260 3.819325 3.819483 3.819812 3.819949 3.820130 3.820438 3.821333 3.821512 3.821514 3.821940 3.822818 3.830251 3.833520 3.833772 3.834738 3.835078 3.835715 3.835866 3.835893 3.839087 
task54
0.200759 0.200820 0.201097 0.201631 0.201882 0.201943 0.202063 0.202220 0.203149 0.203186 0.208356 0.208758 0.208851 0.209158 0.210906 0.211463 0.367578 0.367991 0.389506 0.389852 0.390054 0.390932 0.394334 0.394392 1.590281 1.590505 1.590764 1.591068 1.591077 1.591311 1.591386 1.592386 1.593917 1.595291 1.595326 1.595432 1.595483 1.595658 1.595957 1.595975 1.596430 1.596502 1.781727 1.782072 1.802689 1.803205 1.803514 1.811274 2.540261 2.540700 2.540829 2.541020 2.541582 2.541877 2.542000 2.542143 2.542483 2.545476 2.746413 2.746869 2.761199 2.761375 2.761840 2.761958 2.762104 2.762238 2.762343 2.762518 2.762557 2.763400 3.600912 3.600954 3.601131 3.601218 3.601249 3.601275 3.601345 3.601477 3.601561 3.601646 3.601794 3.601798 3.601799 3.601960 3.601978 3.602905 3.614839 3.626273 3.789357 3.789797 3.819812 3.820798 3.834855 3.841861 
task31
0.200780 0.201174 0.201409 0.202637 0.202676 0.203091 0.203149 0.203498 0.204412 0.204498 0.204570 0.204794 0.208356 0.208589 0.208851 0.208988 0.210906 0.210988 0.211088 0.211305 0.367578 0.368186 0.389506 0.391069 0.394334 0.399940 1.590282 1.590825 1.590915 1.591440 1.592020 1.592111 1.594074 1.594789 1.595169 1.596915 1.596924 1.597035 1.597081 1.597634 1.597708 1.597854 1.598488 1.598672 1.781727 1.782308 1.802689 1.802951 1.803118 1.803692 2.540261 2.540546 2.540829 2.541778 2.541807 2.543057 2.543109 2.543332 2.543422 2.543855 2.553433 2.553554 2.746413 2.747105 2.761199 2.762037 2.762104 2.763478 3.600912 3.601774 3.601794 3.602166 3.602173 3.602392 3.602492 3.602914 3.614839 3.618333 3.789357 3.789968 3.819812 3.821054 3.834855 3.835126 3.835975 3.836390 3.836513 3.836829 
task30
0.201093 0.201605 0.202047 0.204086 0.204412 0.204897 0.208356 0.208638 0.208851 0.209038 0.210906 0.211322 0.367578 0.368285 0.389506 0.391329 0.394334 0.395326 1.590283 1.590505 1.590599 1.590906 1.591233 1.592285 1.594544 1.594834 1.595643 1.595794 1.596767 1.597548 1.597708 1.597992 1.598488 1.598649 1.781727 1.782454 1.802689 1.810486 2.540262 2.540784 2.540829 2.541242 2.541690 2.547595 2.548067 2.548262 2.549316 2.549645 2.553433 2.557023 2.746413 2.747218 2.761199 2.764480 3.601207 3.602815 3.608175 3.608522 3.614839 3.618407 3.789357 3.790102 3.819812 3.821103 3.834855 3.849642 
task33
0.204728 0.208666 0.208851 0.209266 0.210906 0.211432 0.352486 0.358545 0.360660 0.360785 0.362536 0.367975 0.381435 0.386983 0.387498 0.389877 0.390054 0.390918 0.394316 0.394349 0.394695 0.394885 0.396564 0.396718 0.397123 0.397268 0.397443 0.397489 0.397547 0.397688 0.397755 0.397792 0.398175 0.398288 1.591682 1.594038 1.594074 1.594143 1.594387 1.594488 1.594544 1.594886 1.595169 1.595289 1.595326 1.595348 1.595483 1.595583 1.745634 1.751849 1.769416 1.771948 1.779524 1.782229 1.782495 1.798808 1.802339 1.802355 1.802689 1.802728 1.802780 1.802838 1.803118 1.803152 1.803330 1.803580 2.544203 2.548251 2.549316 2.549355 2.549629 2.549946 2.553433 2.570778 2.711885 2.718514 2.735723 2.738382 2.742814 2.744964 2.746092 2.747908 2.748317 2.749040 2.749145 2.749263 2.761108 2.761132 2.761199 2.761346 2.761840 2.761929 2.762104 2.762186 2.762339 2.762369 2.762378 2.762445 2.762548 2.762555 2.762557 2.762712 3.602651 3.602911 3.603747 3.608357 3.614839 3.633750 3.781225 3.787438 3.787481 3.789828 3.814366 3.819125 3.819155 3.820434 3.821333 3.821531 3.834738 3.834843 3.834855 3.834972 3.835975 3.836278 3.836513 3.836563 
task90
0.348432 0.349965 0.394028 0.395508 1.780614 1.782014 1.803296 1.805777 2.714536 2.715937 2.761095 2.762565 3.764096 3.765617 3.833520 3.835078 
task83
0.348432 0.401605 1.746726 1.807023 2.714536 2.766522 3.764096 3.840089 
task86
0.423443 0.454469 1.834809 1.861066 2.789671 2.831912 3.862005 3.891178 
task84
0.425522 0.446648 1.835051 1.853561 2.789914 2.801202 3.862248 3.905326 
task26
0.429333 0.456888 1.804689 1.812700 1.835295 1.857086 2.763199 2.770414 2.789914 2.830086 3.862248 3.902417 
task87
0.451221 0.456440 0.460087 0.507743 1.879568 1.890957 2.820399 2.839276 2.839435 2.876901 3.900759 3.908716 
task85
0.463074 0.467052 1.869479 1.872178 1.873562 1.876191 1.876514 1.887815 2.836623 2.855585 3.886846 3.888432 3.888852 3.894154 3.900759 3.921842 
task88
0.463080 0.481922 1.890827 1.911497 2.835272 2.867421 3.915236 3.940469 
task27
0.463103 0.513865 1.835051 1.872992 2.789671 2.790308 2.790399 2.791938 2.792334 2.792500 2.792576 2.792818 2.793188 2.793402 2.793431 2.793725 2.794043 2.794195 2.794285 2.794717 2.794770 2.795497 2.795533 2.795748 2.795775 2.795975 2.796018 2.796360 3.900759 3.905427 
task28
0.463196 0.482117 1.835295 1.879042 2.789671 2.833040 3.900759 3.940856 
task29
0.491561 0.491997 0.491999 0.492915 0.493288 0.493731 0.494463 0.496837 0.497223 0.505534 1.879574 1.887003 2.835013 2.837354 2.837766 2.838914 2.839435 2.839845 2.839882 2.840297 2.840425 2.854179 3.924800 3.927235 
task32
0.496443 0.496960 0.496960 0.502303 0.502558 0.503465 1.892016 1.892823 1.892850 1.893242 1.893265 1.894089 1.894564 1.894923 1.894931 1.895168 1.895287 1.896115 1.896317 1.896920 1.897092 1.897518 1.897705 1.898054 2.872448 2.876066 2.876640 2.877857 2.878208 2.878646 2.879600 2.881460 3.943023 3.948523 3.948664 3.954306 
task36
0.496651 0.502288 0.502557 0.518274 1.892224 1.894215 1.894564 1.896280 1.896317 1.897558 1.897705 1.914694 2.872618 2.873931 2.875427 2.890729 3.941021 3.955192 
task39
0.511307 0.537717 1.926056 1.959115 2.931181 2.938575 3.981029 3.999449 
task34
0.513202 0.513626 0.513774 0.515465 0.515484 0.516120 1.899705 1.912477 1.913004 1.913537 1.913767 1.914560 1.920008 1.920452 1.920721 1.921025 1.921092 1.921543 1.921718 1.922291 1.926153 1.937097 2.931181 2.952816 3.963908 3.973144 
task37
0.521392 0.553808 1.926008 1.931460 2.931181 2.936036 3.963908 3.972535 
task89
0.522312 0.532903 1.926121 1.957965 2.864529 2.874469 2.875508 2.885488 3.942026 3.954158 
task38
0.536522 0.538240 0.538323 0.540868 0.542171 0.557600 1.958036 1.960365 2.951603 2.970986 3.986398 3.988741 
task40
0.544195 0.547520 1.969039 1.972617 2.957320 2.960808 3.996566 4.012305 
task91
0.544279 0.544399 1.940815 1.940968 2.872163 2.872736 3.950006 3.950305 
task92
0.557502 0.575525 1.952153 1.970980 2.873265 2.884502 3.950698 3.989310 
task42
0.559528 0.564734 1.980088 1.985432 2.975320 2.981005 3.998411 4.003423 
task41
0.559534 0.611346 1.980093 1.989143 2.975320 3.020934 3.998411 4.052969 
task93
0.604426 0.643802 1.958007 1.962642 2.931147 2.935350 3.963484 3.994997 
task43
0.608454 0.615618 2.018093 2.030546 3.013427 3.031467 4.050468 4.057952 4.072869 4.088709 
task44
0.647214 0.650389 2.068996 2.089143 2.089858 2.100740 3.041713 3.060558 4.129855 4.131646 4.143855 4.145634 4.159855 4.160928 
task46
0.648302 0.648689 2.026838 2.027058 3.022480 3.022627 4.128029 4.128196 
task47
0.650587 0.651969 2.028936 2.030138 3.048480 3.049707 4.130029 4.131276 
task45
0.650596 0.654518 2.082589 2.092343 2.096654 2.105578 3.047713 3.068395 4.159861 4.162763 4.173855 4.176692 4.183916 4.221171 4.243705 4.273254 4.293137 4.311925 
task48
0.659782 0.664834 2.044926 2.060080 3.049713 3.052049 4.183916 4.188140 4.243705 4.293917 
task49
0.664822 0.669206 2.053851 2.060459 3.071736 3.080248 4.272553 4.273638 4.273783 4.275998 4.306490 4.307466 4.308115 4.309563 4.310835 4.315195 4.316462 4.317404 
task50
0.670349 0.674692 2.063658 2.072651 2.073497 2.075466 2.075564 2.077337 2.077680 2.082049 2.088220 2.102224 3.075736 3.079469 4.382490 4.389313 4.459762 4.467327 4.792979 5.787743 
task51
0.677236 0.680402 2.068927 2.074566 2.077680 2.078060 2.078572 2.079180 2.080171 2.080634 2.081724 2.082737 2.083630 2.084237 2.085157 2.086052 2.086684 2.087178 2.088211 2.088712 2.089779 2.090352 2.091401 2.092463 3.085736 3.090992 4.500513 4.506395 4.606527 4.606965 4.632146 4.633578 4.637676 4.696418 
task52
0.680928 0.683629 0.683739 0.683788 0.684239 0.684451 0.684632 0.684737 0.684762 0.685243 0.685653 0.685778 0.686153 0.687367 2.099469 2.099708 2.099799 2.100065 2.100233 2.100474 2.100542 2.100599 2.100654 2.101478 2.101588 2.101789 2.102873 2.103165 2.103198 2.103451 2.103458 2.103585 3.089034 3.090120 3.090290 3.090402 3.090426 3.090609 4.606527 4.617595 4.632146 4.779761 
task53
0.682849 0.683880 0.683922 0.684286 0.684307 0.684951 0.684957 0.685400 0.685653 0.685823 0.686153 0.686291 2.108406 2.110532 2.110542 2.111256 2.111456 2.112508 2.112873 2.113815 2.113941 2.114015 2.114070 2.114245 2.114764 2.114818 2.115504 2.115680 3.091514 3.091526 3.091736 3.091848 3.091875 3.091894 3.091987 3.092068 3.092087 3.092243 3.092426 3.092595 3.093039 3.093306 3.093320 3.093374 3.093514 3.093606 3.093736 3.093923 3.093987 3.094000 3.094087 3.094189 3.094290 3.094528 3.095127 3.107908 4.903053 4.903137 4.903913 4.908049 4.923214 4.944434 4.977391 4.999321 
task55
0.687152 0.694697 0.696727 0.698411 0.698561 0.703185 0.706827 0.708398 0.708988 0.710168 2.237635 2.244700 2.245602 2.246718 2.247394 2.274516 3.093514 3.096462 5.057612 5.075680 5.086947 5.275694 5.294627 5.332826 5.399671 5.685430 5.716029 5.685430 
task56
0.702098 0.719652 2.348894 2.371423 3.097039 3.108108 5.827669 5.903326 5.903999 5.942738 
task57
0.719127 0.719229 0.719265 0.719400 0.719404 0.720325 0.720328 0.721254 2.389225 2.390605 2.390703 2.392126 2.392636 2.392871 2.393138 2.393248 2.393554 2.393672 2.394455 2.394602 2.395044 2.395131 2.395980 2.396138 2.396568 2.396746 2.397233 2.397249 2.397527 2.397632 2.397821 2.397998 2.398116 2.398286 2.399287 2.400175 2.402532 2.402866 2.403860 2.403927 3.107514 3.107674 3.107736 3.108069 3.108087 3.108243 3.108290 3.108411 3.108426 3.108477 3.108563 3.108600 3.109039 3.109058 3.109121 3.109182 3.109237 3.109517 5.994829 5.995911 5.996369 5.995911 
task73
4.046486 4.062723 4.072869 4.093965 
task75
4.050463 4.068697 4.072869 4.074767 4.076074 4.079054 4.079181 4.079372 4.080524 4.080612 4.081033 4.081234 4.081456 4.081508 4.081920 4.082661 4.082661 4.082768 4.082859 4.083240 4.083509 4.083638 
task58
4.050468 4.101298 
task62
4.065349 4.101522 
task61
4.067081 4.069789 4.070932 4.098886 
task69
4.069558 4.074440 4.074569 4.075105 4.076074 4.076660 4.079181 4.080638 4.081033 4.093686 
task74
4.072644 4.097169 
task64
4.097456 4.122083 
task59
4.116226 4.121355 
task76
4.116278 4.117742 4.119796 4.120429 
task60
4.183855 4.254501 4.293137 4.297082 
task63
4.255916 4.263885 4.268553 4.310745 4.310835 4.360427 
task65
4.315137 4.387576 4.459814 4.511009 4.792979 4.847481 
task66
4.476029 4.513263 
task67
4.523643 4.611275 4.632146 4.745525 4.792979 4.818129 
task77
4.692147 4.794066 4.809827 4.814782 4.977391 5.057104 
task70
4.832883 4.908047 4.922752 4.936658 4.977391 4.988219 
task78
4.903053 4.913468 4.922752 4.943943 4.977391 5.099012 
task82
4.903053 4.973922 4.977391 5.063248 
task80
4.916429 4.922644 4.924890 4.929549 4.946708 4.961692 4.977391 5.000943 
task71
4.916807 5.048990 
task68
4.977391 5.043919 
task72
5.057612 5.147362 5.151011 5.160112 5.161650 5.349295 5.383224 5.418009 5.432156 5.479058 5.669664 5.673181 5.681055 5.685430 5.714232 5.710448 
task81
5.091744 5.098636 5.100029 5.121918 5.134115 5.134559 5.136332 5.175340 5.176943 5.269979 5.346931 5.371714 5.383224 5.401417 5.432156 5.673311 5.681055 5.720213 
task79
5.094382 5.124254 5.134115 5.159371 5.159987 5.167361 5.167927 5.280392 5.364032 5.677946 5.681055 5.681441 5.685430 5.717270 
