0
0.000000 7731457.000000 9626817.000000 9743507.000000 9999999.000000 10000000.000000 10000000.000000 9999937.000000 9998408.000000 0.000000 0.000000 10000000.000000 9995813.000000 9995813.000000 9999973.000000 9999846.000000 9999998.000000 9999983.000000 9999999.000000 10000000.000000 9999953.000000 9999985.000000 9999917.000000 9999925.000000 9999889.000000 9999997.000000 9999997.000000 9999975.000000 9999991.000000 9999997.000000 9999976.000000 9999976.000000 9999816.000000 0.000000 9993615.000000 9999951.000000 9999983.000000 9999961.000000 9999941.000000 9999973.000000 9999998.000000 9999999.000000 9999999.000000 9999999.000000 9999999.000000 9999983.000000 9999999.000000 9999999.000000 9999999.000000 9999991.000000 9999959.000000 9999973.000000 9996333.000000 9996339.000000 9996345.000000 9996351.000000 9996361.000000 9999994.000000 9999986.000000 9999986.000000 9999999.000000 
1
0.000000 139329.000000 2035138.000000 2155284.000000 2560288.000000 2745571.000000 2997670.000000 3273522.000000 3333733.000000 0.000000 0.000000 3353564.000000 0.000000 0.000000 3328028.000000 3688412.000000 4702695.000000 4809831.000000 4871539.000000 5048871.000000 5185608.000000 5466148.000000 5497336.000000 5547763.000000 6229658.000000 6875610.000000 6919972.000000 7020196.000000 7177828.000000 7225101.000000 7331509.000000 7665281.000000 7669889.000000 0.000000 7678145.000000 8600386.000000 8896322.000000 8963500.000000 9067180.000000 9113144.000000 9353997.000000 9576862.000000 9901830.000000 9991154.000000 9999986.000000 9999985.000000 9999937.000000 9999985.000000 9999985.000000 9999993.000000 9999999.000000 9999983.000000 9999987.000000 9999995.000000 9998923.000000 9999979.000000 9999995.000000 9999931.000000 9999931.000000 9999932.000000 9999932.000000 
2
0.000000 157761.000000 2053570.000000 2163348.000000 2508448.000000 2719923.000000 3013490.000000 3357197.000000 3363341.000000 0.000000 0.000000 3382916.000000 0.000000 0.000000 3357380.000000 3717764.000000 5017183.000000 5120863.000000 5233499.000000 5393487.000000 5547672.000000 5803512.000000 5824348.000000 5874775.000000 6307838.000000 7181886.000000 7222696.000000 7322920.000000 7505912.000000 7567501.000000 7672989.000000 7979369.000000 7987355.000000 0.000000 7995611.000000 8620636.000000 8916572.000000 8983846.000000 9087526.000000 9134642.000000 9387331.000000 9586132.000000 9861276.000000 9950736.000000 10000000.000000 10000000.000000 10000000.000000 9999983.000000 9999999.000000 9999943.000000 9999985.000000 9999965.000000 9993877.000000 9997978.000000 9997979.000000 9993894.000000 9993904.000000 9999994.000000 9999978.000000 9999995.000000 9999995.000000 
3
0.000000 157761.000000 2053570.000000 2166804.000000 2540512.000000 2719290.000000 3014813.000000 3298861.000000 3361232.000000 0.000000 0.000000 3401389.000000 0.000000 0.000000 3375853.000000 3750957.000000 4748136.000000 4855272.000000 4964452.000000 5127768.000000 5238637.000000 5517505.000000 5564757.000000 5615184.000000 6049015.000000 6919607.000000 6960417.000000 7060641.000000 7246897.000000 7338270.000000 7443758.000000 7770770.000000 7778910.000000 0.000000 7787166.000000 8373535.000000 8666015.000000 8740009.000000 8840233.000000 8885813.000000 9136950.000000 9364151.000000 9687039.000000 9776363.000000 9864059.000000 9956219.000000 9989627.000000 9999999.000000 9999999.000000 9999999.000000 10000000.000000 9999976.000000 9999988.000000 9999428.000000 9999988.000000 9997604.000000 9998628.000000 9998628.000000 9998628.000000 9999589.000000 9998629.000000 
4
0.000000 140672.000000 2039554.000000 2159658.000000 2527270.000000 2637081.000000 2959976.000000 3246823.000000 3302119.000000 0.000000 0.000000 3340126.000000 0.000000 0.000000 3314590.000000 3706078.000000 4991465.000000 5098601.000000 5194341.000000 5391897.000000 5500066.000000 5784106.000000 5800734.000000 5838873.000000 6134208.000000 6799744.000000 6885130.000000 6985354.000000 7067242.000000 7209379.000000 7280587.000000 7475319.000000 7484841.000000 0.000000 7493097.000000 8177258.000000 8492706.000000 8605940.000000 8669136.000000 8675184.000000 8884573.000000 9104494.000000 9428982.000000 9518402.000000 9606002.000000 9701234.000000 9736082.000000 9949282.000000 9950306.000000 9962754.000000 9992758.000000 10000000.000000 10000000.000000 9999991.000000 9994359.000000 9994407.000000 9996519.000000 9999991.000000 9999799.000000 9999992.000000 9999032.000000 
5
0.000000 140353.000000 2036162.000000 2163220.000000 2651792.000000 2754307.000000 3003158.000000 3328481.000000 3334625.000000 0.000000 0.000000 3356312.000000 0.000000 0.000000 3330776.000000 3699353.000000 4710297.000000 4813977.000000 4869493.000000 5047302.000000 5174066.000000 5426670.000000 5446426.000000 5509141.000000 6135202.000000 6790946.000000 6845676.000000 6945900.000000 7098076.000000 7159045.000000 7259821.000000 7555809.000000 7565331.000000 0.000000 7573587.000000 8495828.000000 8784852.000000 8865854.000000 8966078.000000 8985018.000000 9201095.000000 9425624.000000 9754848.000000 9844404.000000 9932004.000000 9999988.000000 9999972.000000 9999988.000000 9999987.000000 9999979.000000 9999995.000000 9999945.000000 9998778.000000 9998778.000000 9999994.000000 9999994.000000 9999994.000000 9999418.000000 9994554.000000 9999931.000000 9999931.000000 
6
0.000000 140353.000000 2036162.000000 2152852.000000 2621072.000000 2701859.000000 2998002.000000 3327533.000000 3320690.000000 0.000000 0.000000 3355044.000000 0.000000 0.000000 3329508.000000 3712804.000000 4989103.000000 5096239.000000 5202155.000000 5355300.000000 5504828.000000 5808808.000000 5830960.000000 5856775.000000 6540360.000000 7153288.000000 7200818.000000 7301042.000000 7452450.000000 7563263.000000 7668775.000000 8242179.000000 8242947.000000 0.000000 8251203.000000 9173444.000000 9469380.000000 9536302.000000 9639982.000000 9669262.000000 9909763.000000 9999999.000000 9999998.000000 9999938.000000 9999994.000000 9999994.000000 9999850.000000 9999978.000000 9999994.000000 9999914.000000 9999998.000000 9999999.000000 9999979.000000 9999979.000000 9999979.000000 9999979.000000 9999979.000000 9999999.000000 9999999.000000 9999999.000000 9999999.000000 
7
0.000000 140353.000000 2036162.000000 2170132.000000 2651984.000000 2754467.000000 3005074.000000 3287734.000000 3337817.000000 0.000000 0.000000 3360566.000000 0.000000 0.000000 3335030.000000 3726518.000000 5004897.000000 5108577.000000 5211133.000000 5439601.000000 5513270.000000 5812502.000000 5836098.000000 5861945.000000 6278009.000000 7149856.000000 7194026.000000 7294250.000000 7428570.000000 7479247.000000 7586167.000000 7924475.000000 7929389.000000 0.000000 7937645.000000 8868078.000000 9164014.000000 9231000.000000 9334680.000000 9364180.000000 9615165.000000 9871918.000000 9999989.000000 9999997.000000 9999993.000000 9999977.000000 9999977.000000 9999977.000000 9999993.000000 9999969.000000 9999989.000000 9999999.000000 9999985.000000 9999977.000000 9999993.000000 9999129.000000 9999993.000000 9999961.000000 9999961.000000 9999962.000000 9999994.000000 
8
0.000000 140289.000000 2046050.000000 2195949.000000 2681362.000000 2780245.000000 3028024.000000 3343268.000000 3349412.000000 0.000000 0.000000 3370779.000000 0.000000 0.000000 3345243.000000 3736731.000000 5037526.000000 5141206.000000 5235042.000000 5499689.000000 5554610.000000 5836986.000000 5862470.000000 5913010.000000 6490993.000000 7216279.000000 7304727.000000 7404951.000000 7509447.000000 7640664.000000 7746816.000000 8071358.000000 8080112.000000 0.000000 8088368.000000 9010609.000000 9326153.000000 9421361.000000 9511437.000000 9524397.000000 9696474.000000 9821275.000000 9999995.000000 9999998.000000 9999986.000000 9999938.000000 9999986.000000 9999986.000000 9999998.000000 9999990.000000 10000000.000000 10000000.000000 9999988.000000 9999980.000000 9999884.000000 9999996.000000 9999996.000000 9999996.000000 10000000.000000 9999925.000000 9999997.000000 
9
0.000000 140353.000000 2036258.000000 2175789.000000 2623202.000000 2812645.000000 3063236.000000 3344160.000000 3392083.000000 0.000000 0.000000 3418826.000000 0.000000 0.000000 3393290.000000 3784778.000000 5050581.000000 5154261.000000 5226577.000000 5244357.000000 5228158.000000 5450194.000000 5493726.000000 5555329.000000 6067904.000000 6832358.000000 6870928.000000 6971152.000000 7112512.000000 7253553.000000 7319545.000000 7653453.000000 7662207.000000 0.000000 7670463.000000 8592704.000000 8888640.000000 8952410.000000 9052634.000000 9106150.000000 9346239.000000 9565968.000000 9895128.000000 9981420.000000 9999996.000000 9999988.000000 9999923.000000 9999987.000000 9999987.000000 9999959.000000 9999927.000000 9999999.000000 9999969.000000 9999969.000000 9999969.000000 9999457.000000 9999969.000000 9999969.000000 9999905.000000 9999906.000000 9999906.000000 
10
0.000000 140353.000000 2032738.000000 2175725.000000 2620834.000000 2783981.000000 3063084.000000 3392923.000000 3399067.000000 0.000000 0.000000 3420434.000000 0.000000 0.000000 3394898.000000 3778194.000000 5030507.000000 5130781.000000 5250137.000000 5430493.000000 5557518.000000 5834538.000000 5892718.000000 5954321.000000 6448976.000000 7259126.000000 7317264.000000 7420944.000000 7586128.000000 7689261.000000 7795533.000000 8152613.000000 8161367.000000 0.000000 8169623.000000 9163480.000000 9459416.000000 9526642.000000 9626866.000000 9676926.000000 9917107.000000 10000000.000000 10000000.000000 9999991.000000 9999999.000000 9999999.000000 9999999.000000 9999999.000000 9999999.000000 9999979.000000 9999995.000000 9999999.000000 9999999.000000 9999935.000000 9999999.000000 9999999.000000 9999999.000000 9999999.000000 9999999.000000 9999936.000000 9999960.000000 
11
0.000000 140353.000000 2034594.000000 2177581.000000 2622786.000000 2812229.000000 3063032.000000 3337500.000000 3377508.000000 0.000000 0.000000 3410788.000000 0.000000 0.000000 3385252.000000 3399908.000000 4671983.000000 4779119.000000 4895019.000000 5096671.000000 5205824.000000 5463492.000000 5506096.000000 5568775.000000 5983303.000000 6847238.000000 6894912.000000 6998592.000000 7153312.000000 7233637.000000 7341061.000000 7664585.000000 7671957.000000 0.000000 7680213.000000 8682454.000000 8978390.000000 9043136.000000 9146816.000000 9194652.000000 9444561.000000 9616914.000000 9952946.000000 9999982.000000 9999990.000000 9999989.000000 9999941.000000 9999989.000000 9999973.000000 9999929.000000 9999999.000000 9999999.000000 9999979.000000 9999971.000000 9999875.000000 9999955.000000 9999987.000000 9999987.000000 9999987.000000 9999988.000000 9999988.000000 
12
0.000000 139329.000000 2025602.000000 2167053.000000 2648143.000000 2735050.000000 3001993.000000 3296204.000000 3339212.000000 0.000000 0.000000 3359555.000000 0.000000 0.000000 3335043.000000 3703619.000000 4994110.000000 5101246.000000 5207946.000000 5429806.000000 5520999.000000 5801303.000000 5853595.000000 5915194.000000 6345901.000000 6927161.000000 6999299.000000 7102979.000000 7204419.000000 7343800.000000 7450240.000000 7755788.000000 7762392.000000 0.000000 7770648.000000 8634009.000000 8946193.000000 9038739.000000 9134591.000000 9148127.000000 9400708.000000 9911413.000000 9999996.000000 9999996.000000 9999976.000000 9999984.000000 9999984.000000 9999984.000000 9999984.000000 9999908.000000 9999980.000000 10000000.000000 9999990.000000 9999990.000000 9999990.000000 9999990.000000 9999990.000000 9999990.000000 9999470.000000 9999919.000000 9999999.000000 
13
0.000000 139329.000000 2032418.000000 2194803.000000 2577583.000000 2795666.000000 3043541.000000 3373360.000000 3379504.000000 0.000000 0.000000 0.000000 0.000000 0.000000 3373543.000000 3742119.000000 4722930.000000 4830066.000000 4902382.000000 5157122.000000 5218259.000000 5498643.000000 5522239.000000 5560342.000000 6109679.000000 6898863.000000 6946537.000000 7046761.000000 7212521.000000 7292962.000000 7391846.000000 7708418.000000 7715022.000000 0.000000 7723278.000000 8630799.000000 8926735.000000 8997225.000000 9097449.000000 9130805.000000 9108950.000000 9298279.000000 9622807.000000 9705955.000000 9791043.000000 9882627.000000 9918627.000000 9999987.000000 9999987.000000 9999914.000000 9999924.000000 9999992.000000 9999988.000000 9999980.000000 9997292.000000 9999996.000000 9999996.000000 9999996.000000 10000000.000000 9999933.000000 9999933.000000 
14
0.000000 139264.000000 2022625.000000 2164076.000000 2568942.000000 2786793.000000 3039740.000000 3366383.000000 3372527.000000 0.000000 0.000000 0.000000 0.000000 0.000000 3366502.000000 3735143.000000 4717137.000000 4824273.000000 4940173.000000 5144913.000000 5253198.000000 5787730.000000 5811318.000000 5873937.000000 6550954.000000 7150826.000000 7195124.000000 7295348.000000 7458584.000000 7536681.000000 7643129.000000 7877561.000000 7886929.000000 0.000000 7895121.000000 8825618.000000 9121554.000000 9186588.000000 9290268.000000 9338584.000000 9323989.000000 9518150.000000 9841486.000000 9926302.000000 9999966.000000 9999998.000000 9999966.000000 9999998.000000 9999998.000000 9999990.000000 9999988.000000 9999977.000000 9999969.000000 9999601.000000 9999937.000000 9999985.000000 9999985.000000 9999953.000000 9999953.000000 9999954.000000 9999954.000000 
15
0.000000 139264.000000 2023713.000000 2165164.000000 2570222.000000 2785169.000000 3037172.000000 3367639.000000 3373783.000000 0.000000 0.000000 0.000000 0.000000 0.000000 3367758.000000 3390670.000000 4656761.000000 4760441.000000 4879797.000000 5069193.000000 5194510.000000 5441534.000000 5464858.000000 5527477.000000 6146178.000000 6804898.000000 6852380.000000 6956060.000000 7108380.000000 7188653.000000 7295861.000000 7560713.000000 7568699.000000 0.000000 7576891.000000 8264188.000000 8560124.000000 8623606.000000 8727286.000000 8778690.000000 8722851.000000 8883444.000000 9176068.000000 9260884.000000 9345972.000000 9440628.000000 9476628.000000 9701636.000000 9702660.000000 9711724.000000 9764218.000000 9844747.000000 9997368.000000 9999992.000000 9997368.000000 9999416.000000 9999992.000000 9996088.000000 9999288.000000 9999929.000000 9998713.000000 
16
0.000000 139264.000000 2022241.000000 2186562.000000 2638654.000000 2691329.000000 2987180.000000 3311127.000000 3317271.000000 0.000000 0.000000 0.000000 0.000000 0.000000 3311246.000000 3325966.000000 4607161.000000 4714297.000000 4820213.000000 5023241.000000 5055882.000000 5319982.000000 5343578.000000 5406197.000000 6155022.000000 6696142.000000 6778360.000000 6878584.000000 6992312.000000 7078485.000000 7183933.000000 7487149.000000 7496517.000000 0.000000 7504709.000000 8068230.000000 8380414.000000 8470096.000000 8557388.000000 8563340.000000 8544309.000000 8767174.000000 9087126.000000 9265674.000000 9281034.000000 9376266.000000 9411690.000000 9634250.000000 9635274.000000 9644338.000000 9696736.000000 9777266.000000 9995422.000000 9999998.000000 9999998.000000 9999998.000000 9999006.000000 9999006.000000 9994014.000000 9999647.000000 9998495.000000 
17
0.000000 139264.000000 2024745.000000 2167068.000000 2601134.000000 2755033.000000 3043864.000000 3375763.000000 3367690.000000 0.000000 0.000000 0.000000 0.000000 0.000000 3375882.000000 3390602.000000 4664885.000000 4768565.000000 4844241.000000 5085125.000000 5159350.000000 5413814.000000 9999998.000000 9999997.000000 9999993.000000 10000000.000000 10000000.000000 9999963.000000 10000000.000000 9999999.000000 9999943.000000 9999987.000000 9999901.000000 0.000000 9993245.000000 9999774.000000 9999998.000000 9999992.000000 9999736.000000 9999972.000000 9999977.000000 10000000.000000 10000000.000000 9999998.000000 9999986.000000 9999970.000000 9999986.000000 9999970.000000 9999986.000000 9999994.000000 9999962.000000 9999992.000000 9999974.000000 9999974.000000 9999974.000000 9999974.000000 9999974.000000 9996646.000000 9999846.000000 9999719.000000 9999463.000000 
18
0.000000 139264.000000 2022145.000000 2186482.000000 2596526.000000 2717553.000000 3032960.000000 3314480.000000 3368547.000000 0.000000 0.000000 0.000000 0.000000 0.000000 3362522.000000 3385434.000000 4650949.000000 4754629.000000 4873985.000000 5064917.000000 5187762.000000 5454814.000000 5488762.000000 5682453.000000 6102370.000000 6581666.000000 6620236.000000 6720460.000000 6889468.000000 7003261.000000 7071685.000000 7264089.000000 7273457.000000 0.000000 7281649.000000 7923250.000000 8215730.000000 8282956.000000 8383180.000000 8434968.000000 8683241.000000 8871530.000000 9999538.000000 9999998.000000 9999998.000000 9999994.000000 9999998.000000 9999994.000000 9999998.000000 10000000.000000 9999999.000000 9999999.000000 9999956.000000 9997936.000000 9999998.000000 9999990.000000 9998886.000000 9999974.000000 9999994.000000 9999943.000000 9999943.000000 
19
0.000000 139264.000000 2022145.000000 2183026.000000 2596622.000000 2739473.000000 3032416.000000 3327087.000000 3370095.000000 0.000000 0.000000 0.000000 0.000000 0.000000 3364070.000000 3386982.000000 4656529.000000 4763665.000000 4879565.000000 5073425.000000 5191226.000000 5471386.000000 5505334.000000 5697945.000000 5985433.000000 6849368.000000 6886674.000000 6986898.000000 7136434.000000 7275151.000000 7346319.000000 9995151.000000 9999997.000000 9999997.000000 9999999.000000 9999987.000000 9999999.000000 9999996.000000 9999932.000000 10000000.000000 10000000.000000 9999999.000000 9999999.000000 9999995.000000 9999967.000000 9999999.000000 9999967.000000 9999983.000000 9999999.000000 9999959.000000 9999929.000000 9999999.000000 9992591.000000 9992603.000000 9999977.000000 9999985.000000 9993073.000000 9998801.000000 9997137.000000 9999058.000000 9999698.000000 
