0
0.000000 49152.000000 0.000000 0.000000 2246.000000 10528.000000 9274.000000 692.000000 0.000000 0.000000 0.000000 0.000000 0.000000 0.000000 67584.000000 6144.000000 0.000000 0.000000 48.000000 9952.000000 21312.000000 1152.000000 0.000000 49408.000000 3856.000000 0.000000 0.000000 0.000000 25478.000000 0.000000 16576.000000 12290.000000 0.000000 0.000000 30720.000000 5364.000000 0.000000 0.000000 0.000000 2540.000000 36692.000000 7072.000000 584.000000 0.000000 0.000000 11520.000000 0.000000 7111.000000 0.000000 0.000000 38232.000000 0.000000 0.000000 1080.000000 0.000000 0.000000 0.000000 74018.000000 21340.000000 7088.000000 4312.000000 
1
0.000000 43008.000000 0.000000 0.000000 2207.000000 672.000000 9274.000000 692.000000 0.000000 0.000000 0.000000 0.000000 0.000000 0.000000 61440.000000 4752.000000 0.000000 0.000000 48.000000 19714.000000 23680.000000 752.000000 0.000000 55296.000000 3856.000000 0.000000 0.000000 0.000000 25478.000000 0.000000 14208.000000 12290.000000 0.000000 0.000000 24576.000000 2508.000000 0.000000 0.000000 0.000000 0.000000 37052.000000 6531.000000 0.000000 0.000000 0.000000 5760.000000 0.000000 4273.000000 0.000000 0.000000 42034.000000 0.000000 0.000000 1080.000000 0.000000 0.000000 0.000000 73126.000000 12311.000000 1536.000000 1.000000 
2
0.000000 43008.000000 0.000000 0.000000 4309.000000 576.000000 11642.000000 692.000000 0.000000 0.000000 0.000000 0.000000 0.000000 0.000000 61440.000000 4536.000000 0.000000 0.000000 0.000000 17600.000000 23680.000000 720.000000 0.000000 49152.000000 3856.000000 0.000000 0.000000 0.000000 25518.000000 0.000000 14208.000000 6627.000000 0.000000 0.000000 24576.000000 2940.000000 0.000000 0.000000 0.000000 0.000000 38632.000000 6888.000000 180.000000 0.000000 0.000000 12672.000000 0.000000 4273.000000 0.000000 0.000000 42034.000000 0.000000 0.000000 864.000000 0.000000 0.000000 0.000000 72053.000000 16016.000000 7685.000000 3533.000000 
3
0.000000 43008.000000 0.000000 0.000000 4309.000000 1536.000000 9274.000000 0.000000 0.000000 0.000000 0.000000 0.000000 0.000000 0.000000 61696.000000 0.000000 0.000000 0.000000 0.000000 19573.000000 21312.000000 1872.000000 0.000000 49152.000000 4096.000000 0.000000 0.000000 0.000000 23008.000000 0.000000 14208.000000 6152.000000 0.000000 0.000000 24576.000000 1024.000000 0.000000 0.000000 0.000000 0.000000 38632.000000 8596.000000 0.000000 0.000000 0.000000 5760.000000 0.000000 3553.000000 0.000000 0.000000 42716.000000 0.000000 0.000000 864.000000 0.000000 0.000000 0.000000 71806.000000 16016.000000 6256.000000 512.000000 
4
0.000000 49152.000000 0.000000 0.000000 4348.000000 9184.000000 9274.000000 0.000000 0.000000 0.000000 0.000000 0.000000 0.000000 0.000000 67584.000000 6144.000000 0.000000 0.000000 0.000000 10240.000000 18944.000000 1254.000000 0.000000 43700.000000 4528.000000 0.000000 0.000000 0.000000 25286.000000 0.000000 16576.000000 12290.000000 0.000000 0.000000 24576.000000 0.000000 0.000000 0.000000 0.000000 2540.000000 35584.000000 6528.000000 0.000000 0.000000 0.000000 4608.000000 0.000000 7347.000000 0.000000 0.000000 38232.000000 0.000000 76955.000000 68435.000000 41352.000000 34344.000000 432.000000 0.000000 0.000000 12021.000000 4340.000000 
5
0.000000 43008.000000 0.000000 0.000000 4357.000000 9088.000000 9472.000000 0.000000 0.000000 0.000000 0.000000 0.000000 0.000000 0.000000 61440.000000 0.000000 0.000000 0.000000 0.000000 17792.000000 16576.000000 0.000000 0.000000 43700.000000 4528.000000 0.000000 0.000000 0.000000 25286.000000 0.000000 14208.000000 12290.000000 0.000000 0.000000 18432.000000 0.000000 0.000000 0.000000 0.000000 0.000000 34560.000000 6528.000000 0.000000 0.000000 0.000000 0.000000 0.000000 3554.000000 0.000000 0.000000 42034.000000 0.000000 74040.000000 49464.000000 35276.000000 21568.000000 0.000000 0.000000 0.000000 11942.000000 4260.000000 
6
0.000000 43008.000000 0.000000 0.000000 4309.000000 9088.000000 9472.000000 0.000000 0.000000 0.000000 0.000000 0.000000 0.000000 0.000000 61440.000000 0.000000 0.000000 0.000000 0.000000 17888.000000 16576.000000 0.000000 0.000000 43008.000000 4744.000000 0.000000 0.000000 0.000000 25326.000000 0.000000 14208.000000 12290.000000 0.000000 0.000000 18432.000000 0.000000 0.000000 0.000000 0.000000 0.000000 34560.000000 4048.000000 0.000000 0.000000 0.000000 4608.000000 0.000000 4274.000000 0.000000 0.000000 42034.000000 0.000000 77120.000000 68384.000000 42820.000000 34344.000000 648.000000 0.000000 0.000000 11941.000000 4260.000000 
7
0.000000 43008.000000 0.000000 0.000000 2159.000000 9088.000000 11642.000000 0.000000 0.000000 0.000000 0.000000 0.000000 0.000000 0.000000 61696.000000 0.000000 0.000000 0.000000 0.000000 17792.000000 18944.000000 0.000000 0.000000 43008.000000 3828.000000 0.000000 0.000000 0.000000 24188.000000 0.000000 14208.000000 6145.000000 0.000000 0.000000 24576.000000 0.000000 0.000000 0.000000 0.000000 0.000000 34560.000000 6534.000000 0.000000 0.000000 0.000000 4608.000000 0.000000 4274.000000 0.000000 0.000000 42716.000000 0.000000 77062.000000 71736.000000 47160.000000 37454.000000 3464.000000 0.000000 0.000000 8328.000000 7088.000000 
8
0.000000 49152.000000 0.000000 0.000000 4348.000000 3032.000000 9274.000000 0.000000 0.000000 0.000000 0.000000 0.000000 0.000000 0.000000 67584.000000 6144.000000 0.000000 0.000000 0.000000 17600.000000 16576.000000 1254.000000 0.000000 43700.000000 7008.000000 0.000000 0.000000 0.000000 22432.000000 0.000000 16576.000000 12290.000000 0.000000 0.000000 24576.000000 0.000000 0.000000 0.000000 0.000000 2540.000000 38312.000000 3266.000000 0.000000 0.000000 0.000000 0.000000 0.000000 3554.000000 0.000000 0.000000 36248.000000 0.000000 0.000000 1296.000000 216.000000 0.000000 0.000000 74714.000000 22216.000000 3592.000000 6504.000000 
9
0.000000 43008.000000 0.000000 0.000000 4354.000000 1248.000000 11642.000000 0.000000 0.000000 0.000000 0.000000 0.000000 0.000000 0.000000 61440.000000 0.000000 0.000000 0.000000 0.000000 17600.000000 18944.000000 0.000000 0.000000 43700.000000 7008.000000 0.000000 0.000000 0.000000 20894.000000 0.000000 14208.000000 12290.000000 0.000000 0.000000 18432.000000 0.000000 0.000000 0.000000 0.000000 0.000000 35944.000000 3267.000000 0.000000 0.000000 0.000000 0.000000 0.000000 3554.000000 0.000000 0.000000 42034.000000 0.000000 0.000000 1296.000000 216.000000 0.000000 0.000000 73491.000000 18079.000000 5120.000000 5632.000000 
10
0.000000 43008.000000 0.000000 0.000000 4354.000000 3800.000000 11642.000000 0.000000 0.000000 0.000000 0.000000 0.000000 0.000000 0.000000 61440.000000 0.000000 0.000000 0.000000 0.000000 17600.000000 18944.000000 0.000000 0.000000 43008.000000 7036.000000 0.000000 0.000000 0.000000 20894.000000 0.000000 14208.000000 12290.000000 0.000000 0.000000 18432.000000 0.000000 0.000000 0.000000 0.000000 0.000000 36928.000000 3264.000000 0.000000 0.000000 0.000000 0.000000 0.000000 3554.000000 0.000000 0.000000 42034.000000 0.000000 0.000000 1772.000000 432.000000 0.000000 0.000000 74911.000000 22000.000000 4696.000000 5720.000000 
11
0.000000 43008.000000 0.000000 0.000000 4354.000000 1536.000000 11642.000000 0.000000 0.000000 0.000000 0.000000 0.000000 0.000000 0.000000 61696.000000 0.000000 0.000000 0.000000 0.000000 15285.000000 16576.000000 0.000000 0.000000 43008.000000 6524.000000 0.000000 0.000000 0.000000 20934.000000 0.000000 14208.000000 6145.000000 0.000000 0.000000 18432.000000 0.000000 0.000000 0.000000 0.000000 0.000000 38272.000000 6528.000000 0.000000 0.000000 0.000000 4608.000000 0.000000 4034.000000 0.000000 0.000000 42716.000000 0.000000 0.000000 1080.000000 0.000000 0.000000 0.000000 74627.000000 21660.000000 1341.000000 7032.000000 
12
0.000000 49152.000000 0.000000 0.000000 4348.000000 3608.000000 9274.000000 0.000000 0.000000 0.000000 0.000000 0.000000 0.000000 0.000000 67584.000000 0.000000 0.000000 0.000000 0.000000 18272.000000 18944.000000 0.000000 0.000000 43700.000000 7008.000000 0.000000 0.000000 0.000000 22048.000000 0.000000 16576.000000 12290.000000 0.000000 0.000000 24576.000000 0.000000 0.000000 0.000000 0.000000 2540.000000 36928.000000 6528.000000 0.000000 0.000000 0.000000 0.000000 0.000000 7347.000000 7347.000000 0.000000 45066.000000 0.000000 71868.000000 47292.000000 28119.000000 108.000000 0.000000 0.000000 0.000000 3129.000000 1024.000000 
13
0.000000 43008.000000 0.000000 0.000000 4309.000000 0.000000 11642.000000 0.000000 0.000000 0.000000 0.000000 0.000000 0.000000 0.000000 61440.000000 0.000000 0.000000 0.000000 0.000000 18560.000000 16576.000000 1254.000000 0.000000 43700.000000 7008.000000 0.000000 0.000000 0.000000 20606.000000 0.000000 14208.000000 12290.000000 0.000000 0.000000 18432.000000 0.000000 0.000000 0.000000 0.000000 0.000000 36928.000000 4048.000000 0.000000 0.000000 0.000000 0.000000 0.000000 3554.000000 3554.000000 0.000000 46991.000000 0.000000 72375.000000 53943.000000 32128.000000 7552.000000 0.000000 0.000000 0.000000 3640.000000 1024.000000 
14
0.000000 43008.000000 0.000000 0.000000 4354.000000 0.000000 9472.000000 0.000000 0.000000 0.000000 0.000000 0.000000 0.000000 0.000000 61440.000000 0.000000 0.000000 0.000000 0.000000 18176.000000 18944.000000 0.000000 0.000000 43008.000000 7036.000000 0.000000 0.000000 0.000000 24654.000000 0.000000 14208.000000 12290.000000 0.000000 0.000000 18432.000000 0.000000 0.000000 0.000000 0.000000 0.000000 38272.000000 6531.000000 0.000000 0.000000 0.000000 0.000000 0.000000 7346.000000 7346.000000 0.000000 46627.000000 0.000000 64933.000000 44119.000000 19296.000000 0.000000 0.000000 0.000000 0.000000 3640.000000 1024.000000 
15
0.000000 43008.000000 0.000000 0.000000 4354.000000 4952.000000 11642.000000 0.000000 0.000000 0.000000 0.000000 0.000000 0.000000 0.000000 61696.000000 0.000000 0.000000 0.000000 0.000000 18176.000000 18944.000000 0.000000 0.000000 43008.000000 6524.000000 0.000000 0.000000 0.000000 24518.000000 0.000000 14208.000000 6145.000000 0.000000 0.000000 18432.000000 0.000000 0.000000 0.000000 0.000000 2540.000000 38976.000000 6531.000000 0.000000 0.000000 0.000000 0.000000 0.000000 7346.000000 7346.000000 0.000000 48258.000000 0.000000 71144.000000 46568.000000 24722.000000 0.000000 0.000000 0.000000 0.000000 3640.000000 1.000000 
16
0.000000 49152.000000 0.000000 0.000000 16900.000000 8800.000000 9472.000000 692.000000 0.000000 0.000000 0.000000 0.000000 0.000000 0.000000 67584.000000 0.000000 0.000000 0.000000 4500.000000 17600.000000 18944.000000 1254.000000 0.000000 43700.000000 5040.000000 0.000000 0.000000 0.000000 21568.000000 0.000000 16576.000000 12290.000000 0.000000 0.000000 30720.000000 0.000000 0.000000 0.000000 0.000000 1372.000000 35584.000000 6528.000000 0.000000 0.000000 0.000000 0.000000 0.000000 0.000000 0.000000 0.000000 43464.000000 0.000000 75422.000000 53287.000000 34855.000000 10279.000000 0.000000 108.000000 0.000000 11589.000000 3396.000000 
17
0.000000 43008.000000 0.000000 0.000000 16048.000000 21784.000000 7104.000000 692.000000 0.000000 0.000000 0.000000 0.000000 0.000000 0.000000 61440.000000 0.000000 0.000000 0.000000 4500.000000 17600.000000 16576.000000 0.000000 0.000000 43700.000000 5040.000000 0.000000 0.000000 0.000000 24038.000000 0.000000 14208.000000 12290.000000 0.000000 0.000000 24576.000000 0.000000 0.000000 0.000000 0.000000 3226.000000 34560.000000 6528.000000 0.000000 0.000000 0.000000 0.000000 0.000000 0.000000 0.000000 0.000000 44683.000000 0.000000 75196.000000 59500.000000 41068.000000 40636.000000 39988.000000 648.000000 0.000000 5984.000000 3612.000000 
18
0.000000 43008.000000 0.000000 0.000000 16048.000000 8800.000000 9274.000000 692.000000 0.000000 0.000000 0.000000 0.000000 0.000000 0.000000 61440.000000 0.000000 0.000000 0.000000 4500.000000 17600.000000 16576.000000 0.000000 0.000000 43008.000000 4744.000000 0.000000 0.000000 0.000000 24038.000000 0.000000 14208.000000 12290.000000 0.000000 0.000000 24576.000000 0.000000 0.000000 0.000000 0.000000 3226.000000 34560.000000 4048.000000 0.000000 0.000000 0.000000 0.000000 0.000000 0.000000 0.000000 0.000000 44683.000000 0.000000 75357.000000 66941.000000 42365.000000 35264.000000 34400.000000 432.000000 0.000000 5149.000000 2560.000000 
19
0.000000 43008.000000 0.000000 0.000000 16550.000000 11680.000000 9274.000000 692.000000 0.000000 0.000000 0.000000 0.000000 0.000000 0.000000 61696.000000 0.000000 0.000000 0.000000 4500.000000 9952.000000 19968.000000 0.000000 0.000000 43008.000000 4340.000000 0.000000 0.000000 0.000000 21332.000000 0.000000 14208.000000 6145.000000 0.000000 0.000000 24576.000000 0.000000 0.000000 0.000000 0.000000 3226.000000 34560.000000 6534.000000 0.000000 0.000000 0.000000 0.000000 0.000000 0.000000 0.000000 0.000000 44373.000000 0.000000 75211.000000 57028.000000 38596.000000 38164.000000 30631.000000 0.000000 0.000000 5660.000000 2588.000000 
20
0.000000 49152.000000 0.000000 0.000000 2150.000000 9184.000000 9274.000000 0.000000 0.000000 0.000000 0.000000 0.000000 0.000000 0.000000 67584.000000 6144.000000 0.000000 0.000000 0.000000 17600.000000 18944.000000 1254.000000 0.000000 49152.000000 5040.000000 0.000000 0.000000 0.000000 20812.000000 0.000000 16576.000000 12290.000000 0.000000 0.000000 24576.000000 0.000000 0.000000 0.000000 0.000000 3226.000000 39296.000000 6530.000000 0.000000 0.000000 0.000000 4608.000000 0.000000 3795.000000 0.000000 0.000000 41703.000000 0.000000 71400.000000 46824.000000 37216.000000 27608.000000 108.000000 0.000000 0.000000 6280.000000 4932.000000 
21
0.000000 43008.000000 0.000000 0.000000 2150.000000 9184.000000 9472.000000 0.000000 0.000000 0.000000 0.000000 0.000000 0.000000 0.000000 61440.000000 0.000000 0.000000 0.000000 0.000000 17600.000000 18944.000000 0.000000 0.000000 49152.000000 5040.000000 0.000000 0.000000 0.000000 20812.000000 0.000000 14208.000000 12290.000000 0.000000 0.000000 18432.000000 0.000000 0.000000 0.000000 0.000000 0.000000 36928.000000 6531.000000 0.000000 0.000000 0.000000 0.000000 0.000000 3554.000000 0.000000 0.000000 32496.000000 0.000000 71400.000000 46824.000000 37216.000000 27608.000000 0.000000 0.000000 0.000000 6201.000000 4852.000000 
22
0.000000 43008.000000 0.000000 0.000000 2150.000000 9089.000000 9472.000000 0.000000 0.000000 0.000000 0.000000 0.000000 0.000000 0.000000 61440.000000 0.000000 0.000000 0.000000 0.000000 17600.000000 16576.000000 0.000000 0.000000 43008.000000 5040.000000 0.000000 0.000000 0.000000 20852.000000 0.000000 14208.000000 12290.000000 0.000000 0.000000 18432.000000 0.000000 0.000000 0.000000 0.000000 2540.000000 37952.000000 6528.000000 0.000000 0.000000 0.000000 4608.000000 0.000000 3794.000000 0.000000 0.000000 42038.000000 0.000000 76784.000000 58352.000000 38080.000000 34400.000000 3680.000000 0.000000 0.000000 6712.000000 5068.000000 
23
0.000000 43008.000000 0.000000 0.000000 0.000000 9184.000000 11642.000000 0.000000 0.000000 0.000000 0.000000 0.000000 0.000000 0.000000 61696.000000 0.000000 0.000000 0.000000 0.000000 9952.000000 16576.000000 0.000000 0.000000 43008.000000 4340.000000 0.000000 0.000000 0.000000 21568.000000 0.000000 14208.000000 6145.000000 0.000000 0.000000 18432.000000 0.000000 0.000000 0.000000 0.000000 2540.000000 36928.000000 6528.000000 0.000000 0.000000 0.000000 4608.000000 0.000000 4034.000000 0.000000 0.000000 42038.000000 0.000000 77044.000000 52468.000000 37864.000000 34184.000000 2056.000000 0.000000 0.000000 12345.000000 4960.000000 
24
0.000000 49152.000000 0.000000 0.000000 2150.000000 21784.000000 9472.000000 0.000000 0.000000 0.000000 0.000000 0.000000 0.000000 0.000000 67584.000000 0.000000 0.000000 0.000000 0.000000 18272.000000 21312.000000 0.000000 0.000000 37556.000000 4016.000000 0.000000 0.000000 0.000000 24038.000000 0.000000 16576.000000 12290.000000 0.000000 0.000000 24576.000000 0.000000 0.000000 0.000000 0.000000 3226.000000 35584.000000 6528.000000 9814.000000 0.000000 50688.000000 14976.000000 0.000000 4038.000000 0.000000 0.000000 41703.000000 79644.000000 63200.000000 38624.000000 38624.000000 37000.000000 35592.000000 2056.000000 0.000000 6388.000000 5148.000000 
25
0.000000 43008.000000 0.000000 0.000000 2150.000000 13176.000000 9472.000000 0.000000 0.000000 0.000000 0.000000 0.000000 0.000000 0.000000 61440.000000 0.000000 0.000000 0.000000 0.000000 18272.000000 18944.000000 1254.000000 0.000000 37556.000000 4016.000000 0.000000 0.000000 0.000000 24038.000000 0.000000 14208.000000 12290.000000 0.000000 0.000000 18432.000000 0.000000 0.000000 0.000000 0.000000 0.000000 34560.000000 3268.000000 6106.000000 0.000000 49536.000000 13824.000000 0.000000 7345.000000 0.000000 0.000000 32496.000000 78840.000000 58784.000000 40352.000000 40352.000000 37216.000000 35808.000000 108.000000 0.000000 6309.000000 5068.000000 
26
0.000000 43008.000000 0.000000 0.000000 2150.000000 9472.000000 11642.000000 0.000000 0.000000 0.000000 0.000000 0.000000 0.000000 0.000000 61440.000000 0.000000 0.000000 0.000000 0.000000 18464.000000 16576.000000 0.000000 0.000000 36864.000000 4232.000000 0.000000 0.000000 0.000000 24078.000000 0.000000 14208.000000 12290.000000 0.000000 0.000000 18432.000000 0.000000 0.000000 0.000000 0.000000 2540.000000 34560.000000 3267.000000 8120.000000 0.000000 50688.000000 13824.000000 0.000000 7345.000000 0.000000 0.000000 42038.000000 79384.000000 64280.000000 39704.000000 39704.000000 36784.000000 36784.000000 3248.000000 0.000000 6308.000000 5068.000000 
27
0.000000 43008.000000 0.000000 0.000000 48.000000 9376.000000 9274.000000 0.000000 0.000000 0.000000 0.000000 0.000000 0.000000 0.000000 61696.000000 0.000000 0.000000 0.000000 0.000000 18176.000000 19968.000000 0.000000 0.000000 36864.000000 3316.000000 0.000000 0.000000 0.000000 22940.000000 0.000000 14208.000000 6145.000000 0.000000 0.000000 18432.000000 0.000000 0.000000 0.000000 0.000000 3226.000000 34560.000000 6528.000000 12572.000000 0.000000 51840.000000 12672.000000 0.000000 3553.000000 0.000000 0.000000 42038.000000 79384.000000 64280.000000 39704.000000 39704.000000 36784.000000 36784.000000 3248.000000 0.000000 6308.000000 5068.000000 
28
0.000000 49152.000000 0.000000 0.000000 2150.000000 9184.000000 9274.000000 0.000000 0.000000 0.000000 0.000000 0.000000 0.000000 0.000000 67584.000000 0.000000 0.000000 0.000000 0.000000 18372.000000 18944.000000 0.000000 0.000000 37556.000000 0.000000 0.000000 0.000000 0.000000 21384.000000 0.000000 16576.000000 12290.000000 0.000000 0.000000 24576.000000 0.000000 0.000000 0.000000 0.000000 2540.000000 35584.000000 3265.000000 0.000000 0.000000 0.000000 11520.000000 0.000000 4040.000000 0.000000 0.000000 45273.000000 0.000000 74603.000000 54227.000000 34560.000000 9984.000000 0.000000 0.000000 0.000000 12425.000000 5148.000000 
29
0.000000 43008.000000 0.000000 0.000000 2150.000000 9184.000000 11642.000000 0.000000 0.000000 0.000000 0.000000 0.000000 0.000000 0.000000 61440.000000 0.000000 0.000000 0.000000 0.000000 17600.000000 16576.000000 1254.000000 0.000000 37556.000000 0.000000 0.000000 0.000000 0.000000 23862.000000 0.000000 14208.000000 12290.000000 0.000000 0.000000 18432.000000 0.000000 0.000000 0.000000 0.000000 0.000000 34560.000000 3265.000000 0.000000 0.000000 0.000000 2304.000000 0.000000 7345.000000 0.000000 0.000000 45354.000000 0.000000 75203.000000 53795.000000 34128.000000 9552.000000 0.000000 0.000000 0.000000 12346.000000 5177.000000 
30
0.000000 43008.000000 0.000000 0.000000 2150.000000 9089.000000 11642.000000 0.000000 0.000000 0.000000 0.000000 0.000000 0.000000 0.000000 61440.000000 0.000000 0.000000 0.000000 0.000000 18707.000000 16576.000000 0.000000 0.000000 43008.000000 0.000000 0.000000 0.000000 0.000000 21322.000000 0.000000 14208.000000 12290.000000 0.000000 0.000000 18432.000000 0.000000 0.000000 0.000000 0.000000 2540.000000 34560.000000 3270.000000 0.000000 0.000000 0.000000 12672.000000 0.000000 3793.000000 0.000000 0.000000 45675.000000 0.000000 74779.000000 56405.000000 30594.000000 4042.000000 0.000000 0.000000 0.000000 6712.000000 5068.000000 
31
0.000000 43008.000000 0.000000 0.000000 0.000000 9184.000000 11642.000000 0.000000 0.000000 0.000000 0.000000 0.000000 0.000000 0.000000 61696.000000 0.000000 0.000000 0.000000 0.000000 14899.000000 17600.000000 0.000000 0.000000 36864.000000 0.000000 0.000000 0.000000 0.000000 21430.000000 0.000000 14208.000000 6145.000000 0.000000 0.000000 18432.000000 0.000000 0.000000 0.000000 0.000000 2540.000000 34560.000000 3264.000000 0.000000 0.000000 0.000000 8064.000000 0.000000 3553.000000 0.000000 0.000000 44141.000000 0.000000 73652.000000 53492.000000 34072.000000 9496.000000 0.000000 0.000000 0.000000 12345.000000 5068.000000 
32
0.000000 49152.000000 0.000000 0.000000 2150.000000 9184.000000 9274.000000 0.000000 0.000000 0.000000 0.000000 0.000000 0.000000 0.000000 67584.000000 6144.000000 0.000000 0.000000 0.000000 14178.000000 21312.000000 1254.000000 0.000000 43008.000000 5364.000000 0.000000 0.000000 0.000000 21480.000000 0.000000 16576.000000 12290.000000 0.000000 0.000000 24576.000000 0.000000 0.000000 0.000000 0.000000 2540.000000 35904.000000 6528.000000 0.000000 0.000000 0.000000 6912.000000 0.000000 4038.000000 0.000000 0.000000 52153.000000 0.000000 77012.000000 71254.000000 46678.000000 39454.000000 39238.000000 4974.000000 0.000000 4044.000000 2076.000000 
33
0.000000 43008.000000 0.000000 0.000000 2150.000000 9088.000000 11642.000000 0.000000 0.000000 0.000000 0.000000 0.000000 0.000000 0.000000 61440.000000 0.000000 0.000000 0.000000 0.000000 17600.000000 18944.000000 0.000000 0.000000 36864.000000 5256.000000 0.000000 0.000000 0.000000 23862.000000 0.000000 14208.000000 12290.000000 0.000000 0.000000 18432.000000 0.000000 0.000000 0.000000 0.000000 0.000000 35904.000000 4048.000000 0.000000 0.000000 0.000000 6912.000000 0.000000 3792.000000 0.000000 0.000000 42048.000000 0.000000 78379.000000 68395.000000 49963.000000 34282.000000 9212.000000 0.000000 0.000000 4664.000000 2588.000000 
34
0.000000 43008.000000 0.000000 0.000000 2150.000000 9088.000000 7104.000000 0.000000 0.000000 0.000000 0.000000 0.000000 0.000000 0.000000 61440.000000 0.000000 0.000000 0.000000 0.000000 17793.000000 18944.000000 0.000000 0.000000 37120.000000 4773.000000 0.000000 0.000000 0.000000 23862.000000 0.000000 14208.000000 12290.000000 0.000000 0.000000 18432.000000 0.000000 0.000000 0.000000 0.000000 2540.000000 37952.000000 6531.000000 0.000000 0.000000 0.000000 5760.000000 0.000000 7345.000000 0.000000 0.000000 42048.000000 0.000000 78227.000000 62531.000000 37461.000000 34072.000000 3032.000000 0.000000 0.000000 4044.000000 2588.000000 
35
0.000000 43008.000000 0.000000 0.000000 0.000000 9088.000000 9472.000000 0.000000 0.000000 0.000000 0.000000 0.000000 0.000000 0.000000 61696.000000 0.000000 0.000000 0.000000 0.000000 17793.000000 18944.000000 0.000000 0.000000 36864.000000 4852.000000 0.000000 0.000000 0.000000 23970.000000 0.000000 14208.000000 6145.000000 0.000000 0.000000 18432.000000 0.000000 0.000000 0.000000 0.000000 2540.000000 37952.000000 6531.000000 0.000000 0.000000 0.000000 4608.000000 0.000000 240.000000 0.000000 0.000000 49705.000000 0.000000 78387.000000 62531.000000 41630.000000 34128.000000 3248.000000 0.000000 0.000000 10808.000000 2588.000000 
36
0.000000 49152.000000 0.000000 0.000000 4300.000000 11303.000000 9274.000000 0.000000 0.000000 0.000000 0.000000 0.000000 0.000000 0.000000 67584.000000 0.000000 0.000000 0.000000 0.000000 17600.000000 23680.000000 8676.000000 0.000000 49152.000000 5472.000000 0.000000 0.000000 0.000000 25974.000000 0.000000 16576.000000 12290.000000 0.000000 0.000000 24576.000000 0.000000 0.000000 0.000000 0.000000 2540.000000 37952.000000 6530.000000 0.000000 0.000000 0.000000 0.000000 0.000000 4039.000000 0.000000 0.000000 36301.000000 0.000000 58032.000000 35160.000000 15320.000000 0.000000 0.000000 0.000000 0.000000 4152.000000 2616.000000 
37
0.000000 43008.000000 0.000000 0.000000 4300.000000 11207.000000 11642.000000 0.000000 0.000000 0.000000 0.000000 0.000000 0.000000 0.000000 61440.000000 0.000000 0.000000 0.000000 0.000000 17600.000000 21312.000000 8276.000000 0.000000 43008.000000 5472.000000 0.000000 0.000000 0.000000 26082.000000 0.000000 14208.000000 12290.000000 0.000000 0.000000 18432.000000 0.000000 0.000000 0.000000 0.000000 0.000000 39296.000000 6531.000000 0.000000 0.000000 0.000000 0.000000 0.000000 4033.000000 0.000000 0.000000 37236.000000 0.000000 64928.000000 40352.000000 37864.000000 22112.000000 216.000000 0.000000 0.000000 3640.000000 2400.000000 
38
0.000000 43008.000000 0.000000 0.000000 4300.000000 11302.000000 11642.000000 0.000000 0.000000 0.000000 0.000000 0.000000 0.000000 0.000000 61440.000000 0.000000 0.000000 0.000000 0.000000 17600.000000 21312.000000 8244.000000 0.000000 43008.000000 4989.000000 0.000000 0.000000 0.000000 19900.000000 0.000000 14208.000000 6145.000000 0.000000 0.000000 18432.000000 0.000000 0.000000 0.000000 0.000000 2540.000000 36928.000000 6528.000000 0.000000 0.000000 0.000000 4608.000000 0.000000 7345.000000 0.000000 0.000000 37278.000000 0.000000 65188.000000 40612.000000 37864.000000 28040.000000 3464.000000 0.000000 0.000000 10296.000000 8652.000000 
39
0.000000 43008.000000 0.000000 0.000000 2267.000000 11302.000000 11642.000000 0.000000 0.000000 0.000000 0.000000 0.000000 0.000000 0.000000 61696.000000 0.000000 0.000000 0.000000 0.000000 9952.000000 21312.000000 8253.000000 0.000000 43008.000000 4960.000000 0.000000 0.000000 0.000000 25878.000000 0.000000 14208.000000 6145.000000 0.000000 0.000000 18432.000000 0.000000 0.000000 0.000000 0.000000 2540.000000 36928.000000 6528.000000 0.000000 0.000000 0.000000 4608.000000 0.000000 7345.000000 0.000000 0.000000 33833.000000 0.000000 59328.000000 38080.000000 36784.000000 15320.000000 0.000000 0.000000 0.000000 10296.000000 8544.000000 
40
0.000000 43008.000000 0.000000 0.000000 4300.000000 0.000000 9274.000000 0.000000 0.000000 0.000000 0.000000 0.000000 0.000000 0.000000 61440.000000 6604.000000 0.000000 0.000000 0.000000 17986.000000 23680.000000 0.000000 0.000000 43008.000000 5984.000000 0.000000 0.000000 0.000000 25122.000000 0.000000 16576.000000 12290.000000 0.000000 0.000000 18432.000000 0.000000 0.000000 0.000000 0.000000 2540.000000 36928.000000 13056.000000 584.000000 0.000000 0.000000 0.000000 0.000000 7111.000000 0.000000 0.000000 37949.000000 0.000000 68682.000000 50250.000000 22463.000000 3464.000000 2056.000000 108.000000 0.000000 5688.000000 3936.000000 
41
0.000000 43008.000000 0.000000 0.000000 4300.000000 0.000000 11642.000000 0.000000 0.000000 0.000000 0.000000 0.000000 0.000000 0.000000 61440.000000 6604.000000 0.000000 0.000000 0.000000 17986.000000 21312.000000 0.000000 0.000000 43008.000000 5984.000000 0.000000 0.000000 0.000000 21006.000000 0.000000 14208.000000 12290.000000 0.000000 0.000000 18432.000000 0.000000 0.000000 0.000000 0.000000 0.000000 36928.000000 11952.000000 0.000000 0.000000 0.000000 0.000000 0.000000 7345.000000 0.000000 0.000000 37236.000000 0.000000 72553.000000 52392.000000 38808.000000 38808.000000 37400.000000 2816.000000 0.000000 5688.000000 3828.000000 
42
0.000000 43008.000000 0.000000 0.000000 4300.000000 3608.000000 9274.000000 0.000000 0.000000 0.000000 0.000000 0.000000 0.000000 0.000000 61696.000000 6632.000000 0.000000 0.000000 0.000000 15864.000000 21312.000000 1734.000000 0.000000 37120.000000 5501.000000 0.000000 0.000000 0.000000 21006.000000 0.000000 14208.000000 6145.000000 0.000000 0.000000 18432.000000 0.000000 0.000000 0.000000 0.000000 0.000000 38272.000000 11595.000000 584.000000 0.000000 0.000000 0.000000 0.000000 7345.000000 0.000000 0.000000 37278.000000 0.000000 76371.000000 55964.000000 34751.000000 10175.000000 3464.000000 0.000000 0.000000 5176.000000 3936.000000 
43
0.000000 43008.000000 0.000000 0.000000 2267.000000 3608.000000 7104.000000 0.000000 0.000000 0.000000 0.000000 0.000000 0.000000 0.000000 61440.000000 7036.000000 0.000000 0.000000 0.000000 17600.000000 21312.000000 0.000000 0.000000 36864.000000 5392.000000 0.000000 0.000000 0.000000 21480.000000 0.000000 14208.000000 6145.000000 0.000000 0.000000 18432.000000 0.000000 0.000000 0.000000 0.000000 2540.000000 38976.000000 9125.000000 1532.000000 0.000000 0.000000 4608.000000 0.000000 3553.000000 0.000000 0.000000 35481.000000 0.000000 68472.000000 50040.000000 36813.000000 36813.000000 22463.000000 2056.000000 0.000000 11320.000000 9972.000000 
44
0.000000 43008.000000 0.000000 0.000000 4300.000000 11207.000000 9274.000000 0.000000 0.000000 0.000000 0.000000 0.000000 0.000000 0.000000 61440.000000 0.000000 0.000000 0.000000 0.000000 18272.000000 22336.000000 1254.000000 0.000000 43008.000000 0.000000 0.000000 0.000000 0.000000 21192.000000 0.000000 16576.000000 12290.000000 0.000000 0.000000 18432.000000 0.000000 0.000000 0.000000 0.000000 2540.000000 36608.000000 3264.000000 0.000000 0.000000 0.000000 0.000000 0.000000 4038.000000 0.000000 0.000000 39597.000000 0.000000 78423.000000 69471.000000 51039.000000 37887.000000 3464.000000 0.000000 0.000000 5688.000000 3936.000000 
45
0.000000 43008.000000 0.000000 0.000000 4300.000000 11302.000000 7104.000000 0.000000 0.000000 0.000000 0.000000 0.000000 0.000000 0.000000 61440.000000 0.000000 0.000000 0.000000 0.000000 18560.000000 21312.000000 0.000000 0.000000 43008.000000 0.000000 0.000000 0.000000 0.000000 21912.000000 0.000000 14208.000000 12290.000000 0.000000 0.000000 18432.000000 0.000000 0.000000 0.000000 0.000000 0.000000 38272.000000 6531.000000 0.000000 0.000000 0.000000 0.000000 0.000000 4033.000000 0.000000 0.000000 37236.000000 0.000000 78375.000000 62679.000000 44247.000000 27712.000000 0.000000 0.000000 0.000000 5688.000000 4152.000000 
46
0.000000 43008.000000 0.000000 0.000000 4300.000000 11206.000000 7104.000000 0.000000 0.000000 0.000000 0.000000 0.000000 0.000000 0.000000 61696.000000 0.000000 0.000000 0.000000 0.000000 18176.000000 21312.000000 0.000000 0.000000 43008.000000 0.000000 0.000000 0.000000 0.000000 21912.000000 0.000000 14208.000000 6145.000000 0.000000 0.000000 18432.000000 0.000000 0.000000 0.000000 0.000000 2540.000000 38272.000000 6530.000000 0.000000 0.000000 0.000000 0.000000 0.000000 4273.000000 0.000000 0.000000 38926.000000 0.000000 78264.000000 69472.000000 51040.000000 35548.000000 3464.000000 0.000000 0.000000 5176.000000 3936.000000 
47
0.000000 43008.000000 0.000000 0.000000 2267.000000 11206.000000 9274.000000 0.000000 0.000000 0.000000 0.000000 0.000000 0.000000 0.000000 61440.000000 0.000000 0.000000 0.000000 0.000000 18176.000000 18944.000000 0.000000 0.000000 43008.000000 0.000000 0.000000 0.000000 0.000000 21912.000000 0.000000 14208.000000 6145.000000 0.000000 0.000000 18432.000000 0.000000 0.000000 0.000000 0.000000 2540.000000 35944.000000 6892.000000 0.000000 0.000000 0.000000 0.000000 0.000000 3553.000000 0.000000 0.000000 35481.000000 0.000000 78351.000000 72117.000000 47541.000000 38658.000000 6240.000000 432.000000 0.000000 11832.000000 9972.000000 
48
0.000000 43008.000000 0.000000 0.000000 2150.000000 3320.000000 9274.000000 0.000000 0.000000 0.000000 0.000000 0.000000 0.000000 0.000000 61440.000000 0.000000 0.000000 0.000000 0.000000 17600.000000 21312.000000 1254.000000 0.000000 36864.000000 0.000000 0.000000 0.000000 0.000000 26372.000000 0.000000 18944.000000 12290.000000 0.000000 0.000000 18432.000000 0.000000 0.000000 0.000000 0.000000 2540.000000 38272.000000 6539.000000 0.000000 0.000000 0.000000 11520.000000 0.000000 7111.000000 0.000000 0.000000 39597.000000 4036.000000 57121.000000 38010.000000 36886.000000 36886.000000 15912.000000 0.000000 0.000000 5688.000000 3936.000000 
49
0.000000 43008.000000 0.000000 0.000000 2150.000000 96.000000 11642.000000 0.000000 0.000000 0.000000 0.000000 0.000000 0.000000 0.000000 61440.000000 0.000000 0.000000 0.000000 0.000000 17600.000000 21312.000000 0.000000 0.000000 36864.000000 0.000000 0.000000 0.000000 0.000000 20478.000000 0.000000 18944.000000 12290.000000 0.000000 0.000000 18432.000000 0.000000 0.000000 0.000000 0.000000 0.000000 38976.000000 7312.000000 0.000000 0.000000 0.000000 5760.000000 0.000000 7345.000000 0.000000 0.000000 39819.000000 5520.000000 50935.000000 38215.000000 37567.000000 37567.000000 36159.000000 648.000000 0.000000 5688.000000 4152.000000 
50
0.000000 43008.000000 0.000000 0.000000 2150.000000 0.000000 11642.000000 0.000000 0.000000 0.000000 0.000000 0.000000 0.000000 0.000000 61696.000000 0.000000 0.000000 0.000000 0.000000 17600.000000 21312.000000 0.000000 0.000000 36864.000000 0.000000 0.000000 0.000000 0.000000 21678.000000 0.000000 18944.000000 6145.000000 0.000000 0.000000 18432.000000 0.000000 0.000000 0.000000 0.000000 2540.000000 36928.000000 9792.000000 0.000000 0.000000 0.000000 6912.000000 0.000000 4033.000000 0.000000 0.000000 37278.000000 4272.000000 54119.000000 38627.000000 25166.000000 5005.000000 3464.000000 0.000000 0.000000 5688.000000 3936.000000 
51
0.000000 43008.000000 0.000000 0.000000 0.000000 4472.000000 11642.000000 0.000000 0.000000 0.000000 0.000000 0.000000 0.000000 0.000000 61440.000000 0.000000 0.000000 0.000000 0.000000 9952.000000 21312.000000 0.000000 0.000000 36864.000000 0.000000 0.000000 0.000000 0.000000 21678.000000 0.000000 16576.000000 6145.000000 0.000000 0.000000 18432.000000 0.000000 0.000000 0.000000 0.000000 2540.000000 36928.000000 6528.000000 0.000000 0.000000 0.000000 5760.000000 0.000000 481.000000 0.000000 0.000000 35481.000000 3820.000000 49840.000000 35276.000000 21568.000000 2816.000000 1516.000000 0.000000 0.000000 11832.000000 10296.000000 
52
0.000000 43008.000000 0.000000 0.000000 4300.000000 9184.000000 9274.000000 0.000000 0.000000 0.000000 0.000000 0.000000 0.000000 0.000000 61440.000000 0.000000 0.000000 0.000000 0.000000 17600.000000 18944.000000 0.000000 0.000000 37556.000000 5984.000000 0.000000 0.000000 0.000000 21096.000000 26766.000000 18944.000000 12290.000000 0.000000 0.000000 18432.000000 0.000000 0.000000 0.000000 0.000000 0.000000 33216.000000 6528.000000 0.000000 0.000000 0.000000 0.000000 0.000000 3556.000000 0.000000 0.000000 41689.000000 0.000000 79808.000000 77752.000000 57752.000000 33788.000000 2748.000000 0.000000 0.000000 5688.000000 3936.000000 
53
0.000000 43008.000000 0.000000 0.000000 4300.000000 9088.000000 11642.000000 0.000000 0.000000 0.000000 0.000000 0.000000 0.000000 0.000000 61440.000000 0.000000 0.000000 0.000000 0.000000 17600.000000 16576.000000 1254.000000 0.000000 32104.000000 5984.000000 0.000000 0.000000 0.000000 21322.000000 26766.000000 18944.000000 12290.000000 0.000000 0.000000 18432.000000 0.000000 0.000000 0.000000 0.000000 3226.000000 34560.000000 6528.000000 0.000000 0.000000 0.000000 0.000000 0.000000 3792.000000 0.000000 0.000000 33931.000000 0.000000 80012.000000 70460.000000 45884.000000 39030.000000 38814.000000 38814.000000 0.000000 5688.000000 4152.000000 
54
0.000000 43008.000000 0.000000 0.000000 4300.000000 9088.000000 9472.000000 0.000000 0.000000 0.000000 0.000000 0.000000 0.000000 0.000000 61696.000000 0.000000 0.000000 0.000000 0.000000 17600.000000 16576.000000 0.000000 0.000000 36864.000000 5284.000000 0.000000 0.000000 0.000000 24548.000000 26766.000000 16576.000000 6145.000000 0.000000 0.000000 18432.000000 0.000000 0.000000 0.000000 0.000000 3912.000000 34560.000000 4048.000000 0.000000 0.000000 0.000000 0.000000 0.000000 3792.000000 0.000000 0.000000 37979.000000 0.000000 80012.000000 76604.000000 52028.000000 39030.000000 38381.000000 432.000000 0.000000 5176.000000 3936.000000 
55
0.000000 43008.000000 0.000000 0.000000 2315.000000 9088.000000 11642.000000 0.000000 0.000000 0.000000 0.000000 0.000000 0.000000 0.000000 61440.000000 0.000000 0.000000 0.000000 0.000000 9952.000000 16576.000000 0.000000 0.000000 36864.000000 5284.000000 0.000000 0.000000 0.000000 24548.000000 25748.000000 16576.000000 6145.000000 0.000000 0.000000 18432.000000 0.000000 0.000000 0.000000 0.000000 3912.000000 34560.000000 6534.000000 0.000000 0.000000 0.000000 0.000000 0.000000 481.000000 0.000000 0.000000 41103.000000 0.000000 79859.000000 79427.000000 66981.000000 41911.000000 41263.000000 12162.000000 0.000000 11832.000000 10296.000000 
56
0.000000 49152.000000 0.000000 0.000000 4300.000000 2888.000000 9274.000000 0.000000 0.000000 0.000000 0.000000 0.000000 0.000000 0.000000 67584.000000 6144.000000 0.000000 0.000000 0.000000 10144.000000 16576.000000 1254.000000 0.000000 49152.000000 4016.000000 0.000000 0.000000 0.000000 21096.000000 0.000000 18944.000000 12290.000000 0.000000 0.000000 24576.000000 0.000000 0.000000 0.000000 0.000000 0.000000 36928.000000 9792.000000 0.000000 0.000000 0.000000 0.000000 0.000000 3556.000000 0.000000 0.000000 41689.000000 3556.000000 42353.000000 41013.000000 27552.000000 108.000000 0.000000 108.000000 0.000000 5688.000000 3936.000000 
57
0.000000 43008.000000 0.000000 0.000000 4300.000000 4568.000000 11642.000000 0.000000 0.000000 0.000000 0.000000 0.000000 0.000000 0.000000 61440.000000 0.000000 0.000000 0.000000 0.000000 17888.000000 16576.000000 0.000000 0.000000 43008.000000 4016.000000 0.000000 0.000000 0.000000 21226.000000 0.000000 18944.000000 12290.000000 0.000000 0.000000 18432.000000 0.000000 0.000000 0.000000 0.000000 2540.000000 36928.000000 6528.000000 0.000000 0.000000 0.000000 0.000000 0.000000 4273.000000 0.000000 0.000000 33931.000000 4592.000000 53667.000000 39757.000000 25166.000000 432.000000 0.000000 0.000000 0.000000 5688.000000 4152.000000 
58
0.000000 43008.000000 0.000000 0.000000 4300.000000 4568.000000 9472.000000 0.000000 0.000000 0.000000 0.000000 0.000000 0.000000 0.000000 61440.000000 0.000000 0.000000 0.000000 0.000000 17888.000000 18944.000000 0.000000 0.000000 43008.000000 3720.000000 0.000000 0.000000 0.000000 21226.000000 0.000000 18944.000000 6145.000000 0.000000 0.000000 18432.000000 0.000000 0.000000 0.000000 0.000000 2540.000000 38272.000000 6528.000000 0.000000 0.000000 0.000000 0.000000 0.000000 4273.000000 0.000000 0.000000 36109.000000 4592.000000 50470.000000 35399.000000 22216.000000 648.000000 0.000000 0.000000 0.000000 5176.000000 3936.000000 
59
0.000000 43008.000000 0.000000 0.000000 2315.000000 2985.000000 11642.000000 0.000000 0.000000 0.000000 0.000000 0.000000 0.000000 0.000000 61440.000000 0.000000 0.000000 0.000000 0.000000 17888.000000 16576.000000 0.000000 0.000000 43008.000000 3720.000000 0.000000 0.000000 0.000000 21226.000000 0.000000 16576.000000 6145.000000 0.000000 0.000000 18432.000000 0.000000 0.000000 0.000000 0.000000 2540.000000 38976.000000 6538.000000 0.000000 0.000000 0.000000 4608.000000 0.000000 3553.000000 0.000000 0.000000 41103.000000 3500.000000 51645.000000 41661.000000 28200.000000 2056.000000 0.000000 0.000000 0.000000 11320.000000 10080.000000 
60
0.000000 49152.000000 0.000000 0.000000 4300.000000 9184.000000 9274.000000 0.000000 0.000000 0.000000 0.000000 0.000000 0.000000 0.000000 67584.000000 6144.000000 0.000000 0.000000 0.000000 10144.000000 16576.000000 1254.000000 0.000000 49152.000000 5040.000000 0.000000 0.000000 0.000000 25124.000000 0.000000 18944.000000 12290.000000 0.000000 0.000000 24576.000000 0.000000 0.000000 0.000000 0.000000 0.000000 36928.000000 9792.000000 0.000000 0.000000 0.000000 0.000000 0.000000 0.000000 0.000000 0.000000 41689.000000 0.000000 59112.000000 37864.000000 36568.000000 15320.000000 0.000000 108.000000 0.000000 5176.000000 2588.000000 
61
0.000000 43008.000000 0.000000 0.000000 4300.000000 9088.000000 9472.000000 0.000000 0.000000 0.000000 0.000000 0.000000 0.000000 0.000000 61440.000000 0.000000 0.000000 0.000000 0.000000 17888.000000 18944.000000 0.000000 0.000000 43008.000000 5040.000000 0.000000 0.000000 0.000000 25028.000000 0.000000 18944.000000 12290.000000 0.000000 0.000000 18432.000000 0.000000 0.000000 0.000000 0.000000 2540.000000 36928.000000 6538.000000 0.000000 0.000000 0.000000 0.000000 0.000000 0.000000 0.000000 0.000000 31947.000000 0.000000 59112.000000 37864.000000 35160.000000 15320.000000 0.000000 0.000000 0.000000 3612.000000 1025.000000 
62
0.000000 43008.000000 0.000000 0.000000 4300.000000 9088.000000 9472.000000 0.000000 0.000000 0.000000 0.000000 0.000000 0.000000 0.000000 61440.000000 0.000000 0.000000 0.000000 0.000000 17792.000000 16576.000000 0.000000 0.000000 43008.000000 5040.000000 0.000000 0.000000 0.000000 25028.000000 0.000000 18944.000000 6145.000000 0.000000 0.000000 18432.000000 0.000000 0.000000 0.000000 0.000000 2540.000000 38272.000000 9792.000000 0.000000 0.000000 0.000000 0.000000 0.000000 0.000000 0.000000 0.000000 34461.000000 0.000000 58352.000000 38512.000000 37432.000000 22112.000000 648.000000 0.000000 0.000000 3828.000000 1024.000000 
63
0.000000 43008.000000 0.000000 0.000000 2315.000000 9088.000000 11642.000000 0.000000 0.000000 0.000000 0.000000 0.000000 0.000000 0.000000 61440.000000 0.000000 0.000000 0.000000 0.000000 17792.000000 16576.000000 0.000000 0.000000 43008.000000 4852.000000 0.000000 0.000000 0.000000 23832.000000 0.000000 16576.000000 6145.000000 0.000000 0.000000 18432.000000 0.000000 0.000000 0.000000 0.000000 2540.000000 38976.000000 7611.000000 0.000000 0.000000 0.000000 0.000000 0.000000 0.000000 0.000000 0.000000 41103.000000 0.000000 58612.000000 38080.000000 34184.000000 9608.000000 216.000000 0.000000 0.000000 11320.000000 8732.000000 
64
0.000000 49152.000000 0.000000 0.000000 2150.000000 8800.000000 9472.000000 0.000000 0.000000 0.000000 0.000000 0.000000 0.000000 0.000000 67584.000000 0.000000 0.000000 0.000000 0.000000 17888.000000 18944.000000 0.000000 0.000000 49152.000000 2992.000000 0.000000 0.000000 0.000000 25124.000000 0.000000 18944.000000 12290.000000 0.000000 0.000000 24576.000000 0.000000 0.000000 0.000000 0.000000 0.000000 39296.000000 6530.000000 0.000000 0.000000 0.000000 0.000000 0.000000 0.000000 0.000000 0.000000 41689.000000 0.000000 52968.000000 37432.000000 33752.000000 9176.000000 0.000000 0.000000 0.000000 5552.000000 4016.000000 
65
0.000000 43008.000000 0.000000 0.000000 2150.000000 12984.000000 9274.000000 0.000000 0.000000 0.000000 0.000000 0.000000 0.000000 0.000000 61440.000000 0.000000 0.000000 0.000000 0.000000 17888.000000 16576.000000 1254.000000 0.000000 43008.000000 2992.000000 0.000000 0.000000 0.000000 25028.000000 0.000000 18944.000000 12290.000000 0.000000 0.000000 18432.000000 0.000000 0.000000 0.000000 0.000000 2540.000000 36928.000000 6531.000000 0.000000 0.000000 0.000000 0.000000 0.000000 0.000000 0.000000 0.000000 31947.000000 0.000000 52968.000000 37432.000000 33752.000000 9176.000000 0.000000 0.000000 0.000000 6064.000000 4420.000000 
66
0.000000 43008.000000 0.000000 0.000000 2150.000000 21688.000000 11642.000000 0.000000 0.000000 0.000000 0.000000 0.000000 0.000000 0.000000 61440.000000 0.000000 0.000000 0.000000 0.000000 17888.000000 16576.000000 0.000000 0.000000 43008.000000 2184.000000 0.000000 0.000000 0.000000 25028.000000 0.000000 18944.000000 6145.000000 0.000000 0.000000 18432.000000 0.000000 0.000000 0.000000 0.000000 2540.000000 36928.000000 6528.000000 0.000000 0.000000 0.000000 0.000000 0.000000 0.000000 0.000000 0.000000 34461.000000 0.000000 52208.000000 37864.000000 28256.000000 3680.000000 216.000000 0.000000 0.000000 5256.000000 3208.000000 
67
0.000000 43008.000000 0.000000 0.000000 0.000000 8800.000000 9274.000000 0.000000 0.000000 0.000000 0.000000 0.000000 0.000000 0.000000 61440.000000 0.000000 0.000000 0.000000 0.000000 17888.000000 16576.000000 0.000000 0.000000 43008.000000 2184.000000 0.000000 0.000000 0.000000 23832.000000 0.000000 16576.000000 6145.000000 0.000000 0.000000 18432.000000 0.000000 0.000000 0.000000 0.000000 2540.000000 37952.000000 6528.000000 0.000000 0.000000 0.000000 0.000000 0.000000 0.000000 0.000000 0.000000 41103.000000 0.000000 52468.000000 37432.000000 21896.000000 648.000000 0.000000 0.000000 0.000000 4745.000000 2697.000000 
68
0.000000 49152.000000 0.000000 0.000000 4300.000000 0.000000 9274.000000 0.000000 0.000000 0.000000 0.000000 0.000000 0.000000 0.000000 67584.000000 6144.000000 0.000000 0.000000 0.000000 17600.000000 21312.000000 6274.000000 5.000000 43700.000000 13105.000000 0.000000 0.000000 0.000000 27044.000000 0.000000 18944.000000 6868.000000 0.000000 0.000000 30720.000000 512.000000 0.000000 0.000000 0.000000 0.000000 35584.000000 6532.000000 0.000000 0.000000 0.000000 11520.000000 0.000000 3557.000000 0.000000 0.000000 41689.000000 0.000000 64176.000000 38192.000000 27608.000000 0.000000 0.000000 0.000000 0.000000 6388.000000 3720.000000 
69
0.000000 43008.000000 0.000000 0.000000 4300.000000 1056.000000 11642.000000 0.000000 0.000000 0.000000 0.000000 0.000000 0.000000 0.000000 61440.000000 0.000000 0.000000 0.000000 0.000000 17600.000000 21312.000000 7525.000000 0.000000 43700.000000 13105.000000 0.000000 0.000000 0.000000 26948.000000 0.000000 18944.000000 12290.000000 0.000000 0.000000 24576.000000 3992.000000 0.000000 0.000000 0.000000 0.000000 35584.000000 7792.000000 764.000000 0.000000 0.000000 5760.000000 0.000000 7345.000000 0.000000 0.000000 31947.000000 0.000000 64928.000000 40352.000000 28256.000000 0.000000 0.000000 0.000000 0.000000 6712.000000 5660.000000 
70
0.000000 43008.000000 0.000000 0.000000 4300.000000 1152.000000 9274.000000 0.000000 0.000000 0.000000 0.000000 0.000000 0.000000 0.000000 61440.000000 0.000000 0.000000 0.000000 0.000000 17600.000000 21312.000000 7525.000000 0.000000 49152.000000 12671.000000 0.000000 0.000000 0.000000 27812.000000 0.000000 16576.000000 12530.000000 0.000000 0.000000 24576.000000 9812.000000 0.000000 0.000000 0.000000 0.000000 34920.000000 7788.000000 2300.000000 0.000000 0.000000 6912.000000 0.000000 7345.000000 0.000000 0.000000 37979.000000 0.000000 65188.000000 39204.000000 28040.000000 0.000000 0.000000 0.000000 0.000000 6712.000000 4744.000000 
71
0.000000 43008.000000 0.000000 0.000000 2267.000000 0.000000 7104.000000 0.000000 0.000000 0.000000 0.000000 0.000000 0.000000 0.000000 61440.000000 0.000000 0.000000 0.000000 0.000000 9952.000000 18944.000000 7525.000000 0.000000 43008.000000 13152.000000 0.000000 0.000000 0.000000 25752.000000 0.000000 16576.000000 6855.000000 0.000000 0.000000 24576.000000 4100.000000 0.000000 0.000000 0.000000 0.000000 33896.000000 9944.000000 0.000000 0.000000 0.000000 5760.000000 0.000000 481.000000 0.000000 0.000000 41103.000000 0.000000 65472.000000 39488.000000 21464.000000 0.000000 0.000000 0.000000 0.000000 6281.000000 3504.000000 
72
0.000000 49152.000000 0.000000 0.000000 4300.000000 22374.000000 11642.000000 0.000000 0.000000 0.000000 0.000000 0.000000 0.000000 0.000000 67584.000000 6144.000000 0.000000 0.000000 0.000000 10240.000000 18944.000000 0.000000 0.000000 49152.000000 4016.000000 0.000000 0.000000 0.000000 27044.000000 0.000000 18944.000000 12290.000000 0.000000 0.000000 30720.000000 0.000000 0.000000 0.000000 0.000000 0.000000 36928.000000 6528.000000 0.000000 0.000000 0.000000 0.000000 0.000000 0.000000 18816.000000 0.000000 46993.000000 0.000000 0.000000 0.000000 7680.000000 81347.000000 50627.000000 9392.000000 0.000000 4096.000000 5740.000000 
73
0.000000 43008.000000 0.000000 0.000000 4300.000000 10048.000000 11642.000000 0.000000 0.000000 0.000000 0.000000 0.000000 0.000000 0.000000 61440.000000 0.000000 0.000000 0.000000 0.000000 17792.000000 18944.000000 1254.000000 0.000000 43008.000000 4016.000000 0.000000 0.000000 0.000000 22350.000000 0.000000 18944.000000 12290.000000 0.000000 0.000000 24576.000000 0.000000 0.000000 0.000000 0.000000 2540.000000 36928.000000 4832.000000 0.000000 0.000000 0.000000 0.000000 0.000000 0.000000 14976.000000 0.000000 50022.000000 2636.000000 0.000000 0.000000 7520.000000 81434.000000 50714.000000 9392.000000 0.000000 3584.000000 5768.000000 
74
0.000000 43008.000000 0.000000 0.000000 4300.000000 11776.000000 9472.000000 0.000000 0.000000 0.000000 0.000000 0.000000 0.000000 0.000000 61440.000000 0.000000 0.000000 0.000000 0.000000 17792.000000 21312.000000 0.000000 0.000000 43008.000000 4016.000000 0.000000 0.000000 0.000000 22350.000000 0.000000 16576.000000 6145.000000 0.000000 0.000000 24576.000000 0.000000 0.000000 0.000000 0.000000 2540.000000 38272.000000 6531.000000 0.000000 11068.000000 11068.000000 11068.000000 11068.000000 11068.000000 16828.000000 16828.000000 52860.000000 28191.000000 28191.000000 28191.000000 26247.000000 84909.000000 84909.000000 84077.000000 30119.000000 1340.000000 6017.000000 
75
0.000000 43008.000000 0.000000 0.000000 2267.000000 10048.000000 9274.000000 0.000000 0.000000 0.000000 0.000000 0.000000 0.000000 0.000000 61440.000000 0.000000 0.000000 0.000000 0.000000 17792.000000 21312.000000 0.000000 0.000000 43008.000000 3316.000000 0.000000 0.000000 0.000000 25752.000000 0.000000 16576.000000 6145.000000 0.000000 0.000000 24576.000000 0.000000 0.000000 0.000000 0.000000 2540.000000 38976.000000 6531.000000 0.000000 0.000000 0.000000 0.000000 0.000000 0.000000 12672.000000 0.000000 39838.000000 2592.000000 0.000000 0.000000 7552.000000 77705.000000 42394.000000 0.000000 0.000000 3584.000000 5768.000000 
76
0.000000 49152.000000 0.000000 0.000000 4300.000000 9472.000000 9472.000000 692.000000 0.000000 0.000000 0.000000 0.000000 0.000000 0.000000 67584.000000 6144.000000 0.000000 0.000000 0.000000 9952.000000 21312.000000 1254.000000 0.000000 49152.000000 0.000000 0.000000 0.000000 0.000000 23162.000000 0.000000 18944.000000 6837.000000 6837.000000 6837.000000 18432.000000 10488.000000 0.000000 0.000000 0.000000 2058.000000 39656.000000 8940.000000 5500.000000 9124.000000 0.000000 0.000000 0.000000 4039.000000 0.000000 0.000000 41689.000000 0.000000 0.000000 0.000000 75251.000000 71411.000000 40691.000000 0.000000 0.000000 12533.000000 5040.000000 
77
0.000000 43008.000000 0.000000 0.000000 4300.000000 12984.000000 9472.000000 692.000000 0.000000 0.000000 0.000000 0.000000 0.000000 0.000000 61440.000000 0.000000 0.000000 0.000000 0.000000 17600.000000 21312.000000 0.000000 0.000000 43008.000000 0.000000 0.000000 0.000000 0.000000 23174.000000 0.000000 18944.000000 12290.000000 0.000000 0.000000 24576.000000 4232.000000 0.000000 0.000000 0.000000 3912.000000 39464.000000 9474.000000 944.000000 7870.000000 0.000000 0.000000 0.000000 4273.000000 0.000000 0.000000 35579.000000 648.000000 0.000000 0.000000 75035.000000 66299.000000 34344.000000 0.000000 0.000000 12938.000000 4933.000000 
78
0.000000 43008.000000 0.000000 0.000000 4300.000000 21688.000000 11642.000000 692.000000 0.000000 0.000000 0.000000 0.000000 0.000000 0.000000 61440.000000 0.000000 0.000000 0.000000 0.000000 17600.000000 21312.000000 0.000000 0.000000 43008.000000 0.000000 0.000000 0.000000 0.000000 23174.000000 0.000000 16576.000000 12290.000000 0.000000 0.000000 24576.000000 4744.000000 0.000000 0.000000 0.000000 3912.000000 37440.000000 8693.000000 0.000000 6216.000000 0.000000 0.000000 0.000000 4273.000000 0.000000 0.000000 36109.000000 1080.000000 0.000000 0.000000 75203.000000 59723.000000 27768.000000 0.000000 0.000000 6820.000000 4960.000000 
79
0.000000 43008.000000 0.000000 0.000000 2267.000000 9376.000000 9274.000000 0.000000 0.000000 0.000000 0.000000 0.000000 0.000000 0.000000 61440.000000 0.000000 0.000000 0.000000 0.000000 17600.000000 21312.000000 0.000000 0.000000 43008.000000 0.000000 0.000000 0.000000 0.000000 22018.000000 0.000000 16576.000000 6145.000000 0.000000 0.000000 18432.000000 10920.000000 0.000000 0.000000 0.000000 3912.000000 37440.000000 8692.000000 0.000000 7470.000000 0.000000 0.000000 0.000000 481.000000 0.000000 0.000000 41103.000000 432.000000 0.000000 0.000000 75068.000000 69106.000000 37151.000000 0.000000 0.000000 12453.000000 4744.000000 
