0
0.000000 0.000000 34784.000000 121002.000000 60940.000000 16465.000000 4384.000000 32891.000000 7680.000000 0.000000 0.000000 0.000000 0.000000 0.000000 0.000000 18816.000000 37002.000000 107136.000000 96144.000000 21021.000000 6048.000000 12916.000000 2948.000000 25851.000000 30592.000000 3456.000000 66562.000000 100224.000000 17356.000000 10896.000000 3264.000000 0.000000 0.000000 0.000000 8256.000000 22912.000000 4312.000000 100266.000000 76492.000000 6656.000000 15184.000000 18865.000000 2336.000000 10176.000000 16512.000000 28224.000000 33408.000000 3584.000000 960.000000 9192.000000 10526.000000 26.000000 35.000000 8199.000000 12.000000 12.000000 20.000000 8304.000000 0.000000 48513.000000 0.000000 
1
0.000000 0.000000 34784.000000 121002.000000 60940.000000 16465.000000 4384.000000 32891.000000 7680.000000 0.000000 0.000000 0.000000 0.000000 0.000000 0.000000 18816.000000 37002.000000 107136.000000 96144.000000 21021.000000 6048.000000 12916.000000 2948.000000 25851.000000 30592.000000 3456.000000 66562.000000 100224.000000 17356.000000 10896.000000 3264.000000 0.000000 0.000000 0.000000 8256.000000 22912.000000 4312.000000 100266.000000 76492.000000 6656.000000 15184.000000 18865.000000 2336.000000 10176.000000 16512.000000 28224.000000 33408.000000 3584.000000 960.000000 9192.000000 10526.000000 26.000000 35.000000 8199.000000 12.000000 12.000000 20.000000 8304.000000 0.000000 48513.000000 0.000000 
2
0.000000 0.000000 34784.000000 121002.000000 60940.000000 16465.000000 4384.000000 32891.000000 7680.000000 0.000000 0.000000 0.000000 0.000000 0.000000 0.000000 18816.000000 37002.000000 107136.000000 96144.000000 21021.000000 6048.000000 12916.000000 2948.000000 25851.000000 30592.000000 3456.000000 66562.000000 100224.000000 17356.000000 10896.000000 3264.000000 0.000000 0.000000 0.000000 8256.000000 22912.000000 4312.000000 100266.000000 76492.000000 6656.000000 15184.000000 18865.000000 2336.000000 10176.000000 16512.000000 28224.000000 33408.000000 3584.000000 960.000000 9192.000000 10526.000000 26.000000 35.000000 8199.000000 12.000000 12.000000 20.000000 8304.000000 0.000000 48513.000000 0.000000 
3
0.000000 0.000000 34784.000000 121002.000000 60940.000000 16465.000000 4384.000000 32891.000000 7680.000000 0.000000 0.000000 0.000000 0.000000 0.000000 0.000000 18816.000000 37002.000000 107136.000000 96144.000000 21021.000000 6048.000000 12916.000000 2948.000000 25851.000000 30592.000000 3456.000000 66562.000000 100224.000000 17356.000000 10896.000000 3264.000000 0.000000 0.000000 0.000000 8256.000000 22912.000000 4312.000000 100266.000000 76492.000000 6656.000000 15184.000000 18865.000000 2336.000000 10176.000000 16512.000000 28224.000000 33408.000000 3584.000000 960.000000 9192.000000 10526.000000 26.000000 35.000000 8199.000000 12.000000 12.000000 20.000000 8304.000000 0.000000 48513.000000 0.000000 
4
0.000000 42048.000000 35041.000000 124458.000000 102412.000000 21841.000000 7568.000000 31451.000000 1536.000000 0.000000 0.000000 33792.000000 0.000000 0.000000 8256.000000 8193.000000 43010.000000 107136.000000 48556.000000 19072.000000 6656.000000 9724.000000 4372.000000 25851.000000 30593.000000 3456.000000 66562.000000 100224.000000 67660.000000 11408.000000 2752.000000 0.000000 0.000000 0.000000 8256.000000 26369.000000 856.000000 96810.000000 103680.000000 33228.000000 15184.000000 52529.000000 2336.000000 10464.000000 17376.000000 27072.000000 33408.000000 3584.000000 960.000000 9384.000000 10334.000000 8232.000000 12408.000000 0.000000 0.000000 0.000000 8192.000000 0.000000 0.000000 40321.000000 0.000000 
5
0.000000 42048.000000 35041.000000 124458.000000 102412.000000 21841.000000 7568.000000 31451.000000 1536.000000 0.000000 0.000000 33792.000000 0.000000 0.000000 8256.000000 8193.000000 43010.000000 107136.000000 48556.000000 19072.000000 6656.000000 9724.000000 4372.000000 25851.000000 30593.000000 3456.000000 66562.000000 100224.000000 67660.000000 11408.000000 2752.000000 0.000000 0.000000 0.000000 8256.000000 26369.000000 856.000000 96810.000000 103680.000000 33228.000000 15184.000000 52529.000000 2336.000000 10464.000000 17376.000000 27072.000000 33408.000000 3584.000000 960.000000 9384.000000 10334.000000 8232.000000 12408.000000 0.000000 0.000000 0.000000 8192.000000 0.000000 0.000000 40321.000000 0.000000 
6
0.000000 42048.000000 35041.000000 124458.000000 102412.000000 21841.000000 7568.000000 31451.000000 1536.000000 0.000000 0.000000 33792.000000 0.000000 0.000000 8256.000000 8193.000000 43010.000000 107136.000000 48556.000000 19072.000000 6656.000000 9724.000000 4372.000000 25851.000000 30593.000000 3456.000000 66562.000000 100224.000000 67660.000000 11408.000000 2752.000000 0.000000 0.000000 0.000000 8256.000000 26369.000000 856.000000 96810.000000 103680.000000 33228.000000 15184.000000 52529.000000 2336.000000 10464.000000 17376.000000 27072.000000 33408.000000 3584.000000 960.000000 9384.000000 10334.000000 8232.000000 12408.000000 0.000000 0.000000 0.000000 8192.000000 0.000000 0.000000 40321.000000 0.000000 
7
0.000000 42048.000000 35041.000000 124458.000000 102412.000000 21841.000000 7568.000000 31451.000000 1536.000000 0.000000 0.000000 33792.000000 0.000000 0.000000 8256.000000 8193.000000 43010.000000 107136.000000 48556.000000 19072.000000 6656.000000 9724.000000 4372.000000 25851.000000 30593.000000 3456.000000 66562.000000 100224.000000 67660.000000 11408.000000 2752.000000 0.000000 0.000000 0.000000 8256.000000 26369.000000 856.000000 96810.000000 103680.000000 33228.000000 15184.000000 52529.000000 2336.000000 10464.000000 17376.000000 27072.000000 33408.000000 3584.000000 960.000000 9384.000000 10334.000000 8232.000000 12408.000000 0.000000 0.000000 0.000000 8192.000000 0.000000 0.000000 40321.000000 0.000000 
8
0.000000 42048.000000 35041.000000 114090.000000 112780.000000 23377.000000 5296.000000 32523.000000 6912.000000 0.000000 0.000000 33792.000000 0.000000 0.000000 8256.000000 8193.000000 26034.000000 107136.000000 109276.000000 18720.000000 6464.000000 43580.000000 4372.000000 25851.000000 30593.000000 3456.000000 63106.000000 100224.000000 71116.000000 11408.000000 3264.000000 0.000000 0.000000 0.000000 8256.000000 26369.000000 856.000000 96810.000000 103680.000000 33228.000000 15184.000000 52657.000000 2336.000000 10464.000000 17376.000000 27072.000000 33984.000000 3008.000000 960.000000 9096.000000 10622.000000 26.000000 35.000000 12293.000000 12.000000 12.000000 20.000000 8306.000000 0.000000 48513.000000 0.000000 
9
0.000000 42048.000000 35041.000000 114090.000000 112780.000000 23377.000000 5296.000000 32523.000000 6912.000000 0.000000 0.000000 33792.000000 0.000000 0.000000 8256.000000 8193.000000 26034.000000 107136.000000 109276.000000 18720.000000 6464.000000 43580.000000 4372.000000 25851.000000 30593.000000 3456.000000 63106.000000 100224.000000 71116.000000 11408.000000 3264.000000 0.000000 0.000000 0.000000 8256.000000 26369.000000 856.000000 96810.000000 103680.000000 33228.000000 15184.000000 52657.000000 2336.000000 10464.000000 17376.000000 27072.000000 33984.000000 3008.000000 960.000000 9096.000000 10622.000000 26.000000 35.000000 12293.000000 12.000000 12.000000 20.000000 8306.000000 0.000000 48513.000000 0.000000 
10
0.000000 42048.000000 35041.000000 114090.000000 112780.000000 23377.000000 5296.000000 32523.000000 6912.000000 0.000000 0.000000 33792.000000 0.000000 0.000000 8256.000000 8193.000000 26034.000000 107136.000000 109276.000000 18720.000000 6464.000000 43580.000000 4372.000000 25851.000000 30593.000000 3456.000000 63106.000000 100224.000000 71116.000000 11408.000000 3264.000000 0.000000 0.000000 0.000000 8256.000000 26369.000000 856.000000 96810.000000 103680.000000 33228.000000 15184.000000 52657.000000 2336.000000 10464.000000 17376.000000 27072.000000 33984.000000 3008.000000 960.000000 9096.000000 10622.000000 26.000000 35.000000 12293.000000 12.000000 12.000000 20.000000 8306.000000 0.000000 48513.000000 0.000000 
11
0.000000 42048.000000 35041.000000 114090.000000 112780.000000 23377.000000 5296.000000 32523.000000 6912.000000 0.000000 0.000000 33792.000000 0.000000 0.000000 8256.000000 8193.000000 26034.000000 107136.000000 109276.000000 18720.000000 6464.000000 43580.000000 4372.000000 25851.000000 30593.000000 3456.000000 63106.000000 100224.000000 71116.000000 11408.000000 3264.000000 0.000000 0.000000 0.000000 8256.000000 26369.000000 856.000000 96810.000000 103680.000000 33228.000000 15184.000000 52657.000000 2336.000000 10464.000000 17376.000000 27072.000000 33984.000000 3008.000000 960.000000 9096.000000 10622.000000 26.000000 35.000000 12293.000000 12.000000 12.000000 20.000000 8306.000000 0.000000 48513.000000 0.000000 
12
0.000000 42048.000000 35041.000000 117546.000000 109516.000000 19600.000000 9072.000000 21832.000000 13675.000000 0.000000 0.000000 33792.000000 0.000000 0.000000 8256.000000 16385.000000 21298.000000 103680.000000 109276.000000 20512.000000 6144.000000 9852.000000 4372.000000 25851.000000 30593.000000 3456.000000 63106.000000 100224.000000 71308.000000 11408.000000 3264.000000 33792.000000 0.000000 0.000000 8256.000000 26369.000000 856.000000 103722.000000 100224.000000 29964.000000 13648.000000 52657.000000 2336.000000 10464.000000 17376.000000 27072.000000 33984.000000 3008.000000 0.000000 10344.000000 10302.000000 40.000000 20544.000000 0.000000 0.000000 8192.000000 0.000000 0.000000 0.000000 40321.000000 0.000000 
13
0.000000 42048.000000 35041.000000 117546.000000 109516.000000 19600.000000 9072.000000 21832.000000 13675.000000 0.000000 0.000000 33792.000000 0.000000 0.000000 8256.000000 16385.000000 21298.000000 103680.000000 109276.000000 20512.000000 6144.000000 9852.000000 4372.000000 25851.000000 30593.000000 3456.000000 63106.000000 100224.000000 71308.000000 11408.000000 3264.000000 33792.000000 0.000000 0.000000 8256.000000 26369.000000 856.000000 103722.000000 100224.000000 29964.000000 13648.000000 52657.000000 2336.000000 10464.000000 17376.000000 27072.000000 33984.000000 3008.000000 0.000000 10344.000000 10302.000000 40.000000 20544.000000 0.000000 0.000000 8192.000000 0.000000 0.000000 0.000000 40321.000000 0.000000 
14
0.000000 42048.000000 35041.000000 117546.000000 109516.000000 19600.000000 9072.000000 21832.000000 13675.000000 0.000000 0.000000 33792.000000 0.000000 0.000000 8256.000000 16385.000000 21298.000000 103680.000000 109276.000000 20512.000000 6144.000000 9852.000000 4372.000000 25851.000000 30593.000000 3456.000000 63106.000000 100224.000000 71308.000000 11408.000000 3264.000000 33792.000000 0.000000 0.000000 8256.000000 26369.000000 856.000000 103722.000000 100224.000000 29964.000000 13648.000000 52657.000000 2336.000000 10464.000000 17376.000000 27072.000000 33984.000000 3008.000000 0.000000 10344.000000 10302.000000 40.000000 20544.000000 0.000000 0.000000 8192.000000 0.000000 0.000000 0.000000 40321.000000 0.000000 
15
0.000000 42048.000000 35041.000000 117546.000000 109516.000000 19600.000000 9072.000000 21832.000000 13675.000000 0.000000 0.000000 33792.000000 0.000000 0.000000 8256.000000 16385.000000 21298.000000 103680.000000 109276.000000 20512.000000 6144.000000 9852.000000 4372.000000 25851.000000 30593.000000 3456.000000 63106.000000 100224.000000 71308.000000 11408.000000 3264.000000 33792.000000 0.000000 0.000000 8256.000000 26369.000000 856.000000 103722.000000 100224.000000 29964.000000 13648.000000 52657.000000 2336.000000 10464.000000 17376.000000 27072.000000 33984.000000 3008.000000 0.000000 10344.000000 10302.000000 40.000000 20544.000000 0.000000 0.000000 8192.000000 0.000000 0.000000 0.000000 40321.000000 0.000000 
16
0.000000 42048.000000 35041.000000 124416.000000 56956.000000 16641.000000 10224.000000 31451.000000 6912.000000 0.000000 0.000000 33792.000000 0.000000 0.000000 8256.000000 16385.000000 35074.000000 107136.000000 92380.000000 18400.000000 6560.000000 43644.000000 4372.000000 25851.000000 30593.000000 3456.000000 62850.000000 100224.000000 24316.000000 11408.000000 3264.000000 0.000000 0.000000 0.000000 8256.000000 26369.000000 856.000000 117546.000000 59836.000000 9408.000000 14800.000000 52657.000000 2336.000000 10560.000000 17280.000000 27072.000000 33984.000000 3072.000000 896.000000 12480.000000 7072.000000 42.000000 16502.000000 0.000000 0.000000 0.000000 0.000000 8192.000000 0.000000 40321.000000 0.000000 
17
0.000000 42048.000000 35041.000000 124416.000000 56956.000000 16641.000000 10224.000000 31451.000000 6912.000000 0.000000 0.000000 33792.000000 0.000000 0.000000 8256.000000 16385.000000 35074.000000 107136.000000 92380.000000 18400.000000 6560.000000 43644.000000 4372.000000 25851.000000 30593.000000 3456.000000 62850.000000 100224.000000 24316.000000 11408.000000 3264.000000 0.000000 0.000000 0.000000 8256.000000 26369.000000 856.000000 117546.000000 59836.000000 9408.000000 14800.000000 52657.000000 2336.000000 10560.000000 17280.000000 27072.000000 33984.000000 3072.000000 896.000000 12480.000000 7072.000000 42.000000 16502.000000 0.000000 0.000000 0.000000 0.000000 8192.000000 0.000000 40321.000000 0.000000 
18
0.000000 42048.000000 35041.000000 124416.000000 56956.000000 16641.000000 10224.000000 31451.000000 6912.000000 0.000000 0.000000 33792.000000 0.000000 0.000000 8256.000000 16385.000000 35074.000000 107136.000000 92380.000000 18400.000000 6560.000000 43644.000000 4372.000000 25851.000000 30593.000000 3456.000000 62850.000000 100224.000000 24316.000000 11408.000000 3264.000000 0.000000 0.000000 0.000000 8256.000000 26369.000000 856.000000 117546.000000 59836.000000 9408.000000 14800.000000 52657.000000 2336.000000 10560.000000 17280.000000 27072.000000 33984.000000 3072.000000 896.000000 12480.000000 7072.000000 42.000000 16502.000000 0.000000 0.000000 0.000000 0.000000 8192.000000 0.000000 40321.000000 0.000000 
19
0.000000 42048.000000 35041.000000 124416.000000 56956.000000 16641.000000 10224.000000 31451.000000 6912.000000 0.000000 0.000000 33792.000000 0.000000 0.000000 8256.000000 16385.000000 35074.000000 107136.000000 92380.000000 18400.000000 6560.000000 43644.000000 4372.000000 25851.000000 30593.000000 3456.000000 62850.000000 100224.000000 24316.000000 11408.000000 3264.000000 0.000000 0.000000 0.000000 8256.000000 26369.000000 856.000000 117546.000000 59836.000000 9408.000000 14800.000000 52657.000000 2336.000000 10560.000000 17280.000000 27072.000000 33984.000000 3072.000000 896.000000 12480.000000 7072.000000 42.000000 16502.000000 0.000000 0.000000 0.000000 0.000000 8192.000000 0.000000 40321.000000 0.000000 
20
0.000000 42048.000000 35041.000000 127914.000000 98428.000000 23393.000000 6016.000000 31419.000000 7680.000000 0.000000 0.000000 33792.000000 0.000000 0.000000 8256.000000 14721.000000 36696.000000 103680.000000 52156.000000 21088.000000 4416.000000 42104.000000 4372.000000 25851.000000 30593.000000 0.000000 76930.000000 100224.000000 57340.000000 11408.000000 3264.000000 33792.000000 0.000000 0.000000 8256.000000 26369.000000 856.000000 110634.000000 100224.000000 22908.000000 15056.000000 18881.000000 2320.000000 10560.000000 17280.000000 27072.000000 33984.000000 3008.000000 960.000000 9096.000000 10622.000000 8298.000000 12342.000000 0.000000 0.000000 0.000000 8192.000000 0.000000 0.000000 40321.000000 0.000000 
21
0.000000 42048.000000 35041.000000 127914.000000 98428.000000 23393.000000 6016.000000 31419.000000 7680.000000 0.000000 0.000000 33792.000000 0.000000 0.000000 8256.000000 14721.000000 36696.000000 103680.000000 52156.000000 21088.000000 4416.000000 42104.000000 4372.000000 25851.000000 30593.000000 0.000000 76930.000000 100224.000000 57340.000000 11408.000000 3264.000000 33792.000000 0.000000 0.000000 8256.000000 26369.000000 856.000000 110634.000000 100224.000000 22908.000000 15056.000000 18881.000000 2320.000000 10560.000000 17280.000000 27072.000000 33984.000000 3008.000000 960.000000 9096.000000 10622.000000 8298.000000 12342.000000 0.000000 0.000000 0.000000 8192.000000 0.000000 0.000000 40321.000000 0.000000 
22
0.000000 42048.000000 35041.000000 127914.000000 98428.000000 23393.000000 6016.000000 31419.000000 7680.000000 0.000000 0.000000 33792.000000 0.000000 0.000000 8256.000000 14721.000000 36696.000000 103680.000000 52156.000000 21088.000000 4416.000000 42104.000000 4372.000000 25851.000000 30593.000000 0.000000 76930.000000 100224.000000 57340.000000 11408.000000 3264.000000 33792.000000 0.000000 0.000000 8256.000000 26369.000000 856.000000 110634.000000 100224.000000 22908.000000 15056.000000 18881.000000 2320.000000 10560.000000 17280.000000 27072.000000 33984.000000 3008.000000 960.000000 9096.000000 10622.000000 8298.000000 12342.000000 0.000000 0.000000 0.000000 8192.000000 0.000000 0.000000 40321.000000 0.000000 
23
0.000000 42048.000000 35041.000000 127914.000000 98428.000000 23393.000000 6016.000000 31419.000000 7680.000000 0.000000 0.000000 33792.000000 0.000000 0.000000 8256.000000 14721.000000 36696.000000 103680.000000 52156.000000 21088.000000 4416.000000 42104.000000 4372.000000 25851.000000 30593.000000 0.000000 76930.000000 100224.000000 57340.000000 11408.000000 3264.000000 33792.000000 0.000000 0.000000 8256.000000 26369.000000 856.000000 110634.000000 100224.000000 22908.000000 15056.000000 18881.000000 2320.000000 10560.000000 17280.000000 27072.000000 33984.000000 3008.000000 960.000000 9096.000000 10622.000000 8298.000000 12342.000000 0.000000 0.000000 0.000000 8192.000000 0.000000 0.000000 40321.000000 0.000000 
24
0.000000 42048.000000 35041.000000 121002.000000 105340.000000 21841.000000 7472.000000 33935.000000 7680.000000 0.000000 0.000000 33792.000000 0.000000 0.000000 8256.000000 16385.000000 24706.000000 107136.000000 102556.000000 20416.000000 6656.000000 43644.000000 2928.000000 25815.000000 30593.000000 3456.000000 70018.000000 100224.000000 64252.000000 11408.000000 1728.000000 0.000000 0.000000 0.000000 8256.000000 26369.000000 600.000000 96810.000000 103680.000000 33248.000000 14672.000000 51536.000000 1840.000000 5184.000000 1056.000000 0.000000 34560.000000 2432.000000 896.000000 12384.000000 7168.000000 20576.000000 0.000000 0.000000 0.000000 0.000000 0.000000 0.000000 0.000000 40320.000000 0.000000 
25
0.000000 42048.000000 35041.000000 121002.000000 105340.000000 21841.000000 7472.000000 33935.000000 7680.000000 0.000000 0.000000 33792.000000 0.000000 0.000000 8256.000000 16385.000000 24706.000000 107136.000000 102556.000000 20416.000000 6656.000000 43644.000000 2928.000000 25815.000000 30593.000000 3456.000000 70018.000000 100224.000000 64252.000000 11408.000000 1728.000000 0.000000 0.000000 0.000000 8256.000000 26369.000000 600.000000 96810.000000 103680.000000 33248.000000 14672.000000 51536.000000 1840.000000 5184.000000 1056.000000 0.000000 34560.000000 2432.000000 896.000000 12384.000000 7168.000000 20576.000000 0.000000 0.000000 0.000000 0.000000 0.000000 0.000000 0.000000 40320.000000 0.000000 
26
0.000000 42048.000000 35041.000000 121002.000000 105340.000000 21841.000000 7472.000000 33935.000000 7680.000000 0.000000 0.000000 33792.000000 0.000000 0.000000 8256.000000 16385.000000 24706.000000 107136.000000 102556.000000 20416.000000 6656.000000 43644.000000 2928.000000 25815.000000 30593.000000 3456.000000 70018.000000 100224.000000 64252.000000 11408.000000 1728.000000 0.000000 0.000000 0.000000 8256.000000 26369.000000 600.000000 96810.000000 103680.000000 33248.000000 14672.000000 51536.000000 1840.000000 5184.000000 1056.000000 0.000000 34560.000000 2432.000000 896.000000 12384.000000 7168.000000 20576.000000 0.000000 0.000000 0.000000 0.000000 0.000000 0.000000 0.000000 40320.000000 0.000000 
27
0.000000 42048.000000 35041.000000 121002.000000 105340.000000 21841.000000 7472.000000 33935.000000 7680.000000 0.000000 0.000000 33792.000000 0.000000 0.000000 8256.000000 16385.000000 24706.000000 107136.000000 102556.000000 20416.000000 6656.000000 43644.000000 2928.000000 25815.000000 30593.000000 3456.000000 70018.000000 100224.000000 64252.000000 11408.000000 1728.000000 0.000000 0.000000 0.000000 8256.000000 26369.000000 600.000000 96810.000000 103680.000000 33248.000000 14672.000000 51536.000000 1840.000000 5184.000000 1056.000000 0.000000 34560.000000 2432.000000 896.000000 12384.000000 7168.000000 20576.000000 0.000000 0.000000 0.000000 0.000000 0.000000 0.000000 0.000000 40320.000000 0.000000 
28
0.000000 42048.000000 35041.000000 138282.000000 88252.000000 23393.000000 6016.000000 21832.000000 13675.000000 0.000000 0.000000 33792.000000 0.000000 0.000000 8256.000000 16385.000000 31618.000000 103680.000000 99196.000000 18784.000000 6464.000000 43612.000000 4372.000000 25847.000000 30593.000000 3456.000000 63106.000000 103680.000000 67900.000000 11408.000000 3264.000000 0.000000 0.000000 0.000000 8256.000000 26369.000000 856.000000 96810.000000 103680.000000 33468.000000 14672.000000 52577.000000 2336.000000 10272.000000 16416.000000 28224.000000 33408.000000 3584.000000 960.000000 12768.000000 7232.000000 8230.000000 12410.000000 0.000000 0.000000 0.000000 8192.000000 0.000000 0.000000 40321.000000 0.000000 
29
0.000000 42048.000000 35041.000000 138282.000000 88252.000000 23393.000000 6016.000000 21832.000000 13675.000000 0.000000 0.000000 33792.000000 0.000000 0.000000 8256.000000 16385.000000 31618.000000 103680.000000 99196.000000 18784.000000 6464.000000 43612.000000 4372.000000 25847.000000 30593.000000 3456.000000 63106.000000 103680.000000 67900.000000 11408.000000 3264.000000 0.000000 0.000000 0.000000 8256.000000 26369.000000 856.000000 96810.000000 103680.000000 33468.000000 14672.000000 52577.000000 2336.000000 10272.000000 16416.000000 28224.000000 33408.000000 3584.000000 960.000000 12768.000000 7232.000000 8230.000000 12410.000000 0.000000 0.000000 0.000000 8192.000000 0.000000 0.000000 40321.000000 0.000000 
30
0.000000 42048.000000 35041.000000 138282.000000 88252.000000 23393.000000 6016.000000 21832.000000 13675.000000 0.000000 0.000000 33792.000000 0.000000 0.000000 8256.000000 16385.000000 31618.000000 103680.000000 99196.000000 18784.000000 6464.000000 43612.000000 4372.000000 25847.000000 30593.000000 3456.000000 63106.000000 103680.000000 67900.000000 11408.000000 3264.000000 0.000000 0.000000 0.000000 8256.000000 26369.000000 856.000000 96810.000000 103680.000000 33468.000000 14672.000000 52577.000000 2336.000000 10272.000000 16416.000000 28224.000000 33408.000000 3584.000000 960.000000 12768.000000 7232.000000 8230.000000 12410.000000 0.000000 0.000000 0.000000 8192.000000 0.000000 0.000000 40321.000000 0.000000 
31
0.000000 42048.000000 35041.000000 138282.000000 88252.000000 23393.000000 6016.000000 21832.000000 13675.000000 0.000000 0.000000 33792.000000 0.000000 0.000000 8256.000000 16385.000000 31618.000000 103680.000000 99196.000000 18784.000000 6464.000000 43612.000000 4372.000000 25847.000000 30593.000000 3456.000000 63106.000000 103680.000000 67900.000000 11408.000000 3264.000000 0.000000 0.000000 0.000000 8256.000000 26369.000000 856.000000 96810.000000 103680.000000 33468.000000 14672.000000 52577.000000 2336.000000 10272.000000 16416.000000 28224.000000 33408.000000 3584.000000 960.000000 12768.000000 7232.000000 8230.000000 12410.000000 0.000000 0.000000 0.000000 8192.000000 0.000000 0.000000 40321.000000 0.000000 
32
0.000000 42048.000000 35041.000000 117626.000000 64460.000000 20321.000000 5344.000000 21280.000000 7680.000000 0.000000 0.000000 33792.000000 0.000000 0.000000 8256.000000 22913.000000 45874.000000 103680.000000 78956.000000 16944.000000 5888.000000 40668.000000 4372.000000 13676.000000 24065.000000 3456.000000 56216.000000 100224.000000 33148.000000 9872.000000 2752.000000 33792.000000 0.000000 0.000000 8256.000000 26369.000000 856.000000 89920.000000 86716.000000 12224.000000 12096.000000 52657.000000 2336.000000 10176.000000 17088.000000 27648.000000 35136.000000 1856.000000 960.000000 9096.000000 11006.000000 8232.000000 12408.000000 0.000000 0.000000 0.000000 0.000000 8192.000000 0.000000 6529.000000 0.000000 
33
0.000000 42048.000000 35041.000000 117626.000000 64460.000000 20321.000000 5344.000000 21280.000000 7680.000000 0.000000 0.000000 33792.000000 0.000000 0.000000 8256.000000 22913.000000 45874.000000 103680.000000 78956.000000 16944.000000 5888.000000 40668.000000 4372.000000 13676.000000 24065.000000 3456.000000 56216.000000 100224.000000 33148.000000 9872.000000 2752.000000 33792.000000 0.000000 0.000000 8256.000000 26369.000000 856.000000 89920.000000 86716.000000 12224.000000 12096.000000 52657.000000 2336.000000 10176.000000 17088.000000 27648.000000 35136.000000 1856.000000 960.000000 9096.000000 11006.000000 8232.000000 12408.000000 0.000000 0.000000 0.000000 0.000000 8192.000000 0.000000 6529.000000 0.000000 
34
0.000000 42048.000000 35041.000000 117626.000000 64460.000000 20321.000000 5344.000000 21280.000000 7680.000000 0.000000 0.000000 33792.000000 0.000000 0.000000 8256.000000 22913.000000 45874.000000 103680.000000 78956.000000 16944.000000 5888.000000 40668.000000 4372.000000 13676.000000 24065.000000 3456.000000 56216.000000 100224.000000 33148.000000 9872.000000 2752.000000 33792.000000 0.000000 0.000000 8256.000000 26369.000000 856.000000 89920.000000 86716.000000 12224.000000 12096.000000 52657.000000 2336.000000 10176.000000 17088.000000 27648.000000 35136.000000 1856.000000 960.000000 9096.000000 11006.000000 8232.000000 12408.000000 0.000000 0.000000 0.000000 0.000000 8192.000000 0.000000 6529.000000 0.000000 
35
0.000000 42048.000000 35041.000000 117626.000000 64460.000000 20321.000000 5344.000000 21280.000000 7680.000000 0.000000 0.000000 33792.000000 0.000000 0.000000 8256.000000 22913.000000 45874.000000 103680.000000 78956.000000 16944.000000 5888.000000 40668.000000 4372.000000 13676.000000 24065.000000 3456.000000 56216.000000 100224.000000 33148.000000 9872.000000 2752.000000 33792.000000 0.000000 0.000000 8256.000000 26369.000000 856.000000 89920.000000 86716.000000 12224.000000 12096.000000 52657.000000 2336.000000 10176.000000 17088.000000 27648.000000 35136.000000 1856.000000 960.000000 9096.000000 11006.000000 8232.000000 12408.000000 0.000000 0.000000 0.000000 0.000000 8192.000000 0.000000 6529.000000 0.000000 
36
0.000000 42048.000000 35041.000000 107258.000000 119756.000000 23393.000000 6016.000000 32827.000000 7680.000000 0.000000 0.000000 33792.000000 0.000000 0.000000 8256.000000 22913.000000 11362.000000 103680.000000 68956.000000 21568.000000 4544.000000 12908.000000 1444.000000 24739.000000 29825.000000 3456.000000 52802.000000 100224.000000 81532.000000 11408.000000 3264.000000 33792.000000 0.000000 0.000000 8256.000000 26369.000000 856.000000 93402.000000 100224.000000 40204.000000 14544.000000 18881.000000 2320.000000 10560.000000 17280.000000 27072.000000 33984.000000 3008.000000 192.000000 9288.000000 5406.000000 8232.000000 12312.000000 0.000000 0.000000 0.000000 8192.000000 0.000000 0.000000 6529.000000 0.000000 
37
0.000000 42048.000000 35041.000000 107258.000000 119756.000000 23393.000000 6016.000000 32827.000000 7680.000000 0.000000 0.000000 33792.000000 0.000000 0.000000 8256.000000 22913.000000 11362.000000 103680.000000 68956.000000 21568.000000 4544.000000 12908.000000 1444.000000 24739.000000 29825.000000 3456.000000 52802.000000 100224.000000 81532.000000 11408.000000 3264.000000 33792.000000 0.000000 0.000000 8256.000000 26369.000000 856.000000 93402.000000 100224.000000 40204.000000 14544.000000 18881.000000 2320.000000 10560.000000 17280.000000 27072.000000 33984.000000 3008.000000 192.000000 9288.000000 5406.000000 8232.000000 12312.000000 0.000000 0.000000 0.000000 8192.000000 0.000000 0.000000 6529.000000 0.000000 
38
0.000000 42048.000000 35041.000000 107258.000000 119756.000000 23393.000000 6016.000000 32827.000000 7680.000000 0.000000 0.000000 33792.000000 0.000000 0.000000 8256.000000 22913.000000 11362.000000 103680.000000 68956.000000 21568.000000 4544.000000 12908.000000 1444.000000 24739.000000 29825.000000 3456.000000 52802.000000 100224.000000 81532.000000 11408.000000 3264.000000 33792.000000 0.000000 0.000000 8256.000000 26369.000000 856.000000 93402.000000 100224.000000 40204.000000 14544.000000 18881.000000 2320.000000 10560.000000 17280.000000 27072.000000 33984.000000 3008.000000 192.000000 9288.000000 5406.000000 8232.000000 12312.000000 0.000000 0.000000 0.000000 8192.000000 0.000000 0.000000 6529.000000 0.000000 
39
0.000000 42048.000000 35041.000000 107258.000000 119756.000000 23393.000000 6016.000000 32827.000000 7680.000000 0.000000 0.000000 33792.000000 0.000000 0.000000 8256.000000 22913.000000 11362.000000 103680.000000 68956.000000 21568.000000 4544.000000 12908.000000 1444.000000 24739.000000 29825.000000 3456.000000 52802.000000 100224.000000 81532.000000 11408.000000 3264.000000 33792.000000 0.000000 0.000000 8256.000000 26369.000000 856.000000 93402.000000 100224.000000 40204.000000 14544.000000 18881.000000 2320.000000 10560.000000 17280.000000 27072.000000 33984.000000 3008.000000 192.000000 9288.000000 5406.000000 8232.000000 12312.000000 0.000000 0.000000 0.000000 8192.000000 0.000000 0.000000 6529.000000 0.000000 
40
0.000000 42048.000000 26849.000000 110714.000000 116300.000000 20113.000000 9200.000000 34067.000000 7680.000000 0.000000 0.000000 33792.000000 0.000000 0.000000 8256.000000 8193.000000 4450.000000 107136.000000 115996.000000 20800.000000 6464.000000 9948.000000 4372.000000 24739.000000 30593.000000 3456.000000 80434.000000 103680.000000 50444.000000 11408.000000 2688.000000 33792.000000 0.000000 0.000000 8256.000000 14721.000000 856.000000 96858.000000 100224.000000 36748.000000 15184.000000 18833.000000 1216.000000 10272.000000 17568.000000 27072.000000 33408.000000 3584.000000 960.000000 12288.000000 7424.000000 8234.000000 12406.000000 0.000000 0.000000 0.000000 0.000000 8192.000000 0.000000 6529.000000 0.000000 
41
0.000000 42048.000000 26849.000000 110714.000000 116300.000000 20113.000000 9200.000000 34067.000000 7680.000000 0.000000 0.000000 33792.000000 0.000000 0.000000 8256.000000 8193.000000 4450.000000 107136.000000 115996.000000 20800.000000 6464.000000 9948.000000 4372.000000 24739.000000 30593.000000 3456.000000 80434.000000 103680.000000 50444.000000 11408.000000 2688.000000 33792.000000 0.000000 0.000000 8256.000000 14721.000000 856.000000 96858.000000 100224.000000 36748.000000 15184.000000 18833.000000 1216.000000 10272.000000 17568.000000 27072.000000 33408.000000 3584.000000 960.000000 12288.000000 7424.000000 8234.000000 12406.000000 0.000000 0.000000 0.000000 0.000000 8192.000000 0.000000 6529.000000 0.000000 
42
0.000000 42048.000000 26849.000000 110714.000000 116300.000000 20113.000000 9200.000000 34067.000000 7680.000000 0.000000 0.000000 33792.000000 0.000000 0.000000 8256.000000 8193.000000 4450.000000 107136.000000 115996.000000 20800.000000 6464.000000 9948.000000 4372.000000 24739.000000 30593.000000 3456.000000 80434.000000 103680.000000 50444.000000 11408.000000 2688.000000 33792.000000 0.000000 0.000000 8256.000000 14721.000000 856.000000 96858.000000 100224.000000 36748.000000 15184.000000 18833.000000 1216.000000 10272.000000 17568.000000 27072.000000 33408.000000 3584.000000 960.000000 12288.000000 7424.000000 8234.000000 12406.000000 0.000000 0.000000 0.000000 0.000000 8192.000000 0.000000 6529.000000 0.000000 
43
0.000000 42048.000000 26849.000000 110714.000000 116300.000000 20113.000000 9200.000000 34067.000000 7680.000000 0.000000 0.000000 33792.000000 0.000000 0.000000 8256.000000 8193.000000 4450.000000 107136.000000 115996.000000 20800.000000 6464.000000 9948.000000 4372.000000 24739.000000 30593.000000 3456.000000 80434.000000 103680.000000 50444.000000 11408.000000 2688.000000 33792.000000 0.000000 0.000000 8256.000000 14721.000000 856.000000 96858.000000 100224.000000 36748.000000 15184.000000 18833.000000 1216.000000 10272.000000 17568.000000 27072.000000 33408.000000 3584.000000 960.000000 12288.000000 7424.000000 8234.000000 12406.000000 0.000000 0.000000 0.000000 0.000000 8192.000000 0.000000 6529.000000 0.000000 
44
0.000000 42048.000000 28513.000000 110714.000000 116396.000000 23393.000000 5408.000000 22976.000000 18739.000000 0.000000 0.000000 33792.000000 0.000000 0.000000 8256.000000 16385.000000 14434.000000 107136.000000 112540.000000 20800.000000 6144.000000 43772.000000 4364.000000 25815.000000 30593.000000 3456.000000 70066.000000 100224.000000 64364.000000 10704.000000 3264.000000 33792.000000 0.000000 0.000000 8256.000000 19841.000000 856.000000 86506.000000 103680.000000 43740.000000 15184.000000 18881.000000 2320.000000 10560.000000 17280.000000 27072.000000 33984.000000 3008.000000 960.000000 9192.000000 10526.000000 8230.000000 12410.000000 0.000000 0.000000 0.000000 8192.000000 0.000000 0.000000 6529.000000 0.000000 
45
0.000000 42048.000000 28513.000000 110714.000000 116396.000000 23393.000000 5408.000000 22976.000000 18739.000000 0.000000 0.000000 33792.000000 0.000000 0.000000 8256.000000 16385.000000 14434.000000 107136.000000 112540.000000 20800.000000 6144.000000 43772.000000 4364.000000 25815.000000 30593.000000 3456.000000 70066.000000 100224.000000 64364.000000 10704.000000 3264.000000 33792.000000 0.000000 0.000000 8256.000000 19841.000000 856.000000 86506.000000 103680.000000 43740.000000 15184.000000 18881.000000 2320.000000 10560.000000 17280.000000 27072.000000 33984.000000 3008.000000 960.000000 9192.000000 10526.000000 8230.000000 12410.000000 0.000000 0.000000 0.000000 8192.000000 0.000000 0.000000 6529.000000 0.000000 
46
0.000000 42048.000000 28513.000000 110714.000000 116396.000000 23393.000000 5408.000000 22976.000000 18739.000000 0.000000 0.000000 33792.000000 0.000000 0.000000 8256.000000 16385.000000 14434.000000 107136.000000 112540.000000 20800.000000 6144.000000 43772.000000 4364.000000 25815.000000 30593.000000 3456.000000 70066.000000 100224.000000 64364.000000 10704.000000 3264.000000 33792.000000 0.000000 0.000000 8256.000000 19841.000000 856.000000 86506.000000 103680.000000 43740.000000 15184.000000 18881.000000 2320.000000 10560.000000 17280.000000 27072.000000 33984.000000 3008.000000 960.000000 9192.000000 10526.000000 8230.000000 12410.000000 0.000000 0.000000 0.000000 8192.000000 0.000000 0.000000 6529.000000 0.000000 
47
0.000000 42048.000000 28513.000000 110714.000000 116396.000000 23393.000000 5408.000000 22976.000000 18739.000000 0.000000 0.000000 33792.000000 0.000000 0.000000 8256.000000 16385.000000 14434.000000 107136.000000 112540.000000 20800.000000 6144.000000 43772.000000 4364.000000 25815.000000 30593.000000 3456.000000 70066.000000 100224.000000 64364.000000 10704.000000 3264.000000 33792.000000 0.000000 0.000000 8256.000000 19841.000000 856.000000 86506.000000 103680.000000 43740.000000 15184.000000 18881.000000 2320.000000 10560.000000 17280.000000 27072.000000 33984.000000 3008.000000 960.000000 9192.000000 10526.000000 8230.000000 12410.000000 0.000000 0.000000 0.000000 8192.000000 0.000000 0.000000 6529.000000 0.000000 
48
0.000000 8256.000000 35041.000000 110714.000000 74828.000000 23377.000000 5936.000000 33935.000000 7680.000000 0.000000 0.000000 33792.000000 0.000000 0.000000 8256.000000 16385.000000 31698.000000 107136.000000 92396.000000 22416.000000 4448.000000 9852.000000 1460.000000 24735.000000 22401.000000 3456.000000 49346.000000 103680.000000 40060.000000 10896.000000 3264.000000 0.000000 0.000000 0.000000 8256.000000 26369.000000 856.000000 96858.000000 83276.000000 12224.000000 13648.000000 18833.000000 2336.000000 10080.000000 16608.000000 28224.000000 33408.000000 3584.000000 896.000000 9096.000000 10686.000000 20536.000000 40.000000 0.000000 0.000000 0.000000 8192.000000 0.000000 0.000000 6529.000000 0.000000 
49
0.000000 8256.000000 35041.000000 110714.000000 74828.000000 23377.000000 5936.000000 33935.000000 7680.000000 0.000000 0.000000 33792.000000 0.000000 0.000000 8256.000000 16385.000000 31698.000000 107136.000000 92396.000000 22416.000000 4448.000000 9852.000000 1460.000000 24735.000000 22401.000000 3456.000000 49346.000000 103680.000000 40060.000000 10896.000000 3264.000000 0.000000 0.000000 0.000000 8256.000000 26369.000000 856.000000 96858.000000 83276.000000 12224.000000 13648.000000 18833.000000 2336.000000 10080.000000 16608.000000 28224.000000 33408.000000 3584.000000 896.000000 9096.000000 10686.000000 20536.000000 40.000000 0.000000 0.000000 0.000000 8192.000000 0.000000 0.000000 6529.000000 0.000000 
50
0.000000 8256.000000 35041.000000 110714.000000 74828.000000 23377.000000 5936.000000 33935.000000 7680.000000 0.000000 0.000000 33792.000000 0.000000 0.000000 8256.000000 16385.000000 31698.000000 107136.000000 92396.000000 22416.000000 4448.000000 9852.000000 1460.000000 24735.000000 22401.000000 3456.000000 49346.000000 103680.000000 40060.000000 10896.000000 3264.000000 0.000000 0.000000 0.000000 8256.000000 26369.000000 856.000000 96858.000000 83276.000000 12224.000000 13648.000000 18833.000000 2336.000000 10080.000000 16608.000000 28224.000000 33408.000000 3584.000000 896.000000 9096.000000 10686.000000 20536.000000 40.000000 0.000000 0.000000 0.000000 8192.000000 0.000000 0.000000 6529.000000 0.000000 
51
0.000000 8256.000000 35041.000000 110714.000000 74828.000000 23377.000000 5936.000000 33935.000000 7680.000000 0.000000 0.000000 33792.000000 0.000000 0.000000 8256.000000 16385.000000 31698.000000 107136.000000 92396.000000 22416.000000 4448.000000 9852.000000 1460.000000 24735.000000 22401.000000 3456.000000 49346.000000 103680.000000 40060.000000 10896.000000 3264.000000 0.000000 0.000000 0.000000 8256.000000 26369.000000 856.000000 96858.000000 83276.000000 12224.000000 13648.000000 18833.000000 2336.000000 10080.000000 16608.000000 28224.000000 33408.000000 3584.000000 896.000000 9096.000000 10686.000000 20536.000000 40.000000 0.000000 0.000000 0.000000 8192.000000 0.000000 0.000000 6529.000000 0.000000 
52
0.000000 8256.000000 35041.000000 97482.000000 129532.000000 21729.000000 7456.000000 33939.000000 7680.000000 0.000000 0.000000 0.000000 0.000000 0.000000 8256.000000 14721.000000 19554.000000 107136.000000 68956.000000 20992.000000 4512.000000 43644.000000 4372.000000 25815.000000 24449.000000 3456.000000 70066.000000 100224.000000 64268.000000 8320.000000 3136.000000 0.000000 0.000000 0.000000 8256.000000 26369.000000 856.000000 100314.000000 100224.000000 33164.000000 15184.000000 52657.000000 2336.000000 10560.000000 17856.000000 26496.000000 35136.000000 1856.000000 960.000000 9000.000000 10718.000000 8296.000000 112.000000 0.000000 0.000000 0.000000 0.000000 8192.000000 0.000000 6529.000000 0.000000 
53
0.000000 8256.000000 35041.000000 97482.000000 129532.000000 21729.000000 7456.000000 33939.000000 7680.000000 0.000000 0.000000 0.000000 0.000000 0.000000 8256.000000 14721.000000 19554.000000 107136.000000 68956.000000 20992.000000 4512.000000 43644.000000 4372.000000 25815.000000 24449.000000 3456.000000 70066.000000 100224.000000 64268.000000 8320.000000 3136.000000 0.000000 0.000000 0.000000 8256.000000 26369.000000 856.000000 100314.000000 100224.000000 33164.000000 15184.000000 52657.000000 2336.000000 10560.000000 17856.000000 26496.000000 35136.000000 1856.000000 960.000000 9000.000000 10718.000000 8296.000000 112.000000 0.000000 0.000000 0.000000 0.000000 8192.000000 0.000000 6529.000000 0.000000 
54
0.000000 8256.000000 35041.000000 97482.000000 129532.000000 21729.000000 7456.000000 33939.000000 7680.000000 0.000000 0.000000 0.000000 0.000000 0.000000 8256.000000 14721.000000 19554.000000 107136.000000 68956.000000 20992.000000 4512.000000 43644.000000 4372.000000 25815.000000 24449.000000 3456.000000 70066.000000 100224.000000 64268.000000 8320.000000 3136.000000 0.000000 0.000000 0.000000 8256.000000 26369.000000 856.000000 100314.000000 100224.000000 33164.000000 15184.000000 52657.000000 2336.000000 10560.000000 17856.000000 26496.000000 35136.000000 1856.000000 960.000000 9000.000000 10718.000000 8296.000000 112.000000 0.000000 0.000000 0.000000 0.000000 8192.000000 0.000000 6529.000000 0.000000 
55
0.000000 8256.000000 35041.000000 97482.000000 129532.000000 21729.000000 7456.000000 33939.000000 7680.000000 0.000000 0.000000 0.000000 0.000000 0.000000 8256.000000 14721.000000 19554.000000 107136.000000 68956.000000 20992.000000 4512.000000 43644.000000 4372.000000 25815.000000 24449.000000 3456.000000 70066.000000 100224.000000 64268.000000 8320.000000 3136.000000 0.000000 0.000000 0.000000 8256.000000 26369.000000 856.000000 100314.000000 100224.000000 33164.000000 15184.000000 52657.000000 2336.000000 10560.000000 17856.000000 26496.000000 35136.000000 1856.000000 960.000000 9000.000000 10718.000000 8296.000000 112.000000 0.000000 0.000000 0.000000 0.000000 8192.000000 0.000000 6529.000000 0.000000 
56
0.000000 8192.000000 26849.000000 110714.000000 116300.000000 23393.000000 5920.000000 32403.000000 7680.000000 0.000000 0.000000 0.000000 0.000000 0.000000 8192.000000 6529.000000 16098.000000 107136.000000 112540.000000 20288.000000 6304.000000 8188.000000 4364.000000 25755.000000 22401.000000 3456.000000 66594.000000 100224.000000 67696.000000 11408.000000 3264.000000 0.000000 0.000000 0.000000 8192.000000 18177.000000 856.000000 86506.000000 100224.000000 47100.000000 15184.000000 17809.000000 2336.000000 10560.000000 17856.000000 26496.000000 35136.000000 1856.000000 896.000000 9000.000000 10782.000000 20640.000000 0.000000 0.000000 0.000000 8192.000000 0.000000 0.000000 0.000000 1.000000 0.000000 
57
0.000000 8192.000000 26849.000000 110714.000000 116300.000000 23393.000000 5920.000000 32403.000000 7680.000000 0.000000 0.000000 0.000000 0.000000 0.000000 8192.000000 6529.000000 16098.000000 107136.000000 112540.000000 20288.000000 6304.000000 8188.000000 4364.000000 25755.000000 22401.000000 3456.000000 66594.000000 100224.000000 67696.000000 11408.000000 3264.000000 0.000000 0.000000 0.000000 8192.000000 18177.000000 856.000000 86506.000000 100224.000000 47100.000000 15184.000000 17809.000000 2336.000000 10560.000000 17856.000000 26496.000000 35136.000000 1856.000000 896.000000 9000.000000 10782.000000 20640.000000 0.000000 0.000000 0.000000 8192.000000 0.000000 0.000000 0.000000 1.000000 0.000000 
58
0.000000 8192.000000 26849.000000 110714.000000 116300.000000 23393.000000 5920.000000 32403.000000 7680.000000 0.000000 0.000000 0.000000 0.000000 0.000000 8192.000000 6529.000000 16098.000000 107136.000000 112540.000000 20288.000000 6304.000000 8188.000000 4364.000000 25755.000000 22401.000000 3456.000000 66594.000000 100224.000000 67696.000000 11408.000000 3264.000000 0.000000 0.000000 0.000000 8192.000000 18177.000000 856.000000 86506.000000 100224.000000 47100.000000 15184.000000 17809.000000 2336.000000 10560.000000 17856.000000 26496.000000 35136.000000 1856.000000 896.000000 9000.000000 10782.000000 20640.000000 0.000000 0.000000 0.000000 8192.000000 0.000000 0.000000 0.000000 1.000000 0.000000 
59
0.000000 8192.000000 26849.000000 110714.000000 116300.000000 23393.000000 5920.000000 32403.000000 7680.000000 0.000000 0.000000 0.000000 0.000000 0.000000 8192.000000 6529.000000 16098.000000 107136.000000 112540.000000 20288.000000 6304.000000 8188.000000 4364.000000 25755.000000 22401.000000 3456.000000 66594.000000 100224.000000 67696.000000 11408.000000 3264.000000 0.000000 0.000000 0.000000 8192.000000 18177.000000 856.000000 86506.000000 100224.000000 47100.000000 15184.000000 17809.000000 2336.000000 10560.000000 17856.000000 26496.000000 35136.000000 1856.000000 896.000000 9000.000000 10782.000000 20640.000000 0.000000 0.000000 0.000000 8192.000000 0.000000 0.000000 0.000000 1.000000 0.000000 
60
0.000000 8192.000000 35041.000000 110714.000000 116492.000000 21841.000000 7472.000000 33423.000000 7680.000000 0.000000 0.000000 0.000000 0.000000 0.000000 8192.000000 16385.000000 14434.000000 103680.000000 115996.000000 20800.000000 6656.000000 43644.000000 4372.000000 25755.000000 29825.000000 3456.000000 70066.000000 103680.000000 61004.000000 9616.000000 3264.000000 0.000000 0.000000 0.000000 8192.000000 26369.000000 856.000000 93402.000000 103680.000000 36812.000000 15312.000000 18833.000000 2368.000000 10560.000000 17856.000000 26496.000000 35136.000000 1920.000000 896.000000 9096.000000 10718.000000 8296.000000 8248.000000 0.000000 0.000000 0.000000 8192.000000 0.000000 0.000000 6529.000000 0.000000 
61
0.000000 8192.000000 35041.000000 110714.000000 116492.000000 21841.000000 7472.000000 33423.000000 7680.000000 0.000000 0.000000 0.000000 0.000000 0.000000 8192.000000 16385.000000 14434.000000 103680.000000 115996.000000 20800.000000 6656.000000 43644.000000 4372.000000 25755.000000 29825.000000 3456.000000 70066.000000 103680.000000 61004.000000 9616.000000 3264.000000 0.000000 0.000000 0.000000 8192.000000 26369.000000 856.000000 93402.000000 103680.000000 36812.000000 15312.000000 18833.000000 2368.000000 10560.000000 17856.000000 26496.000000 35136.000000 1920.000000 896.000000 9096.000000 10718.000000 8296.000000 8248.000000 0.000000 0.000000 0.000000 8192.000000 0.000000 0.000000 6529.000000 0.000000 
62
0.000000 8192.000000 35041.000000 110714.000000 116492.000000 21841.000000 7472.000000 33423.000000 7680.000000 0.000000 0.000000 0.000000 0.000000 0.000000 8192.000000 16385.000000 14434.000000 103680.000000 115996.000000 20800.000000 6656.000000 43644.000000 4372.000000 25755.000000 29825.000000 3456.000000 70066.000000 103680.000000 61004.000000 9616.000000 3264.000000 0.000000 0.000000 0.000000 8192.000000 26369.000000 856.000000 93402.000000 103680.000000 36812.000000 15312.000000 18833.000000 2368.000000 10560.000000 17856.000000 26496.000000 35136.000000 1920.000000 896.000000 9096.000000 10718.000000 8296.000000 8248.000000 0.000000 0.000000 0.000000 8192.000000 0.000000 0.000000 6529.000000 0.000000 
63
0.000000 8192.000000 35041.000000 110714.000000 116492.000000 21841.000000 7472.000000 33423.000000 7680.000000 0.000000 0.000000 0.000000 0.000000 0.000000 8192.000000 16385.000000 14434.000000 103680.000000 115996.000000 20800.000000 6656.000000 43644.000000 4372.000000 25755.000000 29825.000000 3456.000000 70066.000000 103680.000000 61004.000000 9616.000000 3264.000000 0.000000 0.000000 0.000000 8192.000000 26369.000000 856.000000 93402.000000 103680.000000 36812.000000 15312.000000 18833.000000 2368.000000 10560.000000 17856.000000 26496.000000 35136.000000 1920.000000 896.000000 9096.000000 10718.000000 8296.000000 8248.000000 0.000000 0.000000 0.000000 8192.000000 0.000000 0.000000 6529.000000 0.000000 
64
0.000000 8192.000000 31585.000000 100922.000000 81148.000000 18577.000000 10736.000000 32987.000000 7680.000000 0.000000 0.000000 0.000000 0.000000 0.000000 8192.000000 16385.000000 24786.000000 107136.000000 102556.000000 20608.000000 6656.000000 40444.000000 4372.000000 25755.000000 30593.000000 3456.000000 59666.000000 100224.000000 29692.000000 11408.000000 3264.000000 1536.000000 0.000000 0.000000 8192.000000 26369.000000 856.000000 93402.000000 83356.000000 12000.000000 15312.000000 18881.000000 2320.000000 5760.000000 15936.000000 27072.000000 33984.000000 2944.000000 896.000000 9096.000000 10622.000000 8298.000000 8246.000000 0.000000 0.000000 0.000000 8192.000000 0.000000 0.000000 40321.000000 0.000000 
65
0.000000 8192.000000 31585.000000 100922.000000 81148.000000 18577.000000 10736.000000 32987.000000 7680.000000 0.000000 0.000000 0.000000 0.000000 0.000000 8192.000000 16385.000000 24786.000000 107136.000000 102556.000000 20608.000000 6656.000000 40444.000000 4372.000000 25755.000000 30593.000000 3456.000000 59666.000000 100224.000000 29692.000000 11408.000000 3264.000000 1536.000000 0.000000 0.000000 8192.000000 26369.000000 856.000000 93402.000000 83356.000000 12000.000000 15312.000000 18881.000000 2320.000000 5760.000000 15936.000000 27072.000000 33984.000000 2944.000000 896.000000 9096.000000 10622.000000 8298.000000 8246.000000 0.000000 0.000000 0.000000 8192.000000 0.000000 0.000000 40321.000000 0.000000 
66
0.000000 8192.000000 31585.000000 100922.000000 81148.000000 18577.000000 10736.000000 32987.000000 7680.000000 0.000000 0.000000 0.000000 0.000000 0.000000 8192.000000 16385.000000 24786.000000 107136.000000 102556.000000 20608.000000 6656.000000 40444.000000 4372.000000 25755.000000 30593.000000 3456.000000 59666.000000 100224.000000 29692.000000 11408.000000 3264.000000 1536.000000 0.000000 0.000000 8192.000000 26369.000000 856.000000 93402.000000 83356.000000 12000.000000 15312.000000 18881.000000 2320.000000 5760.000000 15936.000000 27072.000000 33984.000000 2944.000000 896.000000 9096.000000 10622.000000 8298.000000 8246.000000 0.000000 0.000000 0.000000 8192.000000 0.000000 0.000000 40321.000000 0.000000 
67
0.000000 8192.000000 31585.000000 100922.000000 81148.000000 18577.000000 10736.000000 32987.000000 7680.000000 0.000000 0.000000 0.000000 0.000000 0.000000 8192.000000 16385.000000 24786.000000 107136.000000 102556.000000 20608.000000 6656.000000 40444.000000 4372.000000 25755.000000 30593.000000 3456.000000 59666.000000 100224.000000 29692.000000 11408.000000 3264.000000 1536.000000 0.000000 0.000000 8192.000000 26369.000000 856.000000 93402.000000 83356.000000 12000.000000 15312.000000 18881.000000 2320.000000 5760.000000 15936.000000 27072.000000 33984.000000 2944.000000 896.000000 9096.000000 10622.000000 8298.000000 8246.000000 0.000000 0.000000 0.000000 8192.000000 0.000000 0.000000 40321.000000 0.000000 
68
0.000000 8192.000000 35041.000000 110714.000000 116300.000000 18321.000000 9200.000000 33935.000000 7680.000000 0.000000 0.000000 0.000000 0.000000 0.000000 8192.000000 16385.000000 14434.000000 103680.000000 72316.000000 21664.000000 4448.000000 46668.000000 1444.000000 16483.000000 34689.000000 3456.000000 50218.000000 100224.000000 94221.000000 11408.000000 5472.000000 15864.000000 0.000000 0.000000 8192.000000 22913.000000 4312.000000 96858.000000 103680.000000 33164.000000 12944.000000 18865.000000 2336.000000 10176.000000 17088.000000 27648.000000 34560.000000 2432.000000 960.000000 9192.000000 10526.000000 8298.000000 8246.000000 0.000000 0.000000 8192.000000 0.000000 0.000000 0.000000 40321.000000 0.000000 
69
0.000000 8192.000000 35041.000000 110714.000000 116300.000000 18321.000000 9200.000000 33935.000000 7680.000000 0.000000 0.000000 0.000000 0.000000 0.000000 8192.000000 16385.000000 14434.000000 103680.000000 72316.000000 21664.000000 4448.000000 46668.000000 1444.000000 16483.000000 34689.000000 3456.000000 50218.000000 100224.000000 94221.000000 11408.000000 5472.000000 15864.000000 0.000000 0.000000 8192.000000 22913.000000 4312.000000 96858.000000 103680.000000 33164.000000 12944.000000 18865.000000 2336.000000 10176.000000 17088.000000 27648.000000 34560.000000 2432.000000 960.000000 9192.000000 10526.000000 8298.000000 8246.000000 0.000000 0.000000 8192.000000 0.000000 0.000000 0.000000 40321.000000 0.000000 
70
0.000000 8192.000000 35041.000000 110714.000000 116300.000000 18321.000000 9200.000000 33935.000000 7680.000000 0.000000 0.000000 0.000000 0.000000 0.000000 8192.000000 16385.000000 14434.000000 103680.000000 72316.000000 21664.000000 4448.000000 46668.000000 1444.000000 16483.000000 34689.000000 3456.000000 50218.000000 100224.000000 94221.000000 11408.000000 5472.000000 15864.000000 0.000000 0.000000 8192.000000 22913.000000 4312.000000 96858.000000 103680.000000 33164.000000 12944.000000 18865.000000 2336.000000 10176.000000 17088.000000 27648.000000 34560.000000 2432.000000 960.000000 9192.000000 10526.000000 8298.000000 8246.000000 0.000000 0.000000 8192.000000 0.000000 0.000000 0.000000 40321.000000 0.000000 
71
0.000000 8192.000000 35041.000000 110714.000000 116300.000000 18321.000000 9200.000000 33935.000000 7680.000000 0.000000 0.000000 0.000000 0.000000 0.000000 8192.000000 16385.000000 14434.000000 103680.000000 72316.000000 21664.000000 4448.000000 46668.000000 1444.000000 16483.000000 34689.000000 3456.000000 50218.000000 100224.000000 94221.000000 11408.000000 5472.000000 15864.000000 0.000000 0.000000 8192.000000 22913.000000 4312.000000 96858.000000 103680.000000 33164.000000 12944.000000 18865.000000 2336.000000 10176.000000 17088.000000 27648.000000 34560.000000 2432.000000 960.000000 9192.000000 10526.000000 8298.000000 8246.000000 0.000000 0.000000 8192.000000 0.000000 0.000000 0.000000 40321.000000 0.000000 
72
0.000000 8192.000000 35041.000000 100938.000000 126076.000000 23393.000000 5920.000000 30851.000000 7680.000000 0.000000 0.000000 0.000000 0.000000 0.000000 8192.000000 22913.000000 7906.000000 103680.000000 115996.000000 20800.000000 5024.000000 9980.000000 4372.000000 25755.000000 30593.000000 3456.000000 52802.000000 100224.000000 81532.000000 11408.000000 3264.000000 0.000000 0.000000 0.000000 8192.000000 26369.000000 856.000000 96858.000000 100224.000000 36620.000000 15312.000000 52657.000000 2112.000000 10080.000000 3648.000000 12384.000000 46080.000000 19672.000000 40.000000 9384.000000 13538.000000 29889.000000 70.000000 12.000000 32.000000 40.000000 0.000000 0.000000 8192.000000 46465.000000 0.000000 
73
0.000000 8192.000000 35041.000000 100938.000000 126076.000000 23393.000000 5920.000000 30851.000000 7680.000000 0.000000 0.000000 0.000000 0.000000 0.000000 8192.000000 22913.000000 7906.000000 103680.000000 115996.000000 20800.000000 5024.000000 9980.000000 4372.000000 25755.000000 30593.000000 3456.000000 52802.000000 100224.000000 81532.000000 11408.000000 3264.000000 0.000000 0.000000 0.000000 8192.000000 26369.000000 856.000000 96858.000000 100224.000000 36620.000000 15312.000000 52657.000000 2112.000000 10080.000000 3648.000000 12384.000000 46080.000000 19672.000000 40.000000 9384.000000 13538.000000 29889.000000 70.000000 12.000000 32.000000 40.000000 0.000000 0.000000 8192.000000 46465.000000 0.000000 
74
0.000000 8192.000000 35041.000000 100938.000000 126076.000000 23393.000000 5920.000000 30851.000000 7680.000000 0.000000 0.000000 0.000000 0.000000 0.000000 8192.000000 22913.000000 7906.000000 103680.000000 115996.000000 20800.000000 5024.000000 9980.000000 4372.000000 25755.000000 30593.000000 3456.000000 52802.000000 100224.000000 81532.000000 11408.000000 3264.000000 0.000000 0.000000 0.000000 8192.000000 26369.000000 856.000000 96858.000000 100224.000000 36620.000000 15312.000000 52657.000000 2112.000000 10080.000000 3648.000000 12384.000000 46080.000000 19672.000000 40.000000 9384.000000 13538.000000 29889.000000 70.000000 12.000000 32.000000 40.000000 0.000000 0.000000 8192.000000 46465.000000 0.000000 
75
0.000000 8192.000000 35041.000000 100938.000000 126076.000000 23393.000000 5920.000000 30851.000000 7680.000000 0.000000 0.000000 0.000000 0.000000 0.000000 8192.000000 22913.000000 7906.000000 103680.000000 115996.000000 20800.000000 5024.000000 9980.000000 4372.000000 25755.000000 30593.000000 3456.000000 52802.000000 100224.000000 81532.000000 11408.000000 3264.000000 0.000000 0.000000 0.000000 8192.000000 26369.000000 856.000000 96858.000000 100224.000000 36620.000000 15312.000000 52657.000000 2112.000000 10080.000000 3648.000000 12384.000000 46080.000000 19672.000000 40.000000 9384.000000 13538.000000 29889.000000 70.000000 12.000000 32.000000 40.000000 0.000000 0.000000 8192.000000 46465.000000 0.000000 
76
0.000000 8192.000000 35041.000000 97482.000000 129628.000000 21841.000000 7472.000000 33931.000000 7680.000000 0.000000 0.000000 0.000000 0.000000 0.000000 8192.000000 16385.000000 14434.000000 107136.000000 112540.000000 22208.000000 5024.000000 9980.000000 4372.000000 24675.000000 30593.000000 3456.000000 59698.000000 100224.000000 74732.000000 11408.000000 3264.000000 0.000000 0.000000 0.000000 0.000000 27009.000000 8032.000000 80202.000000 100224.000000 57820.000000 18305.000000 20401.000000 2304.000000 7488.000000 16512.000000 28064.000000 36672.000000 3344.000000 832.000000 9000.000000 12258.000000 34021.000000 70.000000 12.000000 68.000000 0.000000 0.000000 8192.000000 0.000000 46465.000000 0.000000 
77
0.000000 8192.000000 35041.000000 97482.000000 129628.000000 21841.000000 7472.000000 33931.000000 7680.000000 0.000000 0.000000 0.000000 0.000000 0.000000 8192.000000 16385.000000 14434.000000 107136.000000 112540.000000 22208.000000 5024.000000 9980.000000 4372.000000 24675.000000 30593.000000 3456.000000 59698.000000 100224.000000 74732.000000 11408.000000 3264.000000 0.000000 0.000000 0.000000 0.000000 27009.000000 8032.000000 80202.000000 100224.000000 57820.000000 18305.000000 20401.000000 2304.000000 7488.000000 16512.000000 28064.000000 36672.000000 3344.000000 832.000000 9000.000000 12258.000000 34021.000000 70.000000 12.000000 68.000000 0.000000 0.000000 8192.000000 0.000000 46465.000000 0.000000 
78
0.000000 8192.000000 35041.000000 97482.000000 129628.000000 21841.000000 7472.000000 33931.000000 7680.000000 0.000000 0.000000 0.000000 0.000000 0.000000 8192.000000 16385.000000 14434.000000 107136.000000 112540.000000 22208.000000 5024.000000 9980.000000 4372.000000 24675.000000 30593.000000 3456.000000 59698.000000 100224.000000 74732.000000 11408.000000 3264.000000 0.000000 0.000000 0.000000 0.000000 27009.000000 8032.000000 80202.000000 100224.000000 57820.000000 18305.000000 20401.000000 2304.000000 7488.000000 16512.000000 28064.000000 36672.000000 3344.000000 832.000000 9000.000000 12258.000000 34021.000000 70.000000 12.000000 68.000000 0.000000 0.000000 8192.000000 0.000000 46465.000000 0.000000 
79
0.000000 8192.000000 35041.000000 97482.000000 129628.000000 21841.000000 7472.000000 33931.000000 7680.000000 0.000000 0.000000 0.000000 0.000000 0.000000 8192.000000 16385.000000 14434.000000 107136.000000 112540.000000 22208.000000 5024.000000 9980.000000 4372.000000 24675.000000 30593.000000 3456.000000 59698.000000 100224.000000 74732.000000 11408.000000 3264.000000 0.000000 0.000000 0.000000 0.000000 27009.000000 8032.000000 80202.000000 100224.000000 57820.000000 18305.000000 20401.000000 2304.000000 7488.000000 16512.000000 28064.000000 36672.000000 3344.000000 832.000000 9000.000000 12258.000000 34021.000000 70.000000 12.000000 68.000000 0.000000 0.000000 8192.000000 0.000000 46465.000000 0.000000 
