0
0.000000 0.378123 0.788062 0.000000 0.050817 0.766352 0.913352 0.817399 0.192772 0.000000 0.000000 0.697013 0.997691 1.001386 0.923853 0.977621 0.319734 0.000000 0.026152 0.690217 0.873550 0.837819 0.125624 0.297911 0.987614 0.253348 0.177367 0.000000 0.093185 0.906642 0.600529 0.905900 0.189077 0.000000 0.661662 0.623598 0.152583 0.000000 0.005403 0.403262 0.948300 0.935697 0.218320 0.210655 0.069606 0.074587 0.180926 0.054652 0.114832 0.030523 0.510957 0.588185 0.000000 0.014280 0.031768 0.000000 0.000000 0.121085 0.844059 0.469879 0.060325 
1
0.000000 0.378108 0.842062 0.000000 0.037695 0.606314 0.889702 0.825076 0.101990 0.000000 0.000000 0.000015 0.000000 0.000000 0.097468 0.990156 0.491425 0.000000 0.023036 0.657739 0.949744 0.854965 0.127323 0.301606 0.983660 0.204493 0.000000 0.000000 0.085818 0.894651 0.611787 0.903466 0.189077 0.000000 0.661662 0.516048 0.090655 0.000000 0.001662 0.349631 0.902681 0.935796 0.148198 0.205116 0.071941 0.170593 0.078280 0.062039 0.073132 0.000000 0.445787 0.654067 0.000000 0.010341 0.031768 0.000000 0.000000 0.100381 0.968872 0.414368 0.023160 
2
0.000000 0.378108 0.842492 0.000000 0.016486 0.720770 0.884748 0.877023 0.192772 0.000000 0.000000 0.000015 0.000000 0.000000 0.100412 1.004879 0.312822 0.000000 0.019001 0.600945 0.934842 0.857740 0.134298 0.301606 0.979981 0.245099 0.000000 0.000000 0.081338 0.903473 0.592227 0.900426 0.109344 0.000000 0.661662 0.505335 0.097673 0.000000 0.000923 0.435018 0.897365 0.934409 0.195598 0.184132 0.076439 0.106338 0.138842 0.062039 0.080522 0.000000 0.450283 0.650372 0.000000 0.020987 0.024750 0.000000 0.000000 0.170883 0.895364 0.469707 0.074491 
3
0.000000 0.382046 0.840831 0.000000 0.016473 0.783416 0.870355 0.841718 0.189077 0.000000 0.000000 0.011101 0.000000 0.000000 0.097468 0.975670 0.261010 0.000000 0.015427 0.576463 0.980709 0.851352 0.151944 0.283569 0.935816 0.217941 0.000000 0.000000 0.129778 0.856719 0.603863 0.890505 0.098387 0.000000 0.665600 0.531861 0.037777 0.000000 0.000923 0.438111 0.910462 0.942285 0.148769 0.195267 0.072744 0.163203 0.074587 0.065729 0.011095 0.000000 0.444154 0.668255 0.000000 0.010341 0.024750 0.000000 0.000000 0.174683 0.891564 0.402007 0.111027 
4
0.000000 0.378108 0.788046 0.000000 0.003185 0.727754 0.995292 0.789015 0.199723 0.000000 0.000000 0.000015 0.000000 0.000000 0.094523 0.945231 0.206015 0.000000 0.001708 0.650154 0.842769 0.845354 0.135169 0.476554 0.916169 0.070077 0.000000 0.000000 0.097569 0.901415 0.597815 0.902231 0.189077 0.000000 0.756185 0.463954 0.000338 0.000000 0.000000 0.404923 0.977077 0.879369 0.196046 0.200185 0.065911 0.149175 0.003692 0.054652 0.114768 0.030523 0.510957 0.686403 0.095519 0.237029 0.341657 0.215211 0.448191 0.019897 0.004606 0.198636 0.034472 
5
0.000000 0.378092 0.842077 0.000000 0.001154 0.650662 0.971631 0.806969 0.199723 0.000000 0.000000 0.000000 0.000000 0.000000 0.094523 0.995077 0.103615 0.000000 0.000969 0.629231 0.995569 0.799138 0.115862 0.378092 0.824938 0.070015 0.000000 0.000000 0.082815 0.934892 0.587662 0.903369 0.189077 0.000000 0.756185 0.420938 0.000338 0.000000 0.000000 0.358631 0.831569 0.875877 0.149662 0.194862 0.075636 0.110034 0.000000 0.073134 0.012958 0.000000 0.442092 0.744895 0.163332 0.394316 0.231906 0.313871 0.253677 0.000000 0.000000 0.194029 0.034488 
6
0.000000 0.378092 0.842492 0.000000 0.001846 0.717338 0.960138 0.819015 0.199723 0.000000 0.000000 0.000000 0.000000 0.000000 0.094523 0.995077 0.103600 0.000000 0.001662 0.573508 0.950862 0.790215 0.115862 0.388738 0.804754 0.073308 0.000000 0.000000 0.082815 0.863585 0.598738 0.850015 0.189077 0.000000 0.756185 0.425908 0.000338 0.000000 0.000000 0.432200 0.840308 0.909908 0.100369 0.176431 0.072744 0.149175 0.000000 0.062039 0.076842 0.000000 0.442892 0.671664 0.092190 0.245519 0.316815 0.245157 0.453701 0.016952 0.000000 0.194029 0.034472 
7
0.000000 0.382031 0.840831 0.000000 0.034923 0.686785 0.970092 0.792338 0.105231 0.000000 0.000000 0.000000 0.000000 0.000000 0.094523 0.999015 0.110246 0.000000 0.000923 0.547954 0.943123 0.810031 0.115846 0.388738 0.904015 0.059215 0.000000 0.000000 0.102708 0.818108 0.597446 0.895892 0.094585 0.000000 0.665600 0.517108 0.000338 0.000000 0.000000 0.435985 0.849631 0.867631 0.147662 0.194031 0.072744 0.149175 0.003695 0.062039 0.069452 0.000000 0.447849 0.675645 0.072624 0.183473 0.302709 0.164046 0.539118 0.064248 0.000000 0.010874 0.037071 
8
0.000000 0.378108 0.788062 0.000000 0.002400 0.727877 0.906308 0.826708 0.189092 0.000000 0.000000 0.000015 0.000000 0.000000 0.094523 0.945231 0.195015 0.000000 0.001477 0.623569 0.989385 0.800569 0.135169 0.476554 0.878015 0.108200 0.000000 0.000000 0.130277 0.877431 0.597815 0.882785 0.189077 0.000000 0.756185 0.477262 0.000338 0.000000 0.000000 0.405662 0.989062 0.965954 0.145846 0.200185 0.062908 0.149175 0.003692 0.073134 0.105523 0.030523 0.537785 0.557662 0.000000 0.007262 0.035091 0.003695 0.000000 0.116121 0.845562 0.337686 0.117654 
9
0.000000 0.378092 0.868646 0.000000 0.001062 0.614215 0.815800 0.807508 0.189092 0.000000 0.000000 0.000000 0.000000 0.000000 0.094523 0.995077 0.115000 0.000000 0.000738 0.613231 0.959800 0.769108 0.115862 0.378092 0.783462 0.108169 0.000000 0.000000 0.151862 0.853200 0.587662 0.882200 0.189077 0.000000 0.756185 0.479077 0.000338 0.000000 0.000000 0.358631 0.949108 0.956954 0.099492 0.194862 0.073847 0.113729 0.000000 0.069439 0.018501 0.000000 0.445787 0.654067 0.000000 0.003323 0.035091 0.003695 0.000000 0.115027 0.889299 0.404626 0.033937 
10
0.000000 0.378092 0.865754 0.000000 0.001062 0.716677 0.877138 0.816292 0.189092 0.000000 0.000000 0.000000 0.000000 0.000000 0.094523 0.995077 0.114938 0.000000 0.000738 0.569123 0.951815 0.773662 0.115862 0.388738 0.771154 0.108569 0.000000 0.000000 0.163062 0.815446 0.598738 0.884015 0.189077 0.000000 0.756185 0.391015 0.000338 0.000000 0.000000 0.432200 0.855446 0.971815 0.088338 0.176431 0.070954 0.149175 0.000000 0.069424 0.054677 0.000000 0.444154 0.650372 0.000000 0.010646 0.031768 0.010713 0.000000 0.112575 0.834249 0.447326 0.126094 
11
0.000000 0.382031 0.790985 0.000000 0.001754 0.754523 0.835108 0.851662 0.189077 0.000000 0.000000 0.000000 0.000000 0.000000 0.094523 0.999015 0.099185 0.000000 0.000738 0.607215 0.904138 0.776738 0.115846 0.388738 0.862538 0.100692 0.000000 0.000000 0.150292 0.756200 0.597446 0.838815 0.094585 0.000000 0.760123 0.389354 0.000338 0.000000 0.000000 0.435338 0.865938 0.904585 0.147569 0.194031 0.067259 0.149175 0.003695 0.065732 0.069455 0.000000 0.450283 0.668255 0.000000 0.003323 0.031768 0.000000 0.000000 0.113297 0.854629 0.420783 0.119141 
12
0.000000 0.378108 0.866015 0.000000 0.002446 0.784123 0.910754 0.803431 0.010662 0.000000 0.000000 0.000015 0.000000 0.000000 0.094523 1.041415 0.111677 0.000000 0.001477 0.644292 0.964123 0.845354 0.115877 0.476554 0.878015 0.108200 0.000000 0.000000 0.136185 0.871523 0.597815 0.867723 0.189077 0.000000 0.756185 0.465631 0.000338 0.000000 0.000000 0.404969 0.957431 0.962523 0.180108 0.200185 0.062215 0.141785 0.003692 0.047368 0.001645 0.111399 0.750218 0.704409 0.318421 0.392873 0.306055 0.354519 0.016763 0.009212 0.004606 0.217314 0.042691 
13
0.000000 0.378092 0.840046 0.000000 0.002538 0.654262 0.800277 0.803200 0.010662 0.000000 0.000000 0.000000 0.000000 0.000000 0.094523 0.995077 0.103785 0.000000 0.000738 0.580631 0.992738 0.799138 0.135154 0.378092 0.783462 0.108169 0.000000 0.000000 0.156292 0.815385 0.593200 0.876215 0.189077 0.000000 0.756185 0.422585 0.000338 0.000000 0.000000 0.343169 0.921000 0.984523 0.089292 0.194862 0.068246 0.106338 0.000000 0.058484 0.001645 0.018804 0.680695 0.744670 0.090621 0.389178 0.350396 0.392873 0.029963 0.000000 0.000000 0.206303 0.049080 
14
0.000000 0.378092 0.837138 0.000000 0.001062 0.710769 0.828923 0.844046 0.010662 0.000000 0.000000 0.000000 0.000000 0.000000 0.094523 0.995077 0.103738 0.000000 0.000738 0.632062 0.918862 0.826646 0.115846 0.388738 0.769492 0.108569 0.000000 0.000000 0.104354 0.873292 0.598738 0.874631 0.189077 0.000000 0.756185 0.429231 0.000338 0.000000 0.000000 0.432246 0.827323 0.874708 0.138631 0.176431 0.065354 0.141785 0.000000 0.047391 0.001645 0.080838 0.680695 0.739070 0.319911 0.404162 0.302150 0.307947 0.000000 0.000000 0.000000 0.308703 0.049080 
15
0.000000 0.382031 0.770246 0.000000 0.001062 0.756000 0.893446 0.796554 0.010662 0.000000 0.000000 0.000000 0.000000 0.000000 0.094523 0.999015 0.110385 0.000000 0.000738 0.611615 0.949031 0.810031 0.115846 0.388738 0.862538 0.100692 0.000000 0.000000 0.096015 0.811338 0.597446 0.833200 0.094585 0.000000 0.760123 0.422585 0.000338 0.000000 0.000000 0.396262 0.846185 0.885246 0.138631 0.194031 0.065354 0.141785 0.000000 0.047391 0.001645 0.091923 0.706600 0.742431 0.244677 0.298350 0.350873 0.395119 0.000000 0.000000 0.000000 0.111765 0.055500 
16
0.000000 0.378108 0.772415 0.000000 0.306092 0.908708 0.986800 0.827415 0.199738 0.000000 0.000000 0.000015 0.000000 0.000000 0.094523 1.039754 0.111492 0.000000 0.181477 0.854046 0.939015 0.819523 0.135169 0.476554 0.908292 0.077954 0.000000 0.000000 0.630031 0.860538 0.591231 0.902231 0.189077 0.000000 0.661662 0.568031 0.000338 0.000000 0.250708 0.640462 0.935523 0.879292 0.191185 0.200185 0.062215 0.141785 0.003692 0.113031 0.030523 0.030523 0.717723 0.704750 0.174101 0.335505 0.389178 0.392873 0.082091 0.009401 0.001472 0.212623 0.052635 
17
0.000000 0.378092 0.851708 0.000000 0.307569 0.822831 1.097446 0.798031 0.199738 0.000000 0.000000 0.000000 0.000000 0.000000 0.094523 0.996738 0.103615 0.000000 0.181477 0.896323 0.951662 0.782523 0.115862 0.378092 0.815400 0.077892 0.000000 0.000000 0.591385 0.839877 0.585015 0.846323 0.189077 0.000000 0.661662 0.517123 0.000338 0.000000 0.250708 0.628831 0.950923 0.875908 0.144800 0.194862 0.068246 0.106338 0.000000 0.065769 0.000000 0.000000 0.732154 0.691126 0.101781 0.350781 0.201979 0.026597 0.032140 0.632883 0.029888 0.207828 0.049743 
18
0.000000 0.378092 0.851708 0.000000 0.306831 0.895938 1.018985 0.773631 0.199738 0.000000 0.000000 0.000000 0.000000 0.000000 0.094523 0.995077 0.103600 0.000000 0.180738 0.934662 0.946677 0.775446 0.115846 0.388738 0.804754 0.073308 0.000000 0.000000 0.590646 0.867415 0.585015 0.900908 0.189077 0.000000 0.661662 0.521662 0.000338 0.000000 0.249969 0.628831 0.873000 0.909938 0.108738 0.176431 0.065354 0.141785 0.000000 0.113015 0.000000 0.000000 0.732969 0.694821 0.115642 0.239153 0.298350 0.127350 0.035835 0.559478 0.022870 0.217745 0.050137 
19
0.000000 0.382031 0.851692 0.000000 0.305354 0.851231 1.074862 0.785615 0.199723 0.000000 0.000000 0.000000 0.000000 0.000000 0.094523 0.999015 0.110246 0.000000 0.180738 0.955892 0.837262 0.801292 0.115846 0.378092 0.896138 0.067092 0.000000 0.000000 0.633015 0.790631 0.600015 0.895892 0.094585 0.000000 0.665600 0.518769 0.000338 0.000000 0.249969 0.635077 0.805123 0.867646 0.135169 0.194031 0.065354 0.141785 0.000000 0.113015 0.000000 0.000000 0.734231 0.690639 0.111947 0.382024 0.201979 0.026597 0.134740 0.494860 0.000000 0.121734 0.064929 
20
0.000000 0.378108 0.866031 0.000000 0.034554 0.694800 0.996415 0.793800 0.189092 0.000000 0.000000 0.000015 0.000000 0.000000 0.094523 0.945231 0.163738 0.000000 0.001477 0.628000 0.967477 0.840692 0.135169 0.388738 0.919231 0.077954 0.000000 0.000000 0.152708 0.823554 0.596769 0.883400 0.189077 0.000000 0.756185 0.465615 0.000338 0.000000 0.000000 0.392708 0.928646 0.930908 0.196062 0.200185 0.062215 0.145610 0.000000 0.065732 0.099993 0.030523 0.472080 0.747193 0.250101 0.392873 0.072089 0.255211 0.352489 0.009212 0.001662 0.206166 0.035461 
21
0.000000 0.378092 0.813446 0.000000 0.034554 0.660154 0.973108 0.823600 0.189092 0.000000 0.000000 0.000000 0.000000 0.000000 0.094523 0.995077 0.117708 0.000000 0.001477 0.585785 0.951662 0.779200 0.115862 0.304862 1.017077 0.077877 0.000000 0.000000 0.152708 0.814923 0.590554 0.860508 0.189077 0.000000 0.756185 0.422600 0.000338 0.000000 0.000000 0.333846 0.853846 0.918646 0.149708 0.194862 0.068246 0.106338 0.003692 0.073135 0.014806 0.000000 0.554171 0.609729 0.228439 0.392873 0.074312 0.250794 0.344938 0.000000 0.000000 0.201560 0.029261 
22
0.000000 0.378092 0.813877 0.000000 0.033815 0.683631 0.959031 0.829662 0.189092 0.000000 0.000000 0.000000 0.000000 0.000000 0.094523 0.995077 0.117692 0.000000 0.000738 0.619123 0.946677 0.780369 0.115846 0.382031 0.826354 0.077862 0.000000 0.000000 0.151969 0.828923 0.585015 0.850015 0.189077 0.000000 0.756185 0.425908 0.000338 0.000000 0.000000 0.391969 0.874908 0.875154 0.138523 0.176431 0.065354 0.145653 0.003695 0.065732 0.065760 0.000000 0.436360 0.682811 0.056753 0.389178 0.236150 0.161066 0.415949 0.052621 0.000000 0.108321 0.029383 
23
0.000000 0.382031 0.820092 0.000000 0.038246 0.653446 0.971569 0.789569 0.189077 0.000000 0.000000 0.000000 0.000000 0.000000 0.094523 0.999015 0.124338 0.000000 0.000738 0.626585 0.857938 0.739508 0.115846 0.378092 0.828031 0.067108 0.000000 0.000000 0.121600 0.806369 0.600015 0.857815 0.094585 0.000000 0.760123 0.422585 0.000338 0.000000 0.000000 0.366462 0.855215 0.946538 0.147569 0.194031 0.065354 0.141929 0.003695 0.065732 0.073150 0.000000 0.460972 0.657824 0.144258 0.392873 0.151895 0.169900 0.446444 0.021748 0.000000 0.193683 0.032863 
24
0.000000 0.378108 0.866015 0.000000 0.034554 0.617138 1.060154 0.832231 0.189092 0.000000 0.000000 0.000015 0.000000 0.000000 0.094523 1.041415 0.111492 0.000000 0.001477 0.623354 0.912923 0.863338 0.096862 0.571077 0.766554 0.062185 0.000000 0.000000 0.104554 0.892631 0.596769 0.882846 0.189077 0.000000 0.756185 0.465631 0.000338 0.000000 0.000000 0.392708 0.951154 0.968495 0.210184 0.154680 0.325119 0.571529 0.239234 0.059071 0.081247 0.030523 0.455262 0.768811 0.339660 0.319997 0.000260 0.025201 0.022095 0.512437 0.031631 0.200854 0.023315 
25
0.000000 0.378092 0.813462 0.000000 0.034554 0.537569 1.098062 0.826538 0.189092 0.000000 0.000000 0.000000 0.000000 0.000000 0.094523 0.995077 0.103600 0.000000 0.001477 0.622092 0.925569 0.811569 0.135062 0.472615 0.849446 0.062138 0.000000 0.000000 0.101600 0.860123 0.585015 0.877108 0.189077 0.000000 0.756185 0.422600 0.000338 0.000000 0.000000 0.333846 0.884800 0.979465 0.139681 0.093938 0.331150 0.574500 0.203788 0.056095 0.108040 0.000000 0.561157 0.625191 0.415040 0.221880 0.000260 0.052187 0.022095 0.547504 0.005644 0.196954 0.024395 
26
0.000000 0.378092 0.813877 0.000000 0.033815 0.679692 0.976954 0.824723 0.189092 0.000000 0.000000 0.000000 0.000000 0.000000 0.094523 0.995077 0.103600 0.000000 0.000738 0.568062 0.961077 0.768062 0.115769 0.483262 0.835908 0.065431 0.000000 0.000000 0.100862 0.883631 0.585015 0.885200 0.189077 0.000000 0.756185 0.425908 0.000338 0.000000 0.000000 0.391969 0.860985 0.968904 0.150785 0.128618 0.243337 0.591474 0.217094 0.056095 0.074572 0.000000 0.465311 0.671219 0.335163 0.319997 0.000260 0.045140 0.000433 0.515309 0.050213 0.114060 0.024319 
27
0.000000 0.382031 0.820092 0.000000 0.037508 0.650492 0.986062 0.755908 0.189077 0.000000 0.000000 0.000000 0.000000 0.000000 0.094523 0.999015 0.110246 0.000000 0.000738 0.631969 0.961569 0.787262 0.115769 0.472615 0.842123 0.051338 0.000000 0.000000 0.101969 0.842246 0.600015 0.837646 0.094585 0.000000 0.760123 0.422585 0.000338 0.000000 0.000000 0.355908 0.801431 0.881024 0.202736 0.173357 0.300202 0.642421 0.184592 0.070117 0.013289 0.000000 0.445837 0.678580 0.335206 0.320040 0.000260 0.045183 0.000390 0.514052 0.051719 0.198643 0.027238 
28
0.000000 0.378108 0.788062 0.000000 0.034554 0.694800 0.990569 0.816062 0.010662 0.000000 0.000000 0.000015 0.000000 0.000000 0.094523 1.039754 0.111492 0.000000 0.001477 0.609000 0.984277 0.814277 0.096646 0.571077 0.718862 0.108185 0.000000 0.000000 0.144431 0.885154 0.596769 0.882785 0.189077 0.000000 0.756185 0.463954 0.000338 0.000000 0.000000 0.403262 0.960200 0.929508 0.121384 0.194031 0.062215 0.145480 0.110034 0.058362 0.103747 0.030523 0.651129 0.793975 0.145354 0.324877 0.407398 0.389871 0.076316 0.009212 0.004606 0.198636 0.028257 
29
0.000000 0.378092 0.842062 0.000000 0.034554 0.660154 0.935662 0.796123 0.010662 0.000000 0.000000 0.000000 0.000000 0.000000 0.094523 0.996738 0.103615 0.000000 0.001477 0.568815 0.952769 0.775138 0.135138 0.472615 0.803415 0.108169 0.000000 0.000000 0.106031 0.903292 0.585015 0.878538 0.189077 0.000000 0.756185 0.424262 0.000338 0.000000 0.000000 0.341969 0.841985 0.924892 0.133592 0.205116 0.083027 0.202344 0.039138 0.054652 0.076824 0.000000 0.651129 0.723123 0.135385 0.316526 0.408871 0.401649 0.056848 0.000000 0.000000 0.194029 0.022048 
30
0.000000 0.378092 0.842492 0.000000 0.033815 0.683631 0.970015 0.805646 0.010662 0.000000 0.000000 0.000000 0.000000 0.000000 0.094523 0.995077 0.103600 0.000000 0.000738 0.510431 0.963708 0.774215 0.115846 0.388738 0.887292 0.108569 0.000000 0.000000 0.142892 0.829431 0.585015 0.883985 0.189077 0.000000 0.756185 0.425908 0.000338 0.000000 0.000000 0.391969 0.874954 0.917877 0.118578 0.177667 0.069049 0.106338 0.131452 0.065747 0.076814 0.000000 0.653141 0.722172 0.125766 0.368789 0.318764 0.420271 0.068074 0.000000 0.000000 0.107368 0.030855 
31
0.000000 0.382031 0.840831 0.000000 0.038246 0.653446 0.953877 0.844523 0.000015 0.000000 0.000000 0.000000 0.000000 0.000000 0.094523 0.999015 0.110246 0.000000 0.000738 0.597108 0.948692 0.745615 0.115831 0.472615 0.792769 0.100692 0.000000 0.000000 0.123323 0.804615 0.600015 0.842508 0.094585 0.000000 0.760123 0.422585 0.000338 0.000000 0.000000 0.366462 0.904015 0.923215 0.116089 0.198962 0.069049 0.117424 0.135147 0.069424 0.011095 0.000000 0.698258 0.696760 0.136492 0.298798 0.405071 0.389871 0.055986 0.000000 0.000000 0.194029 0.028257 
32
0.000000 0.378108 0.830831 0.006200 0.034785 0.693938 0.985877 0.793815 0.189092 0.000000 0.000000 0.000015 0.000000 0.000000 0.094523 0.945231 0.211431 0.000000 0.001754 0.625492 0.862523 0.847815 0.115969 0.483262 0.824708 0.082923 0.006385 0.000000 0.142954 0.842908 0.592277 0.873092 0.189077 0.000000 0.756185 0.465615 0.000338 0.006385 0.001477 0.401785 0.921046 0.934462 0.175338 0.208811 0.062215 0.141785 0.106338 0.062088 0.114802 0.030523 0.666860 0.803826 0.074703 0.195980 0.391343 0.045054 0.025386 0.528070 0.088691 0.223885 0.046007 
33
0.000000 0.378092 0.832108 0.005415 0.034046 0.616708 0.951846 0.815385 0.189092 0.000000 0.000000 0.000000 0.000000 0.000000 0.094523 0.996738 0.109031 0.000000 0.001015 0.568815 0.899477 0.814215 0.115846 0.493908 0.823062 0.081200 0.004123 0.000000 0.105292 0.870554 0.587662 0.878462 0.189077 0.000000 0.756185 0.419277 0.000338 0.004123 0.000738 0.340492 0.862800 0.955692 0.126346 0.197726 0.075636 0.149175 0.096006 0.116704 0.025858 0.000000 0.649657 0.751721 0.098557 0.170889 0.389871 0.171871 0.491268 0.077327 0.004606 0.214700 0.048177 
34
0.000000 0.378092 0.832092 0.003938 0.034046 0.684123 0.981708 0.784600 0.189092 0.000000 0.000000 0.000000 0.000000 0.000000 0.094523 0.995077 0.107538 0.000000 0.001015 0.516369 0.919508 0.795569 0.115846 0.472615 0.823692 0.073754 0.005554 0.000000 0.103815 0.867677 0.593123 0.878708 0.189077 0.000000 0.756185 0.425908 0.000338 0.004123 0.000738 0.391231 0.891646 0.907446 0.192724 0.181362 0.072744 0.149175 0.096003 0.058347 0.069434 0.000000 0.651880 0.684380 0.056848 0.351817 0.310687 0.065011 0.517820 0.029358 0.000000 0.128291 0.041736 
35
0.000000 0.382031 0.832523 0.003923 0.057400 0.653569 0.954277 0.809169 0.189077 0.000000 0.000000 0.000000 0.000000 0.000000 0.094523 0.999015 0.114954 0.000000 0.001015 0.619723 0.955677 0.787031 0.115831 0.472615 0.727292 0.074969 0.004062 0.000000 0.113446 0.811138 0.597446 0.893477 0.094585 0.000000 0.760123 0.422585 0.000338 0.005538 0.000738 0.384415 0.827000 0.857215 0.166149 0.195267 0.072744 0.170593 0.074587 0.073129 0.003695 0.000000 0.601978 0.776471 0.059309 0.255338 0.336655 0.223417 0.420835 0.036535 0.000000 0.121547 0.133340 
36
0.000000 0.378108 0.866015 0.006200 0.006369 0.738215 0.989462 0.818538 0.199723 0.000000 0.000000 0.000015 0.000000 0.000000 0.094523 1.039754 0.116415 0.000000 0.001477 0.648415 0.962092 0.835754 0.133554 0.388738 0.970569 0.084585 0.006385 0.000000 0.072062 0.897062 0.592277 0.895338 0.189077 0.000000 0.756185 0.465615 0.000338 0.006200 0.000000 0.403446 0.966923 0.884200 0.196062 0.200185 0.062215 0.149175 0.003692 0.058362 0.078751 0.030523 0.661834 0.656695 0.351985 0.391206 0.295348 0.244526 0.007783 0.003323 0.001662 0.202253 0.026249 
37
0.000000 0.378092 0.813462 0.005415 0.006323 0.660738 0.947923 0.811708 0.199723 0.000000 0.000000 0.000000 0.000000 0.000000 0.094523 0.996738 0.109215 0.000000 0.001477 0.582108 0.930985 0.834277 0.127400 0.399385 0.927554 0.084523 0.004123 0.000000 0.069846 0.870000 0.587662 0.889338 0.189077 0.000000 0.756185 0.422600 0.000338 0.005415 0.000000 0.349538 0.883108 0.930892 0.149708 0.194862 0.071985 0.110034 0.000000 0.065732 0.107353 0.000000 0.650864 0.605239 0.347683 0.317009 0.031717 0.265517 0.364651 0.003724 0.000000 0.113583 0.024640 
38
0.000000 0.378092 0.813877 0.003938 0.005585 0.727662 0.959969 0.814077 0.199723 0.000000 0.000000 0.000000 0.000000 0.000000 0.094523 0.995077 0.107723 0.000000 0.000738 0.525246 0.937215 0.804985 0.126908 0.382031 0.922585 0.077077 0.005554 0.000000 0.166523 0.853538 0.593123 0.903677 0.094569 0.000000 0.756185 0.425908 0.000338 0.003938 0.000000 0.392154 0.867523 0.909615 0.138523 0.176431 0.073148 0.145480 0.003695 0.054652 0.080519 0.000000 0.657098 0.591983 0.344360 0.322898 0.047495 0.165483 0.415386 0.043539 0.000000 0.197300 0.030855 
39
0.000000 0.382031 0.820092 0.003923 0.007385 0.699523 0.952769 0.842538 0.094585 0.000000 0.000000 0.000000 0.000000 0.000000 0.094523 0.999015 0.114354 0.000000 0.000738 0.652538 0.857938 0.804985 0.127031 0.378092 0.921338 0.076631 0.004062 0.000000 0.074831 0.843723 0.597446 0.844585 0.094554 0.000000 0.760123 0.422585 0.000338 0.003923 0.000000 0.385292 0.817892 0.946538 0.147569 0.194031 0.072744 0.149175 0.003695 0.058347 0.080519 0.000000 0.655095 0.626116 0.328101 0.340521 0.040550 0.338671 0.247471 0.000000 0.000000 0.102762 0.032517 
40
0.000000 0.378108 0.813046 0.006200 0.007077 0.727169 0.880277 0.823508 0.189092 0.000000 0.000000 0.000015 0.000000 0.000000 0.094523 0.986769 0.106862 0.000000 0.001477 0.606031 0.969138 0.853477 0.096646 0.399385 0.830123 0.092462 0.005415 0.000000 0.085631 0.918815 0.597815 0.891585 0.189077 0.000000 0.756185 0.519569 0.000338 0.006200 0.000000 0.408154 0.955231 0.973649 0.227595 0.210655 0.062215 0.145480 0.007387 0.053151 0.119163 0.030523 0.634257 0.682771 0.280360 0.386926 0.442302 0.230646 0.021965 0.019614 0.004606 0.202253 0.033361 
41
0.000000 0.378092 0.811354 0.005415 0.005600 0.647323 0.842000 0.815385 0.189092 0.000000 0.000000 0.000000 0.000000 0.000000 0.094523 0.981785 0.107554 0.000000 0.000738 0.595477 0.936923 0.845846 0.115846 0.388738 0.866508 0.092400 0.005415 0.000000 0.149508 0.821538 0.587662 0.890846 0.189077 0.000000 0.756185 0.522892 0.000338 0.005415 0.000000 0.346138 0.861246 0.942877 0.245315 0.201421 0.079332 0.113729 0.000000 0.053901 0.074572 0.000000 0.647169 0.671801 0.103965 0.324037 0.238787 0.000130 0.022051 0.529280 0.044276 0.198773 0.035304 
42
0.000000 0.382031 0.801815 0.003938 0.005600 0.772831 0.887154 0.817738 0.189092 0.000000 0.000000 0.000000 0.000000 0.000000 0.094523 0.985723 0.107969 0.000000 0.000738 0.508246 0.911615 0.808677 0.142523 0.472615 0.825785 0.084954 0.003938 0.000000 0.148031 0.817169 0.593123 0.896277 0.094569 0.000000 0.760123 0.519569 0.000338 0.003938 0.000000 0.436646 0.822523 0.974061 0.201178 0.183206 0.072744 0.149175 0.000000 0.053901 0.084878 0.000000 0.660014 0.589703 0.127854 0.398594 0.337439 0.392988 0.034412 0.032194 0.000000 0.113583 0.025073 
43
0.000000 0.378092 0.802246 0.003923 0.007477 0.744692 0.908185 0.758369 0.189077 0.000000 0.000000 0.000000 0.000000 0.000000 0.094523 0.981785 0.112646 0.000000 0.000738 0.569677 0.973385 0.816062 0.115831 0.472615 0.823492 0.083277 0.004708 0.000000 0.143508 0.764600 0.597446 0.855677 0.094569 0.000000 0.756185 0.513369 0.000338 0.003923 0.000000 0.370585 0.866015 0.941947 0.205315 0.218107 0.072744 0.149175 0.003695 0.066450 0.016234 0.000000 0.628991 0.586294 0.206623 0.388398 0.139335 0.000173 0.301252 0.252871 0.010186 0.113237 0.028997 
44
0.000000 0.378570 0.824677 0.006200 0.007077 0.738215 1.000723 0.803431 0.105200 0.000000 0.000000 0.000015 0.000000 0.000000 0.094523 0.986769 0.106877 0.000000 0.001477 0.632692 0.963815 0.806338 0.115954 0.399385 0.867369 0.108185 0.005415 0.000000 0.152046 0.824985 0.597815 0.885754 0.189077 0.000000 0.756185 0.524569 0.000338 0.006385 0.000000 0.403262 0.933446 0.966646 0.154462 0.191615 0.073301 0.149175 0.003692 0.058378 0.111107 0.030523 0.654280 0.627221 0.083944 0.152818 0.388398 0.129900 0.547988 0.065244 0.004606 0.202253 0.032517 
45
0.000000 0.378092 0.822985 0.005415 0.005600 0.660738 1.020062 0.763077 0.010662 0.000000 0.000000 0.000000 0.000000 0.000000 0.094523 0.981785 0.107554 0.000000 0.001477 0.568815 1.001169 0.785477 0.115846 0.388738 0.776154 0.108138 0.005415 0.000000 0.141646 0.850169 0.587662 0.866538 0.189077 0.000000 0.756185 0.524569 0.000338 0.004123 0.000000 0.341231 0.908062 0.888215 0.135123 0.191587 0.075636 0.110034 0.000000 0.065732 0.065744 0.000000 0.636480 0.671080 0.058587 0.255100 0.386926 0.179001 0.442723 0.013818 0.000000 0.197647 0.026249 
46
0.000000 0.382031 0.765262 0.003938 0.005600 0.727662 0.991262 0.765277 0.010662 0.000000 0.000000 0.000000 0.000000 0.000000 0.094523 0.985723 0.106492 0.000000 0.000738 0.521554 0.981277 0.779338 0.115846 0.382031 0.769508 0.100708 0.003938 0.000000 0.141646 0.745246 0.593123 0.835985 0.094569 0.000000 0.760123 0.519569 0.000338 0.004123 0.000000 0.391969 0.851892 0.888215 0.144831 0.187877 0.065354 0.152870 0.000000 0.065734 0.076827 0.000000 0.628329 0.602630 0.062283 0.154773 0.392815 0.163334 0.517514 0.065417 0.000000 0.113583 0.024640 
47
0.000000 0.378092 0.815538 0.003923 0.007477 0.699523 1.003200 0.752231 0.094554 0.000000 0.000000 0.000000 0.000000 0.000000 0.094523 0.981785 0.112692 0.000000 0.000738 0.633338 0.997705 0.789477 0.115831 0.378092 0.862538 0.100708 0.004708 0.000000 0.142477 0.780369 0.597446 0.848723 0.094554 0.000000 0.756185 0.511692 0.000338 0.005538 0.000000 0.385154 0.856815 0.944662 0.152431 0.172765 0.069049 0.149175 0.000000 0.071271 0.014790 0.000000 0.629741 0.651470 0.091634 0.201147 0.296820 0.165013 0.516807 0.097310 0.010685 0.104234 0.035651 
48
0.000000 0.378092 0.811477 0.006200 0.040154 0.710923 0.884000 0.816062 0.199738 0.000000 0.000000 0.000015 0.000000 0.000000 0.094523 0.986769 0.116215 0.000000 0.007108 0.630431 0.962092 0.887508 0.116169 0.493908 0.776169 0.108200 0.006385 0.000000 0.084092 0.894246 0.600462 0.910385 0.189077 0.000000 0.756185 0.524569 0.000338 0.004723 0.006369 0.401785 0.908415 0.964615 0.165289 0.208811 0.069606 0.141785 0.117424 0.058347 0.112581 0.030523 0.624760 0.787751 0.449749 0.220526 0.048665 0.000260 0.406840 0.169806 0.004086 0.200781 0.032863 
49
0.000000 0.378092 0.808585 0.003938 0.038677 0.601846 0.848569 0.796862 0.199738 0.000000 0.000000 0.000000 0.000000 0.000000 0.094523 0.981785 0.107554 0.000000 0.006369 0.616231 0.930985 0.851015 0.115769 0.483262 0.769523 0.108154 0.004123 0.000000 0.162800 0.832692 0.601385 0.881431 0.189077 0.000000 0.756185 0.524554 0.000338 0.005415 0.006338 0.332369 0.845215 1.011308 0.184907 0.205116 0.070094 0.166898 0.078280 0.054652 0.079768 0.000000 0.624760 0.656686 0.473872 0.213782 0.039393 0.000130 0.022008 0.547590 0.018554 0.197214 0.025333 
50
0.000000 0.382031 0.800262 0.003938 0.038708 0.644985 0.829877 0.805646 0.199738 0.000000 0.000000 0.000000 0.000000 0.000000 0.094523 0.985723 0.107538 0.000000 0.005631 0.528200 0.937215 0.812738 0.115769 0.476554 0.681631 0.100708 0.004077 0.000000 0.145015 0.798554 0.601308 0.871769 0.094569 0.000000 0.760123 0.519569 0.000338 0.003938 0.006338 0.391231 0.887523 0.967908 0.220881 0.173972 0.076439 0.149175 0.092311 0.065732 0.067216 0.000000 0.599531 0.616287 0.532507 0.167750 0.218579 0.325098 0.041872 0.047063 0.000000 0.104407 0.037107 
51
0.000000 0.378092 0.806462 0.003923 0.043785 0.663169 0.882862 0.840092 0.189077 0.000000 0.000000 0.000000 0.000000 0.000000 0.094523 0.981785 0.115646 0.000000 0.005662 0.603031 0.857938 0.797292 0.115769 0.472615 0.768015 0.100708 0.004062 0.000000 0.146292 0.754354 0.585015 0.893185 0.094554 0.000000 0.756185 0.511692 0.000338 0.003923 0.005631 0.365723 0.865692 1.003354 0.183782 0.191572 0.069049 0.166898 0.074587 0.073134 0.011080 0.000000 0.659232 0.719912 0.477175 0.243840 0.222422 0.321369 0.002051 0.030944 0.000000 0.102415 0.023875 
52
0.000000 0.378092 0.813046 0.011785 0.001477 0.660338 0.997508 0.823954 0.189077 0.000000 0.000000 0.000000 0.000000 0.000000 0.094523 0.985108 0.119554 0.000000 0.001477 0.641769 0.982769 0.824015 0.096646 0.567138 0.799246 0.092462 0.003938 0.000000 0.158923 0.927415 1.007569 0.897246 0.189077 0.000000 0.756185 0.410969 0.000338 0.004723 0.000000 0.336508 0.868677 0.893200 0.202600 0.187877 0.062215 0.141785 0.003692 0.113039 0.041665 0.030523 0.511538 0.739587 0.053796 0.043088 0.413301 0.383458 0.426040 0.052502 0.004606 0.202253 0.032517 
53
0.000000 0.378092 0.809708 0.009523 0.000738 0.727015 0.969138 0.847969 0.189077 0.000000 0.000000 0.000000 0.000000 0.000000 0.094523 0.981785 0.117292 0.000000 0.000738 0.582108 0.960892 0.760062 0.135138 0.483262 0.808415 0.092400 0.003938 0.000000 0.156123 0.899831 1.007631 0.858585 0.189077 0.000000 0.756185 0.405985 0.000338 0.005415 0.000000 0.392200 0.963154 0.875908 0.144800 0.187877 0.068246 0.106338 0.000000 0.113009 0.018467 0.000000 0.594711 0.620234 0.053811 0.252934 0.392873 0.029027 0.010350 0.035335 0.683021 0.197647 0.026249 
54
0.000000 0.382031 0.801815 0.008046 0.000738 0.727754 0.949985 0.814138 0.189077 0.000000 0.000000 0.000000 0.000000 0.000000 0.094523 0.985723 0.110169 0.000000 0.000738 0.528200 0.952969 0.756369 0.115846 0.472615 0.790277 0.081615 0.005415 0.000000 0.107231 0.960646 1.002048 0.896877 0.094569 0.000000 0.760123 0.412615 0.000338 0.003938 0.000000 0.382338 0.879138 0.909877 0.108738 0.187877 0.065354 0.141785 0.000000 0.105618 0.018467 0.000000 0.562298 0.627756 0.064897 0.158411 0.392873 0.120227 0.036168 0.622486 0.019926 0.105706 0.032517 
55
0.000000 0.378092 0.802246 0.008800 0.003277 0.696600 0.963908 0.803708 0.094585 0.000000 0.000000 0.000000 0.000000 0.000000 0.094523 0.981785 0.102969 0.000000 0.000738 0.646554 0.874800 0.753046 0.115831 0.476554 0.699046 0.081615 0.004708 0.000000 0.086308 0.916446 1.007108 0.864862 0.094554 0.000000 0.756185 0.412615 0.000338 0.003923 0.000000 0.372508 0.807554 0.817369 0.135169 0.164985 0.065354 0.141785 0.000000 0.069439 0.011080 0.000000 0.464667 0.738206 0.044930 0.021427 0.297085 0.305950 0.034681 0.580914 0.130171 0.102762 0.026249 
56
0.000000 0.378092 0.842015 0.006200 0.007077 0.667815 0.877354 0.823031 0.189077 0.000000 0.000000 0.000000 0.000000 0.000000 0.094523 0.945231 0.168662 0.000000 0.001477 0.648938 0.855154 0.827938 0.116154 0.388738 0.843769 0.062185 0.003938 0.000000 0.153523 0.832415 0.595785 0.901585 0.189077 0.000000 0.756185 0.473508 0.000338 0.006385 0.000000 0.344400 0.882262 0.992769 0.254892 0.187877 0.062215 0.149175 0.003692 0.116734 0.043512 0.030523 0.529618 0.817990 0.587605 0.038661 0.311543 0.345738 0.013905 0.010874 0.004606 0.199308 0.032517 
57
0.000000 0.378092 0.828785 0.003938 0.005600 0.746338 0.867015 0.862738 0.189077 0.000000 0.000000 0.000000 0.000000 0.000000 0.094523 0.995077 0.123308 0.000000 0.000738 0.613969 0.982692 0.760077 0.115769 0.399385 0.933338 0.062123 0.005415 0.000000 0.152892 0.806215 0.595846 0.888062 0.189077 0.000000 0.756185 0.425923 0.000338 0.004123 0.000000 0.403262 0.893846 0.993138 0.135077 0.187877 0.068246 0.113729 0.000000 0.065734 0.076827 0.000000 0.609095 0.673403 0.514548 0.146357 0.240294 0.400041 0.016763 0.000000 0.000000 0.197647 0.026249 
58
0.000000 0.378092 0.821323 0.003938 0.005631 0.746338 0.846738 0.808908 0.189077 0.000000 0.000000 0.000000 0.000000 0.000000 0.094523 0.995077 0.123277 0.000000 0.000738 0.515646 0.954723 0.792738 0.115769 0.378092 0.933785 0.057554 0.003938 0.000000 0.152154 0.780446 0.595769 0.888169 0.094569 0.000000 0.756185 0.427138 0.000338 0.004123 0.000000 0.402523 0.872169 0.997862 0.144800 0.187877 0.065354 0.152870 0.000000 0.062039 0.076827 0.000000 0.547913 0.700030 0.563686 0.158329 0.223049 0.349861 0.017169 0.000000 0.000000 0.113583 0.024640 
59
0.000000 0.378092 0.821323 0.003923 0.008169 0.688292 0.830354 0.786169 0.094585 0.000000 0.000000 0.000000 0.000000 0.000000 0.094523 0.995077 0.128446 0.000000 0.000738 0.626692 0.937200 0.752554 0.115769 0.378092 0.930446 0.057554 0.004708 0.000000 0.153569 0.778969 0.600769 0.916600 0.094569 0.000000 0.756185 0.427569 0.000338 0.004062 0.000000 0.393292 0.827954 0.975431 0.146985 0.164985 0.065354 0.149175 0.000000 0.065729 0.011095 0.000000 0.475357 0.724063 0.544597 0.078595 0.310071 0.341132 0.020319 0.000000 0.000000 0.113583 0.024640 
60
0.000000 0.378092 0.856800 0.006200 0.007077 0.660338 1.002369 0.815631 0.189077 0.000000 0.000000 0.000000 0.000000 0.000000 0.094523 0.945231 0.210923 0.000000 0.001477 0.556000 0.859000 0.795569 0.115969 0.388738 0.977215 0.077954 0.004723 0.000000 0.112908 0.888815 0.606000 0.891077 0.189077 0.000000 0.756185 0.465631 0.000338 0.004723 0.000000 0.341169 0.907831 0.969954 0.254215 0.187877 0.062215 0.141785 0.003692 0.109400 0.030523 0.030523 0.525923 0.735892 0.340929 0.341301 0.038786 0.432501 0.166663 0.012375 0.001662 0.213883 0.050872 
61
0.000000 0.378092 0.820431 0.003938 0.005600 0.727015 0.965662 0.811692 0.189077 0.000000 0.000000 0.000000 0.000000 0.000000 0.094523 0.996738 0.109215 0.000000 0.000738 0.624154 0.974477 0.757969 0.115862 0.399385 0.935846 0.077877 0.005415 0.000000 0.111431 0.841292 0.606923 0.861446 0.189077 0.000000 0.756185 0.422585 0.000338 0.005415 0.000000 0.408123 0.885831 0.980031 0.149815 0.187877 0.068246 0.106338 0.000000 0.113000 0.000000 0.000000 0.635923 0.593892 0.319267 0.344996 0.060448 0.410839 0.155950 0.000000 0.000000 0.232587 0.050872 
62
0.000000 0.378092 0.818092 0.003938 0.005631 0.727754 0.959031 0.819000 0.189077 0.000000 0.000000 0.000000 0.000000 0.000000 0.094523 0.995077 0.109185 0.000000 0.000738 0.585631 0.960554 0.765292 0.115862 0.378092 0.930862 0.077862 0.003938 0.000000 0.111431 0.818246 0.601308 0.892538 0.094569 0.000000 0.756185 0.425908 0.000338 0.003938 0.000000 0.408123 0.876862 0.962431 0.188738 0.187877 0.065354 0.141785 0.000000 0.113000 0.000000 0.000000 0.565877 0.540815 0.329236 0.319639 0.033616 0.250473 0.350539 0.030293 0.000000 0.134239 0.059849 
63
0.000000 0.378092 0.818092 0.003923 0.008169 0.696600 0.970092 0.802000 0.094585 0.000000 0.000000 0.000000 0.000000 0.000000 0.094523 0.995077 0.114338 0.000000 0.000738 0.633354 0.972723 0.762354 0.115769 0.378092 0.926323 0.074969 0.003923 0.000000 0.132185 0.827815 0.585015 0.866569 0.094554 0.000000 0.756185 0.422585 0.000338 0.003923 0.000000 0.378769 0.865354 0.979908 0.164231 0.164985 0.065354 0.141785 0.000000 0.065738 0.000000 0.000000 0.471662 0.643000 0.325913 0.330285 0.169614 0.298350 0.168511 0.008866 0.000000 0.113987 0.050872 
64
0.000000 0.378092 0.830815 0.011092 0.034554 0.612246 0.976462 0.826538 0.189077 0.000000 0.000000 0.000000 0.000000 0.000000 0.094523 1.039754 0.122308 0.000000 0.001477 0.526200 0.962969 0.829431 0.096862 0.388738 0.949077 0.046431 0.004723 0.000000 0.111938 0.898323 0.606000 0.884785 0.189077 0.000000 0.756185 0.465615 0.000338 0.010123 0.001477 0.334800 0.901492 0.892938 0.204708 0.285908 0.000000 0.141785 0.003692 0.109400 0.030523 0.030523 0.525923 0.735892 0.431757 0.260814 0.071768 0.392873 0.164630 0.007018 0.005357 0.216834 0.033215 
65
0.000000 0.378092 0.832092 0.010308 0.034554 0.607538 1.094738 0.814323 0.189077 0.000000 0.000000 0.000000 0.000000 0.000000 0.094523 0.996738 0.113323 0.000000 0.001477 0.621138 0.976246 0.788369 0.135062 0.399385 0.952415 0.046369 0.004723 0.000000 0.111431 0.876154 0.601385 0.869585 0.189077 0.000000 0.756185 0.419277 0.000338 0.010123 0.001708 0.401785 0.850908 0.906769 0.135123 0.259385 0.000000 0.106338 0.000000 0.113000 0.000000 0.000000 0.635923 0.593892 0.410095 0.257119 0.068073 0.392873 0.157611 0.005357 0.000000 0.205634 0.034877 
66
0.000000 0.378092 0.832092 0.008046 0.033815 0.607538 1.062585 0.800215 0.189077 0.000000 0.000000 0.000000 0.000000 0.000000 0.094523 0.995077 0.112492 0.000000 0.000738 0.621923 0.963092 0.764246 0.115769 0.378092 0.957415 0.033923 0.005415 0.000000 0.111431 0.841292 0.601308 0.883569 0.094569 0.000000 0.756185 0.425908 0.000338 0.008692 0.000969 0.401785 0.868923 0.909431 0.144800 0.250338 0.000000 0.141785 0.000000 0.113000 0.000000 0.000000 0.565877 0.540815 0.420064 0.242476 0.253796 0.318164 0.057497 0.010713 0.000000 0.135529 0.043315 
67
0.000000 0.378092 0.829200 0.008800 0.038154 0.646092 0.971785 0.786354 0.094585 0.000000 0.000000 0.000000 0.000000 0.000000 0.094523 0.991754 0.119108 0.000000 0.000738 0.624431 0.967800 0.738154 0.115769 0.378092 0.864523 0.033923 0.003923 0.000000 0.142462 0.817477 0.585015 0.901000 0.094569 0.000000 0.756185 0.425908 0.000338 0.008662 0.000969 0.373092 0.880738 0.962108 0.146831 0.259015 0.000000 0.141785 0.000000 0.065738 0.000000 0.000000 0.471662 0.643000 0.416741 0.253122 0.250473 0.339825 0.030293 0.000000 0.000000 0.230067 0.050441 
68
0.000000 0.378092 0.832807 0.006200 0.007077 0.714277 0.875846 0.836200 0.189423 0.000000 0.000000 0.000000 0.000000 0.000000 0.094523 0.945231 0.210923 0.000000 0.001477 0.554692 0.972600 0.797738 0.970430 0.764854 0.862869 0.305553 0.187574 0.000000 0.129155 0.928417 0.610565 0.902087 0.116793 0.000000 0.687528 0.644166 0.063494 0.004723 0.000000 0.414046 0.891367 0.903611 0.202108 0.197726 0.065911 0.145480 0.110034 0.069473 0.092621 0.030523 0.500849 0.739587 0.344624 0.341673 0.246778 0.341301 0.017732 0.010713 0.001662 0.207667 0.042221 
69
0.000000 0.378092 0.832092 0.004723 0.006338 0.800369 0.846446 0.821538 0.189077 0.000000 0.000000 0.000000 0.000000 0.000000 0.094523 0.996738 0.108523 0.000000 0.001477 0.580415 0.970046 0.800431 0.123252 0.391776 0.866304 0.284031 0.010142 0.000000 0.101106 0.919434 0.612470 0.895782 0.192772 0.000000 0.687528 0.511922 0.147437 0.004723 0.000000 0.445526 0.849143 0.854346 0.181796 0.231900 0.083027 0.145480 0.096003 0.058347 0.084214 0.000000 0.610849 0.513711 0.332932 0.320011 0.266344 0.354965 0.005357 0.005357 0.000000 0.201452 0.044571 
70
0.000000 0.378092 0.832092 0.003938 0.005631 0.798892 0.853785 0.819554 0.189077 0.000000 0.000000 0.000000 0.000000 0.000000 0.094523 0.995077 0.109185 0.000000 0.000738 0.618969 0.957600 0.777031 0.115846 0.393559 0.976632 0.296742 0.010621 0.000000 0.091873 0.981904 0.609680 0.905272 0.192769 0.000000 0.687528 0.427682 0.187905 0.005415 0.000000 0.441785 0.834081 0.875762 0.175528 0.219712 0.072744 0.135147 0.113729 0.054652 0.076824 0.000000 0.551609 0.606463 0.325913 0.330658 0.263021 0.351642 0.000000 0.000000 0.000000 0.103218 0.058663 
71
0.000000 0.378092 0.829200 0.003923 0.007477 0.659431 0.864492 0.753785 0.094585 0.000000 0.000000 0.000000 0.000000 0.000000 0.094523 0.991754 0.114338 0.000000 0.000738 0.644477 0.870077 0.789477 0.115846 0.408376 0.884893 0.282799 0.007886 0.000000 0.203568 0.926432 0.607186 0.909402 0.116547 0.000000 0.687528 0.506135 0.096705 0.003923 0.000000 0.436434 0.799712 0.869309 0.179667 0.195267 0.065354 0.149175 0.092311 0.069439 0.014775 0.000000 0.500431 0.650390 0.319267 0.341673 0.361239 0.250473 0.000000 0.000000 0.000000 0.202311 0.062374 
72
0.000000 0.378092 0.830800 0.011092 0.001477 0.643754 1.069231 0.840923 0.199723 0.000000 0.000000 0.000000 0.000000 0.000000 0.094523 0.945231 0.131292 0.000000 0.001477 0.545615 0.856631 0.844000 0.096862 0.388738 0.992969 0.062200 0.006385 0.000000 0.082400 0.933538 0.600462 0.905123 0.189077 0.000000 0.661662 0.569677 0.000338 0.004723 0.000000 0.419446 0.916154 0.947385 0.201923 0.288340 0.066102 0.000000 0.070954 0.000000 0.047435 0.253239 0.576877 0.736797 0.000000 0.000000 0.021662 0.091309 0.491091 0.751079 0.064692 0.107021 0.033937 
73
0.000000 0.378092 0.832092 0.010308 0.001477 0.726277 1.009923 0.803908 0.199723 0.000000 0.000000 0.000000 0.000000 0.000000 0.094523 0.995077 0.137138 0.000000 0.000738 0.613754 0.984985 0.810892 0.135062 0.399385 0.949938 0.062123 0.004908 0.000000 0.152400 0.813369 0.601385 0.870892 0.189077 0.000000 0.661662 0.515462 0.000338 0.004723 0.000000 0.407431 0.900938 0.984862 0.120800 0.202143 0.065809 0.000000 0.000000 0.000000 0.018416 0.235611 0.526381 0.800504 0.065363 0.000000 0.021662 0.093872 0.491091 0.756112 0.060275 0.102415 0.118000 
74
0.000000 0.378092 0.832092 0.008046 0.000738 0.672369 1.013538 0.809923 0.199723 0.000000 0.000000 0.000000 0.000000 0.000000 0.094523 0.995077 0.137815 0.000000 0.000738 0.614538 0.949477 0.805354 0.115769 0.378092 0.949938 0.062108 0.004077 0.000000 0.152400 0.837846 0.601308 0.902200 0.094569 0.000000 0.661662 0.521662 0.000338 0.005415 0.000000 0.408123 0.860123 0.874677 0.191227 0.445266 0.381259 0.216365 0.294502 0.286285 0.141210 0.729256 0.557719 0.387007 0.000375 0.000260 0.032813 0.000025 0.000032 0.024203 0.879154 0.448831 0.119646 
75
0.000000 0.378092 0.829200 0.008800 0.003277 0.694385 1.017554 0.794292 0.094585 0.000000 0.000000 0.000000 0.000000 0.000000 0.094523 0.993415 0.136692 0.000000 0.000738 0.626000 0.935723 0.805600 0.115769 0.378092 0.948292 0.051338 0.004062 0.000000 0.102185 0.830323 0.590554 0.878154 0.094569 0.000000 0.661662 0.518769 0.000323 0.003923 0.000000 0.378031 0.866877 0.885246 0.144846 0.222758 0.064097 0.000000 0.000000 0.000000 0.055248 0.208075 0.624264 0.637332 0.078532 0.000000 0.021662 0.249229 0.561722 0.587254 0.004606 0.103888 0.118000 
76
0.000000 0.378092 0.830800 0.011092 0.001477 0.722862 0.973877 0.828600 0.199723 0.000000 0.000000 0.000000 0.000000 0.000000 0.094523 0.945231 0.210938 0.000000 0.001477 0.578523 0.846646 0.848923 0.116154 0.388738 0.946938 0.108185 0.006200 0.000000 0.115077 0.836000 0.595785 0.927890 0.958967 1.000967 0.972623 0.327595 0.403457 0.010927 0.000000 0.414575 0.913352 0.942291 0.139279 0.171782 0.140369 0.152870 0.003692 0.058347 0.114832 0.030523 0.490160 0.774983 0.000000 0.000000 0.089108 0.172076 0.491091 0.568444 0.005357 0.101557 0.141630 
77
0.000000 0.378092 0.832092 0.010308 0.001477 0.640615 1.099908 0.806723 0.199723 0.000000 0.000000 0.000000 0.000000 0.000000 0.094523 0.995077 0.108523 0.000000 0.001477 0.617662 0.940215 0.851015 0.115769 0.399385 0.902262 0.108138 0.004723 0.000000 0.112862 0.829646 0.585631 0.895338 0.189077 0.000000 0.785933 0.487192 0.098224 0.012355 0.000000 0.413384 0.888083 0.974772 0.182336 0.098811 0.124772 0.113729 0.000000 0.105609 0.029562 0.000000 0.598126 0.676983 0.017732 0.000000 0.090341 0.152876 0.510091 0.557930 0.000000 0.099895 0.153202 
78
0.000000 0.378092 0.832092 0.008046 0.000738 0.640615 1.059538 0.801046 0.199723 0.000000 0.000000 0.000000 0.000000 0.000000 0.094523 0.996738 0.109200 0.000000 0.000738 0.573969 0.937215 0.812738 0.115769 0.378092 0.900600 0.100708 0.003938 0.000000 0.112815 0.856431 0.605985 0.922431 0.189077 0.000000 0.786034 0.479414 0.227070 0.010142 0.000000 0.401252 0.863114 0.911771 0.175916 0.082036 0.099326 0.149175 0.000000 0.101913 0.033258 0.000000 0.562298 0.602377 0.031768 0.000000 0.087138 0.347458 0.415568 0.451032 0.000000 0.107772 0.044571 
79
0.000000 0.378092 0.829200 0.008800 0.003277 0.680969 0.969200 0.787154 0.094585 0.000000 0.000000 0.000000 0.000000 0.000000 0.094523 0.991754 0.114338 0.000000 0.000738 0.636215 0.973385 0.797292 0.115769 0.378092 0.897262 0.100708 0.003923 0.000000 0.131862 0.801185 0.600769 0.885569 0.098280 0.000000 0.784504 0.327266 0.239446 0.016538 0.000000 0.459051 0.913227 0.912746 0.128185 0.080344 0.118618 0.145480 0.000000 0.069439 0.014775 0.000000 0.486046 0.769602 0.010713 0.000000 0.087138 0.102809 0.510091 0.597420 0.000000 0.099895 0.137562 
