task94
0.012000 1.001076 2.001615 2.001761 3.010423 3.010470 4.011258 4.011296 5.024413 5.058320 
task15
0.022000 1.013357 2.011615 2.014045 3.020423 3.022728 4.035862 4.043968 5.071681 5.077374 
task10
0.022000 1.011016 2.011615 2.011638 3.020423 3.020465 4.035862 4.037835 5.071681 5.111036 
task13
0.022000 1.011077 2.011615 2.011782 3.020423 3.020497 4.035891 4.039942 5.071650 5.077366 
task0
0.022000 1.011393 2.011615 2.011868 3.020423 3.020687 4.035891 4.041578 5.071650 5.084300 
task1
0.024000 1.012882 2.012372 2.013096 3.022621 3.023331 4.042905 4.046218 5.088988 5.108443 
task14
0.024000 1.013861 2.012845 2.013449 3.021223 3.021939 4.043003 4.046301 5.088534 5.107980 
task12
0.024000 1.012381 2.012466 2.013272 3.020961 3.021824 4.044037 4.047471 5.087500 5.113630 
task11
0.024000 1.013890 2.012582 2.013420 3.022702 3.023318 4.044000 4.053537 5.089402 5.109017 
task2
0.024000 1.012403 2.013081 2.013719 3.021783 3.022423 4.043721 4.046801 5.088503 5.107951 
task9
0.024000 1.012536 2.013594 2.014226 3.021337 3.021978 4.043788 4.047123 5.088423 5.107974 
task6
0.024000 1.012766 2.013943 2.014633 3.022237 3.022965 4.042487 4.045812 5.087660 5.107557 
task3
0.024000 1.013940 2.012835 2.013486 3.021838 3.022550 4.042324 4.049733 5.088664 5.107432 
task4
0.024000 1.012810 2.012326 2.012940 3.020805 3.021449 4.042023 4.049351 5.088335 5.109111 
task7
0.024000 1.012941 2.012457 2.013157 3.020958 3.021583 4.042192 4.049479 5.088762 5.114458 
task5
0.024000 1.012290 2.012453 2.013174 3.020933 3.021703 4.043821 4.053136 5.087764 5.092944 
task8
0.024000 1.013017 2.013615 2.013655 3.022423 3.022483 4.044043 4.047357 5.088074 5.093934 
task16
0.032000 1.086869 2.021615 2.087556 3.030423 3.096450 4.062830 4.136305 5.130046 5.199226 
task17
0.092000 0.101852 1.087681 1.098719 2.088140 2.099395 3.096755 3.108213 4.218190 4.566905 5.199568 5.210836 
task20
0.092148 0.225126 1.087755 1.222838 2.088214 2.223543 3.096829 3.232458 4.218642 4.519678 5.199729 5.335216 
task19
0.244379 0.253422 0.254490 0.280294 1.241756 1.277270 2.242997 2.250940 3.251280 3.259992 3.260227 3.288556 4.446665 4.448792 4.462911 4.463397 4.464341 4.465404 4.470911 4.471824 4.472563 4.474266 4.474389 4.476272 4.583851 4.584264 4.584563 4.586101 4.588801 4.590270 4.590563 4.591287 4.598801 4.600276 4.600563 4.601294 4.606912 4.624392 5.353729 5.362538 5.363032 5.373694 
task18
0.254407 0.263040 1.250863 1.251797 1.251856 1.260955 2.273262 2.273745 2.274022 2.274426 2.274441 2.293319 3.261056 3.270362 4.606801 4.609254 5.362879 5.372561 
task21
0.278490 0.279748 0.280580 0.281981 1.276551 1.277567 1.277856 1.281951 2.274939 2.277619 3.285506 3.291176 4.619318 4.620952 4.621436 4.622464 4.624031 4.628417 5.392662 5.396373 
task22
0.280490 0.280601 0.280608 0.280906 0.280946 0.281003 1.278668 1.279712 1.280030 1.280819 2.295071 2.295618 2.295635 2.296210 2.296255 2.296400 2.296722 2.296852 2.297103 2.297311 3.288482 3.288800 3.288823 3.289097 3.289219 3.289826 3.289906 3.290416 4.625611 4.625895 4.625899 4.626119 4.626121 4.626247 4.626415 4.626655 4.626712 4.626945 4.626968 4.627010 4.627029 4.627231 4.627366 4.627565 5.408073 5.409581 5.409755 5.410042 5.410073 5.410225 5.410240 5.410739 5.410780 5.411005 5.411195 5.411221 5.411255 5.411652 5.411845 5.411935 
task23
0.304000 0.304938 1.304174 1.305107 2.304273 2.305076 3.312372 3.313245 4.646481 4.647401 5.416580 5.417570 
task24
0.306608 0.307210 1.305324 1.305459 1.305466 1.305766 1.306120 1.306337 1.306408 1.306598 1.306668 1.306847 1.306890 1.307490 2.305426 2.305854 2.305912 2.306194 2.306300 2.306458 2.306781 2.307075 2.307103 2.307318 3.313461 3.313839 3.313937 3.314383 3.314572 3.314817 3.315030 3.315450 4.647701 4.648003 4.648090 4.648346 4.648623 4.648786 4.648920 4.649086 4.649095 4.649364 4.649436 4.649706 5.417845 5.418048 5.418073 5.418527 5.418620 5.419461 5.419579 5.419658 
task54
0.320685 0.322156 0.324015 0.324164 0.325102 0.325836 0.326424 0.326923 0.327063 0.327295 1.320534 1.322677 1.323638 1.323767 1.325340 1.325940 1.327122 1.327527 2.321538 2.323284 2.326883 2.328064 3.330250 3.333259 3.334084 3.335105 3.336939 3.337399 4.660683 4.662844 4.663905 4.664039 4.665174 4.665578 4.667124 4.667283 4.667988 4.668198 5.430374 5.432707 5.433359 5.433876 5.435524 5.435965 5.436733 5.437068 5.437370 5.437515 
task31
0.320685 0.322784 0.324015 0.324550 0.325102 0.325534 0.326424 0.326999 0.327063 0.327374 1.320535 1.323306 1.323638 1.324157 1.325340 1.325778 1.327122 1.327318 1.327357 1.327605 2.321539 2.323914 2.326883 2.328142 3.330250 3.333887 3.334084 3.334173 3.334484 3.334596 3.336939 3.337072 4.660684 4.663472 4.663905 4.664035 4.665174 4.665484 4.667124 4.667271 4.667988 4.668214 5.430375 5.433355 5.433359 5.433503 5.435524 5.436092 5.436733 5.436836 5.437370 5.437488 
task30
0.320685 0.321227 0.324015 0.326231 0.326424 0.328102 1.320535 1.321000 1.321402 1.321749 1.323638 1.324876 1.325340 1.326475 1.327122 1.328304 2.321539 2.321964 2.322089 2.322323 2.326883 2.328840 3.330250 3.330568 3.331139 3.331499 3.332195 3.332378 3.334084 3.335293 3.336939 3.337775 4.660684 4.660918 4.660981 4.661527 4.661779 4.661998 4.663905 4.664747 4.665174 4.666181 4.667124 4.668912 5.430375 5.430582 5.430998 5.431359 5.431632 5.431828 5.433359 5.434250 5.435524 5.438185 
task25
0.320685 0.339245 1.320535 1.328322 2.320370 2.328761 3.330232 3.336828 3.336843 3.349601 4.660684 4.668624 5.430115 5.433982 5.434364 5.449324 
task35
0.322055 0.322510 1.320230 1.320679 2.320329 2.320848 3.330427 3.330817 4.660537 4.660973 5.430635 5.431141 
task83
0.323897 0.331323 1.323410 1.331642 2.323214 2.331952 3.333995 3.349177 4.663816 4.672072 5.433270 5.449012 
task90
0.323938 0.326044 1.324645 1.326559 2.323214 2.326549 3.334085 3.337691 4.664948 4.668812 5.434776 5.438444 
task33
0.337970 0.338760 0.338946 0.339019 0.339228 0.339327 0.340015 0.340056 0.340079 0.340135 0.340252 0.340360 0.340424 0.340680 0.340715 0.340765 0.340952 0.341023 0.341063 0.341331 0.384895 0.404502 1.337513 1.337632 1.338438 1.338596 1.338812 1.338834 1.339312 1.339399 1.339554 1.339636 1.339638 1.339727 1.339761 1.339821 1.340002 1.340171 1.340444 1.340600 1.340818 1.340838 1.341122 1.341233 1.341317 1.341385 1.341554 1.341641 1.341644 1.341732 1.341767 1.341825 1.342008 1.342176 1.385694 1.416859 2.339560 2.339646 2.339906 2.340078 2.340120 2.340329 2.340379 2.340585 2.340692 2.340704 2.340883 2.340970 2.341077 2.341241 2.341565 2.341613 2.341631 2.341651 2.341754 2.342101 2.342126 2.342134 2.384565 2.407879 3.348462 3.348634 3.348851 3.348978 3.349523 3.349634 3.350084 3.350167 3.350468 3.350638 3.350857 3.350963 3.351529 3.351581 3.351590 3.351639 3.352089 3.352171 3.394648 3.443750 4.678751 4.679026 4.679769 4.679942 4.680051 4.680128 4.680132 4.680161 4.680389 4.680484 4.680767 4.681031 4.681124 4.681199 4.681775 4.681946 4.681988 4.682035 4.682092 4.682132 4.682138 4.682166 4.682395 4.682489 4.725955 4.775779 5.447420 5.447549 5.448035 5.448132 5.448371 5.448442 5.448497 5.448537 5.449070 5.449332 5.449350 5.449383 5.449461 5.449573 5.450041 5.450136 5.450377 5.450446 5.450502 5.450542 5.450733 5.450749 5.451075 5.451337 5.451356 5.451578 5.495256 5.514643 
task86
0.384715 0.402242 1.385554 1.403126 2.384385 2.397977 3.394468 3.408193 4.725775 4.739735 5.495075 5.508572 
task84
0.384831 0.440278 1.385670 1.440972 2.384501 2.439748 3.394584 3.451626 4.725891 4.791486 5.495191 5.550450 
task26
0.384838 0.437308 1.385677 1.438162 2.384508 2.436930 3.394591 3.446916 4.725898 4.795333 5.495198 5.547515 
task28
0.434895 0.456672 1.437309 1.458105 2.435280 2.456638 3.444648 3.469773 4.776250 4.798296 5.547453 5.566709 
task85
0.436052 0.448448 1.435694 1.452913 2.434565 2.454085 3.447037 3.457648 4.775955 4.795725 5.545256 5.561393 
task27
0.436054 0.448596 1.437292 1.449435 2.435262 2.447846 3.447038 3.450142 4.776233 4.780013 5.547435 5.549764 
task29
0.454912 0.455698 0.458755 0.462763 1.457713 1.458179 1.458643 1.459532 1.459636 1.463728 2.456896 2.457389 2.457798 2.474090 3.469744 3.470162 3.470286 3.472030 4.797974 4.798550 4.798965 4.799813 4.800116 4.803766 5.569881 5.572180 
task32
0.458612 0.460856 1.459516 1.460611 1.460674 1.461529 1.461549 1.461802 2.473876 2.478275 3.531828 3.534766 4.800005 4.802070 5.587322 5.600781 
task36
0.458674 0.461676 1.459561 1.466930 2.471829 2.472208 2.472943 2.473242 2.473903 2.517472 3.531891 3.537617 4.800036 4.820019 5.587384 5.632997 
task87
0.458738 0.465080 1.459625 1.466026 2.457764 2.468360 3.465056 3.475646 4.800100 4.806269 5.568240 5.588185 
task39
0.475425 0.481550 1.477002 1.482424 2.479072 2.482006 3.553203 3.557300 4.821796 4.895277 5.633482 5.678577 
task34
0.476423 0.477908 0.478193 0.478644 1.476016 1.492820 2.479035 2.479408 2.479455 2.479722 2.479771 2.480876 3.553226 3.570544 4.816202 4.817928 4.818116 4.818724 4.818804 4.819065 4.819122 4.819436 4.819455 4.819747 5.633457 5.634089 5.634108 5.634309 5.634418 5.634626 5.634754 5.635058 5.635065 5.635297 
task88
0.491115 0.553995 1.491063 1.552908 2.479094 2.557389 3.477775 3.501188 4.821791 4.837160 5.582287 5.632801 
task37
0.492673 0.496779 1.492894 1.496552 2.478050 2.551154 3.569304 3.575649 4.820135 4.842643 5.633476 5.638352 
task89
0.539126 0.575503 1.541722 1.574473 2.558736 2.569152 3.499819 3.532572 4.893832 4.915771 5.617453 5.649192 
task38
0.554269 0.556421 1.552452 1.555712 2.537951 2.540145 2.555842 2.558187 2.558764 2.568677 3.590483 3.596468 4.888188 4.889507 4.889826 4.891429 4.891831 4.932007 5.680813 5.684594 
task91
0.556131 0.556399 1.558230 1.558368 2.586329 2.586536 3.518428 3.518705 4.912537 4.912661 5.636636 5.636830 
task92
0.572506 0.600569 1.573630 1.584250 2.590764 2.618248 3.519823 3.538105 4.928198 5.009695 5.679752 5.688486 
task40
0.574451 0.578088 1.575635 1.579348 2.558758 2.642058 3.600487 3.604789 4.893831 4.897299 5.699522 5.702790 
task93
0.599379 0.670655 1.599781 1.624110 2.671881 2.676680 2.676776 2.732429 3.553263 3.560230 4.934858 4.938116 5.695754 5.697412 5.697517 5.719778 
task42
0.600319 0.606189 1.602254 1.607975 2.591875 2.600292 3.616510 3.623138 4.934864 4.940721 5.718524 5.724226 
task41
0.600369 0.679540 1.602255 1.678952 2.591876 2.677064 3.616511 3.688956 4.934865 5.022339 5.717528 5.793663 
task43
0.674556 0.689500 1.675804 1.691390 2.678605 2.686647 3.687958 3.702498 5.016283 5.031553 5.791528 5.802058 
task46
0.682136 0.682289 1.686235 1.686458 2.702334 2.702627 3.698432 3.698596 5.024542 5.024752 5.826636 5.826921 
task47
0.684156 0.685369 1.688254 1.689538 2.704353 2.705507 3.700452 3.701676 5.026561 5.027831 5.828636 5.829800 
task48
0.726587 0.732968 1.725783 1.729567 1.729678 1.738112 2.729177 2.738423 3.737474 3.747320 5.068896 5.075884 5.839797 5.848468 
task44
0.730406 0.733070 1.749814 1.764594 2.738838 2.741369 2.741981 2.770570 3.740625 3.746242 5.071617 5.074523 5.855770 5.862115 
task49
0.741023 0.743661 0.745102 0.781466 1.731302 1.736575 2.746898 2.772603 3.752924 3.753990 3.754067 3.779355 5.084960 5.086023 5.086358 5.123796 5.846570 5.851415 5.855805 5.862446 
task50
0.745047 0.750487 1.752654 1.786133 2.772036 2.778091 3.778127 3.800449 5.087471 5.093018 5.855742 5.859750 
task45
0.745075 0.754203 1.752636 1.756376 2.746873 2.750769 3.754053 3.757969 5.087709 5.129530 5.873979 5.882432 
task51
0.783102 0.789178 1.785829 1.790325 2.786944 2.789806 3.782750 3.784631 5.119301 5.121005 5.127315 5.131879 5.878661 5.880998 
task52
0.790705 0.790826 0.791102 0.791284 0.791291 0.791540 0.791562 0.792111 0.792579 0.792866 0.793024 0.793691 1.791857 1.792386 1.792441 1.792675 1.792771 1.793118 1.793165 1.793885 1.793923 1.794660 2.791315 2.791466 2.792092 2.792716 2.792944 2.793091 2.793394 2.793661 2.793809 2.794008 2.794145 2.794726 2.794829 2.795130 3.799027 3.800110 3.800136 3.800596 3.801080 3.801363 3.801456 3.801670 3.801701 3.801902 3.802216 3.802672 3.802836 3.803695 3.803716 3.803850 5.134153 5.134260 5.134340 5.134515 5.134697 5.134846 5.135053 5.135765 5.135819 5.136340 5.136418 5.136546 5.136776 5.136977 5.905026 5.905126 5.905166 5.905353 5.905353 5.905525 5.905703 5.905783 5.905873 5.905930 5.905938 5.906630 5.906688 5.906888 
task53
0.791615 0.791700 0.791704 0.791871 0.791938 0.792073 0.792552 0.792831 0.792988 0.793105 0.793129 0.793248 0.793345 0.793385 0.793410 0.793431 1.792744 1.793056 1.793139 1.793188 1.793218 1.793696 1.793910 1.794303 1.794423 1.794621 2.793368 2.793406 2.793452 2.793601 2.793782 2.793902 2.794119 2.794665 2.794803 2.794895 2.794970 2.795091 3.802190 3.802429 3.802809 3.803014 3.803080 3.803217 3.803229 3.803654 3.803701 3.803812 5.135026 5.135156 5.135157 5.135274 5.135315 5.135716 5.135792 5.135992 5.136060 5.136202 5.136206 5.136300 5.136392 5.136492 5.136750 5.136937 5.906415 5.906508 5.906675 5.906839 5.907079 5.907186 5.907194 5.907372 5.907392 5.907575 5.907743 5.907944 5.907978 5.908161 5.908235 5.908418 
task55
0.793641 0.797613 1.795218 1.798409 2.795531 2.798885 3.804216 3.807251 5.137209 5.140723 5.908441 5.911919 
task56
0.796890 0.807735 1.797476 1.808533 2.798119 2.809355 3.807133 3.818100 5.140716 5.152156 5.910249 5.922058 
task57
0.825961 0.826165 0.826172 0.826472 0.826890 0.827012 0.827127 0.827212 0.827435 0.827655 0.827727 0.827921 1.826439 1.826958 1.827067 1.827116 1.827587 1.827625 1.827929 1.828021 1.828312 1.828554 2.828607 2.829085 2.829209 2.829549 2.829769 2.829933 2.830230 2.830348 2.830409 2.830448 3.837244 3.837291 3.837324 3.837500 3.837517 3.837598 3.837639 3.838024 3.838051 3.838253 3.838516 3.838608 5.170827 5.170999 5.171074 5.171131 5.171541 5.171617 5.171638 5.171817 5.171919 5.172132 5.172134 5.172163 5.172264 5.172369 5.172595 5.172786 5.949488 5.949519 5.949589 5.949781 5.949800 5.949958 5.950171 5.950460 5.950489 5.950851 5.951155 5.951360 
task58
4.010530 4.014126 
task62
4.010731 4.022396 
task69
4.010760 4.017532 
task74
4.010809 4.039791 
task73
4.010811 4.040622 
task61
4.011472 4.018580 
task64
4.027666 4.030387 4.034019 4.041853 
task59
4.034014 4.037244 
task75
4.034016 4.037245 
task76
4.040019 4.040610 4.040886 4.041341 4.041607 4.043470 4.043721 4.044330 
task60
4.042223 4.047354 
task63
4.056000 4.058879 
task65
4.060690 4.070474 
task66
4.084471 4.085063 
task67
4.085238 4.092900 
task82
4.102435 4.117374 
task80
4.102489 4.217251 
task71
4.102489 4.212936 
task68
4.102573 4.129302 
task77
4.102573 4.129812 
task70
4.211966 4.522795 
task72
4.218188 4.606891 
task78
4.218189 4.236451 
task81
4.218243 4.218685 4.218799 4.229758 
task79
4.606911 4.610215 
