5
0.000000 0.012000 1.000000 1.001076 2.000000 2.001761 3.000000 3.010470 4.000000 4.011296 5.000000 5.058320 
0
0.000000 0.024411 1.000000 1.013940 2.000000 2.014633 3.000000 3.023331 4.000000 4.053537 5.000000 5.114458 
4
0.000000 0.313169 1.000000 1.313413 2.000000 2.313234 3.000000 3.321422 4.000000 4.655689 5.000000 5.425585 
1
0.000000 0.671152 1.000000 1.672901 2.000000 2.735549 3.000000 3.571851 4.000000 5.060112 5.000000 5.719778 
2
0.000000 0.827992 1.000000 1.828568 2.000000 2.830470 3.000000 3.838739 4.000000 5.296918 5.000000 5.951374 
3
4.000000 4.625532 
