0
0.000000 1000000.000000 999488.000000 1000000.000000 1000000.000000 999999.000000 999989.000000 999993.000000 1000000.000000 994484.000000 0.000000 1000000.000000 999488.000000 1000000.000000 1000000.000000 999999.000000 999921.000000 999993.000000 1000000.000000 994532.000000 0.000000 1000000.000000 999488.000000 1000000.000000 1000000.000000 999999.000000 999985.000000 999981.000000 1000000.000000 993138.000000 0.000000 1000000.000000 999488.000000 999969.000000 1000000.000000 999999.000000 999997.000000 999985.000000 1000000.000000 1000000.000000 0.000000 1000000.000000 1000000.000000 1000000.000000 1000000.000000 1000000.000000 999993.000000 1000000.000000 999999.000000 999993.000000 999989.000000 1000000.000000 1000000.000000 999991.000000 999981.000000 1000000.000000 999999.000000 999993.000000 999993.000000 1000000.000000 1000000.000000 
1
0.000000 33792.000000 368704.000000 999969.000000 1000000.000000 999999.000000 999985.000000 999993.000000 1000000.000000 999982.000000 0.000000 999508.000000 999988.000000 1000000.000000 1000000.000000 999999.000000 999945.000000 999997.000000 1000000.000000 999946.000000 0.000000 999964.000000 999996.000000 999986.000000 1000000.000000 999999.000000 999969.000000 999985.000000 1000000.000000 999940.000000 0.000000 999928.000000 999992.000000 999986.000000 1000000.000000 999999.000000 999997.000000 999945.000000 1000000.000000 1000000.000000 0.000000 1000000.000000 1000000.000000 1000000.000000 999999.000000 1000000.000000 1000000.000000 1000000.000000 999999.000000 999993.000000 999945.000000 1000000.000000 1000000.000000 999975.000000 999993.000000 1000000.000000 999999.000000 999993.000000 999957.000000 1000000.000000 1000000.000000 
2
0.000000 33792.000000 387136.000000 1000000.000000 1000000.000000 999999.000000 999969.000000 999969.000000 1000000.000000 993012.000000 0.000000 999124.000000 999988.000000 1000000.000000 1000000.000000 999999.000000 999945.000000 999993.000000 1000000.000000 999982.000000 0.000000 999994.000000 999994.000000 1000000.000000 1000000.000000 999999.000000 999985.000000 999993.000000 1000000.000000 999984.000000 0.000000 999060.000000 999988.000000 999989.000000 1000000.000000 999999.000000 999993.000000 999897.000000 1000000.000000 1000000.000000 0.000000 1000000.000000 1000000.000000 1000000.000000 999976.000000 999992.000000 999976.000000 1000000.000000 999999.000000 999993.000000 999945.000000 1000000.000000 1000000.000000 999488.000000 999969.000000 1000000.000000 999999.000000 999993.000000 999977.000000 1000000.000000 1000000.000000 
3
0.000000 33792.000000 387136.000000 999999.000000 1000000.000000 999999.000000 999969.000000 999969.000000 1000000.000000 999954.000000 0.000000 1000000.000000 999986.000000 1000000.000000 1000000.000000 999999.000000 999985.000000 999989.000000 1000000.000000 999960.000000 0.000000 1000000.000000 999990.000000 1000000.000000 1000000.000000 999999.000000 999985.000000 999981.000000 1000000.000000 999984.000000 0.000000 1000000.000000 999980.000000 999999.000000 1000000.000000 999999.000000 999993.000000 999897.000000 1000000.000000 1000000.000000 0.000000 1000000.000000 1000000.000000 1000000.000000 999992.000000 999992.000000 999976.000000 1000000.000000 999999.000000 999993.000000 999997.000000 1000000.000000 1000000.000000 999993.000000 1000000.000000 1000000.000000 999999.000000 999989.000000 999977.000000 1000000.000000 1000000.000000 
4
0.000000 33792.000000 370048.000000 999969.000000 1000000.000000 999999.000000 999985.000000 999977.000000 1000000.000000 992850.000000 0.000000 1000000.000000 999986.000000 1000000.000000 1000000.000000 999999.000000 999993.000000 999953.000000 1000000.000000 999990.000000 0.000000 1000000.000000 999998.000000 1000000.000000 1000000.000000 999999.000000 999985.000000 999989.000000 1000000.000000 999982.000000 0.000000 998474.000000 999994.000000 999999.000000 1000000.000000 999999.000000 999997.000000 999945.000000 1000000.000000 1000000.000000 0.000000 1000000.000000 1000000.000000 1000000.000000 1000000.000000 999994.000000 999994.000000 1000000.000000 999999.000000 999985.000000 999969.000000 1000000.000000 1000000.000000 999987.000000 1000000.000000 1000000.000000 999999.000000 999985.000000 999961.000000 1000000.000000 1000000.000000 
5
0.000000 33792.000000 369728.000000 999969.000000 1000000.000000 999999.000000 999985.000000 999985.000000 1000000.000000 999986.000000 0.000000 999998.000000 999998.000000 1000000.000000 1000000.000000 999999.000000 999961.000000 999985.000000 1000000.000000 999988.000000 0.000000 999998.000000 1000000.000000 1000000.000000 1000000.000000 999999.000000 999993.000000 999989.000000 1000000.000000 999988.000000 0.000000 999978.000000 999974.000000 999999.000000 1000000.000000 999999.000000 999993.000000 999873.000000 1000000.000000 1000000.000000 0.000000 1000000.000000 1000000.000000 1000000.000000 1000000.000000 999994.000000 999962.000000 1000000.000000 999999.000000 999985.000000 999997.000000 1000000.000000 1000000.000000 1000000.000000 999980.000000 1000000.000000 999999.000000 999997.000000 999993.000000 1000000.000000 1000000.000000 
6
0.000000 33792.000000 369728.000000 999969.000000 1000000.000000 999999.000000 999957.000000 999993.000000 1000000.000000 999996.000000 0.000000 999938.000000 999986.000000 1000000.000000 1000000.000000 999999.000000 999961.000000 999997.000000 1000000.000000 994508.000000 0.000000 999996.000000 999996.000000 999993.000000 1000000.000000 999998.000000 999961.000000 999993.000000 1000000.000000 999990.000000 0.000000 999986.000000 999970.000000 999975.000000 1000000.000000 999999.000000 999993.000000 999977.000000 1000000.000000 1000000.000000 0.000000 1000000.000000 1000000.000000 1000000.000000 1000000.000000 999994.000000 999962.000000 1000000.000000 999999.000000 999985.000000 999997.000000 1000000.000000 1000000.000000 999969.000000 999998.000000 1000000.000000 999999.000000 999985.000000 999905.000000 1000000.000000 1000000.000000 
7
0.000000 33792.000000 369728.000000 999969.000000 1000000.000000 999999.000000 999989.000000 999993.000000 1000000.000000 999920.000000 0.000000 999998.000000 999998.000000 1000000.000000 1000000.000000 999999.000000 999985.000000 999977.000000 1000000.000000 993834.000000 0.000000 999770.000000 999994.000000 1000000.000000 1000000.000000 999999.000000 999985.000000 999973.000000 1000000.000000 991150.000000 0.000000 999998.000000 999998.000000 999987.000000 1000000.000000 999999.000000 999997.000000 999961.000000 1000000.000000 1000000.000000 0.000000 1000000.000000 1000000.000000 1000000.000000 1000000.000000 999994.000000 999994.000000 1000000.000000 999999.000000 999993.000000 999961.000000 1000000.000000 1000000.000000 999985.000000 999998.000000 1000000.000000 999999.000000 999985.000000 999997.000000 1000000.000000 1000000.000000 
8
0.000000 33792.000000 369728.000000 999969.000000 1000000.000000 999999.000000 999997.000000 999991.000000 1000000.000000 994444.000000 0.000000 999980.000000 1000000.000000 1000000.000000 1000000.000000 999999.000000 999957.000000 999989.000000 1000000.000000 999984.000000 0.000000 999990.000000 999990.000000 1000000.000000 1000000.000000 999994.000000 999973.000000 999981.000000 1000000.000000 998470.000000 0.000000 999990.000000 999990.000000 999999.000000 1000000.000000 999999.000000 999997.000000 999997.000000 1000000.000000 1000000.000000 0.000000 1000000.000000 1000000.000000 1000000.000000 1000000.000000 999994.000000 999978.000000 1000000.000000 999999.000000 999989.000000 999981.000000 1000000.000000 1000000.000000 999997.000000 999990.000000 1000000.000000 999999.000000 999997.000000 999989.000000 1000000.000000 1000000.000000 
9
0.000000 33792.000000 369728.000000 999969.000000 1000000.000000 999997.000000 999985.000000 999977.000000 1000000.000000 1000000.000000 0.000000 999982.000000 999998.000000 1000000.000000 1000000.000000 999994.000000 999997.000000 999998.000000 1000000.000000 999968.000000 0.000000 999998.000000 999998.000000 1000000.000000 1000000.000000 999994.000000 999989.000000 999993.000000 1000000.000000 999982.000000 0.000000 999994.000000 999994.000000 999987.000000 1000000.000000 999999.000000 999997.000000 999973.000000 1000000.000000 1000000.000000 0.000000 1000000.000000 1000000.000000 1000000.000000 1000000.000000 999994.000000 999978.000000 1000000.000000 999998.000000 999989.000000 999997.000000 1000000.000000 1000000.000000 999993.000000 999990.000000 1000000.000000 999997.000000 999997.000000 999961.000000 1000000.000000 1000000.000000 
10
0.000000 33792.000000 369728.000000 1000000.000000 1000000.000000 1000000.000000 999997.000000 999997.000000 1000000.000000 999982.000000 0.000000 999994.000000 999994.000000 1000000.000000 1000000.000000 999995.000000 999961.000000 999991.000000 1000000.000000 1000000.000000 0.000000 999974.000000 999990.000000 999987.000000 1000000.000000 999994.000000 999957.000000 999973.000000 1000000.000000 1000000.000000 0.000000 999614.000000 999998.000000 999995.000000 1000000.000000 999998.000000 999997.000000 999989.000000 1000000.000000 1000000.000000 0.000000 1000000.000000 1000000.000000 999978.000000 999338.000000 1000000.000000 999791.000000 1000000.000000 999998.000000 999997.000000 999985.000000 1000000.000000 1000000.000000 999997.000000 1000000.000000 1000000.000000 999994.000000 999994.000000 999990.000000 1000000.000000 1000000.000000 
11
0.000000 33792.000000 369728.000000 1000000.000000 1000000.000000 999999.000000 999981.000000 999985.000000 1000000.000000 1000000.000000 0.000000 999982.000000 999998.000000 1000000.000000 1000000.000000 999993.000000 999993.000000 999997.000000 1000000.000000 999984.000000 0.000000 999982.000000 999982.000000 999999.000000 1000000.000000 999994.000000 999941.000000 999929.000000 1000000.000000 999974.000000 0.000000 999762.000000 999986.000000 999999.000000 1000000.000000 999998.000000 999997.000000 999981.000000 1000000.000000 1000000.000000 0.000000 1000000.000000 1000000.000000 1000000.000000 999999.000000 999999.000000 999997.000000 1000000.000000 999994.000000 999992.000000 999997.000000 1000000.000000 1000000.000000 999989.000000 999998.000000 1000000.000000 999997.000000 999997.000000 999997.000000 1000000.000000 1000000.000000 
