0
0.000000 116736.000000 49152.000000 1047.000000 32351.000000 38532.000000 2048.000000 31744.000000 18435.000000 0.000000 0.000000 110592.000000 49152.000000 0.000000 32826.000000 38568.000000 4218.000000 27584.000000 18435.000000 0.000000 0.000000 110592.000000 49152.000000 0.000000 32351.000000 37052.000000 52526.000000 25743.000000 18435.000000 0.000000 0.000000 116736.000000 55296.000000 4612.000000 39928.000000 17793.000000 720.000000 35904.000000 1393.000000 0.000000 0.000000 3072.000000 19115.000000 193824.000000 127456.000000 61216.000000 216.000000 17594.000000 480.000000 24616.000000 18746.000000 20322.000000 0.000000 55296.000000 6792.000000 40828.000000 27936.000000 0.000000 37376.000000 3228.000000 0.000000 
1
0.000000 110848.000000 43264.000000 3.000000 27786.000000 38532.000000 4218.000000 28480.000000 18435.000000 0.000000 0.000000 104704.000000 43264.000000 0.000000 32989.000000 41340.000000 5242.000000 27584.000000 18435.000000 0.000000 0.000000 104704.000000 43264.000000 19.000000 27786.000000 37332.000000 51934.000000 27077.000000 12290.000000 0.000000 0.000000 110848.000000 49408.000000 3584.000000 35366.000000 17793.000000 1080.000000 35904.000000 1392.000000 0.000000 0.000000 3072.000000 12988.000000 196224.000000 130112.000000 67776.000000 0.000000 17546.000000 0.000000 25452.000000 21114.000000 19970.000000 0.000000 49408.000000 6144.000000 35414.000000 27840.000000 0.000000 38272.000000 3762.000000 0.000000 
2
0.000000 110848.000000 43264.000000 0.000000 27786.000000 36656.000000 3072.000000 25216.000000 18435.000000 0.000000 0.000000 104704.000000 43264.000000 0.000000 26502.000000 39880.000000 6388.000000 31744.000000 18435.000000 0.000000 0.000000 104704.000000 43264.000000 10.000000 27786.000000 38152.000000 53870.000000 30341.000000 18435.000000 0.000000 0.000000 110848.000000 49408.000000 4133.000000 40446.000000 17600.000000 1080.000000 32640.000000 1392.000000 0.000000 0.000000 3072.000000 11717.000000 195136.000000 126432.000000 61664.000000 0.000000 17848.000000 0.000000 24840.000000 19711.000000 20424.000000 0.000000 49408.000000 6144.000000 35414.000000 27936.000000 0.000000 34112.000000 2988.000000 0.000000 
3
0.000000 116736.000000 49152.000000 1024.000000 32866.000000 38532.000000 2048.000000 28480.000000 18435.000000 0.000000 0.000000 110592.000000 49152.000000 0.000000 27786.000000 37932.000000 4218.000000 28480.000000 18435.000000 0.000000 0.000000 110592.000000 49152.000000 0.000000 32866.000000 36732.000000 50158.000000 24778.000000 18435.000000 0.000000 0.000000 116736.000000 55296.000000 4608.000000 35366.000000 18565.000000 720.000000 32640.000000 720.000000 0.000000 0.000000 3072.000000 20072.000000 193792.000000 127424.000000 61216.000000 0.000000 17498.000000 384.000000 25316.000000 19711.000000 21098.000000 0.000000 55296.000000 6684.000000 40494.000000 27840.000000 0.000000 35008.000000 4242.000000 0.000000 
4
0.000000 116736.000000 49152.000000 512.000000 27786.000000 37184.000000 4218.000000 28480.000000 0.000000 0.000000 0.000000 110592.000000 49152.000000 0.000000 32826.000000 41940.000000 4218.000000 29376.000000 18435.000000 0.000000 0.000000 110592.000000 49152.000000 0.000000 27786.000000 34452.000000 54894.000000 25743.000000 18435.000000 0.000000 0.000000 116736.000000 55296.000000 4608.000000 35366.000000 17793.000000 1080.000000 35008.000000 720.000000 0.000000 0.000000 3072.000000 19115.000000 194976.000000 131200.000000 64768.000000 0.000000 0.000000 0.000000 22568.000000 19513.000000 21004.000000 116736.000000 55296.000000 6656.000000 35366.000000 27936.000000 0.000000 34112.000000 2988.000000 0.000000 
5
0.000000 110848.000000 43264.000000 549.000000 32826.000000 38532.000000 3072.000000 28480.000000 0.000000 0.000000 0.000000 104704.000000 43264.000000 0.000000 27169.000000 37184.000000 2048.000000 25216.000000 12290.000000 0.000000 0.000000 104704.000000 43264.000000 0.000000 32826.000000 35540.000000 54302.000000 27077.000000 12290.000000 0.000000 0.000000 110848.000000 49408.000000 4626.000000 40406.000000 26786.000000 1080.000000 32640.000000 1392.000000 0.000000 0.000000 3072.000000 11004.000000 197376.000000 130976.000000 65856.000000 640.000000 0.000000 0.000000 23296.000000 22079.000000 21335.000000 110848.000000 49408.000000 6656.000000 40406.000000 27936.000000 0.000000 38272.000000 3762.000000 0.000000 
6
0.000000 110848.000000 43264.000000 0.000000 32929.000000 37544.000000 2048.000000 28480.000000 0.000000 0.000000 0.000000 104704.000000 43264.000000 0.000000 27170.000000 37820.000000 2048.000000 26112.000000 18435.000000 0.000000 0.000000 104704.000000 43264.000000 0.000000 32929.000000 34492.000000 53870.000000 30341.000000 18435.000000 0.000000 0.000000 110848.000000 49408.000000 4626.000000 34783.000000 26593.000000 1080.000000 32640.000000 1392.000000 0.000000 0.000000 3072.000000 11717.000000 197376.000000 129248.000000 65856.000000 0.000000 0.000000 0.000000 24864.000000 21114.000000 20158.000000 110848.000000 49408.000000 6656.000000 34783.000000 27840.000000 965.000000 35008.000000 3228.000000 0.000000 
7
0.000000 116736.000000 49152.000000 512.000000 27203.000000 37184.000000 4218.000000 25216.000000 0.000000 0.000000 0.000000 110592.000000 49152.000000 544.000000 32893.000000 38532.000000 2048.000000 26112.000000 18435.000000 0.000000 0.000000 110592.000000 49152.000000 0.000000 27203.000000 34544.000000 50158.000000 24778.000000 18435.000000 0.000000 0.000000 116736.000000 55296.000000 4096.000000 40506.000000 26593.000000 720.000000 35904.000000 1392.000000 0.000000 0.000000 3072.000000 20072.000000 194592.000000 129472.000000 65344.000000 0.000000 0.000000 0.000000 23296.000000 18548.000000 21004.000000 116736.000000 55296.000000 6144.000000 40506.000000 27840.000000 0.000000 35008.000000 2988.000000 0.000000 
8
0.000000 116736.000000 49152.000000 0.000000 32826.000000 37184.000000 2048.000000 25216.000000 18435.000000 0.000000 0.000000 110592.000000 49152.000000 0.000000 27786.000000 39168.000000 4218.000000 28480.000000 18435.000000 0.000000 0.000000 110592.000000 49152.000000 0.000000 32826.000000 38132.000000 57262.000000 28480.000000 12290.000000 0.000000 0.000000 116736.000000 55296.000000 4621.000000 35366.000000 17600.000000 720.000000 35904.000000 1392.000000 0.000000 0.000000 3072.000000 21099.000000 99648.000000 34944.000000 0.000000 0.000000 0.000000 0.000000 24232.000000 21114.000000 21106.000000 13490.000000 55296.000000 7168.000000 35366.000000 28704.000000 13194.000000 38272.000000 2988.000000 0.000000 
9
0.000000 116736.000000 49152.000000 512.000000 27169.000000 37328.000000 2048.000000 26112.000000 18435.000000 0.000000 0.000000 110592.000000 49152.000000 0.000000 32826.000000 41940.000000 2048.000000 29376.000000 12290.000000 0.000000 0.000000 110592.000000 49152.000000 0.000000 27169.000000 36492.000000 56670.000000 27146.000000 18435.000000 0.000000 0.000000 116736.000000 55296.000000 4621.000000 40406.000000 17600.000000 1080.000000 35904.000000 1872.000000 0.000000 0.000000 3072.000000 12988.000000 103136.000000 36128.000000 0.000000 0.000000 0.000000 0.000000 27664.000000 18746.000000 22267.000000 0.000000 55296.000000 7168.000000 40406.000000 26593.000000 13194.000000 38272.000000 2988.000000 0.000000 
10
0.000000 110848.000000 43264.000000 529.000000 27170.000000 38532.000000 2048.000000 29376.000000 18435.000000 0.000000 0.000000 104704.000000 43264.000000 0.000000 27203.000000 37184.000000 2048.000000 26112.000000 18435.000000 0.000000 0.000000 104704.000000 43264.000000 0.000000 32210.000000 37116.000000 56238.000000 27146.000000 18435.000000 0.000000 0.000000 110848.000000 49408.000000 4781.000000 34783.000000 26400.000000 1440.000000 32640.000000 1392.000000 0.000000 0.000000 3072.000000 11717.000000 101728.000000 33536.000000 0.000000 0.000000 0.000000 0.000000 27640.000000 19711.000000 21106.000000 0.000000 55296.000000 6656.000000 32243.000000 28417.000000 14100.000000 35008.000000 3762.000000 0.000000 
11
0.000000 116736.000000 49152.000000 512.000000 32893.000000 38532.000000 4218.000000 26112.000000 18435.000000 0.000000 0.000000 110592.000000 49152.000000 2.000000 32926.000000 37932.000000 3072.000000 26112.000000 18435.000000 0.000000 0.000000 110592.000000 49152.000000 0.000000 32893.000000 45564.000000 57262.000000 29445.000000 18435.000000 0.000000 0.000000 116736.000000 55296.000000 4621.000000 40506.000000 26400.000000 720.000000 32640.000000 1392.000000 0.000000 0.000000 3072.000000 20072.000000 99648.000000 34944.000000 0.000000 0.000000 0.000000 0.000000 26000.000000 19711.000000 22266.000000 0.000000 55296.000000 6656.000000 40506.000000 28416.000000 14159.000000 31744.000000 3228.000000 0.000000 
12
0.000000 116736.000000 49152.000000 0.000000 32826.000000 36728.000000 4218.000000 28480.000000 18435.000000 0.000000 0.000000 110592.000000 49152.000000 0.000000 27786.000000 40592.000000 3013.000000 28480.000000 18435.000000 0.000000 0.000000 110592.000000 49152.000000 0.000000 32826.000000 37816.000000 55918.000000 29445.000000 12290.000000 0.000000 0.000000 116736.000000 55296.000000 4622.000000 35366.000000 17600.000000 1080.000000 35904.000000 1392.000000 0.000000 0.000000 3072.000000 21099.000000 99648.000000 34944.000000 0.000000 0.000000 0.000000 0.000000 24984.000000 21114.000000 19578.000000 0.000000 55296.000000 7168.000000 35366.000000 28704.000000 13194.000000 38272.000000 2988.000000 0.000000 
13
0.000000 116736.000000 49152.000000 512.000000 27169.000000 36728.000000 1024.000000 25216.000000 18435.000000 0.000000 0.000000 110592.000000 49152.000000 10.000000 32826.000000 37820.000000 4218.000000 29376.000000 12290.000000 0.000000 0.000000 110592.000000 49152.000000 0.000000 27169.000000 36492.000000 55524.000000 29445.000000 12290.000000 0.000000 0.000000 116736.000000 55296.000000 4619.000000 40406.000000 17600.000000 1080.000000 35904.000000 1392.000000 0.000000 0.000000 3072.000000 12988.000000 101728.000000 36128.000000 0.000000 0.000000 0.000000 0.000000 24952.000000 18746.000000 20424.000000 0.000000 55296.000000 7168.000000 40406.000000 26593.000000 13194.000000 38272.000000 2988.000000 0.000000 
14
0.000000 110848.000000 43264.000000 512.000000 32210.000000 38532.000000 2048.000000 25216.000000 18435.000000 0.000000 0.000000 104704.000000 43264.000000 0.000000 27203.000000 38532.000000 4218.000000 26112.000000 18435.000000 0.000000 0.000000 104704.000000 43264.000000 0.000000 27170.000000 37044.000000 55326.000000 30410.000000 18435.000000 0.000000 0.000000 110848.000000 49408.000000 4420.000000 34783.000000 26400.000000 1440.000000 32640.000000 1392.000000 0.000000 0.000000 3072.000000 11717.000000 101728.000000 33536.000000 0.000000 0.000000 0.000000 0.000000 25256.000000 19711.000000 20527.000000 0.000000 49408.000000 6656.000000 34783.000000 28417.000000 14100.000000 35008.000000 3762.000000 0.000000 
15
0.000000 116736.000000 49152.000000 1060.000000 32893.000000 36728.000000 4218.000000 27584.000000 18435.000000 0.000000 0.000000 110592.000000 49152.000000 3.000000 32926.000000 38532.000000 4218.000000 25216.000000 18435.000000 0.000000 0.000000 110592.000000 49152.000000 69.000000 37933.000000 37116.000000 57262.000000 27146.000000 18435.000000 0.000000 0.000000 116736.000000 55296.000000 4663.000000 40506.000000 26400.000000 720.000000 32640.000000 1872.000000 0.000000 0.000000 3072.000000 20072.000000 99648.000000 34944.000000 0.000000 0.000000 0.000000 0.000000 28296.000000 19711.000000 19578.000000 0.000000 55296.000000 6656.000000 40506.000000 28416.000000 14159.000000 31744.000000 4482.000000 0.000000 
16
0.000000 116736.000000 49152.000000 0.000000 32826.000000 38532.000000 2048.000000 31744.000000 18435.000000 0.000000 0.000000 110592.000000 49152.000000 7.000000 27786.000000 41940.000000 4218.000000 28480.000000 18435.000000 0.000000 0.000000 110592.000000 49152.000000 0.000000 32826.000000 35092.000000 55918.000000 31744.000000 18435.000000 0.000000 0.000000 116736.000000 55296.000000 4623.000000 35366.000000 20400.000000 1440.000000 35008.000000 1392.000000 0.000000 0.000000 3072.000000 11717.000000 118272.000000 56288.000000 0.000000 216.000000 0.000000 0.000000 23952.000000 21114.000000 14562.000000 116736.000000 55296.000000 6656.000000 35366.000000 28704.000000 13194.000000 38272.000000 4002.000000 0.000000 
17
0.000000 116736.000000 49152.000000 531.000000 27169.000000 36944.000000 2048.000000 31744.000000 18435.000000 0.000000 0.000000 110592.000000 49152.000000 0.000000 32826.000000 39168.000000 3072.000000 29376.000000 18435.000000 0.000000 0.000000 110592.000000 49152.000000 0.000000 27169.000000 35540.000000 55524.000000 28111.000000 12290.000000 0.000000 0.000000 116736.000000 55296.000000 4610.000000 40406.000000 26593.000000 1080.000000 35904.000000 2544.000000 0.000000 0.000000 3072.000000 20073.000000 117504.000000 50816.000000 0.000000 0.000000 0.000000 0.000000 27640.000000 18746.000000 15167.000000 116736.000000 55296.000000 6656.000000 40406.000000 26593.000000 13194.000000 38272.000000 4002.000000 0.000000 
18
0.000000 110848.000000 43264.000000 512.000000 27170.000000 38532.000000 4218.000000 25216.000000 18435.000000 0.000000 0.000000 104704.000000 43264.000000 0.000000 27203.000000 37184.000000 3013.000000 26112.000000 18435.000000 0.000000 0.000000 104704.000000 43264.000000 0.000000 27170.000000 34492.000000 55326.000000 27146.000000 18435.000000 0.000000 0.000000 110848.000000 49408.000000 4781.000000 34783.000000 18951.000000 1440.000000 32640.000000 1872.000000 0.000000 0.000000 3072.000000 11717.000000 117184.000000 50368.000000 0.000000 0.000000 0.000000 0.000000 25368.000000 19711.000000 14562.000000 110848.000000 49408.000000 6252.000000 34783.000000 28417.000000 14100.000000 31744.000000 3228.000000 0.000000 
19
0.000000 116736.000000 49152.000000 1042.000000 32893.000000 38532.000000 2048.000000 25216.000000 18435.000000 0.000000 0.000000 110592.000000 49152.000000 0.000000 32926.000000 37932.000000 2048.000000 26112.000000 18435.000000 0.000000 0.000000 110592.000000 49152.000000 0.000000 32893.000000 34544.000000 57262.000000 27146.000000 18435.000000 0.000000 0.000000 116736.000000 55296.000000 4612.000000 37966.000000 26786.000000 1080.000000 32640.000000 1392.000000 0.000000 0.000000 0.000000 11717.000000 118656.000000 50528.000000 0.000000 0.000000 0.000000 0.000000 27912.000000 19711.000000 14664.000000 116736.000000 55296.000000 6656.000000 40506.000000 28416.000000 14159.000000 31744.000000 2988.000000 0.000000 
20
0.000000 116736.000000 49152.000000 549.000000 32826.000000 37184.000000 2048.000000 25216.000000 18435.000000 0.000000 0.000000 110592.000000 49152.000000 0.000000 27786.000000 40592.000000 4218.000000 31744.000000 0.000000 0.000000 0.000000 110592.000000 49152.000000 0.000000 32826.000000 39408.000000 53870.000000 29376.000000 12982.000000 0.000000 0.000000 116736.000000 55296.000000 4621.000000 35366.000000 17793.000000 1080.000000 38272.000000 3696.000000 0.000000 0.000000 3072.000000 11717.000000 114471.000000 50368.000000 0.000000 0.000000 0.000000 0.000000 22568.000000 16180.000000 21106.000000 0.000000 55296.000000 7168.000000 35366.000000 27840.000000 965.000000 34112.000000 3228.000000 0.000000 
21
0.000000 116736.000000 49152.000000 0.000000 27169.000000 37328.000000 1024.000000 25216.000000 18435.000000 0.000000 0.000000 110592.000000 49152.000000 13.000000 32826.000000 39168.000000 4218.000000 31744.000000 0.000000 0.000000 0.000000 110592.000000 49152.000000 0.000000 27169.000000 39420.000000 53870.000000 27077.000000 18435.000000 0.000000 0.000000 116736.000000 55296.000000 4620.000000 40406.000000 17600.000000 720.000000 38272.000000 3024.000000 0.000000 0.000000 3072.000000 20073.000000 114784.000000 52832.000000 0.000000 0.000000 0.000000 0.000000 23296.000000 16180.000000 22267.000000 0.000000 55296.000000 6656.000000 40406.000000 27936.000000 0.000000 38272.000000 3228.000000 0.000000 
22
0.000000 110848.000000 43264.000000 0.000000 27170.000000 36800.000000 2048.000000 26112.000000 18435.000000 0.000000 0.000000 104704.000000 43264.000000 0.000000 27203.000000 37932.000000 6388.000000 25216.000000 0.000000 0.000000 0.000000 104704.000000 43264.000000 0.000000 32210.000000 47096.000000 53870.000000 25743.000000 18435.000000 0.000000 0.000000 110848.000000 49408.000000 4312.000000 34783.000000 22370.000000 720.000000 37376.000000 3696.000000 0.000000 0.000000 3072.000000 11717.000000 117536.000000 49600.000000 0.000000 0.000000 0.000000 0.000000 24864.000000 14975.000000 21106.000000 0.000000 49408.000000 6252.000000 34783.000000 27936.000000 0.000000 35008.000000 2508.000000 0.000000 
23
0.000000 116736.000000 49152.000000 0.000000 37933.000000 37184.000000 2048.000000 28480.000000 18435.000000 0.000000 0.000000 110592.000000 49152.000000 0.000000 32926.000000 37932.000000 5242.000000 28480.000000 0.000000 0.000000 0.000000 110592.000000 49152.000000 84.000000 32893.000000 39464.000000 53870.000000 25743.000000 18435.000000 0.000000 0.000000 116736.000000 55296.000000 4108.000000 40506.000000 17793.000000 1080.000000 35008.000000 2544.000000 0.000000 0.000000 0.000000 11717.000000 116672.000000 56128.000000 0.000000 0.000000 0.000000 0.000000 23296.000000 14975.000000 22266.000000 0.000000 55296.000000 6144.000000 40506.000000 27840.000000 0.000000 31744.000000 2508.000000 0.000000 
24
0.000000 116736.000000 49152.000000 0.000000 27786.000000 40592.000000 4218.000000 28480.000000 18435.000000 0.000000 0.000000 110592.000000 49152.000000 0.000000 27786.000000 37932.000000 6388.000000 31744.000000 18435.000000 0.000000 0.000000 110592.000000 49152.000000 0.000000 27786.000000 38132.000000 53870.000000 27077.000000 12290.000000 0.000000 0.000000 116736.000000 55296.000000 3584.000000 35366.000000 17600.000000 360.000000 35904.000000 2544.000000 0.000000 0.000000 3072.000000 11717.000000 118272.000000 56288.000000 0.000000 216.000000 0.000000 0.000000 22568.000000 19513.000000 22258.000000 0.000000 55296.000000 6656.000000 35366.000000 35393.000000 720.000000 38272.000000 3228.000000 0.000000 
25
0.000000 116736.000000 49152.000000 4.000000 32826.000000 38532.000000 1024.000000 28480.000000 18435.000000 0.000000 0.000000 110592.000000 49152.000000 12.000000 32826.000000 37932.000000 4218.000000 27584.000000 18435.000000 0.000000 0.000000 110592.000000 49152.000000 0.000000 32826.000000 36492.000000 56238.000000 27146.000000 18435.000000 0.000000 0.000000 116736.000000 55296.000000 4663.000000 40406.000000 26593.000000 1080.000000 35904.000000 1872.000000 0.000000 0.000000 3072.000000 20073.000000 117504.000000 50816.000000 0.000000 0.000000 0.000000 0.000000 23296.000000 20916.000000 21004.000000 0.000000 55296.000000 6656.000000 40406.000000 28416.000000 2890.000000 34112.000000 3228.000000 0.000000 
26
0.000000 110848.000000 43264.000000 512.000000 32243.000000 36760.000000 4218.000000 25216.000000 18435.000000 0.000000 0.000000 104704.000000 43264.000000 0.000000 27203.000000 37332.000000 3072.000000 27584.000000 18435.000000 0.000000 0.000000 104704.000000 43264.000000 0.000000 32243.000000 38464.000000 53870.000000 29007.000000 18435.000000 0.000000 0.000000 110848.000000 49408.000000 4312.000000 34783.000000 18951.000000 720.000000 32640.000000 1392.000000 0.000000 0.000000 3072.000000 11717.000000 117184.000000 50368.000000 0.000000 0.000000 0.000000 0.000000 24864.000000 22079.000000 22266.000000 0.000000 49408.000000 6360.000000 34783.000000 28320.000000 2890.000000 38272.000000 2748.000000 0.000000 
27
0.000000 116736.000000 49152.000000 530.000000 37966.000000 38748.000000 1024.000000 27584.000000 18435.000000 0.000000 0.000000 110592.000000 49152.000000 0.000000 32926.000000 37932.000000 4218.000000 28480.000000 18435.000000 0.000000 0.000000 110592.000000 49152.000000 90.000000 32926.000000 45564.000000 52526.000000 27077.000000 18435.000000 0.000000 0.000000 116736.000000 55296.000000 4608.000000 40506.000000 26786.000000 720.000000 29376.000000 1392.000000 0.000000 0.000000 0.000000 11717.000000 118656.000000 50528.000000 0.000000 0.000000 0.000000 0.000000 23296.000000 21114.000000 21335.000000 0.000000 55296.000000 6656.000000 40506.000000 28416.000000 360.000000 35008.000000 2508.000000 0.000000 
28
0.000000 116736.000000 49152.000000 531.000000 27786.000000 41940.000000 2048.000000 25216.000000 18435.000000 0.000000 0.000000 110592.000000 49152.000000 0.000000 27786.000000 37932.000000 4218.000000 27584.000000 18435.000000 0.000000 0.000000 110592.000000 49152.000000 0.000000 27786.000000 36804.000000 58606.000000 31813.000000 12290.000000 0.000000 0.000000 116736.000000 55296.000000 4620.000000 35366.000000 17600.000000 1440.000000 35008.000000 1872.000000 0.000000 0.000000 3072.000000 11717.000000 109415.000000 49856.000000 0.000000 0.000000 0.000000 0.000000 23592.000000 18548.000000 19852.000000 116736.000000 55296.000000 6656.000000 35366.000000 28896.000000 13194.000000 38272.000000 4482.000000 0.000000 
29
0.000000 116736.000000 49152.000000 0.000000 32826.000000 38532.000000 2048.000000 26112.000000 18435.000000 0.000000 0.000000 110592.000000 49152.000000 0.000000 32826.000000 38568.000000 4218.000000 31744.000000 18435.000000 0.000000 0.000000 110592.000000 49152.000000 0.000000 32826.000000 37052.000000 56238.000000 28111.000000 18435.000000 0.000000 0.000000 116736.000000 55296.000000 4620.000000 40406.000000 18951.000000 1440.000000 32640.000000 1392.000000 0.000000 0.000000 3072.000000 20073.000000 111584.000000 48864.000000 0.000000 0.000000 0.000000 0.000000 27280.000000 17343.000000 21013.000000 116736.000000 55296.000000 6656.000000 40406.000000 26593.000000 13194.000000 35008.000000 3762.000000 0.000000 
30
0.000000 110848.000000 43264.000000 512.000000 27203.000000 37472.000000 3013.000000 26112.000000 18435.000000 0.000000 0.000000 104704.000000 43264.000000 1061.000000 27203.000000 42688.000000 5242.000000 28480.000000 18435.000000 0.000000 0.000000 104704.000000 43264.000000 0.000000 27203.000000 37332.000000 56238.000000 29445.000000 18435.000000 0.000000 0.000000 110848.000000 49408.000000 4312.000000 34783.000000 26400.000000 1440.000000 35904.000000 1392.000000 0.000000 0.000000 3072.000000 11717.000000 114656.000000 48480.000000 0.000000 0.000000 0.000000 0.000000 27360.000000 16180.000000 20526.000000 110848.000000 49408.000000 6360.000000 32243.000000 28225.000000 14100.000000 35008.000000 2748.000000 0.000000 
31
0.000000 116736.000000 49152.000000 530.000000 37966.000000 36760.000000 2048.000000 25216.000000 18435.000000 0.000000 0.000000 110592.000000 49152.000000 0.000000 37966.000000 37932.000000 2048.000000 27584.000000 18435.000000 0.000000 0.000000 110592.000000 49152.000000 0.000000 32926.000000 36732.000000 56238.000000 29445.000000 18435.000000 0.000000 0.000000 116736.000000 55296.000000 4622.000000 40506.000000 26400.000000 1080.000000 32640.000000 1392.000000 0.000000 0.000000 0.000000 11717.000000 116064.000000 48480.000000 0.000000 0.000000 0.000000 0.000000 24592.000000 17343.000000 21012.000000 116736.000000 55296.000000 6144.000000 40506.000000 28320.000000 14159.000000 31744.000000 3228.000000 0.000000 
32
0.000000 116736.000000 49152.000000 512.000000 27786.000000 38532.000000 3072.000000 25216.000000 12290.000000 0.000000 0.000000 110592.000000 49152.000000 0.000000 27786.000000 41940.000000 2048.000000 28480.000000 18435.000000 0.000000 0.000000 110592.000000 49152.000000 0.000000 27786.000000 36804.000000 56238.000000 29445.000000 18435.000000 0.000000 0.000000 116736.000000 55296.000000 4108.000000 40406.000000 18372.000000 720.000000 38272.000000 3024.000000 0.000000 0.000000 3072.000000 19115.000000 111200.000000 48480.000000 0.000000 0.000000 0.000000 0.000000 22568.000000 19711.000000 21004.000000 116736.000000 55296.000000 6656.000000 40406.000000 28704.000000 13194.000000 38272.000000 2748.000000 0.000000 
33
0.000000 116736.000000 49152.000000 530.000000 32826.000000 38748.000000 1024.000000 26112.000000 18435.000000 0.000000 0.000000 110592.000000 49152.000000 5.000000 32826.000000 39168.000000 4218.000000 29376.000000 18435.000000 0.000000 0.000000 110592.000000 49152.000000 8.000000 32826.000000 36720.000000 56238.000000 28111.000000 18435.000000 0.000000 0.000000 116736.000000 55296.000000 4108.000000 34749.000000 17793.000000 720.000000 38272.000000 3024.000000 0.000000 0.000000 3072.000000 9733.000000 111296.000000 49856.000000 0.000000 0.000000 0.000000 0.000000 23296.000000 19711.000000 21013.000000 116736.000000 55296.000000 6656.000000 34749.000000 26593.000000 13194.000000 35008.000000 2508.000000 0.000000 
34
0.000000 110848.000000 43264.000000 512.000000 27203.000000 37400.000000 1024.000000 26112.000000 18435.000000 0.000000 0.000000 104704.000000 43264.000000 0.000000 27203.000000 37184.000000 2048.000000 26112.000000 18435.000000 0.000000 0.000000 104704.000000 43264.000000 0.000000 27203.000000 40064.000000 58606.000000 31813.000000 18435.000000 0.000000 0.000000 110848.000000 49408.000000 4420.000000 40473.000000 17793.000000 0.000000 37376.000000 2544.000000 0.000000 0.000000 3072.000000 9744.000000 108512.000000 48480.000000 0.000000 0.000000 0.000000 0.000000 24864.000000 21881.000000 20832.000000 110848.000000 49408.000000 6360.000000 37933.000000 28417.000000 14100.000000 35008.000000 4482.000000 0.000000 
35
0.000000 116736.000000 49152.000000 18.000000 37966.000000 38532.000000 4218.000000 22848.000000 18435.000000 0.000000 0.000000 110592.000000 49152.000000 0.000000 37966.000000 37932.000000 3072.000000 26112.000000 18435.000000 0.000000 0.000000 110592.000000 49152.000000 11.000000 32926.000000 37196.000000 56238.000000 29445.000000 12290.000000 0.000000 0.000000 116736.000000 55296.000000 4620.000000 34747.000000 17793.000000 1440.000000 35008.000000 2544.000000 0.000000 0.000000 0.000000 9744.000000 111072.000000 48864.000000 0.000000 0.000000 0.000000 0.000000 23296.000000 20916.000000 19852.000000 116736.000000 55296.000000 6144.000000 34747.000000 28416.000000 14159.000000 31744.000000 3228.000000 0.000000 
36
0.000000 116736.000000 49152.000000 0.000000 27786.000000 37184.000000 4218.000000 28480.000000 12290.000000 0.000000 0.000000 110592.000000 49152.000000 1.000000 27786.000000 37932.000000 2048.000000 31744.000000 18435.000000 0.000000 0.000000 110592.000000 49152.000000 0.000000 27786.000000 37844.000000 58606.000000 29445.000000 12290.000000 0.000000 0.000000 116736.000000 55296.000000 4614.000000 40406.000000 17600.000000 1440.000000 35008.000000 721.000000 0.000000 0.000000 3072.000000 17131.000000 111232.000000 49280.000000 0.000000 0.000000 0.000000 0.000000 22568.000000 19711.000000 19852.000000 116736.000000 55296.000000 6656.000000 40406.000000 28704.000000 0.000000 34112.000000 3228.000000 0.000000 
37
0.000000 116736.000000 49152.000000 531.000000 32826.000000 37184.000000 2048.000000 25216.000000 18435.000000 0.000000 0.000000 110592.000000 49152.000000 0.000000 32826.000000 36584.000000 3072.000000 25216.000000 18435.000000 0.000000 0.000000 110592.000000 49152.000000 0.000000 32826.000000 39168.000000 57262.000000 28111.000000 18435.000000 0.000000 0.000000 116736.000000 55296.000000 4619.000000 34749.000000 18951.000000 1440.000000 32640.000000 1392.000000 0.000000 0.000000 3072.000000 9733.000000 114848.000000 54624.000000 0.000000 0.000000 0.000000 0.000000 23296.000000 19711.000000 21013.000000 116736.000000 55296.000000 6656.000000 34749.000000 26593.000000 0.000000 35008.000000 3762.000000 0.000000 
38
0.000000 110848.000000 43264.000000 512.000000 27203.000000 36944.000000 3013.000000 26112.000000 18435.000000 0.000000 0.000000 104704.000000 43264.000000 0.000000 27203.000000 38532.000000 2048.000000 28480.000000 18435.000000 0.000000 0.000000 104704.000000 43264.000000 0.000000 32243.000000 39516.000000 56868.000000 29445.000000 18435.000000 0.000000 0.000000 110848.000000 49408.000000 4889.000000 37933.000000 26400.000000 1440.000000 35904.000000 1392.000000 0.000000 0.000000 3072.000000 9744.000000 119744.000000 50816.000000 0.000000 0.000000 0.000000 0.000000 24864.000000 21881.000000 19852.000000 110848.000000 49408.000000 6252.000000 40473.000000 28417.000000 0.000000 35008.000000 2748.000000 0.000000 
39
0.000000 116736.000000 49152.000000 530.000000 37966.000000 37184.000000 2048.000000 26112.000000 18435.000000 0.000000 0.000000 110592.000000 49152.000000 0.000000 32926.000000 37932.000000 2048.000000 28480.000000 18435.000000 0.000000 0.000000 110592.000000 49152.000000 0.000000 32926.000000 46916.000000 56472.000000 30410.000000 12290.000000 0.000000 0.000000 116736.000000 55296.000000 4618.000000 34747.000000 26400.000000 1080.000000 32640.000000 2544.000000 0.000000 0.000000 0.000000 9744.000000 114720.000000 53248.000000 0.000000 0.000000 0.000000 0.000000 23296.000000 20916.000000 21012.000000 116736.000000 55296.000000 6656.000000 34747.000000 28416.000000 0.000000 38272.000000 4482.000000 0.000000 
40
0.000000 116736.000000 49152.000000 0.000000 27786.000000 37184.000000 4218.000000 28480.000000 12290.000000 0.000000 0.000000 110592.000000 49152.000000 0.000000 32826.000000 37184.000000 4218.000000 28480.000000 18435.000000 0.000000 0.000000 110592.000000 49152.000000 0.000000 27786.000000 37816.000000 56238.000000 28111.000000 12290.000000 0.000000 0.000000 116736.000000 55296.000000 4616.000000 40406.000000 17600.000000 720.000000 38272.000000 3024.000000 0.000000 0.000000 6144.000000 13724.000000 202944.000000 136832.000000 72160.000000 5024.000000 0.000000 0.000000 27280.000000 18746.000000 20996.000000 0.000000 55296.000000 7168.000000 40406.000000 28128.000000 965.000000 34112.000000 3228.000000 0.000000 
41
0.000000 110848.000000 43264.000000 16.000000 32826.000000 37184.000000 3072.000000 25216.000000 18435.000000 0.000000 0.000000 104704.000000 43264.000000 0.000000 27169.000000 37820.000000 3072.000000 26112.000000 18435.000000 0.000000 0.000000 104704.000000 43264.000000 0.000000 32826.000000 36492.000000 57262.000000 31744.000000 18435.000000 0.000000 0.000000 110848.000000 49408.000000 4626.000000 34749.000000 26400.000000 1080.000000 38272.000000 2304.000000 0.000000 0.000000 6144.000000 13701.000000 201568.000000 134400.000000 72160.000000 5024.000000 0.000000 0.000000 27360.000000 18746.000000 21977.000000 0.000000 55296.000000 6656.000000 34749.000000 28512.000000 0.000000 35008.000000 4002.000000 0.000000 
42
0.000000 116736.000000 49152.000000 0.000000 27203.000000 38532.000000 2048.000000 28480.000000 18435.000000 0.000000 0.000000 110592.000000 49152.000000 0.000000 37933.000000 41940.000000 3013.000000 26112.000000 18435.000000 0.000000 0.000000 110592.000000 49152.000000 0.000000 27203.000000 37116.000000 56868.000000 27146.000000 18435.000000 0.000000 0.000000 116736.000000 55296.000000 4631.000000 40473.000000 17600.000000 1440.000000 37376.000000 2544.000000 0.000000 0.000000 9216.000000 44822.000000 200411.000000 135291.000000 75072.000000 8448.000000 0.000000 0.000000 24616.000000 19513.000000 18740.000000 0.000000 49408.000000 6872.000000 40473.000000 28032.000000 0.000000 38272.000000 2508.000000 0.000000 
43
0.000000 110592.000000 43008.000000 0.000000 37966.000000 37544.000000 2048.000000 27584.000000 18435.000000 0.000000 0.000000 104448.000000 43008.000000 0.000000 27167.000000 38532.000000 2048.000000 26112.000000 18435.000000 0.000000 0.000000 104448.000000 43008.000000 0.000000 32926.000000 37116.000000 56670.000000 27146.000000 12290.000000 0.000000 0.000000 110592.000000 49152.000000 4616.000000 34747.000000 26400.000000 720.000000 35008.000000 3024.000000 0.000000 0.000000 3072.000000 15685.000000 204583.000000 134887.000000 71488.000000 5344.000000 0.000000 0.000000 25616.000000 19711.000000 20996.000000 0.000000 55296.000000 6656.000000 34747.000000 28032.000000 0.000000 35008.000000 3228.000000 0.000000 
44
0.000000 116736.000000 49152.000000 0.000000 27786.000000 36584.000000 3072.000000 25216.000000 12290.000000 0.000000 0.000000 110592.000000 49152.000000 0.000000 32826.000000 41940.000000 4218.000000 29376.000000 12290.000000 0.000000 0.000000 110592.000000 49152.000000 0.000000 27786.000000 36492.000000 56238.000000 28111.000000 12290.000000 0.000000 0.000000 116736.000000 55296.000000 4618.000000 40406.000000 17600.000000 1440.000000 38272.000000 3696.000000 0.000000 0.000000 3072.000000 19115.000000 192128.000000 122432.000000 58624.000000 0.000000 0.000000 0.000000 24616.000000 19711.000000 19775.000000 0.000000 55296.000000 7168.000000 40406.000000 28032.000000 13194.000000 38272.000000 3228.000000 0.000000 
45
0.000000 110848.000000 43264.000000 5.000000 32826.000000 36584.000000 2048.000000 26112.000000 18435.000000 0.000000 0.000000 104704.000000 43264.000000 0.000000 27169.000000 37932.000000 3072.000000 28480.000000 18435.000000 0.000000 0.000000 104704.000000 43264.000000 0.000000 32826.000000 37744.000000 57262.000000 31744.000000 18435.000000 0.000000 0.000000 110848.000000 49408.000000 4628.000000 34749.000000 26400.000000 1440.000000 38272.000000 3024.000000 0.000000 0.000000 3072.000000 11717.000000 188992.000000 126432.000000 59072.000000 0.000000 0.000000 0.000000 27280.000000 18746.000000 21280.000000 0.000000 49408.000000 7168.000000 34749.000000 19809.000000 13194.000000 35008.000000 3228.000000 0.000000 
46
0.000000 116736.000000 49152.000000 0.000000 27203.000000 38532.000000 1024.000000 25216.000000 18435.000000 0.000000 0.000000 110592.000000 49152.000000 0.000000 32893.000000 39168.000000 3013.000000 26112.000000 18435.000000 0.000000 0.000000 110592.000000 49152.000000 0.000000 27203.000000 37116.000000 56868.000000 27146.000000 18435.000000 0.000000 0.000000 116736.000000 55296.000000 4631.000000 40473.000000 17600.000000 720.000000 37376.000000 3696.000000 0.000000 0.000000 3072.000000 9744.000000 193920.000000 127552.000000 61888.000000 0.000000 0.000000 0.000000 25616.000000 18746.000000 21004.000000 0.000000 55296.000000 6656.000000 40473.000000 27745.000000 14100.000000 35008.000000 3762.000000 0.000000 
47
0.000000 110592.000000 43008.000000 0.000000 32926.000000 37184.000000 2048.000000 26112.000000 18435.000000 0.000000 0.000000 104448.000000 43008.000000 0.000000 27167.000000 37184.000000 2048.000000 25216.000000 18435.000000 0.000000 0.000000 104448.000000 43008.000000 0.000000 32926.000000 37044.000000 56670.000000 27146.000000 12290.000000 0.000000 0.000000 110592.000000 49152.000000 4617.000000 32207.000000 26400.000000 1080.000000 35008.000000 2544.000000 0.000000 0.000000 0.000000 9744.000000 191648.000000 123840.000000 58624.000000 0.000000 0.000000 0.000000 27360.000000 19513.000000 21004.000000 0.000000 49152.000000 6656.000000 34747.000000 27744.000000 14159.000000 31744.000000 4002.000000 0.000000 
