0
0.000000 8256.000000 0.000000 30465.000000 159159.000000 14273.000000 2240.000000 768.000000 30731.000000 768.000000 0.000000 8256.000000 0.000000 30465.000000 159159.000000 15809.000000 2240.000000 768.000000 27743.000000 768.000000 0.000000 8256.000000 0.000000 30464.000000 159159.000000 15809.000000 2368.000000 2048.000000 30367.000000 1536.000000 0.000000 8256.000000 0.000000 30465.000000 159159.000000 5889.000000 12144.000000 2304.000000 11100.000000 19123.000000 0.000000 103458.000000 1920.000000 21094.000000 0.000000 0.000000 12288.000000 172871.000000 6530.000000 14896.000000 1344.000000 43508.000000 23923.000000 8256.000000 27009.000000 162615.000000 12241.000000 5184.000000 2304.000000 9844.000000 22735.000000 
1
0.000000 8256.000000 0.000000 30465.000000 159159.000000 14273.000000 2240.000000 768.000000 30731.000000 768.000000 0.000000 8256.000000 0.000000 30465.000000 159159.000000 15809.000000 2240.000000 768.000000 27743.000000 768.000000 0.000000 8256.000000 0.000000 30464.000000 159159.000000 15809.000000 2368.000000 2048.000000 30367.000000 1536.000000 0.000000 8256.000000 0.000000 30465.000000 159159.000000 5889.000000 12144.000000 2304.000000 11100.000000 19123.000000 0.000000 103458.000000 1920.000000 21094.000000 0.000000 0.000000 12288.000000 172871.000000 6530.000000 14896.000000 1344.000000 43508.000000 23923.000000 8256.000000 27009.000000 162615.000000 12241.000000 5184.000000 2304.000000 9844.000000 22735.000000 
2
0.000000 8256.000000 0.000000 30465.000000 159159.000000 14273.000000 2240.000000 768.000000 30731.000000 768.000000 0.000000 8256.000000 0.000000 30465.000000 159159.000000 15809.000000 2240.000000 768.000000 27743.000000 768.000000 0.000000 8256.000000 0.000000 30464.000000 159159.000000 15809.000000 2368.000000 2048.000000 30367.000000 1536.000000 0.000000 8256.000000 0.000000 30465.000000 159159.000000 5889.000000 12144.000000 2304.000000 11100.000000 19123.000000 0.000000 103458.000000 1920.000000 21094.000000 0.000000 0.000000 12288.000000 172871.000000 6530.000000 14896.000000 1344.000000 43508.000000 23923.000000 8256.000000 27009.000000 162615.000000 12241.000000 5184.000000 2304.000000 9844.000000 22735.000000 
3
0.000000 8256.000000 0.000000 30465.000000 159159.000000 14273.000000 2240.000000 768.000000 30731.000000 768.000000 0.000000 8256.000000 0.000000 30465.000000 159159.000000 15809.000000 2240.000000 768.000000 27743.000000 768.000000 0.000000 8256.000000 0.000000 30464.000000 159159.000000 15809.000000 2368.000000 2048.000000 30367.000000 1536.000000 0.000000 8256.000000 0.000000 30465.000000 159159.000000 5889.000000 12144.000000 2304.000000 11100.000000 19123.000000 0.000000 103458.000000 1920.000000 21094.000000 0.000000 0.000000 12288.000000 172871.000000 6530.000000 14896.000000 1344.000000 43508.000000 23923.000000 8256.000000 27009.000000 162615.000000 12241.000000 5184.000000 2304.000000 9844.000000 22735.000000 
4
0.000000 42048.000000 0.000000 23937.000000 242487.000000 15809.000000 2240.000000 2304.000000 30791.000000 1536.000000 0.000000 42048.000000 0.000000 30465.000000 242487.000000 13665.000000 1216.000000 1664.000000 33399.000000 1536.000000 0.000000 42048.000000 0.000000 22273.000000 242487.000000 15041.000000 2240.000000 2176.000000 36511.000000 1536.000000 0.000000 42048.000000 0.000000 18817.000000 242487.000000 5905.000000 10928.000000 768.000000 9716.000000 28203.000000 0.000000 146818.000000 7840.000000 20782.000000 0.000000 0.000000 12288.000000 246071.000000 14738.000000 11808.000000 1216.000000 43636.000000 39439.000000 0.000000 18817.000000 242487.000000 12257.000000 5216.000000 2304.000000 9844.000000 25679.000000 
5
0.000000 42048.000000 0.000000 23937.000000 242487.000000 15809.000000 2240.000000 2304.000000 30791.000000 1536.000000 0.000000 42048.000000 0.000000 30465.000000 242487.000000 13665.000000 1216.000000 1664.000000 33399.000000 1536.000000 0.000000 42048.000000 0.000000 22273.000000 242487.000000 15041.000000 2240.000000 2176.000000 36511.000000 1536.000000 0.000000 42048.000000 0.000000 18817.000000 242487.000000 5905.000000 10928.000000 768.000000 9716.000000 28203.000000 0.000000 146818.000000 7840.000000 20782.000000 0.000000 0.000000 12288.000000 246071.000000 14738.000000 11808.000000 1216.000000 43636.000000 39439.000000 0.000000 18817.000000 242487.000000 12257.000000 5216.000000 2304.000000 9844.000000 25679.000000 
6
0.000000 42048.000000 0.000000 23937.000000 242487.000000 15809.000000 2240.000000 2304.000000 30791.000000 1536.000000 0.000000 42048.000000 0.000000 30465.000000 242487.000000 13665.000000 1216.000000 1664.000000 33399.000000 1536.000000 0.000000 42048.000000 0.000000 22273.000000 242487.000000 15041.000000 2240.000000 2176.000000 36511.000000 1536.000000 0.000000 42048.000000 0.000000 18817.000000 242487.000000 5905.000000 10928.000000 768.000000 9716.000000 28203.000000 0.000000 146818.000000 7840.000000 20782.000000 0.000000 0.000000 12288.000000 246071.000000 14738.000000 11808.000000 1216.000000 43636.000000 39439.000000 0.000000 18817.000000 242487.000000 12257.000000 5216.000000 2304.000000 9844.000000 25679.000000 
7
0.000000 42048.000000 0.000000 23937.000000 242487.000000 15809.000000 2240.000000 2304.000000 30791.000000 1536.000000 0.000000 42048.000000 0.000000 30465.000000 242487.000000 13665.000000 1216.000000 1664.000000 33399.000000 1536.000000 0.000000 42048.000000 0.000000 22273.000000 242487.000000 15041.000000 2240.000000 2176.000000 36511.000000 1536.000000 0.000000 42048.000000 0.000000 18817.000000 242487.000000 5905.000000 10928.000000 768.000000 9716.000000 28203.000000 0.000000 146818.000000 7840.000000 20782.000000 0.000000 0.000000 12288.000000 246071.000000 14738.000000 11808.000000 1216.000000 43636.000000 39439.000000 0.000000 18817.000000 242487.000000 12257.000000 5216.000000 2304.000000 9844.000000 25679.000000 
8
0.000000 42048.000000 0.000000 22273.000000 242487.000000 13281.000000 2240.000000 2304.000000 35307.000000 768.000000 0.000000 42048.000000 0.000000 14081.000000 242487.000000 15793.000000 2240.000000 2304.000000 35179.000000 1536.000000 0.000000 42048.000000 0.000000 22273.000000 242487.000000 13889.000000 2368.000000 2176.000000 36875.000000 1536.000000 0.000000 42048.000000 0.000000 15745.000000 242487.000000 5905.000000 10608.000000 2304.000000 9716.000000 28563.000000 0.000000 146818.000000 7968.000000 20710.000000 0.000000 4096.000000 0.000000 249583.000000 14722.000000 13872.000000 704.000000 43636.000000 30103.000000 8256.000000 20481.000000 245943.000000 12257.000000 6432.000000 0.000000 9716.000000 29643.000000 
9
0.000000 42048.000000 0.000000 22273.000000 242487.000000 13281.000000 2240.000000 2304.000000 35307.000000 768.000000 0.000000 42048.000000 0.000000 14081.000000 242487.000000 15793.000000 2240.000000 2304.000000 35179.000000 1536.000000 0.000000 42048.000000 0.000000 22273.000000 242487.000000 13889.000000 2368.000000 2176.000000 36875.000000 1536.000000 0.000000 42048.000000 0.000000 15745.000000 242487.000000 5905.000000 10608.000000 2304.000000 9716.000000 28563.000000 0.000000 146818.000000 7968.000000 20710.000000 0.000000 4096.000000 0.000000 249583.000000 14722.000000 13872.000000 704.000000 43636.000000 30103.000000 8256.000000 20481.000000 245943.000000 12257.000000 6432.000000 0.000000 9716.000000 29643.000000 
10
0.000000 42048.000000 0.000000 22273.000000 242487.000000 13281.000000 2240.000000 2304.000000 35307.000000 768.000000 0.000000 42048.000000 0.000000 14081.000000 242487.000000 15793.000000 2240.000000 2304.000000 35179.000000 1536.000000 0.000000 42048.000000 0.000000 22273.000000 242487.000000 13889.000000 2368.000000 2176.000000 36875.000000 1536.000000 0.000000 42048.000000 0.000000 15745.000000 242487.000000 5905.000000 10608.000000 2304.000000 9716.000000 28563.000000 0.000000 146818.000000 7968.000000 20710.000000 0.000000 4096.000000 0.000000 249583.000000 14722.000000 13872.000000 704.000000 43636.000000 30103.000000 8256.000000 20481.000000 245943.000000 12257.000000 6432.000000 0.000000 9716.000000 29643.000000 
11
0.000000 42048.000000 0.000000 22273.000000 242487.000000 13281.000000 2240.000000 2304.000000 35307.000000 768.000000 0.000000 42048.000000 0.000000 14081.000000 242487.000000 15793.000000 2240.000000 2304.000000 35179.000000 1536.000000 0.000000 42048.000000 0.000000 22273.000000 242487.000000 13889.000000 2368.000000 2176.000000 36875.000000 1536.000000 0.000000 42048.000000 0.000000 15745.000000 242487.000000 5905.000000 10608.000000 2304.000000 9716.000000 28563.000000 0.000000 146818.000000 7968.000000 20710.000000 0.000000 4096.000000 0.000000 249583.000000 14722.000000 13872.000000 704.000000 43636.000000 30103.000000 8256.000000 20481.000000 245943.000000 12257.000000 6432.000000 0.000000 9716.000000 29643.000000 
12
0.000000 42048.000000 0.000000 30465.000000 242679.000000 15713.000000 2240.000000 2304.000000 37003.000000 1536.000000 0.000000 42048.000000 0.000000 30465.000000 242679.000000 15713.000000 2752.000000 1664.000000 37823.000000 1536.000000 0.000000 42048.000000 0.000000 30465.000000 242679.000000 15809.000000 2368.000000 1664.000000 35203.000000 1536.000000 0.000000 42048.000000 0.000000 30465.000000 242679.000000 5905.000000 12144.000000 2304.000000 9780.000000 29647.000000 0.000000 140546.000000 7968.000000 20710.000000 0.000000 12288.000000 0.000000 241583.000000 14738.000000 12752.000000 1344.000000 42196.000000 29727.000000 8256.000000 18817.000000 246135.000000 9169.000000 6432.000000 1664.000000 9780.000000 27123.000000 
13
0.000000 42048.000000 0.000000 30465.000000 242679.000000 15713.000000 2240.000000 2304.000000 37003.000000 1536.000000 0.000000 42048.000000 0.000000 30465.000000 242679.000000 15713.000000 2752.000000 1664.000000 37823.000000 1536.000000 0.000000 42048.000000 0.000000 30465.000000 242679.000000 15809.000000 2368.000000 1664.000000 35203.000000 1536.000000 0.000000 42048.000000 0.000000 30465.000000 242679.000000 5905.000000 12144.000000 2304.000000 9780.000000 29647.000000 0.000000 140546.000000 7968.000000 20710.000000 0.000000 12288.000000 0.000000 241583.000000 14738.000000 12752.000000 1344.000000 42196.000000 29727.000000 8256.000000 18817.000000 246135.000000 9169.000000 6432.000000 1664.000000 9780.000000 27123.000000 
14
0.000000 42048.000000 0.000000 30465.000000 242679.000000 15713.000000 2240.000000 2304.000000 37003.000000 1536.000000 0.000000 42048.000000 0.000000 30465.000000 242679.000000 15713.000000 2752.000000 1664.000000 37823.000000 1536.000000 0.000000 42048.000000 0.000000 30465.000000 242679.000000 15809.000000 2368.000000 1664.000000 35203.000000 1536.000000 0.000000 42048.000000 0.000000 30465.000000 242679.000000 5905.000000 12144.000000 2304.000000 9780.000000 29647.000000 0.000000 140546.000000 7968.000000 20710.000000 0.000000 12288.000000 0.000000 241583.000000 14738.000000 12752.000000 1344.000000 42196.000000 29727.000000 8256.000000 18817.000000 246135.000000 9169.000000 6432.000000 1664.000000 9780.000000 27123.000000 
15
0.000000 42048.000000 0.000000 30465.000000 242679.000000 15713.000000 2240.000000 2304.000000 37003.000000 1536.000000 0.000000 42048.000000 0.000000 30465.000000 242679.000000 15713.000000 2752.000000 1664.000000 37823.000000 1536.000000 0.000000 42048.000000 0.000000 30465.000000 242679.000000 15809.000000 2368.000000 1664.000000 35203.000000 1536.000000 0.000000 42048.000000 0.000000 30465.000000 242679.000000 5905.000000 12144.000000 2304.000000 9780.000000 29647.000000 0.000000 140546.000000 7968.000000 20710.000000 0.000000 12288.000000 0.000000 241583.000000 14738.000000 12752.000000 1344.000000 42196.000000 29727.000000 8256.000000 18817.000000 246135.000000 9169.000000 6432.000000 1664.000000 9780.000000 27123.000000 
16
0.000000 42048.000000 0.000000 30465.000000 169815.000000 15137.000000 2240.000000 2304.000000 37003.000000 1536.000000 0.000000 42048.000000 0.000000 30465.000000 169815.000000 12145.000000 2368.000000 1664.000000 37823.000000 1536.000000 0.000000 42048.000000 0.000000 30465.000000 169815.000000 15713.000000 1856.000000 2176.000000 37955.000000 1536.000000 0.000000 42048.000000 0.000000 30465.000000 169815.000000 6417.000000 11024.000000 2304.000000 6640.000000 28875.000000 0.000000 140754.000000 7968.000000 20718.000000 0.000000 12288.000000 0.000000 176911.000000 13202.000000 15312.000000 1344.000000 42100.000000 36147.000000 0.000000 27009.000000 173271.000000 12257.000000 4384.000000 1664.000000 8304.000000 29647.000000 
17
0.000000 42048.000000 0.000000 30465.000000 169815.000000 15137.000000 2240.000000 2304.000000 37003.000000 1536.000000 0.000000 42048.000000 0.000000 30465.000000 169815.000000 12145.000000 2368.000000 1664.000000 37823.000000 1536.000000 0.000000 42048.000000 0.000000 30465.000000 169815.000000 15713.000000 1856.000000 2176.000000 37955.000000 1536.000000 0.000000 42048.000000 0.000000 30465.000000 169815.000000 6417.000000 11024.000000 2304.000000 6640.000000 28875.000000 0.000000 140754.000000 7968.000000 20718.000000 0.000000 12288.000000 0.000000 176911.000000 13202.000000 15312.000000 1344.000000 42100.000000 36147.000000 0.000000 27009.000000 173271.000000 12257.000000 4384.000000 1664.000000 8304.000000 29647.000000 
18
0.000000 42048.000000 0.000000 30465.000000 169815.000000 15137.000000 2240.000000 2304.000000 37003.000000 1536.000000 0.000000 42048.000000 0.000000 30465.000000 169815.000000 12145.000000 2368.000000 1664.000000 37823.000000 1536.000000 0.000000 42048.000000 0.000000 30465.000000 169815.000000 15713.000000 1856.000000 2176.000000 37955.000000 1536.000000 0.000000 42048.000000 0.000000 30465.000000 169815.000000 6417.000000 11024.000000 2304.000000 6640.000000 28875.000000 0.000000 140754.000000 7968.000000 20718.000000 0.000000 12288.000000 0.000000 176911.000000 13202.000000 15312.000000 1344.000000 42100.000000 36147.000000 0.000000 27009.000000 173271.000000 12257.000000 4384.000000 1664.000000 8304.000000 29647.000000 
19
0.000000 42048.000000 0.000000 30465.000000 169815.000000 15137.000000 2240.000000 2304.000000 37003.000000 1536.000000 0.000000 42048.000000 0.000000 30465.000000 169815.000000 12145.000000 2368.000000 1664.000000 37823.000000 1536.000000 0.000000 42048.000000 0.000000 30465.000000 169815.000000 15713.000000 1856.000000 2176.000000 37955.000000 1536.000000 0.000000 42048.000000 0.000000 30465.000000 169815.000000 6417.000000 11024.000000 2304.000000 6640.000000 28875.000000 0.000000 140754.000000 7968.000000 20718.000000 0.000000 12288.000000 0.000000 176911.000000 13202.000000 15312.000000 1344.000000 42100.000000 36147.000000 0.000000 27009.000000 173271.000000 12257.000000 4384.000000 1664.000000 8304.000000 29647.000000 
20
0.000000 42048.000000 0.000000 30465.000000 242391.000000 15713.000000 2240.000000 2304.000000 37695.000000 1536.000000 0.000000 42048.000000 0.000000 23937.000000 242391.000000 15809.000000 2240.000000 2304.000000 30851.000000 1536.000000 0.000000 42048.000000 0.000000 30465.000000 242391.000000 15713.000000 1856.000000 2176.000000 36411.000000 1536.000000 0.000000 42048.000000 0.000000 30465.000000 242391.000000 5905.000000 12144.000000 2304.000000 9844.000000 28879.000000 0.000000 146898.000000 7968.000000 20718.000000 0.000000 12288.000000 0.000000 249487.000000 13202.000000 15312.000000 1344.000000 41972.000000 28871.000000 8256.000000 27009.000000 245847.000000 12257.000000 5696.000000 2176.000000 9844.000000 27795.000000 
21
0.000000 42048.000000 0.000000 30465.000000 242391.000000 15713.000000 2240.000000 2304.000000 37695.000000 1536.000000 0.000000 42048.000000 0.000000 23937.000000 242391.000000 15809.000000 2240.000000 2304.000000 30851.000000 1536.000000 0.000000 42048.000000 0.000000 30465.000000 242391.000000 15713.000000 1856.000000 2176.000000 36411.000000 1536.000000 0.000000 42048.000000 0.000000 30465.000000 242391.000000 5905.000000 12144.000000 2304.000000 9844.000000 28879.000000 0.000000 146898.000000 7968.000000 20718.000000 0.000000 12288.000000 0.000000 249487.000000 13202.000000 15312.000000 1344.000000 41972.000000 28871.000000 8256.000000 27009.000000 245847.000000 12257.000000 5696.000000 2176.000000 9844.000000 27795.000000 
22
0.000000 42048.000000 0.000000 30465.000000 242391.000000 15713.000000 2240.000000 2304.000000 37695.000000 1536.000000 0.000000 42048.000000 0.000000 23937.000000 242391.000000 15809.000000 2240.000000 2304.000000 30851.000000 1536.000000 0.000000 42048.000000 0.000000 30465.000000 242391.000000 15713.000000 1856.000000 2176.000000 36411.000000 1536.000000 0.000000 42048.000000 0.000000 30465.000000 242391.000000 5905.000000 12144.000000 2304.000000 9844.000000 28879.000000 0.000000 146898.000000 7968.000000 20718.000000 0.000000 12288.000000 0.000000 249487.000000 13202.000000 15312.000000 1344.000000 41972.000000 28871.000000 8256.000000 27009.000000 245847.000000 12257.000000 5696.000000 2176.000000 9844.000000 27795.000000 
23
0.000000 42048.000000 0.000000 30465.000000 242391.000000 15713.000000 2240.000000 2304.000000 37695.000000 1536.000000 0.000000 42048.000000 0.000000 23937.000000 242391.000000 15809.000000 2240.000000 2304.000000 30851.000000 1536.000000 0.000000 42048.000000 0.000000 30465.000000 242391.000000 15713.000000 1856.000000 2176.000000 36411.000000 1536.000000 0.000000 42048.000000 0.000000 30465.000000 242391.000000 5905.000000 12144.000000 2304.000000 9844.000000 28879.000000 0.000000 146898.000000 7968.000000 20718.000000 0.000000 12288.000000 0.000000 249487.000000 13202.000000 15312.000000 1344.000000 41972.000000 28871.000000 8256.000000 27009.000000 245847.000000 12257.000000 5696.000000 2176.000000 9844.000000 27795.000000 
24
0.000000 42048.000000 0.000000 30465.000000 242391.000000 14113.000000 1856.000000 1792.000000 38083.000000 1536.000000 0.000000 42048.000000 0.000000 30465.000000 242391.000000 15809.000000 2240.000000 2304.000000 37003.000000 768.000000 0.000000 42048.000000 0.000000 30465.000000 242391.000000 12705.000000 2368.000000 2176.000000 32387.000000 1536.000000 0.000000 42048.000000 0.000000 30465.000000 242391.000000 5905.000000 11536.000000 2048.000000 9716.000000 28567.000000 0.000000 146898.000000 7968.000000 20718.000000 0.000000 12288.000000 0.000000 242959.000000 13202.000000 15312.000000 1344.000000 43636.000000 38295.000000 64.000000 27009.000000 245847.000000 12257.000000 4640.000000 2944.000000 8308.000000 29635.000000 
25
0.000000 42048.000000 0.000000 30465.000000 242391.000000 14113.000000 1856.000000 1792.000000 38083.000000 1536.000000 0.000000 42048.000000 0.000000 30465.000000 242391.000000 15809.000000 2240.000000 2304.000000 37003.000000 768.000000 0.000000 42048.000000 0.000000 30465.000000 242391.000000 12705.000000 2368.000000 2176.000000 32387.000000 1536.000000 0.000000 42048.000000 0.000000 30465.000000 242391.000000 5905.000000 11536.000000 2048.000000 9716.000000 28567.000000 0.000000 146898.000000 7968.000000 20718.000000 0.000000 12288.000000 0.000000 242959.000000 13202.000000 15312.000000 1344.000000 43636.000000 38295.000000 64.000000 27009.000000 245847.000000 12257.000000 4640.000000 2944.000000 8308.000000 29635.000000 
26
0.000000 42048.000000 0.000000 30465.000000 242391.000000 14113.000000 1856.000000 1792.000000 38083.000000 1536.000000 0.000000 42048.000000 0.000000 30465.000000 242391.000000 15809.000000 2240.000000 2304.000000 37003.000000 768.000000 0.000000 42048.000000 0.000000 30465.000000 242391.000000 12705.000000 2368.000000 2176.000000 32387.000000 1536.000000 0.000000 42048.000000 0.000000 30465.000000 242391.000000 5905.000000 11536.000000 2048.000000 9716.000000 28567.000000 0.000000 146898.000000 7968.000000 20718.000000 0.000000 12288.000000 0.000000 242959.000000 13202.000000 15312.000000 1344.000000 43636.000000 38295.000000 64.000000 27009.000000 245847.000000 12257.000000 4640.000000 2944.000000 8308.000000 29635.000000 
27
0.000000 42048.000000 0.000000 30465.000000 242391.000000 14113.000000 1856.000000 1792.000000 38083.000000 1536.000000 0.000000 42048.000000 0.000000 30465.000000 242391.000000 15809.000000 2240.000000 2304.000000 37003.000000 768.000000 0.000000 42048.000000 0.000000 30465.000000 242391.000000 12705.000000 2368.000000 2176.000000 32387.000000 1536.000000 0.000000 42048.000000 0.000000 30465.000000 242391.000000 5905.000000 11536.000000 2048.000000 9716.000000 28567.000000 0.000000 146898.000000 7968.000000 20718.000000 0.000000 12288.000000 0.000000 242959.000000 13202.000000 15312.000000 1344.000000 43636.000000 38295.000000 64.000000 27009.000000 245847.000000 12257.000000 4640.000000 2944.000000 8308.000000 29635.000000 
28
0.000000 42048.000000 0.000000 30465.000000 242679.000000 14145.000000 2368.000000 1664.000000 37823.000000 1536.000000 0.000000 42048.000000 0.000000 30465.000000 242679.000000 15713.000000 2240.000000 2304.000000 38083.000000 1536.000000 0.000000 42048.000000 0.000000 30465.000000 242679.000000 15809.000000 2368.000000 2176.000000 36747.000000 768.000000 0.000000 42048.000000 0.000000 30465.000000 242679.000000 5905.000000 10496.000000 2304.000000 8276.000000 28559.000000 0.000000 146898.000000 7968.000000 20710.000000 0.000000 12288.000000 0.000000 249775.000000 14738.000000 13872.000000 1344.000000 43380.000000 38323.000000 0.000000 27009.000000 246135.000000 12257.000000 6304.000000 1664.000000 9716.000000 28567.000000 
29
0.000000 42048.000000 0.000000 30465.000000 242679.000000 14145.000000 2368.000000 1664.000000 37823.000000 1536.000000 0.000000 42048.000000 0.000000 30465.000000 242679.000000 15713.000000 2240.000000 2304.000000 38083.000000 1536.000000 0.000000 42048.000000 0.000000 30465.000000 242679.000000 15809.000000 2368.000000 2176.000000 36747.000000 768.000000 0.000000 42048.000000 0.000000 30465.000000 242679.000000 5905.000000 10496.000000 2304.000000 8276.000000 28559.000000 0.000000 146898.000000 7968.000000 20710.000000 0.000000 12288.000000 0.000000 249775.000000 14738.000000 13872.000000 1344.000000 43380.000000 38323.000000 0.000000 27009.000000 246135.000000 12257.000000 6304.000000 1664.000000 9716.000000 28567.000000 
30
0.000000 42048.000000 0.000000 30465.000000 242679.000000 14145.000000 2368.000000 1664.000000 37823.000000 1536.000000 0.000000 42048.000000 0.000000 30465.000000 242679.000000 15713.000000 2240.000000 2304.000000 38083.000000 1536.000000 0.000000 42048.000000 0.000000 30465.000000 242679.000000 15809.000000 2368.000000 2176.000000 36747.000000 768.000000 0.000000 42048.000000 0.000000 30465.000000 242679.000000 5905.000000 10496.000000 2304.000000 8276.000000 28559.000000 0.000000 146898.000000 7968.000000 20710.000000 0.000000 12288.000000 0.000000 249775.000000 14738.000000 13872.000000 1344.000000 43380.000000 38323.000000 0.000000 27009.000000 246135.000000 12257.000000 6304.000000 1664.000000 9716.000000 28567.000000 
31
0.000000 42048.000000 0.000000 30465.000000 242679.000000 14145.000000 2368.000000 1664.000000 37823.000000 1536.000000 0.000000 42048.000000 0.000000 30465.000000 242679.000000 15713.000000 2240.000000 2304.000000 38083.000000 1536.000000 0.000000 42048.000000 0.000000 30465.000000 242679.000000 15809.000000 2368.000000 2176.000000 36747.000000 768.000000 0.000000 42048.000000 0.000000 30465.000000 242679.000000 5905.000000 10496.000000 2304.000000 8276.000000 28559.000000 0.000000 146898.000000 7968.000000 20710.000000 0.000000 12288.000000 0.000000 249775.000000 14738.000000 13872.000000 1344.000000 43380.000000 38323.000000 0.000000 27009.000000 246135.000000 12257.000000 6304.000000 1664.000000 9716.000000 28567.000000 
32
0.000000 42048.000000 0.000000 30465.000000 169943.000000 15809.000000 2240.000000 2048.000000 33535.000000 1536.000000 0.000000 42048.000000 0.000000 30465.000000 169943.000000 15809.000000 2240.000000 2304.000000 35211.000000 1536.000000 0.000000 42048.000000 0.000000 30465.000000 190679.000000 14273.000000 1728.000000 2176.000000 36739.000000 768.000000 0.000000 42048.000000 0.000000 30465.000000 169943.000000 2449.000000 12144.000000 2304.000000 9972.000000 28567.000000 0.000000 145874.000000 7968.000000 20710.000000 0.000000 12288.000000 0.000000 177039.000000 13202.000000 14832.000000 1344.000000 43764.000000 37995.000000 0.000000 27009.000000 173399.000000 10337.000000 6432.000000 1664.000000 9716.000000 29639.000000 
33
0.000000 42048.000000 0.000000 30465.000000 169943.000000 15809.000000 2240.000000 2048.000000 33535.000000 1536.000000 0.000000 42048.000000 0.000000 30465.000000 169943.000000 15809.000000 2240.000000 2304.000000 35211.000000 1536.000000 0.000000 42048.000000 0.000000 30465.000000 190679.000000 14273.000000 1728.000000 2176.000000 36739.000000 768.000000 0.000000 42048.000000 0.000000 30465.000000 169943.000000 2449.000000 12144.000000 2304.000000 9972.000000 28567.000000 0.000000 145874.000000 7968.000000 20710.000000 0.000000 12288.000000 0.000000 177039.000000 13202.000000 14832.000000 1344.000000 43764.000000 37995.000000 0.000000 27009.000000 173399.000000 10337.000000 6432.000000 1664.000000 9716.000000 29639.000000 
34
0.000000 42048.000000 0.000000 30465.000000 169943.000000 15809.000000 2240.000000 2048.000000 33535.000000 1536.000000 0.000000 42048.000000 0.000000 30465.000000 169943.000000 15809.000000 2240.000000 2304.000000 35211.000000 1536.000000 0.000000 42048.000000 0.000000 30465.000000 190679.000000 14273.000000 1728.000000 2176.000000 36739.000000 768.000000 0.000000 42048.000000 0.000000 30465.000000 169943.000000 2449.000000 12144.000000 2304.000000 9972.000000 28567.000000 0.000000 145874.000000 7968.000000 20710.000000 0.000000 12288.000000 0.000000 177039.000000 13202.000000 14832.000000 1344.000000 43764.000000 37995.000000 0.000000 27009.000000 173399.000000 10337.000000 6432.000000 1664.000000 9716.000000 29639.000000 
35
0.000000 42048.000000 0.000000 30465.000000 169943.000000 15809.000000 2240.000000 2048.000000 33535.000000 1536.000000 0.000000 42048.000000 0.000000 30465.000000 169943.000000 15809.000000 2240.000000 2304.000000 35211.000000 1536.000000 0.000000 42048.000000 0.000000 30465.000000 190679.000000 14273.000000 1728.000000 2176.000000 36739.000000 768.000000 0.000000 42048.000000 0.000000 30465.000000 169943.000000 2449.000000 12144.000000 2304.000000 9972.000000 28567.000000 0.000000 145874.000000 7968.000000 20710.000000 0.000000 12288.000000 0.000000 177039.000000 13202.000000 14832.000000 1344.000000 43764.000000 37995.000000 0.000000 27009.000000 173399.000000 10337.000000 6432.000000 1664.000000 9716.000000 29639.000000 
36
0.000000 42048.000000 0.000000 30465.000000 242855.000000 15681.000000 3008.000000 1664.000000 36255.000000 1536.000000 0.000000 42048.000000 0.000000 30465.000000 242855.000000 15809.000000 2112.000000 2304.000000 38079.000000 1536.000000 0.000000 42048.000000 0.000000 30465.000000 242855.000000 13761.000000 2368.000000 2176.000000 36747.000000 1536.000000 0.000000 42048.000000 0.000000 30465.000000 242567.000000 5393.000000 12048.000000 2304.000000 12644.000000 25635.000000 0.000000 146898.000000 7968.000000 20686.000000 0.000000 12288.000000 0.000000 249951.000000 13202.000000 15280.000000 1344.000000 42224.000000 39435.000000 0.000000 27009.000000 246023.000000 12257.000000 6432.000000 1664.000000 9844.000000 29647.000000 
37
0.000000 42048.000000 0.000000 30465.000000 242855.000000 15681.000000 3008.000000 1664.000000 36255.000000 1536.000000 0.000000 42048.000000 0.000000 30465.000000 242855.000000 15809.000000 2112.000000 2304.000000 38079.000000 1536.000000 0.000000 42048.000000 0.000000 30465.000000 242855.000000 13761.000000 2368.000000 2176.000000 36747.000000 1536.000000 0.000000 42048.000000 0.000000 30465.000000 242567.000000 5393.000000 12048.000000 2304.000000 12644.000000 25635.000000 0.000000 146898.000000 7968.000000 20686.000000 0.000000 12288.000000 0.000000 249951.000000 13202.000000 15280.000000 1344.000000 42224.000000 39435.000000 0.000000 27009.000000 246023.000000 12257.000000 6432.000000 1664.000000 9844.000000 29647.000000 
38
0.000000 42048.000000 0.000000 30465.000000 242855.000000 15681.000000 3008.000000 1664.000000 36255.000000 1536.000000 0.000000 42048.000000 0.000000 30465.000000 242855.000000 15809.000000 2112.000000 2304.000000 38079.000000 1536.000000 0.000000 42048.000000 0.000000 30465.000000 242855.000000 13761.000000 2368.000000 2176.000000 36747.000000 1536.000000 0.000000 42048.000000 0.000000 30465.000000 242567.000000 5393.000000 12048.000000 2304.000000 12644.000000 25635.000000 0.000000 146898.000000 7968.000000 20686.000000 0.000000 12288.000000 0.000000 249951.000000 13202.000000 15280.000000 1344.000000 42224.000000 39435.000000 0.000000 27009.000000 246023.000000 12257.000000 6432.000000 1664.000000 9844.000000 29647.000000 
39
0.000000 42048.000000 0.000000 30465.000000 242855.000000 15681.000000 3008.000000 1664.000000 36255.000000 1536.000000 0.000000 42048.000000 0.000000 30465.000000 242855.000000 15809.000000 2112.000000 2304.000000 38079.000000 1536.000000 0.000000 42048.000000 0.000000 30465.000000 242855.000000 13761.000000 2368.000000 2176.000000 36747.000000 1536.000000 0.000000 42048.000000 0.000000 30465.000000 242567.000000 5393.000000 12048.000000 2304.000000 12644.000000 25635.000000 0.000000 146898.000000 7968.000000 20686.000000 0.000000 12288.000000 0.000000 249951.000000 13202.000000 15280.000000 1344.000000 42224.000000 39435.000000 0.000000 27009.000000 246023.000000 12257.000000 6432.000000 1664.000000 9844.000000 29647.000000 
40
0.000000 42048.000000 0.000000 18817.000000 242567.000000 15809.000000 2240.000000 2304.000000 38071.000000 1536.000000 0.000000 42048.000000 0.000000 30465.000000 242855.000000 13793.000000 2880.000000 1664.000000 37759.000000 1536.000000 0.000000 42048.000000 0.000000 30465.000000 242855.000000 15809.000000 2368.000000 640.000000 37951.000000 1536.000000 0.000000 42048.000000 0.000000 30465.000000 242567.000000 5905.000000 12144.000000 2304.000000 9972.000000 28207.000000 0.000000 112978.000000 8064.000000 28142.000000 0.000000 0.000000 0.000000 261951.000000 14610.000000 10544.000000 1344.000000 9652.000000 31183.000000 8256.000000 27009.000000 246311.000000 12257.000000 5696.000000 2304.000000 9844.000000 28563.000000 
41
0.000000 42048.000000 0.000000 18817.000000 242567.000000 15809.000000 2240.000000 2304.000000 38071.000000 1536.000000 0.000000 42048.000000 0.000000 30465.000000 242855.000000 13793.000000 2880.000000 1664.000000 37759.000000 1536.000000 0.000000 42048.000000 0.000000 30465.000000 242855.000000 15809.000000 2368.000000 640.000000 37951.000000 1536.000000 0.000000 42048.000000 0.000000 30465.000000 242567.000000 5905.000000 12144.000000 2304.000000 9972.000000 28207.000000 0.000000 112978.000000 8064.000000 28142.000000 0.000000 0.000000 0.000000 261951.000000 14610.000000 10544.000000 1344.000000 9652.000000 31183.000000 8256.000000 27009.000000 246311.000000 12257.000000 5696.000000 2304.000000 9844.000000 28563.000000 
42
0.000000 42048.000000 0.000000 18817.000000 242567.000000 15809.000000 2240.000000 2304.000000 38071.000000 1536.000000 0.000000 42048.000000 0.000000 30465.000000 242855.000000 13793.000000 2880.000000 1664.000000 37759.000000 1536.000000 0.000000 42048.000000 0.000000 30465.000000 242855.000000 15809.000000 2368.000000 640.000000 37951.000000 1536.000000 0.000000 42048.000000 0.000000 30465.000000 242567.000000 5905.000000 12144.000000 2304.000000 9972.000000 28207.000000 0.000000 112978.000000 8064.000000 28142.000000 0.000000 0.000000 0.000000 261951.000000 14610.000000 10544.000000 1344.000000 9652.000000 31183.000000 8256.000000 27009.000000 246311.000000 12257.000000 5696.000000 2304.000000 9844.000000 28563.000000 
43
0.000000 42048.000000 0.000000 18817.000000 242567.000000 15809.000000 2240.000000 2304.000000 38071.000000 1536.000000 0.000000 42048.000000 0.000000 30465.000000 242855.000000 13793.000000 2880.000000 1664.000000 37759.000000 1536.000000 0.000000 42048.000000 0.000000 30465.000000 242855.000000 15809.000000 2368.000000 640.000000 37951.000000 1536.000000 0.000000 42048.000000 0.000000 30465.000000 242567.000000 5905.000000 12144.000000 2304.000000 9972.000000 28207.000000 0.000000 112978.000000 8064.000000 28142.000000 0.000000 0.000000 0.000000 261951.000000 14610.000000 10544.000000 1344.000000 9652.000000 31183.000000 8256.000000 27009.000000 246311.000000 12257.000000 5696.000000 2304.000000 9844.000000 28563.000000 
44
0.000000 42048.000000 0.000000 30465.000000 242951.000000 15809.000000 1728.000000 2304.000000 33403.000000 1536.000000 0.000000 42048.000000 0.000000 27009.000000 242855.000000 15809.000000 2880.000000 1664.000000 36747.000000 1536.000000 0.000000 42048.000000 0.000000 20481.000000 243047.000000 15809.000000 2368.000000 2176.000000 37951.000000 1536.000000 0.000000 42048.000000 0.000000 30465.000000 242855.000000 5905.000000 12144.000000 1792.000000 9972.000000 28567.000000 0.000000 146898.000000 7936.000000 20774.000000 0.000000 0.000000 12288.000000 250143.000000 13202.000000 13872.000000 1344.000000 43508.000000 30103.000000 8256.000000 27009.000000 246503.000000 11745.000000 5824.000000 1664.000000 6740.000000 28567.000000 
45
0.000000 42048.000000 0.000000 30465.000000 242951.000000 15809.000000 1728.000000 2304.000000 33403.000000 1536.000000 0.000000 42048.000000 0.000000 27009.000000 242855.000000 15809.000000 2880.000000 1664.000000 36747.000000 1536.000000 0.000000 42048.000000 0.000000 20481.000000 243047.000000 15809.000000 2368.000000 2176.000000 37951.000000 1536.000000 0.000000 42048.000000 0.000000 30465.000000 242855.000000 5905.000000 12144.000000 1792.000000 9972.000000 28567.000000 0.000000 146898.000000 7936.000000 20774.000000 0.000000 0.000000 12288.000000 250143.000000 13202.000000 13872.000000 1344.000000 43508.000000 30103.000000 8256.000000 27009.000000 246503.000000 11745.000000 5824.000000 1664.000000 6740.000000 28567.000000 
46
0.000000 42048.000000 0.000000 30465.000000 242951.000000 15809.000000 1728.000000 2304.000000 33403.000000 1536.000000 0.000000 42048.000000 0.000000 27009.000000 242855.000000 15809.000000 2880.000000 1664.000000 36747.000000 1536.000000 0.000000 42048.000000 0.000000 20481.000000 243047.000000 15809.000000 2368.000000 2176.000000 37951.000000 1536.000000 0.000000 42048.000000 0.000000 30465.000000 242855.000000 5905.000000 12144.000000 1792.000000 9972.000000 28567.000000 0.000000 146898.000000 7936.000000 20774.000000 0.000000 0.000000 12288.000000 250143.000000 13202.000000 13872.000000 1344.000000 43508.000000 30103.000000 8256.000000 27009.000000 246503.000000 11745.000000 5824.000000 1664.000000 6740.000000 28567.000000 
47
0.000000 42048.000000 0.000000 30465.000000 242951.000000 15809.000000 1728.000000 2304.000000 33403.000000 1536.000000 0.000000 42048.000000 0.000000 27009.000000 242855.000000 15809.000000 2880.000000 1664.000000 36747.000000 1536.000000 0.000000 42048.000000 0.000000 20481.000000 243047.000000 15809.000000 2368.000000 2176.000000 37951.000000 1536.000000 0.000000 42048.000000 0.000000 30465.000000 242855.000000 5905.000000 12144.000000 1792.000000 9972.000000 28567.000000 0.000000 146898.000000 7936.000000 20774.000000 0.000000 0.000000 12288.000000 250143.000000 13202.000000 13872.000000 1344.000000 43508.000000 30103.000000 8256.000000 27009.000000 246503.000000 11745.000000 5824.000000 1664.000000 6740.000000 28567.000000 
