0
0.000000 0.595527 1.047883 0.990572 0.831348 0.985370 1.004466 1.010407 0.954810 0.283646 0.000000 0.777196 0.952621 1.031753 0.803556 0.980420 1.010208 0.992112 0.959577 0.283646 0.000000 0.777218 0.952621 0.992281 0.795984 1.000607 0.979265 0.976945 0.964561 0.283771 0.000000 0.681805 0.952621 1.022221 0.758331 1.025185 0.987342 0.952250 1.019697 0.330529 0.000000 0.682821 1.008853 0.935818 1.026727 1.022743 0.949927 0.710402 0.998731 0.959409 1.008967 1.000544 0.650541 0.952614 1.032478 0.781912 0.911829 1.088609 0.984985 1.003823 0.453041 
1
0.000000 0.000015 1.047883 1.011717 0.742332 0.991245 0.982181 0.999152 0.927038 0.283646 0.000000 0.095293 0.952621 0.945640 0.741764 0.919092 1.000962 1.007805 0.972478 0.283646 0.000000 0.095547 0.952621 1.019788 0.747405 1.000784 0.975679 0.953690 0.965703 0.189108 0.000000 0.000334 0.952621 1.048461 0.684016 1.019616 0.983255 0.971715 1.000287 0.236458 0.000000 0.704402 0.987522 0.936876 1.022648 0.962871 1.047790 0.628036 0.993125 0.958497 0.994025 1.026386 0.565278 0.952894 0.942901 0.733174 0.901854 1.088140 0.949356 1.035379 0.460988 
2
0.000000 0.000015 1.047883 1.009749 0.736885 1.008822 0.996701 0.995507 0.934188 0.283631 0.000000 0.095399 0.952621 1.029600 0.730374 0.954601 0.939773 0.975638 0.988916 0.283631 0.000000 0.095806 0.952621 1.019978 0.740742 0.975795 0.957087 1.012130 0.942912 0.283631 0.000000 0.000575 0.952621 1.052830 0.703904 1.023542 0.985524 0.942254 1.030160 0.319289 0.000000 0.706621 1.001031 0.924135 1.062753 1.000161 0.952509 0.622067 0.997364 0.969487 0.994031 1.009681 0.639413 0.952536 0.943858 0.730196 0.897435 1.075814 0.984054 1.011356 0.437570 
3
0.000000 0.000015 1.047883 0.994384 0.752688 0.975888 1.004466 0.960538 0.979887 0.283631 0.000000 0.098381 0.952621 1.036121 0.735203 0.979867 1.003694 0.985480 0.966068 0.283631 0.000000 0.097702 0.952621 0.980000 0.736709 0.990372 0.967306 0.985035 0.940524 0.283631 0.000000 0.002510 0.952621 1.010635 0.693533 1.010138 0.992466 0.952862 1.040357 0.308624 0.000000 0.694245 0.997837 0.952143 1.026713 1.022804 0.945868 0.620277 0.998489 0.959777 1.012547 1.010936 0.650565 0.952353 1.026632 0.740505 0.906765 1.077307 0.983933 0.996131 0.456889 
4
0.000000 0.000015 1.039754 0.991323 0.303121 1.001307 0.970058 1.014482 0.963000 0.000031 0.000000 0.094538 0.952547 1.038585 0.296082 0.915589 1.050516 0.993882 0.972718 0.283906 0.000000 0.094564 0.952881 0.996969 0.295511 1.006864 0.902107 1.013978 0.963466 0.283906 0.000000 0.000178 0.952298 1.021610 0.254318 1.002887 1.013955 0.971510 1.029775 0.226761 0.000000 0.664776 1.008978 0.990716 0.986637 1.026231 1.004799 0.482424 0.725226 0.947137 0.992340 0.999978 0.568014 0.952650 0.966455 0.288116 0.899845 1.073416 0.985557 1.000153 0.450049 
5
0.000000 0.000000 1.039754 1.014574 0.260488 0.984874 1.006667 0.996349 0.939368 0.000282 0.000000 0.095217 0.952745 0.970511 0.235292 0.988477 1.010674 0.994072 0.927995 0.189397 0.000000 0.095173 0.952594 1.024435 0.233585 0.983364 0.911679 0.990439 0.981310 0.189440 0.000000 0.000000 0.951833 1.046912 0.205409 0.870504 1.113876 0.992187 0.984360 0.235620 0.000000 0.637654 1.018028 0.958870 1.025987 1.005925 1.007788 0.415237 0.720372 0.929081 0.963105 1.028397 0.569527 0.952356 1.017190 0.221250 0.897467 1.076100 0.949529 1.008422 0.461576 
6
0.000000 0.000000 1.039754 1.016757 0.234920 1.019396 0.994978 0.959755 0.974409 0.000137 0.000000 0.094523 0.953009 0.970650 0.233848 0.985888 1.018293 0.980328 0.914401 0.284038 0.000000 0.094523 0.952396 1.019616 0.232035 0.997826 0.900502 1.011680 0.927229 0.283771 0.000000 0.000000 0.952049 1.050232 0.206230 0.896400 1.104241 0.958695 1.032504 0.319168 0.000000 0.685443 1.001041 0.969738 1.052768 0.979336 1.017590 0.401009 0.716693 0.909463 1.039290 1.013236 0.649034 0.952862 1.018128 0.219123 0.885367 1.064438 0.998352 1.001092 0.442138 
7
0.000000 0.000000 1.039754 0.982049 0.239667 0.996191 0.971462 1.028512 0.931950 0.000050 0.000000 0.094523 0.952169 1.044775 0.260527 0.959034 1.015370 0.974011 0.899709 0.283726 0.000000 0.094523 0.952627 0.995569 0.235576 1.005456 0.936932 0.985064 0.940552 0.283631 0.000000 0.000000 0.951886 1.011234 0.181274 0.864583 1.094288 0.937056 1.038786 0.319057 0.000000 0.582915 0.997776 1.011904 1.007657 0.989997 1.009158 0.400493 0.726813 0.935654 1.026268 0.984497 0.650907 0.952591 0.965007 0.264101 0.896389 1.067720 0.983679 1.000253 0.438319 
8
0.000000 0.000015 1.039754 1.016853 0.294019 0.991778 0.999597 1.008889 0.930335 0.283646 0.000000 0.094538 0.952458 1.029785 0.293738 0.983588 0.979831 1.027683 0.920685 0.283754 0.000000 0.094538 0.952739 1.028554 0.295093 0.979312 0.951833 0.998667 0.984108 0.189419 0.000000 0.000015 0.951901 1.040950 0.261295 1.028721 0.984512 0.968426 1.006493 0.330965 0.000000 0.682929 0.978518 0.968070 1.002825 0.557855 0.007374 0.518241 0.723496 0.961545 0.978475 1.008839 1.005141 0.976368 1.023534 0.296227 0.891751 1.097556 0.970941 1.014824 0.450140 
9
0.000000 0.000000 1.039754 1.007187 0.244874 0.994322 0.997193 0.994807 0.945402 0.283646 0.000000 0.094523 0.952849 1.037420 0.234920 0.934536 1.062262 0.966708 0.981050 0.189500 0.000000 0.094523 0.952641 1.033189 0.237650 1.004773 0.931170 1.018707 0.961261 0.284036 0.000000 0.000000 0.952003 1.033629 0.203720 1.029901 0.979420 0.971163 0.989156 0.243654 0.000000 0.680725 0.987387 0.939172 1.038046 0.559880 0.000000 0.455345 0.716976 0.921974 1.048497 0.966872 0.679277 0.952621 1.026929 0.236868 0.876963 1.103133 0.971114 1.019921 0.450064 
10
0.000000 0.000000 1.039754 1.015353 0.253417 0.973543 0.999274 0.967221 0.927757 0.283631 0.000000 0.095216 0.952484 1.045878 0.234733 0.985874 1.006193 0.973387 0.960860 0.283893 0.000000 0.094523 0.952465 1.039370 0.154480 1.077650 0.938550 1.013623 0.946635 0.283891 0.000000 0.000000 0.951829 1.061048 0.223246 0.920969 1.115820 0.947822 1.033640 0.319348 0.000000 0.706066 1.000995 0.919567 1.056341 0.519818 0.000000 0.464953 0.724697 0.939304 1.034598 0.983366 0.674776 0.952621 1.019465 0.290352 0.883242 1.094670 0.998664 0.993044 0.450034 
11
0.000000 0.000000 1.039754 1.008164 0.240691 0.988994 0.997762 0.971325 0.950880 0.283631 0.000000 0.094523 0.952617 1.033940 0.233363 0.996459 0.995547 0.990157 0.893149 0.283823 0.000000 0.095173 0.952646 1.015740 0.231158 0.858306 1.068277 1.028359 0.938406 0.283769 0.000000 0.000000 0.952402 1.036016 0.199135 0.894641 1.112935 0.936918 1.034412 0.319065 0.000000 0.718492 0.997822 0.953858 1.002784 0.541562 0.000000 0.457085 0.718197 0.963530 0.996909 0.986126 0.566823 0.952621 1.017239 0.250710 0.889854 1.081669 0.999953 1.002295 0.442132 
12
0.000000 0.000015 1.039754 0.996932 0.294912 0.998404 0.986397 0.991917 0.931264 0.283646 0.000000 0.096115 0.952744 1.035403 0.295028 0.924651 1.069885 0.958737 0.975039 0.283615 0.000000 0.096916 0.952540 1.024584 0.298237 0.985921 0.979388 0.977236 0.991306 0.189316 0.000000 0.001600 0.952458 1.043603 0.257472 1.025827 0.979008 0.958210 1.010256 0.236748 0.000000 0.719204 0.978362 0.968148 1.002784 0.565943 0.011442 0.524792 0.721289 0.960852 0.974540 1.030600 0.650427 0.952815 1.026842 0.312257 0.902125 1.094712 0.971079 1.020898 0.450013 
13
0.000000 0.000000 1.039754 1.005986 0.238914 1.003672 0.987754 1.001943 0.924184 0.283631 0.000000 0.094523 0.952436 1.025351 0.240557 0.986227 0.976055 0.992418 0.990216 0.189812 0.000000 0.094523 0.952498 1.010884 0.234480 1.007450 0.962721 0.971944 0.997698 0.189419 0.000000 0.000000 0.952198 1.029929 0.196052 1.031335 0.977861 0.971337 1.002247 0.235490 0.000000 0.717742 0.987453 0.960819 1.016377 0.559860 0.000000 0.461920 0.719619 0.972497 1.008749 0.996633 0.647736 0.952450 1.031049 0.233531 0.886210 1.109191 0.971737 1.027016 0.355667 
14
0.000000 0.000000 1.039754 1.014648 0.166748 1.071367 0.993528 1.009395 0.927042 0.283639 0.000000 0.095173 0.952529 1.044609 0.235326 0.985459 0.986974 1.015486 0.924074 0.283702 0.000000 0.094523 0.952448 1.027779 0.231527 1.001575 0.965982 0.998940 0.957111 0.283839 0.000000 0.000000 0.951661 1.063089 0.194747 0.922204 1.116686 0.948168 1.038764 0.319107 0.000000 0.741093 1.000914 0.919541 1.056296 0.519823 0.000000 0.457171 0.724479 0.967629 0.996951 1.010433 0.544654 0.952540 0.934103 0.244128 0.888318 1.085882 0.998179 0.990810 0.449957 
15
0.000000 0.000000 1.039754 1.008309 0.272749 0.996732 0.980201 0.993150 0.950187 0.283631 0.000000 0.094523 0.952866 1.026864 0.233239 0.963193 0.987320 1.020562 0.914666 0.283893 0.000000 0.094523 0.952993 1.032471 0.176476 1.065803 0.935328 1.028766 0.957768 0.283821 0.000000 0.000000 0.951821 1.037071 0.215368 0.895039 1.113177 0.952325 1.031760 0.327055 0.000000 0.731398 0.998004 0.953895 1.002788 0.541610 0.000000 0.449125 0.717978 0.915702 1.046594 1.000790 0.543803 0.952592 1.030392 0.244729 0.897588 1.087034 0.999710 0.990363 0.461432 
16
0.000000 0.000015 1.039754 1.008104 0.303143 0.983357 1.004639 0.959766 1.000329 0.283646 0.000000 0.096115 0.952875 1.043280 0.304284 0.933561 1.044285 0.977336 0.974058 0.284183 0.000000 0.096193 0.952612 1.033833 0.300800 0.987267 0.941563 0.978098 0.999140 0.283967 0.000000 0.000015 0.952611 1.042427 0.266232 1.015569 1.009388 0.961121 1.024166 0.331467 0.000000 0.723155 0.990715 0.972127 0.959405 0.871984 0.007382 0.520965 0.723551 0.948869 0.970775 1.028869 0.575700 0.952757 0.997492 0.298174 0.901673 1.084834 0.970629 1.015948 0.192849 
17
0.000000 0.000000 1.039754 1.006681 0.257564 1.002294 1.001824 0.960096 0.988956 0.283631 0.000000 0.094523 0.952368 1.024464 0.245970 0.984661 0.998813 0.967895 0.979461 0.283934 0.000000 0.094523 0.952660 1.026874 0.243068 0.989632 0.942398 0.986584 0.972060 0.189482 0.000000 0.000000 0.951860 1.032578 0.202480 0.883703 1.073254 0.958037 1.017004 0.334931 0.000000 0.688541 0.987585 0.942845 1.032851 0.795086 0.000000 0.465061 0.719624 0.906535 1.056010 1.014976 0.574302 0.952571 0.998081 0.235655 0.888099 1.092387 0.971114 0.994282 0.158599 
18
0.000000 0.000000 1.039754 1.020111 0.239682 0.969991 0.997935 0.999635 0.935548 0.283631 0.000000 0.094523 0.952580 1.046016 0.239588 0.992151 1.005881 0.988427 0.931936 0.283700 0.000000 0.095227 0.952804 1.036380 0.237117 1.005664 0.927967 0.998270 0.946448 0.283648 0.000000 0.000000 0.952415 1.065417 0.219216 0.983975 1.052657 0.999042 0.988899 0.327246 0.000000 0.733087 0.996011 0.947088 1.034518 0.779494 0.000000 0.466257 0.729395 0.945435 1.002067 1.004361 0.553102 0.952586 1.042320 0.274444 0.890867 1.086743 0.998664 0.988655 0.146765 
19
0.000000 0.000000 1.039754 0.997888 0.265425 0.982780 1.004258 0.995096 0.923441 0.283631 0.000000 0.095173 0.952718 1.026966 0.235972 0.994565 0.994889 0.988666 0.921112 0.283761 0.000000 0.094523 0.952458 1.020337 0.239379 0.995406 0.901506 1.028931 0.946344 0.283813 0.000000 0.000000 0.952822 1.035517 0.237557 0.836910 1.117608 0.957725 1.021409 0.225387 0.000000 0.676672 0.946344 0.924600 1.054592 0.781944 0.000000 0.450832 0.720652 0.881610 1.086182 0.996666 0.446830 0.952536 0.995243 0.229233 0.900683 1.085543 1.000264 0.990334 0.165957 
20
0.000000 0.000015 1.039754 1.011931 0.323411 1.008968 1.004673 0.972486 0.952215 0.284140 0.000000 0.095309 0.952546 1.030675 0.293622 0.930711 1.030100 1.000068 0.983410 0.000317 0.000000 0.094660 0.952910 1.024818 0.293201 0.985808 0.983890 1.012220 0.960450 0.190017 0.000000 0.000155 0.952646 1.050211 0.255545 1.022545 0.986303 0.958349 1.014890 0.268950 0.000000 0.729504 0.990686 0.988141 0.991884 0.783583 0.007382 0.517834 0.722279 0.947551 0.974772 0.971812 0.673446 0.952744 1.003484 0.296658 0.902034 1.061319 1.000715 0.986309 0.453872 
21
0.000000 0.000000 1.039754 1.009390 0.234572 1.008523 1.002355 0.993397 0.912713 0.283856 0.000000 0.094523 0.952600 1.045798 0.244539 0.976290 0.984970 0.993131 0.980789 0.000065 0.000000 0.095268 0.952565 1.010888 0.235962 0.992425 1.009806 0.983378 0.941072 0.283969 0.000000 0.000000 0.951892 1.040473 0.202551 1.022437 0.985374 0.967941 1.017266 0.342445 0.000000 0.688216 0.987591 0.999629 0.959433 0.817845 0.000000 0.454956 0.718718 0.936047 0.985002 0.954264 0.664657 0.952742 0.993860 0.246180 0.896666 1.078574 0.949044 1.033438 0.442208 
22
0.000000 0.000000 1.039754 1.022738 0.235121 1.013765 0.993574 0.980836 0.913486 0.283830 0.000000 0.094523 0.952659 1.038824 0.231289 0.985407 0.953747 1.025830 0.948317 0.000137 0.000000 0.094523 0.952299 1.028743 0.157805 0.950787 1.106048 1.012812 0.935661 0.283873 0.000000 0.000000 0.951824 1.056910 0.189603 0.940576 1.060883 0.936260 1.033034 0.352801 0.000000 0.727498 0.995892 0.954640 1.051744 0.767572 0.000000 0.457957 0.726515 0.909394 1.064787 0.938912 0.665470 0.952176 1.039587 0.234686 0.885589 1.072558 0.983679 0.999155 0.430621 
23
0.000000 0.000000 1.039754 1.011072 0.154279 1.063976 0.999308 0.974028 0.942683 0.283631 0.000000 0.094523 0.952809 1.031410 0.234832 0.994717 0.963443 0.979245 0.978568 0.000015 0.000000 0.094523 0.952617 1.026468 0.257980 0.985419 0.984749 1.013122 0.948440 0.283700 0.000000 0.000000 0.951811 1.050444 0.185002 1.022092 0.981039 0.942110 1.028775 0.342816 0.000000 0.748374 0.946448 0.969539 0.936443 0.869574 0.000000 0.445999 0.719184 0.925026 1.003055 0.934314 0.566317 0.952874 0.993835 0.233932 0.896395 1.075643 0.983506 0.997344 0.430712 
24
0.000000 0.000015 1.039754 1.014841 0.294690 0.906034 1.050724 1.014500 0.949807 0.284019 0.000000 0.094538 0.952718 1.024069 0.295568 0.993680 0.884208 0.989862 0.984098 0.283646 0.000000 0.094677 0.952543 1.018909 0.294586 0.989264 0.978044 0.997506 0.970543 0.189428 0.000000 0.000155 0.951863 1.057353 0.237478 1.015273 0.980807 0.946302 1.005444 0.346976 0.000000 0.724265 0.990761 0.972075 0.959397 0.871975 0.007382 0.523666 0.722264 0.948488 0.993172 0.982040 0.681766 0.952800 0.996788 0.286158 0.887270 1.115791 0.960779 1.026641 0.453173 
25
0.000000 0.000000 1.039754 1.009214 0.236949 0.948784 1.019989 1.001057 0.927693 0.283769 0.000000 0.095147 0.952628 1.046624 0.242384 0.993992 0.982947 1.013691 0.954253 0.283646 0.000000 0.094523 0.952519 1.005002 0.234189 1.008386 0.948690 0.997623 0.969916 0.283813 0.000000 0.000000 0.951717 1.052638 0.221043 0.883594 1.117456 0.958383 1.022879 0.327333 0.000000 0.688716 0.987594 0.942810 1.032912 0.791018 0.000000 0.461025 0.719451 0.932205 0.988694 1.023962 0.654763 0.952425 0.998006 0.226010 0.901406 1.064105 1.008856 1.011021 0.441420 
26
0.000000 0.000000 1.039754 1.016201 0.165058 1.053632 0.986578 0.992480 0.954926 0.283891 0.000000 0.094523 0.952611 1.033113 0.233926 0.987236 0.997378 0.996490 0.960061 0.283631 0.000000 0.095216 0.952545 1.032623 0.156317 1.049456 0.974040 1.012875 0.929519 0.283735 0.000000 0.000000 0.952599 1.057173 0.190314 0.982026 1.043649 0.966283 1.000132 0.319550 0.000000 0.726054 0.995840 0.947082 1.034437 0.779494 0.000000 0.460932 0.725985 0.906659 1.020613 1.013238 0.670102 0.952665 1.039852 0.276539 0.893826 1.067408 0.982814 1.037011 0.433360 
27
0.000000 0.000000 1.039754 1.004494 0.174480 1.046713 1.019871 0.972602 0.963388 0.283842 0.000000 0.094523 0.952634 1.027777 0.231843 0.983076 1.004581 0.978932 0.964279 0.283631 0.000000 0.094523 0.952789 1.023046 0.261714 0.877548 1.099583 0.992354 0.942671 0.283995 0.000000 0.000000 0.951963 1.047479 0.190715 0.873326 1.085126 0.987306 0.985007 0.225048 0.000000 0.682392 0.946396 0.924605 1.054633 0.781953 0.000000 0.449476 0.720646 0.923986 0.982129 0.993028 0.565298 0.952638 0.995188 0.226203 0.898182 1.091165 0.954583 1.039104 0.429826 
28
0.000000 0.000015 1.039754 1.002358 0.311147 0.905067 1.073136 0.993929 0.924115 0.284131 0.000000 0.094634 0.952691 1.040647 0.294222 0.973643 0.919101 1.007649 0.969109 0.283646 0.000000 0.094631 0.952638 1.027858 0.297924 0.990689 0.944764 0.997171 0.994726 0.189108 0.000000 0.000155 0.952009 1.051966 0.257023 0.996752 1.026598 0.976875 1.011433 0.243427 0.000000 0.764969 0.990743 0.999930 0.921974 0.788392 0.011442 0.512561 0.726244 0.951734 0.968283 1.025614 0.565034 0.952589 0.998823 0.289503 0.897466 1.092716 0.971114 1.011535 0.200458 
29
0.000000 0.000000 1.039754 1.010718 0.235698 0.948693 1.015739 0.980937 0.918704 0.283769 0.000000 0.094523 0.952656 1.042991 0.235172 0.975665 1.004663 0.978655 0.985746 0.283631 0.000000 0.094523 0.952416 1.026293 0.231827 0.997166 0.943145 1.012988 0.983738 0.283631 0.000000 0.000000 0.951836 1.041292 0.200363 0.981851 0.939204 0.998609 0.984347 0.319332 0.000000 0.727059 0.987591 0.987208 0.971127 0.757066 0.000000 0.458395 0.726125 0.893566 1.078986 0.997949 0.650365 0.952669 0.995070 0.225346 0.887118 1.054953 0.985245 0.996509 0.154744 
30
0.000000 0.000000 1.039754 1.022588 0.234700 0.954991 1.009774 0.988903 0.918034 0.283769 0.000000 0.095173 0.952651 0.982715 0.276394 0.903214 1.072051 0.978923 0.983020 0.283631 0.000000 0.095216 0.952890 1.042794 0.231724 1.001093 0.976609 0.998739 0.965562 0.283631 0.000000 0.000000 0.952687 1.067651 0.190602 0.889794 1.132548 0.947995 1.038177 0.319428 0.000000 0.763426 0.995944 0.937444 1.024605 0.750380 0.000000 0.459200 0.719764 0.905593 1.051702 0.995672 0.641598 0.952743 1.040768 0.288345 0.852313 1.081900 0.998664 0.990516 0.139162 
31
0.000000 0.000000 1.039754 1.003155 0.174069 1.067593 0.993270 0.974155 0.953708 0.284020 0.000000 0.094523 0.952495 1.039042 0.154156 1.049781 1.016500 0.995133 0.926316 0.283631 0.000000 0.094523 0.952524 1.018633 0.234450 0.989195 0.946318 0.997616 0.985564 0.283631 0.000000 0.000000 0.951644 1.039563 0.197778 0.857669 1.122965 0.957864 1.035416 0.224424 0.000000 0.690942 0.946344 0.912277 1.046427 0.750363 0.000000 0.447103 0.727479 0.946145 0.987637 1.002205 0.551309 0.952556 0.995290 0.242350 0.901741 1.083808 0.999710 0.988233 0.169666 
32
0.000000 0.000015 1.039754 1.005947 0.343690 0.980499 1.004835 0.989730 0.922587 0.189108 0.000000 0.094631 0.952634 1.039608 0.333733 0.940681 1.061916 0.958210 0.975507 0.284105 0.000000 0.095231 0.952480 1.022811 0.328990 0.993757 0.976487 0.998163 0.962978 0.283646 0.000000 0.000155 0.951657 1.048068 0.287086 1.012940 0.997047 0.951671 1.018528 0.266480 0.000000 0.740851 0.980181 0.970905 0.971046 0.762483 0.007382 0.552267 0.727723 0.947483 0.979374 1.004057 0.661697 0.952737 1.001921 0.326034 0.903362 1.099265 0.970945 1.015581 0.173582 
33
0.000000 0.000000 1.039754 1.000568 0.299003 0.994345 1.012639 0.980694 0.906072 0.283646 0.000000 0.094523 0.952376 1.029756 0.280439 0.975596 0.980524 0.985261 0.980586 0.283700 0.000000 0.094523 0.952686 1.026906 0.273321 1.007798 0.947630 1.012709 0.963315 0.283631 0.000000 0.000000 0.952091 1.048993 0.238719 1.008688 0.986681 0.952848 1.019010 0.342575 0.000000 0.744540 1.008885 0.983613 0.951235 0.772229 0.000000 0.502877 0.723671 0.936462 1.000662 1.005250 0.649823 0.952685 0.991779 0.279245 0.876160 1.093565 0.984069 1.016370 0.135356 
34
0.000000 0.000000 1.039754 1.014642 0.281614 1.003531 1.008343 1.000707 0.902190 0.283631 0.000000 0.095155 0.952890 1.041541 0.274508 0.992399 1.006055 0.972996 0.936589 0.284064 0.000000 0.094523 0.952732 1.029744 0.271595 0.950801 0.992421 0.997010 0.994219 0.283631 0.000000 0.000000 0.952490 1.054208 0.237530 1.021108 0.988909 0.940769 1.043196 0.335122 0.000000 0.786641 0.998660 1.003025 0.929354 0.750341 0.000000 0.500504 0.719564 0.907454 1.020616 1.029399 0.642853 0.952528 1.039603 0.325956 0.863666 1.081690 1.000191 0.966357 0.165866 
35
0.000000 0.000000 1.039754 1.009816 0.204611 1.047809 0.991859 1.019735 0.921991 0.283631 0.000000 0.094523 0.952670 1.027056 0.197274 1.073790 0.995235 0.990422 0.928250 0.283769 0.000000 0.094523 0.952578 1.028426 0.274388 0.998385 0.949857 0.998806 0.991294 0.189092 0.000000 0.000000 0.951834 1.052632 0.231228 1.020266 0.977782 0.947826 1.040953 0.335052 0.000000 0.676427 0.949140 0.963093 0.962740 0.757089 0.000000 0.485507 0.730363 0.925649 0.969847 1.015451 0.553437 0.952533 0.995887 0.282100 0.888096 1.084539 0.999567 0.988422 0.170065 
36
0.000000 0.000015 1.039754 1.011457 0.322215 0.983589 0.970231 0.992411 0.967129 0.189500 0.000000 0.094634 0.952487 1.044890 0.323448 0.979080 0.998516 0.966685 0.991748 0.283854 0.000000 0.094677 0.952860 1.022625 0.319719 1.016836 0.957786 1.020152 0.976209 0.189541 0.000000 0.000157 0.952709 1.041617 0.285258 0.995405 1.026390 0.977180 1.022389 0.225676 0.000000 0.763871 1.010703 0.992829 0.959427 0.774848 0.011442 0.532318 0.729347 0.948146 0.977875 0.999443 0.657915 0.952729 1.000019 0.318758 0.900691 1.090628 0.985211 1.002708 0.146787 
37
0.000000 0.000000 1.039754 1.005303 0.289192 0.982118 1.000712 0.971563 0.945359 0.283823 0.000000 0.095199 0.952493 1.021493 0.266223 0.984648 0.990424 0.996007 0.934114 0.283631 0.000000 0.094523 0.952540 1.032105 0.265351 0.990208 0.968154 1.028186 0.958501 0.283726 0.000000 0.000000 0.951816 1.034331 0.228678 0.973656 0.939483 0.998317 0.982603 0.319306 0.000000 0.755276 1.008872 0.991721 0.932245 0.846310 0.000000 0.482106 0.724176 0.936105 1.000009 0.987517 0.644995 0.952340 0.995369 0.258523 0.879423 1.097407 0.983897 0.997241 0.083560 
38
0.000000 0.000000 1.039754 1.012425 0.272173 0.981587 0.986440 0.988693 0.913718 0.283832 0.000000 0.094523 0.952874 1.027836 0.266118 0.993833 0.997893 0.959093 0.963948 0.283865 0.000000 0.094523 0.952729 1.029154 0.188588 1.074064 0.977379 0.992841 0.991325 0.283631 0.000000 0.000000 0.951758 1.065968 0.291261 0.818603 1.112057 0.947166 1.028766 0.319194 0.000000 0.758158 0.998619 0.918190 1.066819 0.786966 0.000000 0.487580 0.717045 0.908723 1.020962 1.027420 0.642113 0.952472 1.041179 0.301632 0.896407 1.084404 0.998836 0.987623 0.067950 
39
0.000000 0.000000 1.039754 1.001169 0.206986 1.041125 0.989094 0.982141 0.920379 0.283893 0.000000 0.094523 0.952651 1.039496 0.266619 0.974234 1.010954 0.961168 0.971387 0.283743 0.000000 0.095129 0.952410 1.029711 0.271058 0.877868 1.091746 1.015976 0.959109 0.189101 0.000000 0.000000 0.951930 1.033385 0.228866 0.892101 1.121648 0.959061 1.016208 0.242259 0.000000 0.668820 0.949195 0.956060 0.951609 0.824496 0.000000 0.502609 0.728764 0.924197 0.970884 1.009179 0.547428 0.952948 0.996498 0.259643 0.891877 1.085112 0.950370 1.016320 0.083125 
40
0.000000 0.000015 1.039754 0.990008 0.325357 0.999695 0.970058 1.014222 0.942552 0.189500 0.000000 0.094625 0.952725 1.047289 0.326748 0.983063 0.982193 0.978323 0.971153 0.284062 0.000000 0.094677 0.952643 0.996957 0.326648 0.990270 0.953514 0.998566 0.978313 0.189177 0.000000 0.000015 0.951820 1.020731 0.286474 1.018162 0.984893 0.968442 1.018315 0.258932 0.000000 0.751114 1.013736 0.946546 1.023020 0.997686 1.037296 0.621880 0.718142 0.908121 1.046155 1.008655 0.656760 0.952258 1.001424 0.325051 0.896651 1.055623 1.000054 0.992768 0.453915 
41
0.000000 0.000000 1.039754 1.023933 0.275083 1.007107 0.985963 0.995340 0.926119 0.283824 0.000000 0.094523 0.952956 0.943333 0.264845 0.988179 0.993859 0.966505 0.964063 0.283631 0.000000 0.094523 0.952537 1.004685 0.265049 1.003394 0.931517 0.999269 0.973825 0.283960 0.000000 0.000000 0.951846 1.045214 0.230728 0.913680 1.113523 0.958210 1.020293 0.339399 0.000000 0.789965 1.012106 0.964843 1.037049 0.962030 1.036557 0.559556 0.725674 0.932604 1.048046 0.996289 0.656374 0.952864 0.992905 0.259532 0.879183 1.081417 0.985209 0.986619 0.453857 
42
0.000000 0.000000 1.039754 0.979464 0.264818 0.995442 1.009485 0.959812 0.979842 0.283754 0.000000 0.095181 0.952605 1.015530 0.187880 0.995882 1.056897 0.988323 0.915895 0.283631 0.000000 0.094523 0.952633 0.988454 0.265846 0.996811 0.940386 1.021499 0.945873 0.283873 0.000000 0.000000 0.952631 1.001269 0.233169 1.022437 0.979916 0.947653 1.039408 0.335079 0.000000 0.810827 0.968683 1.012309 1.008535 0.928965 1.030158 0.618982 0.718305 0.969020 1.005864 1.001101 0.648223 0.952762 1.031605 0.288386 0.896758 1.068323 0.948143 1.032514 0.430751 
43
0.000000 0.000000 1.039754 0.997795 0.188870 1.081565 1.010905 0.974888 0.957640 0.283893 0.000000 0.094523 0.952253 1.034097 0.264686 0.963624 1.004812 0.989384 0.896939 0.283778 0.000000 0.095129 0.952695 1.013238 0.264397 0.996715 0.939555 1.019252 0.944732 0.189421 0.000000 0.000000 0.951863 1.044433 0.227671 0.914209 1.113870 0.936912 1.037253 0.342845 0.000000 0.693573 0.982979 0.950714 1.077419 0.977848 1.023512 0.562667 0.721590 0.948872 0.987820 1.016102 0.546219 0.952578 0.985291 0.285274 0.886027 1.068178 0.949732 1.007029 0.442047 
44
0.000000 0.000108 1.039754 0.987872 0.324047 1.008611 1.001501 0.988781 0.918098 0.189428 0.000000 0.094738 0.952752 1.000178 0.325435 0.921546 1.044112 0.993661 0.992913 0.189414 0.000000 0.094547 0.952800 0.999134 0.327342 1.006634 0.937055 0.998429 0.971309 0.189437 0.000000 0.000015 0.952208 1.019110 0.286865 1.019773 0.982139 0.963747 1.015094 0.268900 0.000000 0.747458 0.980157 0.935849 1.077843 0.985963 0.918032 0.551119 0.716867 0.956955 1.005348 1.005537 0.558771 0.952745 0.998596 0.326515 0.890796 1.082988 0.971937 1.011935 0.181097 
45
0.000000 0.000000 1.039754 1.024174 0.267113 1.007360 1.000981 0.980407 0.928850 0.283813 0.000000 0.094523 0.952451 1.049476 0.265413 0.988906 0.995408 0.959963 0.969100 0.283771 0.000000 0.094523 0.952426 1.016078 0.265323 0.983394 0.946695 0.998189 0.974874 0.283717 0.000000 0.000000 0.951729 1.047515 0.232053 0.915783 1.116942 0.963583 1.017114 0.342705 0.000000 0.763739 0.978281 1.019314 0.967576 1.040290 0.912455 0.486207 0.721193 0.929984 1.046155 1.002143 0.661214 0.952582 0.895542 0.281360 0.914032 0.994647 0.983894 1.013041 0.146685 
46
0.000000 0.000000 1.039754 0.979764 0.267207 1.001074 0.993736 0.979713 0.916425 0.283631 0.000000 0.094523 0.952680 0.991264 0.264842 0.973065 0.997635 0.995300 0.925265 0.283685 0.000000 0.095173 0.952862 0.991357 0.263210 1.002274 0.939901 1.022660 0.938656 0.283631 0.000000 0.000000 0.951739 1.000966 0.231074 1.014920 0.981566 0.953170 1.032678 0.352801 0.000000 0.771339 0.998753 0.927794 1.026629 1.014592 0.956518 0.486351 0.715261 0.946410 1.006060 0.997376 0.656521 0.952725 0.997786 0.274720 0.887025 1.080973 0.999187 0.984762 0.154633 
47
0.000000 0.000000 1.039754 1.002310 0.266629 0.997472 1.004500 0.973784 0.926398 0.283674 0.000000 0.095069 0.952670 1.020534 0.266596 0.989804 1.006678 0.987531 0.908754 0.283685 0.000000 0.094523 0.952529 1.010875 0.266031 0.997730 0.938621 1.019469 0.951673 0.189101 0.000000 0.000000 0.952550 1.040228 0.268639 0.871266 1.107255 0.941933 1.028585 0.342946 0.000000 0.667773 0.949153 0.927861 1.047867 1.007793 0.905766 0.479589 0.723521 0.922773 1.030331 1.002350 0.637235 0.952493 1.027089 0.277704 0.877948 1.073666 0.999768 0.987946 0.181868 
