task94
0.012000 1.001062 2.001884 2.001943 3.011527 3.011693 4.011866 4.012055 5.025597 5.078508 
task15
0.022000 1.013331 2.011884 2.014212 3.021527 3.023991 4.031152 4.034513 5.122283 5.160179 
task10
0.022000 1.010982 2.011884 2.011966 3.021527 3.021553 4.031152 4.035213 5.122283 5.160180 
task13
0.022000 1.011097 2.011884 2.011946 3.021527 3.021659 4.029566 4.030133 5.122283 5.184906 
task0
0.022000 1.011301 2.011884 2.012278 3.021527 3.021963 4.031152 4.036207 5.122283 5.124277 
task5
0.024000 1.012267 2.012410 2.013074 3.023119 3.023738 4.041567 4.045437 5.181465 5.185121 
task1
0.024000 1.012258 2.013039 2.013049 3.023660 3.023824 4.042168 4.044122 5.178283 5.181417 
task8
0.024000 1.013889 2.013099 2.013790 3.023383 3.024101 4.042188 4.046143 5.182212 5.186200 
task12
0.024000 1.012628 2.014230 2.015075 3.022740 3.023598 4.041977 4.044281 5.176865 5.180098 
task11
0.024000 1.014107 2.012778 2.013639 3.022481 3.023427 4.040497 4.042894 5.179611 5.184635 
task2
0.024000 1.012262 2.014262 2.014885 3.022920 3.023742 4.041657 4.049841 5.179229 5.183276 
task9
0.024000 1.012257 2.013476 2.014211 3.023763 3.024529 4.040261 4.050586 5.180314 5.183238 
task6
0.024000 1.012450 2.012794 2.013648 3.023468 3.024156 4.041153 4.044826 5.179465 5.183004 
task3
0.024000 1.013884 2.012662 2.013346 3.022262 3.023086 4.041191 4.045261 5.182283 5.189526 
task4
0.024000 1.012598 2.012766 2.013455 3.023531 3.024155 4.041404 4.046077 5.180989 5.184417 
task7
0.024000 1.012983 2.013884 2.013968 3.023527 3.023555 4.041743 4.046557 5.181229 5.185163 
task14
0.024305 1.013931 2.013698 2.013890 3.023982 3.024092 4.042789 4.044744 5.176643 5.180140 
task16
0.032000 1.087050 2.021884 2.087945 3.031527 3.097510 4.067019 4.133091 5.195093 5.261274 
task17
0.056000 0.065852 1.087782 1.098776 2.088800 2.099704 3.097982 3.109190 4.257590 4.299889 5.279433 5.298872 
task20
0.056148 0.217483 1.087856 1.251636 2.088874 2.252601 3.098056 3.262138 4.244260 4.245616 4.248261 4.248887 4.248903 4.250680 4.250707 4.251443 4.257738 4.358673 5.270830 5.451147 
task19
0.246379 0.255625 1.279857 1.289519 2.280875 2.289681 3.290057 3.300140 4.618155 4.622224 5.490029 5.498153 
task18
0.270407 0.270831 0.276475 0.294092 1.296052 1.305527 1.309982 1.311104 1.311667 1.332823 2.306001 2.306652 2.307103 2.307927 2.312266 2.333718 3.315642 3.316545 3.320666 3.321050 3.321135 3.321673 3.321908 3.343533 4.643504 4.645737 5.512472 5.512896 5.513199 5.513698 5.513951 5.514922 5.515283 5.515755 5.515809 5.516947 5.518288 5.539791 
task21
0.276416 0.277502 1.311534 1.313997 2.312149 2.315576 3.321791 3.324735 4.649647 4.653157 5.518229 5.521180 
task22
0.298490 0.298812 0.300521 0.300654 0.300654 0.300700 0.300719 0.301441 1.335667 1.335894 1.336201 1.336298 1.336317 1.336535 1.336646 1.337256 1.337698 1.337878 2.334266 2.335065 2.335251 2.336171 2.336266 2.336358 2.336572 2.337673 2.337813 2.338260 3.344214 3.344805 3.345908 3.346548 3.346632 3.346930 3.346932 3.347128 3.347422 3.347510 3.347517 3.347813 3.347974 3.348037 4.668492 4.670769 4.670902 4.670987 4.670998 4.671025 4.671119 4.671131 4.671350 4.671850 5.542356 5.542535 5.542596 5.542760 5.543458 5.543792 5.544100 5.544446 
task23
0.308000 0.308938 1.346099 1.346907 2.344209 2.345076 3.354308 3.355245 4.676417 4.677401 5.550516 5.551370 
task24
0.310521 0.310682 0.310695 0.310856 1.347012 1.347235 1.347698 1.348007 1.348278 1.348605 1.348695 1.349076 2.345317 2.345711 2.345884 2.346225 2.346266 2.346379 2.346603 2.346976 3.355456 3.355565 3.355621 3.355752 3.355974 3.356575 3.356698 3.357085 4.677634 4.677788 4.677826 4.677912 4.678223 4.678467 4.678551 4.678739 4.678902 4.679227 4.679350 4.679693 5.551530 5.551573 5.551604 5.551797 5.552173 5.552938 
task54
0.320563 0.320683 0.320695 0.321099 0.322330 0.322342 0.322360 0.322369 0.322608 0.322723 0.322736 0.322788 0.324093 0.324273 1.360327 1.360591 1.360894 1.362026 1.363703 1.364416 1.365129 1.365386 1.365850 1.365961 2.360308 2.360562 2.360644 2.360864 2.361364 2.361540 2.361564 2.361773 2.361946 2.363719 2.364450 2.366924 3.370316 3.370638 3.370776 3.372152 3.373694 3.376565 4.690264 4.690448 4.690945 4.693510 4.693583 4.694933 4.695135 4.695376 4.696054 4.696189 5.570215 5.570663 5.570669 5.570945 5.571645 5.571790 5.573608 5.574537 5.574912 5.575153 5.575885 5.576266 
task25
0.320563 0.322908 0.324051 0.339368 1.360320 1.364902 1.365012 1.366193 2.360308 2.367133 3.370316 3.375475 3.376092 3.376743 4.690265 4.699087 5.570215 5.590917 
task31
0.320696 0.320954 0.322330 0.322446 0.322736 0.322886 1.360327 1.360637 1.361060 1.361365 1.363703 1.364176 1.365850 1.366236 2.361946 2.362424 2.365476 2.383516 3.370776 3.371190 3.371497 3.371877 3.374860 3.382281 4.691160 4.691529 4.691867 4.692226 4.694499 4.713504 5.570215 5.570475 5.570670 5.571063 5.573608 5.573998 5.574912 5.592357 
task30
0.320696 0.320875 0.322330 0.324697 1.360328 1.360559 1.361060 1.361285 1.363703 1.367860 2.361946 2.362346 2.365476 2.368670 3.370776 3.371112 3.371497 3.371799 3.374860 3.382203 4.691160 4.691450 4.691868 4.692148 4.694499 4.698575 5.570215 5.570396 5.570670 5.570984 5.573608 5.577449 
task35
0.322055 0.322510 1.362154 1.362679 2.360265 2.360648 3.370363 3.370817 4.690473 4.690973 5.570571 5.571141 
task90
0.322212 0.323714 1.363586 1.365066 2.365384 2.368211 3.374938 3.377741 4.694657 4.697498 5.573988 5.576772 
task83
0.322212 0.327481 1.363586 1.369241 2.363624 2.369869 3.373694 3.379985 4.693583 4.711482 5.573520 5.579343 
task33
0.322559 0.322742 0.340093 0.340283 0.340329 0.340491 0.340608 0.340691 0.340705 0.340905 0.382151 0.435399 1.379858 1.379872 1.380170 1.380351 1.380474 1.380676 1.381129 1.381255 1.381703 1.381904 1.382175 1.382355 1.382479 1.382681 1.383135 1.383260 1.383708 1.383867 1.425187 1.455997 2.363563 2.364895 2.365471 2.365977 2.372450 2.377700 2.377717 2.378464 2.378479 2.378806 2.378845 2.378871 2.382432 2.382484 2.382662 2.382810 2.382845 2.382864 2.383476 2.383486 2.383717 2.384035 2.426551 2.480448 3.373689 3.373848 3.374376 3.374799 3.374873 3.381719 3.383779 3.388122 3.391779 3.391803 3.391841 3.391945 3.392183 3.392539 3.392860 3.393173 3.436284 3.467272 4.693569 4.694123 4.694333 4.703668 4.710855 4.711062 4.711135 4.711418 4.711860 4.712261 4.712321 4.712487 4.712499 4.712703 4.712861 4.712867 4.713141 4.713423 4.756040 4.776100 5.573602 5.573627 
task26
0.382099 0.384923 1.425135 1.427736 2.426437 2.430061 3.436183 3.439914 4.755866 4.759397 5.634238 5.637277 
task86
0.382116 0.450968 1.425152 1.440527 2.426454 2.496017 3.436201 3.452631 4.755883 4.825364 5.634256 5.650030 
task84
0.382144 0.439307 1.425180 1.488085 2.426544 2.484356 3.436277 3.499513 4.756033 4.818872 5.587708 5.597170 5.634283 5.699501 
task28
0.450151 0.452066 0.452186 0.481431 1.495204 1.497423 2.496106 2.502884 3.506319 3.513026 4.826517 4.833270 5.706082 5.708642 
task87
0.452151 0.457448 1.495204 1.504008 2.496072 2.502348 3.506285 3.512499 4.826483 4.832680 5.702283 5.714636 
task85
0.452167 0.482687 1.483252 1.487602 1.494029 1.524359 2.494071 2.506261 3.494581 3.499074 3.503893 3.516412 4.823429 4.853529 5.634751 5.705140 
task27
0.452168 0.482982 1.495187 1.495721 1.495809 1.496244 1.496350 1.496896 2.496088 2.527975 3.506301 3.538200 4.826499 4.856750 5.706065 5.707558 5.707783 5.708332 
task88
0.482186 0.500544 1.528385 1.557195 2.528777 2.546567 3.537188 3.555703 4.858148 4.874255 5.736617 5.752406 
task29
0.486190 0.487468 1.528389 1.557492 2.526646 2.527300 2.527611 2.528041 2.528106 2.528580 2.528586 2.546864 3.537927 3.541904 4.857070 4.857907 4.858153 4.864799 5.736814 5.739195 
task36
0.510563 0.553332 1.545226 1.557406 1.574195 1.575003 1.575255 1.575723 1.575936 1.576119 1.576122 1.627442 2.528674 2.531447 3.570333 3.606025 4.858118 4.938527 5.767242 5.784824 
task89
0.520426 0.527356 1.576090 1.586748 2.595863 2.646509 3.571222 3.588581 4.906178 4.914087 5.767835 5.786500 
task32
0.520430 0.582555 1.576094 1.627220 2.528660 2.529396 2.529625 2.530892 3.571227 3.607776 4.858059 4.858498 4.858517 4.860440 5.767840 5.786722 
task34
0.549027 0.549322 0.550340 0.551433 0.552433 0.552968 0.553046 0.553344 0.554524 0.568432 1.632075 1.637229 2.558782 2.566027 2.567844 2.569115 2.593747 2.593996 2.594002 2.594222 2.594275 2.594588 2.594731 2.595130 2.595130 2.595457 3.610174 3.658861 4.958224 4.958669 4.958755 4.959130 4.959409 4.959660 4.960183 4.960312 4.963235 4.963832 4.964197 4.964389 4.964458 4.964580 4.964701 4.965041 4.976251 4.981821 5.796030 5.796419 5.796467 5.796805 5.798050 5.798329 5.801957 5.813744 
task91
0.554056 0.554199 1.632166 1.632368 2.652265 2.652536 3.582364 3.582505 4.976473 4.976661 5.828572 5.828830 
task92
0.554433 0.560289 1.654263 1.687425 2.661853 2.666559 3.605328 3.626655 4.991261 5.024739 5.859368 5.895742 
task39
0.554438 0.609238 1.632069 1.634932 2.596848 2.606311 3.610161 3.614719 4.976245 4.979476 5.804486 5.810739 
task37
0.554443 0.606421 1.576083 1.580249 2.596842 2.600935 3.610168 3.663079 4.889398 4.963630 5.822068 5.862494 
task38
0.606524 0.608088 0.608529 0.609792 0.612529 0.613778 0.614540 0.622248 1.615279 1.618883 1.619284 1.620065 1.622237 1.622911 1.623284 1.627758 1.628237 1.638116 2.650859 2.654267 3.670252 3.672200 4.906173 4.916747 5.827321 5.827946 5.827977 5.830432 
task40
0.614529 0.616852 1.656506 1.661221 2.660864 2.693511 3.682263 3.687139 4.994209 4.998676 5.863994 5.867131 
task93
0.614535 0.621546 1.686273 1.769404 2.691859 2.774723 3.664557 3.668952 3.669257 3.682475 5.022549 5.106827 5.863995 5.873027 
task41
0.644540 0.664226 1.688279 1.704945 2.691859 2.710272 3.700512 3.718875 5.025446 5.041998 5.898002 5.915041 
task42
0.648541 0.653222 1.688278 1.694180 2.691859 2.697154 3.701441 3.708079 5.025445 5.031374 5.898001 5.898002 5.902705 5.898002 5.902429 5.898002 5.901646 5.898002 5.902520 5.898095 5.946592 5.898097 5.946672 5.898097 5.948307 5.898097 5.949638 5.898097 5.950235 5.898097 5.951964 5.898097 5.943088 5.898097 5.942770 5.898097 5.942949 5.898097 5.943029 5.898097 5.951950 5.898097 5.953281 5.898097 5.953878 5.898097 5.955681 5.898097 5.939445 5.898097 5.939127 5.898097 5.939306 5.898097 5.939386 5.898097 5.955593 5.898097 5.956924 5.898097 5.957521 5.898097 5.959324 5.898097 5.935728 5.898097 5.982426 5.898097 5.983170 5.898097 5.984900 5.898097 5.910005 5.898097 5.909970 5.898097 5.910075 5.898097 5.910155 5.898097 5.984959 5.898097 5.986069 5.898097 5.986813 5.898097 5.988543 5.898097 5.906362 5.898097 5.906327 5.898097 5.906432 5.898097 5.906512 5.898097 5.993698 5.898097 5.989712 5.898097 5.990457 5.898097 5.992186 5.898097 5.902719 5.898097 5.902684 5.898097 5.902789 5.898097 5.902795 5.898257 5.946488 5.898258 5.946956 5.898258 5.948426 5.898258 5.949911 5.898258 5.950131 5.898258 5.952174 5.898258 5.943207 5.898258 5.943117 5.898258 5.942845 5.898258 5.943313 5.898258 5.952143 5.898258 5.953554 5.898258 5.953774 5.898258 5.955891 5.898258 5.939564 5.898258 5.939474 5.898258 5.939202 5.898258 5.939596 5.898258 5.955786 5.898258 5.957197 5.898258 5.957417 5.898258 5.959534 5.898258 5.935847 5.898258 5.982859 5.898258 5.982931 5.898258 5.985048 5.898258 5.910198 5.898258 5.910256 5.898258 5.910057 5.898258 5.910303 5.898258 5.985152 5.898258 5.986502 5.898258 5.986648 5.898258 5.988691 5.898258 5.906555 5.898258 5.906613 5.898258 5.906414 5.898258 5.906586 5.898258 5.993817 5.898258 5.990145 5.898258 5.990365 5.898258 5.992335 5.898258 5.902912 5.898258 5.902970 5.898258 5.902771 5.898258 5.902869 5.898425 5.951042 5.898426 5.952111 5.898426 5.951831 5.898426 5.952496 5.898426 5.947399 5.898426 5.946892 5.898426 5.946613 5.898426 5.947277 5.898426 5.954759 5.898426 5.955754 5.898426 5.955474 5.898426 5.956139 5.898426 5.943756 5.898426 5.943249 5.898426 5.942970 5.898426 5.943560 5.898426 5.958402 5.898426 5.959397 5.898426 5.959191 5.898426 5.959782 5.898426 5.940113 5.898426 5.939532 5.898426 5.939314 5.898426 5.939917 5.898426 5.962045 5.898426 5.963040 5.898426 5.962834 5.898426 5.913813 5.898426 5.914268 5.898426 5.987695 5.898426 5.988541 5.898426 5.988484 5.898426 5.989074 5.898426 5.910882 5.898426 5.910240 5.898426 5.910170 5.898426 5.910625 5.898426 5.991338 5.898426 5.992184 5.898426 5.992127 5.898426 5.992791 5.898426 5.907165 5.898426 5.906597 5.898426 5.906526 5.898426 5.906982 5.898426 5.903522 5.898426 5.902941 5.898426 5.902883 5.898426 5.903265 5.898465 5.952260 5.898465 5.952762 5.898465 5.952151 5.898465 5.952089 5.898465 5.947041 5.898465 5.947531 5.898465 5.946932 5.898465 5.946871 5.898465 5.955903 5.898465 5.956405 5.898465 5.955794 5.898465 5.955806 5.898465 5.943398 5.898465 5.943888 5.898465 5.943215 5.898465 5.943215 5.898465 5.959546 5.898465 5.960048 5.898465 5.959437 5.898465 5.959523 5.898465 5.939755 5.898465 5.940245 5.898465 5.939572 5.898465 5.939572 5.898465 5.963263 5.898465 5.963691 5.898465 5.963080 5.898465 5.913997 5.898465 5.913997 5.898465 5.988838 5.898465 5.989193 5.898465 5.988729 5.898465 5.988816 5.898465 5.910463 5.898465 5.910953 5.898465 5.910354 5.898465 5.910354 5.898465 5.992481 5.898465 5.992836 5.898465 5.992372 5.898465 5.992533 5.898465 5.906820 5.898465 5.907236 5.898465 5.906711 5.898465 5.906711 5.898465 5.903103 5.898465 5.903593 5.898465 5.903068 5.898465 5.903067 5.898516 5.950908 5.898517 5.952371 5.898517 5.953834 5.898517 5.953806 5.898517 5.947265 5.898517 5.947153 5.898517 5.946966 5.898517 5.947012 5.898517 5.954551 5.898517 5.956014 5.898517 5.957489 5.898517 5.957449 5.898517 5.943622 5.898517 5.943510 5.898517 5.943323 5.898517 5.943295 5.898517 5.958268 5.898517 5.959657 5.898517 5.961132 5.898517 5.961092 5.898517 5.939979 5.898517 5.939867 5.898517 5.939680 5.898517 5.939652 5.898517 5.961911 5.898517 5.963374 5.898517 5.964775 5.898517 5.914104 5.898517 5.914077 5.898517 5.987486 5.898517 5.988950 5.898517 5.990437 5.898517 5.990323 5.898517 5.910686 5.898517 5.910574 5.898517 5.910461 5.898517 5.910434 5.898517 5.991130 5.898517 5.992593 5.898517 5.994080 5.898517 5.994040 5.898517 5.906969 5.898517 5.906931 5.898517 5.906818 5.898517 5.906791 5.898517 5.903326 5.898517 5.903214 5.898517 5.903175 5.898517 5.903148 5.898974 5.951441 5.898975 5.952123 5.898975 5.952917 5.898975 5.952880 5.898975 5.947798 5.898975 5.946905 5.898975 5.947699 5.898975 5.947587 5.898975 5.955084 5.898975 5.955766 5.898975 5.956634 5.898975 5.956523 5.898975 5.944155 5.898975 5.943262 5.898975 5.944056 5.898975 5.943870 5.898975 5.958727 5.898975 5.959409 5.898975 5.960277 5.898975 5.960166 5.898975 5.940512 5.898975 5.939619 5.898975 5.940412 5.898975 5.940227 5.898975 5.962371 5.898975 5.963126 5.898975 5.963920 5.898975 5.914898 5.898975 5.914578 5.898975 5.987946 5.898975 5.988702 5.898975 5.989570 5.898975 5.989397 5.898975 5.911220 5.898975 5.910326 5.898975 5.911255 5.898975 5.910935 5.898975 5.991589 5.898975 5.992357 5.898975 5.993213 5.898975 5.993114 5.898975 5.907577 5.898975 5.906683 5.898975 5.907538 5.898975 5.907292 5.898975 5.903934 5.898975 5.903040 5.898975 5.903895 5.898975 5.903575 5.899091 5.950785 5.899092 5.953111 5.899092 5.952839 5.899092 5.947716 5.899092 5.947142 5.899092 5.947892 5.899092 5.947621 5.899092 5.954509 5.899092 5.954502 5.899092 5.956754 5.899092 5.956482 5.899092 5.944073 5.899092 5.943499 5.899092 5.944249 5.899092 5.943904 5.899092 5.958226 5.899092 5.958145 5.899092 5.960397 5.899092 5.960126 5.899092 5.940429 5.899092 5.939782 5.899092 5.940606 5.899092 5.940261 5.899092 5.961870 5.899092 5.961788 5.899092 5.964040 5.899092 5.915092 5.899092 5.914612 5.899092 5.987445 5.899092 5.987450 5.899092 5.989541 5.899092 5.989418 5.899092 5.911137 5.899092 5.910624 5.899092 5.911375 5.899092 5.910968 5.899092 5.991088 5.899092 5.991093 5.899092 5.993184 5.899092 5.993135 5.899092 5.907420 5.899092 5.906981 5.899092 5.907732 5.899092 5.907325 5.899386 5.903884 5.899386 5.904252 5.899386 5.903922 5.899386 5.904017 5.899416 5.951558 5.899417 5.953061 5.899417 5.954838 5.899417 5.948070 5.899417 5.947915 5.899417 5.947843 5.899417 5.948044 5.899417 5.954938 5.899417 5.955201 5.899417 5.956704 5.899417 5.958481 5.899417 5.944353 5.899417 5.944259 5.899417 5.944187 5.899417 5.944401 5.899417 5.958581 5.899417 5.958918 5.899417 5.960348 5.899417 5.962124 5.899417 5.940710 5.899417 5.940616 5.899417 5.940544 5.899417 5.940758 5.899417 5.962224 5.899417 5.962561 5.899417 5.963991 5.899417 5.915030 5.899417 5.915182 5.899417 5.987873 5.899417 5.988210 5.899417 5.989492 5.899417 5.991416 5.899417 5.911344 5.899417 5.911398 5.899417 5.911387 5.899417 5.911465 5.899417 5.991516 5.899417 5.991854 5.899417 5.993209 5.899417 5.995059 5.899417 5.907701 5.899417 5.907755 5.899417 5.907744 5.899417 5.907748 5.899417 5.904058 5.899417 5.904112 5.899417 5.904101 5.899417 5.904031 5.899417 
task43
0.730695 0.747477 1.778817 1.795986 2.783860 2.797965 3.790268 3.801962 5.116269 5.130331 5.982097 5.989092 5.996110 5.989386 5.989417 5.990002 5.990045 5.990110 5.998719 5.990110 5.995207 5.990110 5.995478 5.990110 5.997281 5.990426 5.997813 5.990426 5.997280 5.990426 5.997148 5.990426 5.996359 5.990465 5.990479 5.990989 5.997453 5.990989 5.996611 5.990989 5.998234 5.990989 5.998135 5.991180 5.998230 5.991431 5.996949 5.991431 5.996538 5.991431 
task46
0.740060 0.740289 1.788171 1.788458 2.792270 2.792427 3.798368 3.798596 5.124478 5.124752 5.990572 5.990721 
task47
0.742080 0.743369 1.790190 1.791338 2.794289 2.795507 3.800388 3.801676 5.180497 5.181631 5.992572 5.993800 
task48
0.795095 0.802706 1.840831 1.868472 2.845991 2.852804 3.850587 3.857311 5.182989 5.191147 
task44
0.798541 0.801796 1.846179 1.852240 2.847860 2.852752 3.854602 3.857546 5.180904 5.184935 
task45
0.811200 0.819269 1.869773 1.874317 2.862096 2.870765 3.868328 3.875441 5.198241 5.201603 
task49
0.814574 0.816314 1.846210 1.852337 2.865031 2.867948 3.862619 3.911456 5.193303 5.196253 5.198340 5.241136 
task50
0.848602 0.851326 1.863747 1.909972 2.897088 2.901837 3.868314 3.871527 5.198326 5.207179 
task51
0.862841 0.864341 0.864643 0.866466 1.869686 1.870234 1.870261 1.871371 1.871547 1.872126 2.911249 2.916566 3.914422 3.915435 3.916435 3.919849 5.246340 5.246991 5.247317 5.248812 5.249073 5.249985 
task52
0.864616 0.865769 1.915786 1.915994 1.916332 1.916586 1.916694 1.916779 1.916904 1.917269 1.917575 1.917701 1.917826 1.917866 1.917976 1.918071 2.920138 2.920410 2.920476 2.920680 2.920735 2.920845 2.920958 2.921414 2.921447 2.921539 2.921990 2.922187 2.922335 2.922694 2.922774 2.922855 2.922998 2.923197 3.924370 3.924548 3.924648 3.925187 3.925439 3.925716 3.925763 3.925957 5.252354 5.252588 5.253086 5.253156 5.253331 5.253754 5.254439 5.254548 5.255126 5.255839 
task53
0.870863 0.871235 0.871274 0.871616 0.872657 0.872778 1.916891 1.916946 1.917078 1.917277 1.917562 1.917635 1.917813 1.917927 1.917963 1.918100 1.918400 1.918535 1.918720 1.918817 2.921080 2.921166 2.921185 2.921228 2.921249 2.921422 2.921434 2.921453 2.921473 2.921486 2.921977 2.922188 2.922322 2.922411 2.922502 2.922681 2.922761 2.922847 2.922985 2.923000 3.925426 3.925641 3.925691 3.925956 3.926383 3.926435 3.926449 3.926659 3.926733 3.926769 3.926788 3.927148 5.254373 5.254449 5.255113 5.255157 5.255194 5.255309 5.255381 5.255395 5.255416 5.255620 5.255627 5.255664 
task55
0.873070 0.876391 1.919078 1.922260 2.923473 2.926852 3.927524 3.930603 5.256439 5.259228 
task56
0.876965 0.887287 1.921354 1.932634 2.927050 2.938454 3.930702 3.941604 5.259402 5.271034 
task57
0.906965 0.907059 0.907169 0.907336 0.907524 0.907803 1.951085 1.951606 1.951877 1.951940 1.952216 1.952501 1.952648 1.952906 2.957106 2.957217 2.957339 2.957475 2.957513 2.957590 2.957756 2.957905 2.958248 2.958359 2.958474 2.958602 2.958726 2.958806 2.958906 2.959126 3.960748 3.960900 3.961088 3.961270 3.961312 3.961680 3.961859 3.962098 3.962121 3.962193 5.479709 5.488545 5.490215 5.500987 
task58
4.010762 4.013757 
task61
4.010991 4.011310 4.011376 4.011900 4.011932 4.012413 4.012481 4.038645 
task62
4.010991 4.018601 
task69
4.011000 4.017599 
task74
4.011059 4.039571 
task73
4.011060 4.021923 
task64
4.029493 4.032945 4.033152 4.035941 4.036481 4.048189 
task59
4.040260 4.044786 
task75
4.040496 4.047797 
task60
4.047792 4.053670 
task76
4.049906 4.051562 
task63
4.057907 4.062056 4.064677 4.092226 
task65
4.065908 4.075427 
task66
4.098407 4.098863 
task67
4.099228 4.106724 
task82
4.115230 4.131098 
task80
4.115285 4.249255 
task71
4.115288 4.136576 
task68
4.115369 4.144493 
task77
4.115369 4.235895 
task70
4.257371 4.266264 
task78
4.257587 4.592253 
task72
4.257588 4.582150 
task81
4.257590 4.298982 
task79
4.586419 4.592588 4.603289 4.603739 4.604155 4.607864 4.609081 4.609719 4.609738 4.612249 4.618226 4.624135 
