5
0.000000 0.012000 1.000000 1.001062 2.000000 2.001943 3.000000 3.011693 4.000000 4.012055 5.000000 5.078508 
0
0.000000 0.024411 1.000000 1.014107 2.000000 2.015075 3.000000 3.024529 4.000000 4.050586 5.000000 5.189526 
4
0.000000 0.318064 1.000000 1.356241 2.000000 2.354101 3.000000 3.364201 4.000000 4.686792 5.000000 5.560052 
1
0.000000 0.649217 1.000000 1.771205 2.000000 2.774723 3.000000 3.683663 4.000000 5.108724 5.000000 5.898839 
2
0.000000 0.915767 1.000000 1.961032 2.000000 2.966882 3.000000 3.969973 4.000000 5.532508 
3
4.000000 4.643934 
