0
0.000000 5000000.000000 4997184.000000 4999938.000000 4999998.000000 4999988.000000 4999995.000000 4999994.000000 4999962.000000 4999994.000000 4999826.000000 5000000.000000 4997184.000000 4997184.000000 4999998.000000 4999949.000000 4999996.000000 4999986.000000 4999958.000000 4999990.000000 4999950.000000 5000000.000000 4997184.000000 4997184.000000 4999998.000000 4999885.000000 4999996.000000 4999986.000000 4999866.000000 4999998.000000 4999970.000000 5000000.000000 4997184.000000 4997184.000000 4999998.000000 4999997.000000 4999996.000000 4999970.000000 4999826.000000 4999986.000000 4999990.000000 5000000.000000 4999999.000000 5000000.000000 5000000.000000 5000000.000000 4999986.000000 5000000.000000 4999999.000000 4999995.000000 4999994.000000 4999990.000000 5000000.000000 4999994.000000 4999994.000000 4999994.000000 5000000.000000 4998310.000000 4999997.000000 4999990.000000 4999916.000000 
1
0.000000 140352.000000 500800.000000 2638531.000000 4999870.000000 4999998.000000 4999980.000000 4999970.000000 4999946.000000 4999998.000000 4998754.000000 4995976.000000 4999944.000000 4999978.000000 5000000.000000 4999966.000000 4999997.000000 4999986.000000 4999978.000000 4999986.000000 4999898.000000 4996466.000000 4999922.000000 4999988.000000 4999999.000000 4999774.000000 4999997.000000 4999922.000000 4999942.000000 4999970.000000 4999998.000000 4999992.000000 4999736.000000 4999992.000000 4999999.000000 4999998.000000 4999989.000000 4999982.000000 4999890.000000 4999998.000000 4999998.000000 4999999.000000 4999999.000000 5000000.000000 4999999.000000 4999999.000000 4999999.000000 4999999.000000 4999998.000000 4999995.000000 4999994.000000 4999978.000000 5000000.000000 4999998.000000 4999875.000000 4999939.000000 5000000.000000 4999152.000000 4999991.000000 4999984.000000 4999994.000000 
2
0.000000 157760.000000 518208.000000 2670659.000000 4999999.000000 4999993.000000 4999993.000000 4999959.000000 4999951.000000 4999991.000000 4999323.000000 4999973.000000 4999909.000000 4999975.000000 5000000.000000 4999851.000000 4999999.000000 4999999.000000 4999875.000000 4999939.000000 4999979.000000 4999983.000000 4999887.000000 4999985.000000 4999999.000000 4999995.000000 4999986.000000 4999983.000000 4999995.000000 4999963.000000 4999991.000000 4994945.000000 4999937.000000 4999683.000000 5000000.000000 4999947.000000 4999994.000000 4999991.000000 4999967.000000 4999999.000000 4999991.000000 4999994.000000 5000000.000000 5000000.000000 4999997.000000 4999997.000000 4999998.000000 5000000.000000 4999999.000000 4999993.000000 4999991.000000 4999995.000000 4999995.000000 5000000.000000 4999535.000000 5000000.000000 4999999.000000 4999968.000000 4999999.000000 4999981.000000 4999823.000000 
3
0.000000 157760.000000 518208.000000 2673923.000000 4999999.000000 4999979.000000 4999990.000000 4999998.000000 4999998.000000 4999986.000000 4997006.000000 5000000.000000 4999822.000000 4999984.000000 4999999.000000 4999835.000000 4999993.000000 4999942.000000 4999938.000000 4999982.000000 4999834.000000 5000000.000000 4999976.000000 4999978.000000 4999999.000000 4999979.000000 4999993.000000 4999978.000000 4999950.000000 4999922.000000 4999982.000000 5000000.000000 4999906.000000 4999844.000000 5000000.000000 4999979.000000 4999993.000000 4999990.000000 4999918.000000 4999950.000000 4999994.000000 5000000.000000 5000000.000000 5000000.000000 4999997.000000 4999997.000000 4999997.000000 5000000.000000 4999997.000000 5000000.000000 4999999.000000 4999987.000000 4999987.000000 4999999.000000 4999959.000000 4999959.000000 5000000.000000 4999947.000000 4999994.000000 4999983.000000 4999903.000000 
4
0.000000 140672.000000 501120.000000 2653570.000000 4871786.000000 4999994.000000 4999994.000000 4999989.000000 4999965.000000 4999993.000000 4999935.000000 4999999.000000 4999935.000000 5000000.000000 5000000.000000 5000000.000000 4999987.000000 4999985.000000 4999997.000000 4999985.000000 4999985.000000 4999999.000000 4999965.000000 4999998.000000 5000000.000000 5000000.000000 4999995.000000 4999937.000000 4999985.000000 4999985.000000 4999997.000000 4999999.000000 4999885.000000 4999566.000000 5000000.000000 5000000.000000 4999987.000000 4999989.000000 4999957.000000 4999957.000000 4999977.000000 5000000.000000 5000000.000000 4999996.000000 4999994.000000 4999995.000000 4999971.000000 5000000.000000 5000000.000000 5000000.000000 4999993.000000 4999981.000000 4999981.000000 4999933.000000 4999969.000000 4999970.000000 5000000.000000 4999997.000000 4999989.000000 4999965.000000 4999823.000000 
5
0.000000 140352.000000 500800.000000 2661442.000000 4999984.000000 4999995.000000 4999985.000000 4999953.000000 4999981.000000 4999985.000000 4996293.000000 4998725.000000 4999941.000000 4999974.000000 4999999.000000 4999994.000000 4999987.000000 4999985.000000 4999825.000000 4999997.000000 4999909.000000 4999599.000000 4999983.000000 4999984.000000 5000000.000000 4999882.000000 4999985.000000 4999969.000000 4999989.000000 4999989.000000 4999981.000000 4999999.000000 4999969.000000 4999970.000000 4999999.000000 4999962.000000 4999987.000000 4999997.000000 4999861.000000 4999957.000000 4999997.000000 5000000.000000 5000000.000000 5000000.000000 4999997.000000 4999997.000000 4999997.000000 5000000.000000 5000000.000000 4999994.000000 4999985.000000 4999997.000000 4999997.000000 4999993.000000 4999737.000000 4999929.000000 4999999.000000 4998823.000000 4999998.000000 4999991.000000 4999879.000000 
6
0.000000 140352.000000 500800.000000 2661442.000000 4999568.000000 4999995.000000 4999986.000000 4999981.000000 4999953.000000 4999973.000000 4999515.000000 4999745.000000 4999873.000000 4999970.000000 5000000.000000 4999668.000000 4999995.000000 4999985.000000 4999985.000000 4999997.000000 4999937.000000 4999947.000000 4999947.000000 4999916.000000 5000000.000000 4999940.000000 4999987.000000 4999937.000000 4999997.000000 4999993.000000 4999997.000000 4999587.000000 4999907.000000 4999972.000000 5000000.000000 4999988.000000 4999987.000000 4999981.000000 4999845.000000 4999981.000000 4999953.000000 5000000.000000 5000000.000000 5000000.000000 4999997.000000 4999997.000000 4999997.000000 5000000.000000 5000000.000000 4999994.000000 4999993.000000 4999773.000000 4999877.000000 4999997.000000 4999933.000000 4999997.000000 5000000.000000 4998572.000000 4999994.000000 4999997.000000 4999983.000000 
7
0.000000 140352.000000 500800.000000 2653250.000000 4999908.000000 4999995.000000 4999977.000000 4999965.000000 4999973.000000 4999901.000000 4999917.000000 4995501.000000 4999981.000000 4999982.000000 5000000.000000 4999556.000000 4999995.000000 4999969.000000 4999953.000000 4999961.000000 4999965.000000 4999985.000000 4999921.000000 4999986.000000 5000000.000000 4999988.000000 4999987.000000 4999965.000000 4999993.000000 4999989.000000 4999993.000000 4994989.000000 4999981.000000 4999598.000000 5000000.000000 4999956.000000 4999987.000000 4999985.000000 4999869.000000 4999997.000000 4999981.000000 4999998.000000 5000000.000000 5000000.000000 4999981.000000 4999997.000000 4999997.000000 5000000.000000 4999991.000000 4999994.000000 4999993.000000 4999997.000000 5000000.000000 4999989.000000 4999973.000000 4999979.000000 5000000.000000 4998733.000000 4999972.000000 4999997.000000 4999983.000000 
8
0.000000 140352.000000 500800.000000 2653250.000000 4999983.000000 4999980.000000 4999986.000000 4999982.000000 4999978.000000 4999990.000000 4995399.000000 4997511.000000 4999943.000000 4999976.000000 5000000.000000 4999845.000000 4999995.000000 4999994.000000 4999882.000000 4999978.000000 4999950.000000 4999655.000000 4999975.000000 4999976.000000 4999999.000000 4999893.000000 4999996.000000 4999954.000000 4999966.000000 4999998.000000 4999866.000000 4999971.000000 4999939.000000 4999940.000000 5000000.000000 4999829.000000 4999988.000000 4999958.000000 4999950.000000 4999958.000000 4999982.000000 5000000.000000 5000000.000000 5000000.000000 5000000.000000 5000000.000000 5000000.000000 5000000.000000 5000000.000000 4999995.000000 4999986.000000 4999978.000000 4999986.000000 4999922.000000 4999950.000000 4999951.000000 5000000.000000 4999890.000000 4999997.000000 4999994.000000 4999926.000000 
9
0.000000 140352.000000 500800.000000 2653250.000000 4999887.000000 4999996.000000 4999986.000000 4999942.000000 4999886.000000 4999998.000000 4998582.000000 4999990.000000 4999990.000000 4999991.000000 5000000.000000 4999973.000000 4999996.000000 4999986.000000 4999978.000000 4999994.000000 4999958.000000 4999994.000000 4999994.000000 4999995.000000 5000000.000000 4999973.000000 4999988.000000 4999950.000000 4999978.000000 4999990.000000 4999998.000000 4998670.000000 4999950.000000 4999983.000000 5000000.000000 4999989.000000 4999987.000000 4999994.000000 4999902.000000 4999998.000000 4999997.000000 4999999.000000 4999999.000000 4999999.000000 4999997.000000 4999997.000000 4999997.000000 5000000.000000 5000000.000000 4999995.000000 4999994.000000 4999734.000000 4999974.000000 4999990.000000 4999562.000000 4999984.000000 5000000.000000 4999854.000000 4999999.000000 4999974.000000 4999776.000000 
