0
0.000000 116736.000000 49152.000000 1024.000000 33994.000000 29874.000000 7710.000000 28416.000000 12240.000000 6145.000000 0.000000 135168.000000 73728.000000 6144.000000 0.000000 18752.000000 21484.000000 60692.000000 39168.000000 11358.000000 0.000000 135168.000000 73728.000000 12288.000000 0.000000 21968.000000 35048.000000 58762.000000 38272.000000 11520.000000 0.000000 141312.000000 79872.000000 12504.000000 0.000000 8266.000000 19990.000000 4096.000000 44800.000000 11474.000000 0.000000 0.000000 45830.000000 197792.000000 128800.000000 67904.000000 0.000000 6546.000000 20926.000000 18948.000000 17896.000000 17541.000000 32470.000000 135168.000000 73728.000000 8954.000000 0.000000 2744.000000 0.000000 63616.000000 41536.000000 
1
0.000000 110848.000000 43264.000000 1024.000000 40004.000000 26400.000000 7036.000000 30784.000000 12192.000000 6145.000000 0.000000 129280.000000 67840.000000 9384.000000 0.000000 18752.000000 21484.000000 57359.000000 39168.000000 11256.000000 0.000000 129280.000000 67840.000000 9384.000000 0.000000 21934.000000 35648.000000 59289.000000 39168.000000 11520.000000 0.000000 135424.000000 73984.000000 18768.000000 0.000000 4802.000000 15168.000000 4096.000000 41536.000000 14554.000000 0.000000 0.000000 32931.000000 201056.000000 133472.000000 69536.000000 6176.000000 4639.000000 17462.000000 11116.000000 17896.000000 14208.000000 32470.000000 135168.000000 73728.000000 8738.000000 0.000000 8952.000000 14099.000000 61568.000000 41536.000000 
2
0.000000 110848.000000 43264.000000 1024.000000 33308.000000 27172.000000 8458.000000 30784.000000 12192.000000 6145.000000 0.000000 129280.000000 67840.000000 9276.000000 0.000000 17680.000000 12336.000000 57359.000000 35904.000000 11256.000000 0.000000 129280.000000 67840.000000 9384.000000 0.000000 21968.000000 36352.000000 60692.000000 39168.000000 11520.000000 0.000000 135424.000000 73984.000000 18768.000000 0.000000 9638.000000 15168.000000 4096.000000 41536.000000 13880.000000 0.000000 0.000000 47364.000000 192864.000000 131424.000000 68128.000000 0.000000 6547.000000 22298.000000 11200.000000 17774.000000 15173.000000 33614.000000 135168.000000 73728.000000 8738.000000 0.000000 8952.000000 12848.000000 63616.000000 38272.000000 
3
0.000000 110592.000000 43008.000000 1536.000000 35312.000000 29488.000000 7110.000000 30784.000000 12352.000000 12290.000000 0.000000 129024.000000 67584.000000 9168.000000 0.000000 18670.000000 13684.000000 59348.000000 32640.000000 11358.000000 0.000000 129024.000000 67584.000000 9168.000000 0.000000 19176.000000 35004.000000 62095.000000 39168.000000 9216.000000 0.000000 135168.000000 73728.000000 12408.000000 0.000000 8952.000000 13232.000000 3072.000000 41536.000000 14460.000000 0.000000 0.000000 48662.000000 196832.000000 129248.000000 66720.000000 0.000000 6594.000000 19141.000000 18948.000000 17774.000000 16138.000000 32368.000000 129025.000000 67585.000000 8424.000000 0.000000 8952.000000 15552.000000 62592.000000 38272.000000 
4
0.000000 116736.000000 49152.000000 0.000000 35162.000000 26400.000000 12790.000000 30784.000000 12704.000000 12290.000000 0.000000 135168.000000 73728.000000 6144.000000 0.000000 18560.000000 19568.000000 59727.000000 35008.000000 10242.000000 0.000000 135168.000000 73728.000000 6144.000000 0.000000 22812.000000 37144.000000 61130.000000 39168.000000 12672.000000 0.000000 141312.000000 79872.000000 12504.000000 0.000000 8266.000000 12848.000000 4096.000000 44800.000000 13880.000000 0.000000 0.000000 37497.000000 201056.000000 133472.000000 69536.000000 6176.000000 6594.000000 20926.000000 10923.000000 18920.000000 18506.000000 32470.000000 129025.000000 67585.000000 9072.000000 0.000000 4116.000000 15936.000000 62592.000000 41536.000000 
5
0.000000 110848.000000 43264.000000 0.000000 39318.000000 36937.000000 10980.000000 30784.000000 12192.000000 6145.000000 0.000000 129280.000000 67840.000000 9384.000000 0.000000 19232.000000 17820.000000 57359.000000 35008.000000 10242.000000 0.000000 129280.000000 67840.000000 9384.000000 0.000000 20020.000000 37848.000000 60494.000000 38272.000000 11528.000000 0.000000 135424.000000 73984.000000 18768.000000 0.000000 4802.000000 15552.000000 4096.000000 41536.000000 13402.000000 0.000000 0.000000 39367.000000 197792.000000 127392.000000 67904.000000 0.000000 6594.000000 17462.000000 17600.000000 17774.000000 17541.000000 32470.000000 135168.000000 73728.000000 9170.000000 0.000000 8952.000000 5888.000000 62592.000000 41536.000000 
6
0.000000 110848.000000 43264.000000 0.000000 35923.000000 30453.000000 12718.000000 30784.000000 12240.000000 6145.000000 0.000000 129280.000000 67840.000000 9384.000000 0.000000 18560.000000 21196.000000 57359.000000 35904.000000 10104.000000 0.000000 129280.000000 67840.000000 9384.000000 0.000000 22846.000000 36952.000000 61657.000000 39168.000000 10948.000000 0.000000 135424.000000 73984.000000 18768.000000 0.000000 9638.000000 4240.000000 4096.000000 41536.000000 13308.000000 0.000000 0.000000 47726.000000 192864.000000 131424.000000 61984.000000 0.000000 6882.000000 22298.000000 12548.000000 18798.000000 14208.000000 33614.000000 135168.000000 73728.000000 9170.000000 0.000000 8952.000000 15936.000000 61568.000000 41536.000000 
7
0.000000 110592.000000 43008.000000 0.000000 35237.000000 36744.000000 13150.000000 30784.000000 12240.000000 6145.000000 0.000000 129024.000000 67584.000000 9276.000000 0.000000 17502.000000 18208.000000 59289.000000 35904.000000 10878.000000 0.000000 129024.000000 67584.000000 9168.000000 0.000000 22798.000000 36952.000000 60692.000000 39168.000000 10948.000000 0.000000 135168.000000 73728.000000 12192.000000 0.000000 8952.000000 15552.000000 3072.000000 41536.000000 12728.000000 0.000000 0.000000 46079.000000 190688.000000 129248.000000 66720.000000 0.000000 6498.000000 19141.000000 17600.000000 18798.000000 14208.000000 32368.000000 135168.000000 73728.000000 8953.000000 0.000000 8952.000000 15840.000000 62592.000000 38272.000000 
8
0.000000 116736.000000 49152.000000 0.000000 35848.000000 26400.000000 10478.000000 26048.000000 10928.000000 6145.000000 0.000000 135168.000000 73728.000000 6144.000000 0.000000 18560.000000 19568.000000 55577.000000 35008.000000 10104.000000 0.000000 135168.000000 73728.000000 6144.000000 0.000000 21632.000000 36396.000000 64265.000000 41536.000000 10948.000000 0.000000 141312.000000 79872.000000 12288.000000 0.000000 8952.000000 15168.000000 4096.000000 44800.000000 11474.000000 0.000000 0.000000 45830.000000 205344.000000 142624.000000 79616.000000 13344.000000 6546.000000 19072.000000 18948.000000 17620.000000 15173.000000 32470.000000 141313.000000 79873.000000 14450.000000 0.000000 8952.000000 15936.000000 62592.000000 41536.000000 
9
0.000000 110848.000000 43264.000000 0.000000 33796.000000 38674.000000 8458.000000 26048.000000 10640.000000 6145.000000 0.000000 129280.000000 67840.000000 9384.000000 0.000000 18064.000000 17436.000000 57359.000000 35904.000000 11256.000000 0.000000 129280.000000 67840.000000 9384.000000 0.000000 18840.000000 36204.000000 65428.000000 40640.000000 12100.000000 0.000000 135424.000000 73984.000000 11976.000000 0.000000 4802.000000 13232.000000 4096.000000 41536.000000 13880.000000 0.000000 0.000000 33866.000000 212384.000000 150944.000000 86016.000000 16928.000000 4621.000000 20002.000000 12081.000000 17774.000000 16138.000000 32572.000000 141313.000000 79873.000000 14666.000000 0.000000 7766.000000 5888.000000 62592.000000 41536.000000 
10
0.000000 110848.000000 43264.000000 0.000000 35923.000000 28330.000000 9106.000000 28416.000000 10640.000000 6145.000000 0.000000 129280.000000 67840.000000 9384.000000 0.000000 19232.000000 18208.000000 57359.000000 35904.000000 11256.000000 0.000000 129280.000000 67840.000000 9384.000000 0.000000 22304.000000 36352.000000 64463.000000 41536.000000 12100.000000 0.000000 135424.000000 73984.000000 11976.000000 0.000000 8952.000000 20086.000000 4096.000000 41536.000000 15706.000000 0.000000 0.000000 47364.000000 205536.000000 142656.000000 79616.000000 13344.000000 6570.000000 19072.000000 11200.000000 17774.000000 16138.000000 33614.000000 135425.000000 73985.000000 15000.000000 0.000000 10166.000000 15936.000000 62592.000000 41536.000000 
11
0.000000 110592.000000 43008.000000 0.000000 35237.000000 28330.000000 8816.000000 26048.000000 11040.000000 6145.000000 0.000000 129024.000000 67584.000000 9276.000000 0.000000 18478.000000 19848.000000 54991.000000 35904.000000 11358.000000 0.000000 129024.000000 67584.000000 9168.000000 0.000000 21584.000000 37144.000000 63060.000000 38272.000000 10948.000000 0.000000 135168.000000 73728.000000 11544.000000 0.000000 8952.000000 15168.000000 3072.000000 44800.000000 15032.000000 0.000000 0.000000 38682.000000 214112.000000 146208.000000 81600.000000 17344.000000 6570.000000 21678.000000 18948.000000 16750.000000 15173.000000 32368.000000 136682.000000 72420.000000 14016.000000 0.000000 10324.000000 15840.000000 62592.000000 38272.000000 
12
0.000000 116736.000000 49152.000000 0.000000 34720.000000 29295.000000 10454.000000 26048.000000 7664.000000 12290.000000 0.000000 135168.000000 73728.000000 6144.000000 0.000000 18120.000000 16956.000000 57359.000000 39168.000000 9624.000000 0.000000 135168.000000 73728.000000 6144.000000 0.000000 21776.000000 37144.000000 61130.000000 39168.000000 11528.000000 0.000000 141312.000000 79872.000000 12288.000000 0.000000 8952.000000 12848.000000 4096.000000 44800.000000 14554.000000 0.000000 12288.000000 37497.000000 201056.000000 133472.000000 69536.000000 6176.000000 6594.000000 19072.000000 17793.000000 17498.000000 19909.000000 33042.000000 135168.000000 73728.000000 8738.000000 0.000000 8952.000000 10128.000000 64640.000000 44800.000000 
13
0.000000 110848.000000 43264.000000 0.000000 35213.000000 26400.000000 9344.000000 28416.000000 10928.000000 6145.000000 0.000000 129280.000000 67840.000000 9384.000000 0.000000 19184.000000 20708.000000 57359.000000 35904.000000 10104.000000 0.000000 129280.000000 67840.000000 9384.000000 0.000000 18998.000000 37848.000000 62095.000000 39168.000000 10948.000000 0.000000 135424.000000 73984.000000 12624.000000 0.000000 3430.000000 15552.000000 4096.000000 41536.000000 14460.000000 0.000000 12288.000000 39367.000000 197792.000000 127392.000000 67904.000000 0.000000 6594.000000 20002.000000 18948.000000 19822.000000 20874.000000 32870.000000 135168.000000 73728.000000 8738.000000 0.000000 5226.000000 7328.000000 62592.000000 41536.000000 
14
0.000000 110848.000000 43264.000000 0.000000 35899.000000 29295.000000 10526.000000 28416.000000 11152.000000 6145.000000 0.000000 129280.000000 67840.000000 9276.000000 0.000000 19184.000000 19560.000000 58762.000000 35904.000000 10344.000000 0.000000 129280.000000 67840.000000 9384.000000 0.000000 22496.000000 36952.000000 59289.000000 38272.000000 12672.000000 0.000000 135424.000000 73984.000000 12408.000000 0.000000 8952.000000 4240.000000 3072.000000 44800.000000 13880.000000 0.000000 9216.000000 46791.000000 192864.000000 131424.000000 61984.000000 0.000000 6882.000000 19072.000000 11200.000000 17896.000000 19471.000000 32870.000000 135168.000000 73728.000000 8522.000000 0.000000 10166.000000 12368.000000 62272.000000 41536.000000 
15
0.000000 110592.000000 43008.000000 0.000000 35896.000000 36744.000000 11226.000000 28416.000000 10640.000000 6145.000000 0.000000 129024.000000 67584.000000 9168.000000 0.000000 19328.000000 17824.000000 59289.000000 32640.000000 10344.000000 0.000000 129024.000000 67584.000000 9168.000000 0.000000 21776.000000 36952.000000 59289.000000 39168.000000 10948.000000 0.000000 135168.000000 73728.000000 12408.000000 0.000000 8952.000000 15552.000000 3072.000000 41536.000000 13880.000000 0.000000 9216.000000 46079.000000 190688.000000 129248.000000 66720.000000 0.000000 6546.000000 21678.000000 9958.000000 19822.000000 20874.000000 32588.000000 129025.000000 67585.000000 8640.000000 0.000000 10324.000000 6272.000000 63616.000000 38272.000000 
16
0.000000 116736.000000 49152.000000 0.000000 37434.000000 35972.000000 10310.000000 33152.000000 9328.000000 6145.000000 0.000000 135168.000000 73728.000000 7008.000000 17800.000000 21838.000000 24672.000000 61716.000000 38272.000000 11358.000000 0.000000 135168.000000 73728.000000 13152.000000 18700.000000 18168.000000 37848.000000 59727.000000 39168.000000 11528.000000 0.000000 141312.000000 79872.000000 13584.000000 24244.000000 8952.000000 17584.000000 4096.000000 40640.000000 13880.000000 0.000000 18432.000000 56864.000000 213964.000000 152524.000000 85760.000000 18336.000000 37544.000000 22984.000000 32223.000000 19270.000000 19909.000000 33724.000000 135168.000000 73728.000000 6144.000000 24244.000000 8952.000000 15936.000000 62592.000000 41536.000000 
17
0.000000 110848.000000 43264.000000 0.000000 40904.000000 35972.000000 10022.000000 29440.000000 12992.000000 6145.000000 0.000000 129280.000000 67840.000000 10032.000000 17800.000000 21742.000000 24084.000000 61716.000000 38272.000000 11256.000000 0.000000 129280.000000 67840.000000 10032.000000 18700.000000 21680.000000 37144.000000 61130.000000 39168.000000 10948.000000 0.000000 135424.000000 73984.000000 14136.000000 24244.000000 10324.000000 16224.000000 4096.000000 41536.000000 14460.000000 0.000000 0.000000 41754.000000 216864.000000 155424.000000 87744.000000 26304.000000 37544.000000 19132.000000 20296.000000 19270.000000 21839.000000 33042.000000 129280.000000 67840.000000 6050.000000 24244.000000 8952.000000 15936.000000 62592.000000 41536.000000 
18
0.000000 116736.000000 49152.000000 0.000000 37039.000000 30784.000000 13920.000000 30784.000000 12992.000000 6145.000000 0.000000 135168.000000 73728.000000 7008.000000 17944.000000 21350.000000 24796.000000 63119.000000 37376.000000 11256.000000 0.000000 135168.000000 73728.000000 13152.000000 19744.000000 20966.000000 36952.000000 59289.000000 38272.000000 11520.000000 0.000000 141312.000000 79872.000000 14016.000000 25288.000000 9638.000000 15072.000000 3072.000000 44800.000000 14554.000000 0.000000 0.000000 49248.000000 217216.000000 152096.000000 85600.000000 21152.000000 37338.000000 21612.000000 20480.000000 19944.000000 20874.000000 32988.000000 129024.000000 67584.000000 5834.000000 24388.000000 4116.000000 5888.000000 63616.000000 41536.000000 
19
0.000000 110592.000000 43008.000000 0.000000 36844.000000 30646.000000 18528.000000 30784.000000 13264.000000 6145.000000 0.000000 129024.000000 67584.000000 10032.000000 18446.000000 15050.000000 25375.000000 61130.000000 35008.000000 11256.000000 0.000000 129024.000000 67584.000000 10032.000000 19346.000000 20960.000000 35604.000000 59289.000000 39168.000000 10948.000000 0.000000 135168.000000 73728.000000 13488.000000 24890.000000 8952.000000 16224.000000 3072.000000 41536.000000 13880.000000 0.000000 0.000000 49583.000000 217312.000000 152288.000000 85760.000000 21152.000000 37290.000000 19767.000000 20971.000000 19270.000000 20874.000000 33216.000000 129024.000000 67584.000000 5186.000000 23990.000000 8952.000000 15840.000000 62592.000000 41536.000000 
20
0.000000 116736.000000 49152.000000 0.000000 35406.000000 29295.000000 7036.000000 26048.000000 7664.000000 12290.000000 0.000000 135168.000000 73728.000000 7008.000000 0.000000 18120.000000 16860.000000 59727.000000 35904.000000 10104.000000 0.000000 135168.000000 73728.000000 13152.000000 0.000000 21824.000000 37848.000000 60494.000000 38272.000000 12672.000000 0.000000 141312.000000 79872.000000 14016.000000 0.000000 8952.000000 10624.000000 4096.000000 44800.000000 13880.000000 0.000000 0.000000 45830.000000 194272.000000 132832.000000 65568.000000 0.000000 6546.000000 19072.000000 10730.000000 18798.000000 20874.000000 34242.000000 135168.000000 73728.000000 9170.000000 0.000000 8952.000000 15936.000000 62272.000000 41536.000000 
21
0.000000 110848.000000 43264.000000 0.000000 35899.000000 26400.000000 8458.000000 28416.000000 10928.000000 6145.000000 0.000000 129280.000000 67840.000000 10032.000000 0.000000 19184.000000 20708.000000 57359.000000 39168.000000 10776.000000 0.000000 129280.000000 67840.000000 10032.000000 0.000000 21776.000000 37144.000000 61130.000000 39168.000000 11528.000000 0.000000 135424.000000 73984.000000 14136.000000 0.000000 4116.000000 9744.000000 4096.000000 41536.000000 13880.000000 0.000000 0.000000 33866.000000 195648.000000 134208.000000 66720.000000 2592.000000 6546.000000 20002.000000 11200.000000 18920.000000 20874.000000 33442.000000 135168.000000 73728.000000 8522.000000 0.000000 4698.000000 5888.000000 63616.000000 41536.000000 
22
0.000000 116736.000000 49152.000000 0.000000 35213.000000 29295.000000 7710.000000 28416.000000 11152.000000 6145.000000 0.000000 135168.000000 73728.000000 7008.000000 0.000000 19184.000000 19560.000000 57359.000000 35904.000000 10344.000000 0.000000 135168.000000 73728.000000 13152.000000 0.000000 21776.000000 36952.000000 60692.000000 39168.000000 10948.000000 0.000000 141312.000000 79872.000000 13800.000000 0.000000 8952.000000 9744.000000 3072.000000 44800.000000 15134.000000 0.000000 0.000000 47364.000000 192864.000000 131424.000000 64576.000000 0.000000 4540.000000 19072.000000 18948.000000 16750.000000 19909.000000 32988.000000 129025.000000 67585.000000 8424.000000 0.000000 10166.000000 15936.000000 61568.000000 39168.000000 
23
0.000000 110592.000000 43008.000000 0.000000 36582.000000 36744.000000 7110.000000 28416.000000 10640.000000 6145.000000 0.000000 129024.000000 67584.000000 10032.000000 0.000000 19328.000000 17824.000000 59289.000000 32640.000000 10344.000000 0.000000 129024.000000 67584.000000 10032.000000 0.000000 18984.000000 36952.000000 61657.000000 39168.000000 10948.000000 0.000000 135168.000000 73728.000000 13920.000000 0.000000 8952.000000 11984.000000 3072.000000 41536.000000 13880.000000 0.000000 0.000000 38682.000000 195648.000000 134208.000000 66720.000000 2592.000000 4444.000000 21678.000000 17600.000000 18798.000000 18506.000000 33622.000000 135168.000000 73728.000000 8737.000000 0.000000 10324.000000 15840.000000 62592.000000 38272.000000 
24
0.000000 116736.000000 49152.000000 0.000000 34720.000000 36937.000000 13150.000000 30784.000000 12704.000000 12290.000000 0.000000 135168.000000 73728.000000 7008.000000 0.000000 17984.000000 24288.000000 58762.000000 35904.000000 10104.000000 0.000000 135168.000000 73728.000000 13152.000000 0.000000 21104.000000 35048.000000 63060.000000 41536.000000 12672.000000 0.000000 141312.000000 79872.000000 13368.000000 0.000000 8952.000000 10624.000000 4096.000000 44800.000000 13880.000000 0.000000 12288.000000 37497.000000 201056.000000 133472.000000 69536.000000 6176.000000 6594.000000 19072.000000 18948.000000 16872.000000 19909.000000 32768.000000 135168.000000 73728.000000 7008.000000 0.000000 8952.000000 0.000000 58880.000000 39168.000000 
25
0.000000 110848.000000 43264.000000 0.000000 35213.000000 26400.000000 12790.000000 30784.000000 12192.000000 6145.000000 0.000000 129280.000000 67840.000000 10032.000000 0.000000 18656.000000 22844.000000 55956.000000 35904.000000 11256.000000 0.000000 129280.000000 67840.000000 10032.000000 0.000000 21104.000000 34856.000000 63060.000000 41536.000000 11528.000000 0.000000 135424.000000 73984.000000 13488.000000 0.000000 4116.000000 9744.000000 4096.000000 41536.000000 13880.000000 0.000000 12288.000000 39367.000000 190464.000000 129024.000000 60576.000000 0.000000 6594.000000 20002.000000 11309.000000 17896.000000 18506.000000 33144.000000 135168.000000 73728.000000 7008.000000 0.000000 5226.000000 5106.000000 59200.000000 39168.000000 
26
0.000000 116736.000000 49152.000000 0.000000 35213.000000 30453.000000 12718.000000 30784.000000 12240.000000 6145.000000 0.000000 135168.000000 73728.000000 7008.000000 0.000000 18544.000000 24660.000000 57359.000000 35904.000000 11256.000000 0.000000 135168.000000 73728.000000 13152.000000 0.000000 18312.000000 35004.000000 63060.000000 38272.000000 12100.000000 0.000000 141312.000000 79872.000000 13152.000000 0.000000 8952.000000 9744.000000 3072.000000 44800.000000 15134.000000 0.000000 9216.000000 46791.000000 195456.000000 127872.000000 64576.000000 0.000000 4588.000000 19072.000000 11200.000000 17774.000000 18506.000000 32470.000000 129025.000000 67585.000000 6912.000000 0.000000 10166.000000 12848.000000 60224.000000 39168.000000 
27
0.000000 110592.000000 43008.000000 0.000000 35896.000000 36744.000000 10980.000000 30784.000000 12352.000000 6145.000000 0.000000 129024.000000 67584.000000 10032.000000 0.000000 18656.000000 21392.000000 59289.000000 32640.000000 11358.000000 0.000000 129024.000000 67584.000000 10032.000000 0.000000 21096.000000 35796.000000 65866.000000 40640.000000 10376.000000 0.000000 135168.000000 73728.000000 13488.000000 0.000000 8952.000000 11984.000000 3072.000000 41536.000000 13880.000000 0.000000 9216.000000 46079.000000 190688.000000 129248.000000 66720.000000 0.000000 4396.000000 21678.000000 18948.000000 17774.000000 18506.000000 32588.000000 129280.000000 67840.000000 6918.000000 0.000000 10324.000000 15552.000000 57856.000000 35904.000000 
28
0.000000 116736.000000 49152.000000 0.000000 35406.000000 26400.000000 7036.000000 26048.000000 7264.000000 12290.000000 0.000000 135168.000000 73728.000000 13152.000000 0.000000 18560.000000 20136.000000 55050.000000 35008.000000 10104.000000 0.000000 135168.000000 73728.000000 13152.000000 0.000000 21104.000000 35048.000000 63060.000000 41536.000000 12100.000000 0.000000 141312.000000 79872.000000 13368.000000 0.000000 10324.000000 13232.000000 4096.000000 41536.000000 14554.000000 0.000000 0.000000 31969.000000 214112.000000 152672.000000 85760.000000 19744.000000 6594.000000 22984.000000 18948.000000 16872.000000 18506.000000 32470.000000 129025.000000 67585.000000 7344.000000 0.000000 8952.000000 12848.000000 58880.000000 39168.000000 
29
0.000000 110848.000000 43264.000000 0.000000 35899.000000 29295.000000 8458.000000 28416.000000 10928.000000 6145.000000 0.000000 129280.000000 67840.000000 10032.000000 0.000000 18560.000000 20136.000000 57418.000000 35904.000000 10002.000000 0.000000 129280.000000 67840.000000 10032.000000 0.000000 18312.000000 35048.000000 63060.000000 41536.000000 12100.000000 0.000000 135424.000000 73984.000000 13488.000000 0.000000 8952.000000 11984.000000 4096.000000 41536.000000 14460.000000 0.000000 0.000000 47378.000000 207840.000000 146400.000000 81600.000000 15936.000000 6594.000000 22319.000000 17600.000000 17896.000000 14208.000000 32572.000000 135168.000000 73728.000000 7440.000000 0.000000 7766.000000 12848.000000 59200.000000 39168.000000 
30
0.000000 116736.000000 49152.000000 0.000000 35899.000000 29295.000000 8458.000000 28416.000000 11152.000000 6145.000000 0.000000 135168.000000 73728.000000 7008.000000 0.000000 18560.000000 13684.000000 55577.000000 35904.000000 10002.000000 0.000000 135168.000000 73728.000000 13152.000000 0.000000 21056.000000 36352.000000 63060.000000 38272.000000 10376.000000 0.000000 141312.000000 79872.000000 13152.000000 0.000000 9638.000000 5108.000000 3072.000000 44800.000000 13880.000000 0.000000 0.000000 47713.000000 207200.000000 144640.000000 79776.000000 16928.000000 6738.000000 19096.000000 11309.000000 17774.000000 14208.000000 33614.000000 135168.000000 73728.000000 7656.000000 0.000000 10166.000000 0.000000 60224.000000 39168.000000 
31
0.000000 110592.000000 43008.000000 0.000000 35896.000000 36744.000000 7710.000000 28416.000000 10640.000000 6145.000000 0.000000 129024.000000 67584.000000 10032.000000 0.000000 17968.000000 13684.000000 59348.000000 35904.000000 11358.000000 0.000000 129024.000000 67584.000000 10032.000000 0.000000 18304.000000 35004.000000 65866.000000 40640.000000 11520.000000 0.000000 135168.000000 73728.000000 13272.000000 0.000000 8952.000000 7040.000000 3072.000000 41536.000000 13880.000000 0.000000 0.000000 47727.000000 205920.000000 144480.000000 79616.000000 13344.000000 6690.000000 19096.000000 12548.000000 17774.000000 16138.000000 32368.000000 129024.000000 67584.000000 7350.000000 0.000000 10324.000000 10128.000000 57856.000000 35904.000000 
32
0.000000 116736.000000 49152.000000 0.000000 35210.000000 26400.000000 12790.000000 30784.000000 12992.000000 12290.000000 0.000000 135168.000000 73728.000000 7008.000000 0.000000 17928.000000 24288.000000 60692.000000 38272.000000 11496.000000 0.000000 135168.000000 73728.000000 13152.000000 0.000000 21248.000000 35048.000000 58564.000000 38272.000000 10948.000000 0.000000 141312.000000 79872.000000 13800.000000 0.000000 10324.000000 10240.000000 4096.000000 41536.000000 13880.000000 0.000000 0.000000 38432.000000 213952.000000 152512.000000 87744.000000 17344.000000 7006.000000 22984.000000 18948.000000 16750.000000 18506.000000 33144.000000 135170.000000 73729.000000 9170.000000 0.000000 8952.000000 15936.000000 61568.000000 41536.000000 
33
0.000000 110848.000000 43264.000000 0.000000 40012.000000 36937.000000 10980.000000 30784.000000 12992.000000 6145.000000 0.000000 129280.000000 67840.000000 10032.000000 0.000000 19376.000000 22844.000000 62533.000000 37376.000000 11256.000000 0.000000 129280.000000 67840.000000 10032.000000 0.000000 21968.000000 35048.000000 60494.000000 39168.000000 11520.000000 0.000000 135424.000000 73984.000000 13920.000000 0.000000 8952.000000 12944.000000 4096.000000 41536.000000 13308.000000 0.000000 0.000000 46765.000000 204064.000000 142464.000000 79616.000000 13344.000000 7007.000000 22319.000000 11116.000000 17896.000000 19909.000000 32768.000000 129281.000000 67584.000000 9504.000000 0.000000 5226.000000 15936.000000 63616.000000 41536.000000 
34
0.000000 116736.000000 49152.000000 0.000000 34018.000000 30453.000000 12718.000000 33152.000000 9728.000000 6145.000000 0.000000 135168.000000 73728.000000 7008.000000 0.000000 19376.000000 24660.000000 60692.000000 38272.000000 11256.000000 0.000000 135168.000000 73728.000000 13152.000000 0.000000 21968.000000 36352.000000 60494.000000 39168.000000 11520.000000 0.000000 141312.000000 79872.000000 13368.000000 0.000000 9638.000000 9360.000000 3072.000000 44800.000000 12728.000000 0.000000 0.000000 45521.000000 203808.000000 142368.000000 73472.000000 9760.000000 8153.000000 19096.000000 17600.000000 17774.000000 18506.000000 32470.000000 135169.000000 73729.000000 9170.000000 0.000000 10166.000000 3184.000000 63616.000000 38272.000000 
35
0.000000 110592.000000 43008.000000 0.000000 35208.000000 36744.000000 13150.000000 30784.000000 13264.000000 6145.000000 0.000000 129024.000000 67584.000000 10032.000000 0.000000 19520.000000 24192.000000 60692.000000 35008.000000 10104.000000 0.000000 129024.000000 67584.000000 10032.000000 0.000000 19176.000000 35004.000000 58324.000000 35904.000000 10368.000000 0.000000 135168.000000 73728.000000 13488.000000 0.000000 8952.000000 6656.000000 3072.000000 41536.000000 13880.000000 0.000000 0.000000 37746.000000 212288.000000 150848.000000 85920.000000 18336.000000 8154.000000 19096.000000 11200.000000 17774.000000 18506.000000 32588.000000 135169.000000 73729.000000 9601.000000 0.000000 10324.000000 3376.000000 61248.000000 39168.000000 
36
0.000000 116736.000000 49152.000000 0.000000 35896.000000 26400.000000 8458.000000 26048.000000 7664.000000 12290.000000 0.000000 135168.000000 73728.000000 13152.000000 0.000000 18560.000000 24288.000000 61130.000000 38272.000000 10002.000000 0.000000 135168.000000 73728.000000 13152.000000 0.000000 21104.000000 35048.000000 63060.000000 41536.000000 12672.000000 0.000000 141312.000000 79872.000000 13368.000000 0.000000 10324.000000 15648.000000 4096.000000 41536.000000 14554.000000 0.000000 0.000000 32904.000000 195648.000000 134208.000000 66720.000000 2592.000000 9155.000000 22984.000000 17793.000000 16872.000000 18506.000000 32470.000000 135168.000000 73728.000000 8738.000000 0.000000 8266.000000 11600.000000 64640.000000 41536.000000 
37
0.000000 110848.000000 43264.000000 0.000000 39326.000000 29295.000000 9058.000000 28416.000000 11040.000000 6145.000000 0.000000 129280.000000 67840.000000 10032.000000 0.000000 18560.000000 22844.000000 60692.000000 38272.000000 11358.000000 0.000000 129280.000000 67840.000000 10032.000000 0.000000 18312.000000 35648.000000 63060.000000 41536.000000 11528.000000 0.000000 135424.000000 73984.000000 13704.000000 0.000000 8952.000000 12848.000000 4096.000000 41536.000000 14460.000000 0.000000 0.000000 47378.000000 194272.000000 132832.000000 65568.000000 0.000000 8057.000000 22319.000000 18948.000000 17896.000000 15173.000000 32572.000000 135168.000000 73728.000000 8522.000000 0.000000 3430.000000 15920.000000 62592.000000 41536.000000 
38
0.000000 116736.000000 49152.000000 0.000000 34728.000000 29295.000000 5688.000000 28416.000000 11152.000000 6145.000000 0.000000 135168.000000 73728.000000 7008.000000 0.000000 18560.000000 23312.000000 60692.000000 35008.000000 11256.000000 0.000000 135168.000000 73728.000000 13152.000000 0.000000 21056.000000 36352.000000 63060.000000 38272.000000 12100.000000 0.000000 141312.000000 79872.000000 13152.000000 0.000000 9638.000000 12946.000000 3072.000000 44800.000000 13880.000000 0.000000 0.000000 46778.000000 191680.000000 130240.000000 63392.000000 0.000000 8106.000000 19096.000000 11200.000000 17774.000000 17541.000000 32360.000000 129025.000000 67585.000000 8640.000000 0.000000 8952.000000 8496.000000 62272.000000 39168.000000 
39
0.000000 110592.000000 43008.000000 0.000000 35208.000000 36744.000000 7110.000000 28416.000000 10640.000000 6145.000000 0.000000 129024.000000 67584.000000 10032.000000 0.000000 18064.000000 24192.000000 62095.000000 37376.000000 11256.000000 0.000000 129024.000000 67584.000000 10032.000000 0.000000 18304.000000 35004.000000 65866.000000 40640.000000 10376.000000 0.000000 135168.000000 73728.000000 13272.000000 0.000000 8952.000000 7040.000000 3072.000000 41536.000000 13880.000000 0.000000 0.000000 38682.000000 195648.000000 134208.000000 66720.000000 2592.000000 9156.000000 19096.000000 10537.000000 17774.000000 14208.000000 32368.000000 135168.000000 73728.000000 8521.000000 0.000000 8952.000000 12080.000000 63616.000000 38272.000000 
