0
0.000000 8256.000000 0.000000 27008.000000 195478.000000 5905.000000 10896.000000 1920.000000 3648.000000 27031.000000 1536.000000 8256.000000 0.000000 20480.000000 196246.000000 9617.000000 6400.000000 5152.000000 1536.000000 8260.000000 22703.000000 8256.000000 0.000000 12288.000000 204438.000000 7825.000000 12464.000000 2368.000000 1536.000000 8164.000000 20947.000000 8256.000000 0.000000 12288.000000 204438.000000 5760.000000 12753.000000 4832.000000 128.000000 8164.000000 21403.000000 67793.000000 9728.000000 20710.000000 0.000000 0.000000 56.000000 210199.000000 5760.000000 12913.000000 3488.000000 768.000000 40132.000000 31719.000000 0.000000 13824.000000 204583.000000 4992.000000 14305.000000 3392.000000 1536.000000 
1
0.000000 8256.000000 0.000000 27008.000000 195478.000000 5905.000000 10896.000000 1920.000000 3648.000000 27031.000000 1536.000000 8256.000000 0.000000 20480.000000 196246.000000 9617.000000 6400.000000 5152.000000 1536.000000 8260.000000 22703.000000 8256.000000 0.000000 12288.000000 204438.000000 7825.000000 12464.000000 2368.000000 1536.000000 8164.000000 20947.000000 8256.000000 0.000000 12288.000000 204438.000000 5760.000000 12753.000000 4832.000000 128.000000 8164.000000 21403.000000 67793.000000 9728.000000 20710.000000 0.000000 0.000000 56.000000 210199.000000 5760.000000 12913.000000 3488.000000 768.000000 40132.000000 31719.000000 0.000000 13824.000000 204583.000000 4992.000000 14305.000000 3392.000000 1536.000000 
2
0.000000 8256.000000 0.000000 27008.000000 195478.000000 5905.000000 10896.000000 1920.000000 3648.000000 27031.000000 1536.000000 8256.000000 0.000000 20480.000000 196246.000000 9617.000000 6400.000000 5152.000000 1536.000000 8260.000000 22703.000000 8256.000000 0.000000 12288.000000 204438.000000 7825.000000 12464.000000 2368.000000 1536.000000 8164.000000 20947.000000 8256.000000 0.000000 12288.000000 204438.000000 5760.000000 12753.000000 4832.000000 128.000000 8164.000000 21403.000000 67793.000000 9728.000000 20710.000000 0.000000 0.000000 56.000000 210199.000000 5760.000000 12913.000000 3488.000000 768.000000 40132.000000 31719.000000 0.000000 13824.000000 204583.000000 4992.000000 14305.000000 3392.000000 1536.000000 
3
0.000000 8256.000000 0.000000 27008.000000 195478.000000 5905.000000 10896.000000 1920.000000 3648.000000 27031.000000 1536.000000 8256.000000 0.000000 20480.000000 196246.000000 9617.000000 6400.000000 5152.000000 1536.000000 8260.000000 22703.000000 8256.000000 0.000000 12288.000000 204438.000000 7825.000000 12464.000000 2368.000000 1536.000000 8164.000000 20947.000000 8256.000000 0.000000 12288.000000 204438.000000 5760.000000 12753.000000 4832.000000 128.000000 8164.000000 21403.000000 67793.000000 9728.000000 20710.000000 0.000000 0.000000 56.000000 210199.000000 5760.000000 12913.000000 3488.000000 768.000000 40132.000000 31719.000000 0.000000 13824.000000 204583.000000 4992.000000 14305.000000 3392.000000 1536.000000 
4
0.000000 42048.000000 0.000000 15745.000000 242422.000000 5905.000000 9904.000000 1408.000000 5184.000000 32711.000000 768.000000 42048.000000 0.000000 20480.000000 241015.000000 14993.000000 9168.000000 2720.000000 1536.000000 9700.000000 29611.000000 42048.000000 0.000000 12288.000000 241015.000000 14993.000000 12368.000000 2496.000000 1536.000000 8164.000000 31147.000000 42048.000000 0.000000 12288.000000 249207.000000 11264.000000 12641.000000 4288.000000 1664.000000 8164.000000 27543.000000 146193.000000 8480.000000 20390.000000 0.000000 0.000000 56.000000 261127.000000 11760.000000 12929.000000 5120.000000 640.000000 41700.000000 35315.000000 0.000000 13056.000000 254983.000000 4992.000000 12705.000000 5376.000000 0.000000 
5
0.000000 42048.000000 0.000000 15745.000000 242422.000000 5905.000000 9904.000000 1408.000000 5184.000000 32711.000000 768.000000 42048.000000 0.000000 20480.000000 241015.000000 14993.000000 9168.000000 2720.000000 1536.000000 9700.000000 29611.000000 42048.000000 0.000000 12288.000000 241015.000000 14993.000000 12368.000000 2496.000000 1536.000000 8164.000000 31147.000000 42048.000000 0.000000 12288.000000 249207.000000 11264.000000 12641.000000 4288.000000 1664.000000 8164.000000 27543.000000 146193.000000 8480.000000 20390.000000 0.000000 0.000000 56.000000 261127.000000 11760.000000 12929.000000 5120.000000 640.000000 41700.000000 35315.000000 0.000000 13056.000000 254983.000000 4992.000000 12705.000000 5376.000000 0.000000 
6
0.000000 42048.000000 0.000000 15745.000000 242422.000000 5905.000000 9904.000000 1408.000000 5184.000000 32711.000000 768.000000 42048.000000 0.000000 20480.000000 241015.000000 14993.000000 9168.000000 2720.000000 1536.000000 9700.000000 29611.000000 42048.000000 0.000000 12288.000000 241015.000000 14993.000000 12368.000000 2496.000000 1536.000000 8164.000000 31147.000000 42048.000000 0.000000 12288.000000 249207.000000 11264.000000 12641.000000 4288.000000 1664.000000 8164.000000 27543.000000 146193.000000 8480.000000 20390.000000 0.000000 0.000000 56.000000 261127.000000 11760.000000 12929.000000 5120.000000 640.000000 41700.000000 35315.000000 0.000000 13056.000000 254983.000000 4992.000000 12705.000000 5376.000000 0.000000 
7
0.000000 42048.000000 0.000000 15745.000000 242422.000000 5905.000000 9904.000000 1408.000000 5184.000000 32711.000000 768.000000 42048.000000 0.000000 20480.000000 241015.000000 14993.000000 9168.000000 2720.000000 1536.000000 9700.000000 29611.000000 42048.000000 0.000000 12288.000000 241015.000000 14993.000000 12368.000000 2496.000000 1536.000000 8164.000000 31147.000000 42048.000000 0.000000 12288.000000 249207.000000 11264.000000 12641.000000 4288.000000 1664.000000 8164.000000 27543.000000 146193.000000 8480.000000 20390.000000 0.000000 0.000000 56.000000 261127.000000 11760.000000 12929.000000 5120.000000 640.000000 41700.000000 35315.000000 0.000000 13056.000000 254983.000000 4992.000000 12705.000000 5376.000000 0.000000 
8
0.000000 42048.000000 0.000000 30465.000000 200854.000000 5905.000000 9344.000000 1920.000000 4800.000000 27683.000000 1536.000000 42048.000000 0.000000 20480.000000 199703.000000 14993.000000 9584.000000 5280.000000 1536.000000 9700.000000 28531.000000 42048.000000 0.000000 12288.000000 204439.000000 14993.000000 11280.000000 2368.000000 1536.000000 8228.000000 28991.000000 42048.000000 0.000000 12288.000000 193175.000000 11136.000000 12641.000000 5792.000000 1664.000000 8164.000000 29711.000000 97617.000000 44640.000000 20398.000000 0.000000 0.000000 0.000000 216727.000000 11136.000000 12897.000000 4448.000000 768.000000 41700.000000 36823.000000 0.000000 13824.000000 213383.000000 5120.000000 12625.000000 5920.000000 1536.000000 
9
0.000000 42048.000000 0.000000 30465.000000 200854.000000 5905.000000 9344.000000 1920.000000 4800.000000 27683.000000 1536.000000 42048.000000 0.000000 20480.000000 199703.000000 14993.000000 9584.000000 5280.000000 1536.000000 9700.000000 28531.000000 42048.000000 0.000000 12288.000000 204439.000000 14993.000000 11280.000000 2368.000000 1536.000000 8228.000000 28991.000000 42048.000000 0.000000 12288.000000 193175.000000 11136.000000 12641.000000 5792.000000 1664.000000 8164.000000 29711.000000 97617.000000 44640.000000 20398.000000 0.000000 0.000000 0.000000 216727.000000 11136.000000 12897.000000 4448.000000 768.000000 41700.000000 36823.000000 0.000000 13824.000000 213383.000000 5120.000000 12625.000000 5920.000000 1536.000000 
10
0.000000 42048.000000 0.000000 30465.000000 200854.000000 5905.000000 9344.000000 1920.000000 4800.000000 27683.000000 1536.000000 42048.000000 0.000000 20480.000000 199703.000000 14993.000000 9584.000000 5280.000000 1536.000000 9700.000000 28531.000000 42048.000000 0.000000 12288.000000 204439.000000 14993.000000 11280.000000 2368.000000 1536.000000 8228.000000 28991.000000 42048.000000 0.000000 12288.000000 193175.000000 11136.000000 12641.000000 5792.000000 1664.000000 8164.000000 29711.000000 97617.000000 44640.000000 20398.000000 0.000000 0.000000 0.000000 216727.000000 11136.000000 12897.000000 4448.000000 768.000000 41700.000000 36823.000000 0.000000 13824.000000 213383.000000 5120.000000 12625.000000 5920.000000 1536.000000 
11
0.000000 42048.000000 0.000000 30465.000000 200854.000000 5905.000000 9344.000000 1920.000000 4800.000000 27683.000000 1536.000000 42048.000000 0.000000 20480.000000 199703.000000 14993.000000 9584.000000 5280.000000 1536.000000 9700.000000 28531.000000 42048.000000 0.000000 12288.000000 204439.000000 14993.000000 11280.000000 2368.000000 1536.000000 8228.000000 28991.000000 42048.000000 0.000000 12288.000000 193175.000000 11136.000000 12641.000000 5792.000000 1664.000000 8164.000000 29711.000000 97617.000000 44640.000000 20398.000000 0.000000 0.000000 0.000000 216727.000000 11136.000000 12897.000000 4448.000000 768.000000 41700.000000 36823.000000 0.000000 13824.000000 213383.000000 5120.000000 12625.000000 5920.000000 1536.000000 
12
0.000000 42048.000000 0.000000 27009.000000 242518.000000 4112.000000 10896.000000 1408.000000 4928.000000 30183.000000 768.000000 42048.000000 0.000000 20480.000000 234839.000000 14976.000000 9584.000000 5376.000000 0.000000 9636.000000 29611.000000 42048.000000 0.000000 12288.000000 243031.000000 14992.000000 12368.000000 2496.000000 1536.000000 6628.000000 31139.000000 42048.000000 0.000000 12288.000000 249559.000000 11136.000000 11744.000000 5312.000000 1664.000000 8164.000000 31151.000000 146898.000000 7776.000000 20390.000000 0.000000 0.000000 56.000000 260967.000000 11760.000000 9841.000000 4512.000000 768.000000 8324.000000 36791.000000 0.000000 13824.000000 255079.000000 5120.000000 9553.000000 5952.000000 1536.000000 
13
0.000000 42048.000000 0.000000 27009.000000 242518.000000 4112.000000 10896.000000 1408.000000 4928.000000 30183.000000 768.000000 42048.000000 0.000000 20480.000000 234839.000000 14976.000000 9584.000000 5376.000000 0.000000 9636.000000 29611.000000 42048.000000 0.000000 12288.000000 243031.000000 14992.000000 12368.000000 2496.000000 1536.000000 6628.000000 31139.000000 42048.000000 0.000000 12288.000000 249559.000000 11136.000000 11744.000000 5312.000000 1664.000000 8164.000000 31151.000000 146898.000000 7776.000000 20390.000000 0.000000 0.000000 56.000000 260967.000000 11760.000000 9841.000000 4512.000000 768.000000 8324.000000 36791.000000 0.000000 13824.000000 255079.000000 5120.000000 9553.000000 5952.000000 1536.000000 
14
0.000000 42048.000000 0.000000 27009.000000 242518.000000 4112.000000 10896.000000 1408.000000 4928.000000 30183.000000 768.000000 42048.000000 0.000000 20480.000000 234839.000000 14976.000000 9584.000000 5376.000000 0.000000 9636.000000 29611.000000 42048.000000 0.000000 12288.000000 243031.000000 14992.000000 12368.000000 2496.000000 1536.000000 6628.000000 31139.000000 42048.000000 0.000000 12288.000000 249559.000000 11136.000000 11744.000000 5312.000000 1664.000000 8164.000000 31151.000000 146898.000000 7776.000000 20390.000000 0.000000 0.000000 56.000000 260967.000000 11760.000000 9841.000000 4512.000000 768.000000 8324.000000 36791.000000 0.000000 13824.000000 255079.000000 5120.000000 9553.000000 5952.000000 1536.000000 
15
0.000000 42048.000000 0.000000 27009.000000 242518.000000 4112.000000 10896.000000 1408.000000 4928.000000 30183.000000 768.000000 42048.000000 0.000000 20480.000000 234839.000000 14976.000000 9584.000000 5376.000000 0.000000 9636.000000 29611.000000 42048.000000 0.000000 12288.000000 243031.000000 14992.000000 12368.000000 2496.000000 1536.000000 6628.000000 31139.000000 42048.000000 0.000000 12288.000000 249559.000000 11136.000000 11744.000000 5312.000000 1664.000000 8164.000000 31151.000000 146898.000000 7776.000000 20390.000000 0.000000 0.000000 56.000000 260967.000000 11760.000000 9841.000000 4512.000000 768.000000 8324.000000 36791.000000 0.000000 13824.000000 255079.000000 5120.000000 9553.000000 5952.000000 1536.000000 
16
0.000000 42048.000000 0.000000 22273.000000 195500.000000 5777.000000 10992.000000 1792.000000 5312.000000 33207.000000 1536.000000 42048.000000 0.000000 4096.000000 203879.000000 11905.000000 9168.000000 5280.000000 1536.000000 8292.000000 27119.000000 42048.000000 0.000000 4096.000000 203879.000000 13697.000000 12464.000000 2496.000000 1536.000000 6624.000000 26447.000000 42048.000000 0.000000 4096.000000 203879.000000 9840.000000 12769.000000 5920.000000 1664.000000 6752.000000 30411.000000 118097.000000 35840.000000 20782.000000 0.000000 0.000000 0.000000 208031.000000 9840.000000 12257.000000 5280.000000 768.000000 9828.000000 36823.000000 0.000000 13824.000000 197350.000000 9216.000000 12706.000000 6112.000000 1536.000000 
17
0.000000 42048.000000 0.000000 22273.000000 195500.000000 5777.000000 10992.000000 1792.000000 5312.000000 33207.000000 1536.000000 42048.000000 0.000000 4096.000000 203879.000000 11905.000000 9168.000000 5280.000000 1536.000000 8292.000000 27119.000000 42048.000000 0.000000 4096.000000 203879.000000 13697.000000 12464.000000 2496.000000 1536.000000 6624.000000 26447.000000 42048.000000 0.000000 4096.000000 203879.000000 9840.000000 12769.000000 5920.000000 1664.000000 6752.000000 30411.000000 118097.000000 35840.000000 20782.000000 0.000000 0.000000 0.000000 208031.000000 9840.000000 12257.000000 5280.000000 768.000000 9828.000000 36823.000000 0.000000 13824.000000 197350.000000 9216.000000 12706.000000 6112.000000 1536.000000 
18
0.000000 42048.000000 0.000000 22273.000000 195500.000000 5777.000000 10992.000000 1792.000000 5312.000000 33207.000000 1536.000000 42048.000000 0.000000 4096.000000 203879.000000 11905.000000 9168.000000 5280.000000 1536.000000 8292.000000 27119.000000 42048.000000 0.000000 4096.000000 203879.000000 13697.000000 12464.000000 2496.000000 1536.000000 6624.000000 26447.000000 42048.000000 0.000000 4096.000000 203879.000000 9840.000000 12769.000000 5920.000000 1664.000000 6752.000000 30411.000000 118097.000000 35840.000000 20782.000000 0.000000 0.000000 0.000000 208031.000000 9840.000000 12257.000000 5280.000000 768.000000 9828.000000 36823.000000 0.000000 13824.000000 197350.000000 9216.000000 12706.000000 6112.000000 1536.000000 
19
0.000000 42048.000000 0.000000 22273.000000 195500.000000 5777.000000 10992.000000 1792.000000 5312.000000 33207.000000 1536.000000 42048.000000 0.000000 4096.000000 203879.000000 11905.000000 9168.000000 5280.000000 1536.000000 8292.000000 27119.000000 42048.000000 0.000000 4096.000000 203879.000000 13697.000000 12464.000000 2496.000000 1536.000000 6624.000000 26447.000000 42048.000000 0.000000 4096.000000 203879.000000 9840.000000 12769.000000 5920.000000 1664.000000 6752.000000 30411.000000 118097.000000 35840.000000 20782.000000 0.000000 0.000000 0.000000 208031.000000 9840.000000 12257.000000 5280.000000 768.000000 9828.000000 36823.000000 0.000000 13824.000000 197350.000000 9216.000000 12706.000000 6112.000000 1536.000000 
20
0.000000 42048.000000 0.000000 30465.000000 242582.000000 4369.000000 9360.000000 1664.000000 4928.000000 31767.000000 1536.000000 42048.000000 0.000000 12288.000000 246125.000000 14993.000000 9584.000000 5248.000000 1536.000000 9700.000000 29643.000000 42048.000000 0.000000 12288.000000 249581.000000 14977.000000 12368.000000 2496.000000 1536.000000 6724.000000 31179.000000 42048.000000 0.000000 12288.000000 246125.000000 11136.000000 11217.000000 5824.000000 1536.000000 5188.000000 29015.000000 109905.000000 44864.000000 20390.000000 0.000000 0.000000 56.000000 253095.000000 11760.000000 12929.000000 5120.000000 768.000000 9828.000000 35287.000000 0.000000 5632.000000 246951.000000 5120.000000 12129.000000 6048.000000 1536.000000 
21
0.000000 42048.000000 0.000000 30465.000000 242582.000000 4369.000000 9360.000000 1664.000000 4928.000000 31767.000000 1536.000000 42048.000000 0.000000 12288.000000 246125.000000 14993.000000 9584.000000 5248.000000 1536.000000 9700.000000 29643.000000 42048.000000 0.000000 12288.000000 249581.000000 14977.000000 12368.000000 2496.000000 1536.000000 6724.000000 31179.000000 42048.000000 0.000000 12288.000000 246125.000000 11136.000000 11217.000000 5824.000000 1536.000000 5188.000000 29015.000000 109905.000000 44864.000000 20390.000000 0.000000 0.000000 56.000000 253095.000000 11760.000000 12929.000000 5120.000000 768.000000 9828.000000 35287.000000 0.000000 5632.000000 246951.000000 5120.000000 12129.000000 6048.000000 1536.000000 
22
0.000000 42048.000000 0.000000 30465.000000 242582.000000 4369.000000 9360.000000 1664.000000 4928.000000 31767.000000 1536.000000 42048.000000 0.000000 12288.000000 246125.000000 14993.000000 9584.000000 5248.000000 1536.000000 9700.000000 29643.000000 42048.000000 0.000000 12288.000000 249581.000000 14977.000000 12368.000000 2496.000000 1536.000000 6724.000000 31179.000000 42048.000000 0.000000 12288.000000 246125.000000 11136.000000 11217.000000 5824.000000 1536.000000 5188.000000 29015.000000 109905.000000 44864.000000 20390.000000 0.000000 0.000000 56.000000 253095.000000 11760.000000 12929.000000 5120.000000 768.000000 9828.000000 35287.000000 0.000000 5632.000000 246951.000000 5120.000000 12129.000000 6048.000000 1536.000000 
23
0.000000 42048.000000 0.000000 30465.000000 242582.000000 4369.000000 9360.000000 1664.000000 4928.000000 31767.000000 1536.000000 42048.000000 0.000000 12288.000000 246125.000000 14993.000000 9584.000000 5248.000000 1536.000000 9700.000000 29643.000000 42048.000000 0.000000 12288.000000 249581.000000 14977.000000 12368.000000 2496.000000 1536.000000 6724.000000 31179.000000 42048.000000 0.000000 12288.000000 246125.000000 11136.000000 11217.000000 5824.000000 1536.000000 5188.000000 29015.000000 109905.000000 44864.000000 20390.000000 0.000000 0.000000 56.000000 253095.000000 11760.000000 12929.000000 5120.000000 768.000000 9828.000000 35287.000000 0.000000 5632.000000 246951.000000 5120.000000 12129.000000 6048.000000 1536.000000 
24
0.000000 42048.000000 0.000000 30465.000000 197462.000000 5905.000000 10992.000000 1920.000000 5312.000000 34291.000000 1536.000000 42048.000000 0.000000 12288.000000 204503.000000 14865.000000 9584.000000 4768.000000 1536.000000 6624.000000 28875.000000 42048.000000 0.000000 12288.000000 204503.000000 14993.000000 11856.000000 2496.000000 1536.000000 8292.000000 28255.000000 42048.000000 0.000000 12288.000000 204503.000000 11136.000000 12769.000000 5824.000000 1664.000000 8164.000000 31183.000000 146817.000000 7744.000000 20390.000000 0.000000 0.000000 56.000000 216167.000000 11760.000000 12929.000000 4896.000000 128.000000 9828.000000 37899.000000 0.000000 13824.000000 210023.000000 4992.000000 13217.000000 3840.000000 1536.000000 
25
0.000000 42048.000000 0.000000 30465.000000 197462.000000 5905.000000 10992.000000 1920.000000 5312.000000 34291.000000 1536.000000 42048.000000 0.000000 12288.000000 204503.000000 14865.000000 9584.000000 4768.000000 1536.000000 6624.000000 28875.000000 42048.000000 0.000000 12288.000000 204503.000000 14993.000000 11856.000000 2496.000000 1536.000000 8292.000000 28255.000000 42048.000000 0.000000 12288.000000 204503.000000 11136.000000 12769.000000 5824.000000 1664.000000 8164.000000 31183.000000 146817.000000 7744.000000 20390.000000 0.000000 0.000000 56.000000 216167.000000 11760.000000 12929.000000 4896.000000 128.000000 9828.000000 37899.000000 0.000000 13824.000000 210023.000000 4992.000000 13217.000000 3840.000000 1536.000000 
26
0.000000 42048.000000 0.000000 30465.000000 197462.000000 5905.000000 10992.000000 1920.000000 5312.000000 34291.000000 1536.000000 42048.000000 0.000000 12288.000000 204503.000000 14865.000000 9584.000000 4768.000000 1536.000000 6624.000000 28875.000000 42048.000000 0.000000 12288.000000 204503.000000 14993.000000 11856.000000 2496.000000 1536.000000 8292.000000 28255.000000 42048.000000 0.000000 12288.000000 204503.000000 11136.000000 12769.000000 5824.000000 1664.000000 8164.000000 31183.000000 146817.000000 7744.000000 20390.000000 0.000000 0.000000 56.000000 216167.000000 11760.000000 12929.000000 4896.000000 128.000000 9828.000000 37899.000000 0.000000 13824.000000 210023.000000 4992.000000 13217.000000 3840.000000 1536.000000 
27
0.000000 42048.000000 0.000000 30465.000000 197462.000000 5905.000000 10992.000000 1920.000000 5312.000000 34291.000000 1536.000000 42048.000000 0.000000 12288.000000 204503.000000 14865.000000 9584.000000 4768.000000 1536.000000 6624.000000 28875.000000 42048.000000 0.000000 12288.000000 204503.000000 14993.000000 11856.000000 2496.000000 1536.000000 8292.000000 28255.000000 42048.000000 0.000000 12288.000000 204503.000000 11136.000000 12769.000000 5824.000000 1664.000000 8164.000000 31183.000000 146817.000000 7744.000000 20390.000000 0.000000 0.000000 56.000000 216167.000000 11760.000000 12929.000000 4896.000000 128.000000 9828.000000 37899.000000 0.000000 13824.000000 210023.000000 4992.000000 13217.000000 3840.000000 1536.000000 
28
0.000000 42048.000000 0.000000 30465.000000 242582.000000 5393.000000 10896.000000 1920.000000 5056.000000 34287.000000 1536.000000 42048.000000 0.000000 12288.000000 249623.000000 14993.000000 9488.000000 5152.000000 1536.000000 9700.000000 24599.000000 42048.000000 0.000000 12288.000000 249623.000000 14865.000000 10928.000000 1984.000000 1536.000000 8292.000000 31175.000000 42048.000000 0.000000 12288.000000 249623.000000 11136.000000 10977.000000 5824.000000 1664.000000 8228.000000 29635.000000 115089.000000 39680.000000 20782.000000 0.000000 0.000000 0.000000 261343.000000 11760.000000 11137.000000 5024.000000 768.000000 7908.000000 36451.000000 0.000000 13056.000000 254859.000000 5120.000000 14753.000000 3840.000000 1536.000000 
29
0.000000 42048.000000 0.000000 30465.000000 242582.000000 5393.000000 10896.000000 1920.000000 5056.000000 34287.000000 1536.000000 42048.000000 0.000000 12288.000000 249623.000000 14993.000000 9488.000000 5152.000000 1536.000000 9700.000000 24599.000000 42048.000000 0.000000 12288.000000 249623.000000 14865.000000 10928.000000 1984.000000 1536.000000 8292.000000 31175.000000 42048.000000 0.000000 12288.000000 249623.000000 11136.000000 10977.000000 5824.000000 1664.000000 8228.000000 29635.000000 115089.000000 39680.000000 20782.000000 0.000000 0.000000 0.000000 261343.000000 11760.000000 11137.000000 5024.000000 768.000000 7908.000000 36451.000000 0.000000 13056.000000 254859.000000 5120.000000 14753.000000 3840.000000 1536.000000 
30
0.000000 42048.000000 0.000000 30465.000000 242582.000000 5393.000000 10896.000000 1920.000000 5056.000000 34287.000000 1536.000000 42048.000000 0.000000 12288.000000 249623.000000 14993.000000 9488.000000 5152.000000 1536.000000 9700.000000 24599.000000 42048.000000 0.000000 12288.000000 249623.000000 14865.000000 10928.000000 1984.000000 1536.000000 8292.000000 31175.000000 42048.000000 0.000000 12288.000000 249623.000000 11136.000000 10977.000000 5824.000000 1664.000000 8228.000000 29635.000000 115089.000000 39680.000000 20782.000000 0.000000 0.000000 0.000000 261343.000000 11760.000000 11137.000000 5024.000000 768.000000 7908.000000 36451.000000 0.000000 13056.000000 254859.000000 5120.000000 14753.000000 3840.000000 1536.000000 
31
0.000000 42048.000000 0.000000 30465.000000 242582.000000 5393.000000 10896.000000 1920.000000 5056.000000 34287.000000 1536.000000 42048.000000 0.000000 12288.000000 249623.000000 14993.000000 9488.000000 5152.000000 1536.000000 9700.000000 24599.000000 42048.000000 0.000000 12288.000000 249623.000000 14865.000000 10928.000000 1984.000000 1536.000000 8292.000000 31175.000000 42048.000000 0.000000 12288.000000 249623.000000 11136.000000 10977.000000 5824.000000 1664.000000 8228.000000 29635.000000 115089.000000 39680.000000 20782.000000 0.000000 0.000000 0.000000 261343.000000 11760.000000 11137.000000 5024.000000 768.000000 7908.000000 36451.000000 0.000000 13056.000000 254859.000000 5120.000000 14753.000000 3840.000000 1536.000000 
32
0.000000 42048.000000 0.000000 30465.000000 197494.000000 5889.000000 9456.000000 1408.000000 5312.000000 23200.000000 1536.000000 42048.000000 0.000000 12288.000000 196343.000000 14993.000000 8144.000000 4704.000000 1536.000000 9828.000000 17468.000000 42048.000000 0.000000 12288.000000 204535.000000 14993.000000 9296.000000 1856.000000 0.000000 8164.000000 20088.000000 42048.000000 0.000000 12288.000000 204535.000000 11136.000000 11233.000000 5312.000000 1664.000000 8292.000000 19320.000000 134065.000000 14208.000000 20686.000000 0.000000 0.000000 0.000000 216302.000000 11713.000000 10881.000000 4512.000000 768.000000 9828.000000 24288.000000 0.000000 13824.000000 210679.000000 5120.000000 11105.000000 4960.000000 1536.000000 
33
0.000000 42048.000000 0.000000 30465.000000 197494.000000 5889.000000 9456.000000 1408.000000 5312.000000 23200.000000 1536.000000 42048.000000 0.000000 12288.000000 196343.000000 14993.000000 8144.000000 4704.000000 1536.000000 9828.000000 17468.000000 42048.000000 0.000000 12288.000000 204535.000000 14993.000000 9296.000000 1856.000000 0.000000 8164.000000 20088.000000 42048.000000 0.000000 12288.000000 204535.000000 11136.000000 11233.000000 5312.000000 1664.000000 8292.000000 19320.000000 134065.000000 14208.000000 20686.000000 0.000000 0.000000 0.000000 216302.000000 11713.000000 10881.000000 4512.000000 768.000000 9828.000000 24288.000000 0.000000 13824.000000 210679.000000 5120.000000 11105.000000 4960.000000 1536.000000 
34
0.000000 42048.000000 0.000000 30465.000000 197494.000000 5889.000000 9456.000000 1408.000000 5312.000000 23200.000000 1536.000000 42048.000000 0.000000 12288.000000 196343.000000 14993.000000 8144.000000 4704.000000 1536.000000 9828.000000 17468.000000 42048.000000 0.000000 12288.000000 204535.000000 14993.000000 9296.000000 1856.000000 0.000000 8164.000000 20088.000000 42048.000000 0.000000 12288.000000 204535.000000 11136.000000 11233.000000 5312.000000 1664.000000 8292.000000 19320.000000 134065.000000 14208.000000 20686.000000 0.000000 0.000000 0.000000 216302.000000 11713.000000 10881.000000 4512.000000 768.000000 9828.000000 24288.000000 0.000000 13824.000000 210679.000000 5120.000000 11105.000000 4960.000000 1536.000000 
35
0.000000 42048.000000 0.000000 30465.000000 197494.000000 5889.000000 9456.000000 1408.000000 5312.000000 23200.000000 1536.000000 42048.000000 0.000000 12288.000000 196343.000000 14993.000000 8144.000000 4704.000000 1536.000000 9828.000000 17468.000000 42048.000000 0.000000 12288.000000 204535.000000 14993.000000 9296.000000 1856.000000 0.000000 8164.000000 20088.000000 42048.000000 0.000000 12288.000000 204535.000000 11136.000000 11233.000000 5312.000000 1664.000000 8292.000000 19320.000000 134065.000000 14208.000000 20686.000000 0.000000 0.000000 0.000000 216302.000000 11713.000000 10881.000000 4512.000000 768.000000 9828.000000 24288.000000 0.000000 13824.000000 210679.000000 5120.000000 11105.000000 4960.000000 1536.000000 
36
0.000000 42048.000000 0.000000 30465.000000 242534.000000 5905.000000 10896.000000 1920.000000 5056.000000 34195.000000 1536.000000 42048.000000 0.000000 12288.000000 249575.000000 14993.000000 9680.000000 5280.000000 1536.000000 9956.000000 28535.000000 42048.000000 0.000000 12288.000000 249575.000000 14993.000000 10912.000000 1984.000000 1536.000000 8292.000000 31151.000000 42048.000000 0.000000 12288.000000 249575.000000 11136.000000 11233.000000 5792.000000 1664.000000 8292.000000 31147.000000 109905.000000 44736.000000 20704.000000 0.000000 0.000000 56.000000 261271.000000 11728.000000 12929.000000 5024.000000 768.000000 38592.000000 37859.000000 0.000000 13824.000000 251629.000000 4992.000000 10913.000000 5888.000000 1536.000000 
37
0.000000 42048.000000 0.000000 30465.000000 242534.000000 5905.000000 10896.000000 1920.000000 5056.000000 34195.000000 1536.000000 42048.000000 0.000000 12288.000000 249575.000000 14993.000000 9680.000000 5280.000000 1536.000000 9956.000000 28535.000000 42048.000000 0.000000 12288.000000 249575.000000 14993.000000 10912.000000 1984.000000 1536.000000 8292.000000 31151.000000 42048.000000 0.000000 12288.000000 249575.000000 11136.000000 11233.000000 5792.000000 1664.000000 8292.000000 31147.000000 109905.000000 44736.000000 20704.000000 0.000000 0.000000 56.000000 261271.000000 11728.000000 12929.000000 5024.000000 768.000000 38592.000000 37859.000000 0.000000 13824.000000 251629.000000 4992.000000 10913.000000 5888.000000 1536.000000 
38
0.000000 42048.000000 0.000000 30465.000000 242534.000000 5905.000000 10896.000000 1920.000000 5056.000000 34195.000000 1536.000000 42048.000000 0.000000 12288.000000 249575.000000 14993.000000 9680.000000 5280.000000 1536.000000 9956.000000 28535.000000 42048.000000 0.000000 12288.000000 249575.000000 14993.000000 10912.000000 1984.000000 1536.000000 8292.000000 31151.000000 42048.000000 0.000000 12288.000000 249575.000000 11136.000000 11233.000000 5792.000000 1664.000000 8292.000000 31147.000000 109905.000000 44736.000000 20704.000000 0.000000 0.000000 56.000000 261271.000000 11728.000000 12929.000000 5024.000000 768.000000 38592.000000 37859.000000 0.000000 13824.000000 251629.000000 4992.000000 10913.000000 5888.000000 1536.000000 
39
0.000000 42048.000000 0.000000 30465.000000 242534.000000 5905.000000 10896.000000 1920.000000 5056.000000 34195.000000 1536.000000 42048.000000 0.000000 12288.000000 249575.000000 14993.000000 9680.000000 5280.000000 1536.000000 9956.000000 28535.000000 42048.000000 0.000000 12288.000000 249575.000000 14993.000000 10912.000000 1984.000000 1536.000000 8292.000000 31151.000000 42048.000000 0.000000 12288.000000 249575.000000 11136.000000 11233.000000 5792.000000 1664.000000 8292.000000 31147.000000 109905.000000 44736.000000 20704.000000 0.000000 0.000000 56.000000 261271.000000 11728.000000 12929.000000 5024.000000 768.000000 38592.000000 37859.000000 0.000000 13824.000000 251629.000000 4992.000000 10913.000000 5888.000000 1536.000000 
