0
0.000000 0.616021 1.047883 0.997993 0.467735 0.993391 0.988099 0.959218 0.993973 0.941727 0.094585 0.777133 0.952621 1.051945 0.564525 0.731600 0.914039 0.964632 0.988373 1.023913 0.484569 0.777286 0.952621 0.956683 0.648794 0.703538 0.853232 0.982770 0.970987 1.015022 0.513273 0.682171 0.952621 1.047883 0.674857 0.562062 0.938381 1.093591 0.977480 1.027421 0.558925 0.771173 0.907141 1.016270 1.069877 0.941056 1.051311 0.520644 0.475308 0.958336 1.007088 0.999417 0.954480 0.954969 0.951120 1.061501 0.660454 0.653908 0.933117 0.935265 0.995698 
1
0.000000 0.381079 1.047883 1.008780 0.235994 1.053974 1.016374 0.955201 0.980188 0.955171 0.095158 0.095293 0.952621 1.017491 0.556326 0.729370 0.911824 0.953419 0.986572 1.017702 0.483558 0.095293 0.952621 1.017491 0.555081 0.702463 0.843026 0.987941 0.964571 1.001388 0.516198 0.000031 0.952621 0.956560 0.697324 0.614831 0.938915 1.046526 0.991264 1.008404 0.561851 0.649471 0.990524 0.866584 1.047996 0.987410 0.981247 0.558364 0.513142 1.000885 0.876337 0.999436 0.944497 0.952052 0.954653 1.058851 0.539774 0.552986 0.935712 1.099882 0.964680 
2
0.000000 0.381064 1.047883 1.007794 0.346480 0.987268 0.984805 0.964280 0.980927 0.922704 0.095158 0.095866 0.952621 1.017491 0.556886 0.746355 0.982134 0.853667 0.984355 1.007759 0.482080 0.095572 0.952621 1.017491 0.541695 0.700246 0.934977 0.990893 0.989112 1.002898 0.514282 0.000604 0.952621 0.956560 0.710440 0.534154 1.002974 1.039095 0.989047 1.019823 0.551301 0.692107 0.885289 1.076230 0.952790 0.977844 1.057604 0.425206 0.448360 1.014918 0.848047 0.992296 0.968222 0.942525 0.953476 1.064824 0.586642 0.551508 0.939791 1.060342 0.995573 
3
0.000000 0.381064 1.047883 1.004039 0.314561 0.932395 1.086499 0.942063 0.980927 0.927545 0.189077 0.098222 0.952621 1.013553 0.546153 0.730062 0.995149 0.831543 1.018650 0.975391 0.567986 0.098517 0.952621 1.013553 0.592508 0.700246 0.940027 0.950770 1.009218 1.016224 0.604935 0.002960 0.952621 1.047883 0.628145 0.555617 0.960242 1.067189 1.013419 0.994592 0.643653 0.715145 0.873380 1.039918 1.047423 0.965927 1.032801 0.418747 0.509084 0.922848 0.970974 0.998279 0.979881 0.933926 0.951120 1.067000 0.554570 0.551508 0.942009 1.040712 0.981912 
4
0.000000 0.378108 1.039754 0.971031 0.285032 0.968406 1.030038 0.989696 0.980927 0.936586 0.189077 0.094538 0.952592 1.051478 0.569056 0.731600 0.970057 0.959528 0.987311 1.008526 0.467100 0.095127 0.952003 1.051763 0.567033 0.682431 0.991273 1.004679 0.993633 0.984128 0.522281 0.000604 0.950825 1.050354 0.669370 0.562062 0.998853 1.012880 0.978219 1.011913 0.565129 0.747293 0.903061 0.935132 1.048108 0.988076 0.980667 0.610113 0.479600 1.052605 0.848955 0.980959 1.005714 0.952353 0.951120 1.060354 0.675843 0.632800 0.906885 1.068344 0.980558 
5
0.000000 0.378108 1.039754 0.976800 0.199388 0.931791 1.129713 0.980186 0.980188 0.952051 0.094585 0.094538 0.951120 1.015652 0.558418 0.730847 1.009381 0.911205 1.000357 1.005179 0.467078 0.094538 0.953770 1.016336 0.559657 0.691170 0.973813 0.997140 0.997633 1.006134 0.518830 0.000015 0.953181 0.956825 0.716840 0.624432 0.937438 1.009757 0.991264 1.006681 0.555690 0.649159 0.989351 0.916626 1.091472 0.919106 1.051105 0.440872 0.530779 0.891729 0.951084 0.981216 0.990867 0.954062 0.954359 1.051322 0.586148 0.552986 1.043088 1.000611 0.979080 
6
0.000000 0.378092 1.039754 0.975138 0.272985 0.921855 1.077158 0.994295 0.981666 0.937472 0.094569 0.094523 0.954359 1.018337 0.566596 0.730109 0.942915 0.959357 0.988050 1.015671 0.465995 0.094523 0.951120 1.017125 0.546639 0.690431 0.989950 1.000247 1.003219 0.974742 0.527630 0.000000 0.953181 0.955353 0.706483 0.534154 1.052227 0.978083 0.989786 1.017086 0.549674 0.690063 0.868534 1.083370 0.952410 1.072175 0.962813 0.407608 0.472846 1.006428 0.941577 1.006590 0.940866 0.951738 0.953476 1.052205 0.560036 0.551508 0.977770 1.076344 0.964804 
7
0.000000 0.378092 1.039754 0.969538 0.283477 0.876268 1.116774 1.005450 0.978710 0.943951 0.095158 0.095112 0.952298 1.014702 0.535926 0.744831 0.967054 0.904097 1.014047 0.983051 0.558798 0.094523 0.953476 1.014979 0.548815 0.689692 0.989227 0.977817 0.987634 1.017080 0.518897 0.000000 0.950531 1.050733 0.613834 0.554878 1.005073 0.998973 0.961726 1.046621 0.531129 0.716340 0.884681 1.095803 0.952402 0.966804 1.036845 0.425710 0.502057 0.909949 0.938170 1.007295 0.931942 0.936143 0.951120 1.059440 0.548460 0.551508 0.978439 1.065695 0.981912 
8
0.000000 0.378108 1.039754 0.971031 0.273739 0.987082 1.000556 1.004509 0.956064 0.950582 0.095158 0.094833 0.953181 1.052647 0.571996 0.731600 0.964884 0.992632 0.970724 1.026280 0.467626 0.095127 0.951414 1.052058 0.579070 0.704277 0.952806 0.969263 1.006911 1.012930 0.523235 0.000015 0.950825 1.052500 0.670162 0.563540 0.994637 1.041558 0.977480 1.030468 0.553616 0.746592 0.906467 1.078871 0.972287 0.972272 1.026749 0.764386 0.515084 0.919486 0.974771 0.997408 0.963568 0.963016 0.952646 1.067483 0.718381 0.578308 0.970802 1.071984 0.981173 
9
0.000000 0.378092 1.039754 0.976800 0.305339 0.855699 1.129976 0.973017 0.958281 0.921765 0.094569 0.094538 0.953181 1.016691 0.558127 0.736754 1.001013 0.929850 0.988050 0.991119 0.483267 0.094538 0.952887 1.019186 0.541256 0.710800 0.961953 0.999816 0.986895 1.006254 0.526449 0.000015 0.950825 1.065440 0.591330 0.615446 0.901456 1.076788 0.990525 1.020192 0.558263 0.625047 0.975635 0.922916 0.952892 1.002842 1.069985 0.661386 0.472332 1.041025 0.889942 0.997544 0.970027 0.962365 0.952621 1.067495 0.603591 0.601693 0.996317 1.010109 0.979080 
10
0.000000 0.378092 1.039754 0.975138 0.250402 0.920286 1.106900 0.947665 0.995451 0.918825 0.094864 0.094523 0.952887 1.018753 0.563669 0.728631 0.992904 0.954991 0.988050 0.985667 0.567198 0.094523 0.951120 1.015999 0.560553 0.700246 0.970905 0.970803 1.008479 1.016375 0.522316 0.000000 0.952592 1.065818 0.597187 0.551508 0.939349 1.089530 0.989786 1.007387 0.567734 0.700753 0.885758 1.099280 0.974593 0.972923 1.027551 0.688056 0.503834 0.965118 0.846941 0.996804 0.970986 0.963528 0.952633 1.064035 0.705040 0.566031 0.976597 1.070988 0.979695 
11
0.000000 0.378092 1.039754 0.969538 0.282738 0.908254 1.088806 0.955557 1.008496 0.922366 0.094554 0.095112 0.951120 1.012866 0.534184 0.731540 0.967592 0.969482 0.950141 0.985792 0.473292 0.095112 0.954653 1.013056 0.563089 0.701724 0.998245 0.999140 0.988373 1.016864 0.514459 0.000000 0.953770 1.064236 0.612534 0.554093 0.994731 1.032172 1.014158 0.983543 0.655406 0.705560 0.899065 0.965351 1.052728 0.996773 0.994959 0.653567 0.468052 0.963327 0.971938 0.997380 0.994504 0.997168 0.998371 0.964702 0.676802 0.566646 0.970335 1.074089 0.982036 
12
0.000000 0.378108 1.039754 0.972262 0.305401 0.885532 1.105837 0.988710 1.007757 0.898058 0.189077 0.096305 0.954359 1.052361 0.566276 0.735015 0.995966 0.922665 0.985833 1.037450 0.457147 0.096790 0.952887 1.050291 0.565030 0.703538 0.974595 1.003940 0.994372 0.979542 0.611010 0.001782 0.951414 1.052205 0.662882 0.562062 1.004240 1.033618 0.976002 1.015147 0.571551 0.747092 0.903052 0.934678 1.048053 0.986884 0.981057 0.609638 0.518673 0.894635 0.983508 0.978448 1.023587 0.959048 0.951120 1.063352 0.641189 0.579047 1.015648 1.005736 0.962465 
13
0.000000 0.378092 1.039754 0.978462 0.294046 0.978791 0.993110 0.972987 0.995451 0.921731 0.094569 0.094523 0.952887 1.015799 0.543686 0.727108 0.966360 0.955266 0.988050 1.007913 0.465406 0.095112 0.953181 1.018787 0.549989 0.701724 0.956966 1.034309 0.973526 1.005544 0.527635 0.000000 0.952592 1.052526 0.615484 0.636554 0.924454 1.014606 0.990525 1.011821 0.564159 0.625567 0.989386 0.917004 1.091055 0.919833 1.050973 0.441595 0.492330 0.922950 0.988437 0.977807 1.032038 0.950554 0.951709 1.064824 0.522923 0.640031 1.001210 0.956014 0.980558 
14
0.000000 0.378092 1.039754 0.984677 0.264651 0.900715 1.099192 0.954295 0.992495 0.929772 0.094569 0.094523 0.951120 1.016960 0.562836 0.711969 0.970425 0.938281 1.008157 0.994067 0.469098 0.095112 0.952003 1.016813 0.563092 0.700246 0.983107 0.999109 0.979095 1.009483 0.531704 0.000000 0.952298 1.050170 0.624992 0.552247 1.041303 0.950388 0.963204 1.038159 0.573167 0.698232 0.882910 1.069712 0.952781 1.073180 0.963586 0.408595 0.529490 0.943876 0.843221 1.000156 1.008975 0.948319 0.952298 1.063941 0.556787 0.566031 0.970529 1.037640 0.976989 
15
0.000000 0.378092 1.039754 0.971200 0.294770 0.874590 1.114067 0.961126 0.995451 0.917534 0.094569 0.095112 0.952003 1.015135 0.551673 0.720340 0.990715 0.900037 1.015525 0.995547 0.458127 0.095112 0.952592 1.014277 0.544236 0.700985 0.975349 0.996186 0.965310 1.006251 0.513736 0.000000 0.952003 1.052500 0.601495 0.555571 1.001378 1.026974 1.011941 0.997574 0.543102 0.706305 0.884663 1.095223 0.952459 0.965987 1.036011 0.421784 0.467243 1.058526 0.835603 0.979249 1.032526 0.933471 0.955242 1.063972 0.607196 0.566646 1.071056 0.934558 0.993481 
16
0.000000 0.378108 1.039754 1.005046 0.743708 0.935299 1.085142 0.983050 1.024251 0.914697 0.094864 0.097674 0.951120 1.063205 0.781205 1.004470 0.979716 1.001206 1.020135 0.999144 0.484619 0.096894 0.952298 0.967801 0.887706 0.988646 0.907858 1.034309 0.974266 1.007022 0.612786 0.001488 0.950531 1.055089 0.802918 0.955195 0.969484 1.072948 0.992742 0.990251 0.660528 0.807581 0.897376 1.058292 0.952621 1.029201 1.044683 0.844225 0.937925 0.954111 1.110099 1.007940 0.980984 0.948880 0.951120 1.052205 0.674346 0.945836 0.982797 1.038194 0.981297 
17
0.000000 0.378092 1.039754 0.996754 0.679862 1.004933 1.080711 1.007177 0.958772 0.964699 0.094569 0.094523 0.952298 1.033451 0.815084 0.997606 0.977213 0.983050 1.015694 0.998744 0.483923 0.094523 0.953181 1.033226 0.744113 0.978185 0.826216 1.004679 0.995850 0.978803 0.533250 0.000000 0.951120 1.053265 0.727505 0.927340 1.023904 1.034265 0.991264 0.987205 0.575962 0.716648 0.949768 1.013574 0.952621 1.045394 0.952621 0.827756 0.997101 0.987485 1.003141 0.981908 1.012097 0.957161 0.954064 1.064277 0.615329 0.944365 0.950286 1.101313 0.978956 
18
0.000000 0.378092 1.039754 0.997600 0.740523 0.921806 1.114806 0.996295 0.981666 0.905336 0.094569 0.095406 0.952298 1.062910 0.713483 1.001241 0.999243 0.973574 1.003065 1.012281 0.486414 0.094523 0.953770 0.968535 0.804296 0.994627 0.814415 0.998370 0.978356 1.023511 0.493147 0.000000 0.956420 1.050733 0.696215 0.958480 0.957410 1.078850 0.960987 1.029544 0.540949 0.732911 0.948497 1.004309 1.008497 1.025531 0.998263 0.757069 0.960567 0.990713 0.984288 0.979652 1.029093 0.958863 0.954064 1.064824 0.595982 1.004883 0.959117 0.994189 0.995573 
19
0.000000 0.378092 1.039754 0.996123 0.740523 0.924118 1.090623 1.015696 0.978710 0.945055 0.094848 0.094818 0.954653 1.031458 0.753258 0.995638 0.921712 0.994757 1.006679 1.008254 0.470612 0.094523 0.951120 1.027286 0.753780 0.990247 0.916883 0.975448 0.963832 1.008468 0.516400 0.000000 0.950531 1.056117 0.744955 0.959388 0.990979 1.025682 0.960987 1.026129 0.552703 0.671979 0.946120 1.008724 1.007760 1.027515 1.001463 0.740557 0.991911 0.975981 1.019604 0.972239 1.028062 0.949706 0.951270 1.066675 0.612544 0.934259 0.972439 1.048967 0.982036 
20
0.000000 0.378108 1.039754 1.005046 0.294831 0.892391 1.087284 0.959926 1.007757 0.896435 0.189077 0.095127 0.952003 1.064238 0.583558 0.735015 0.998921 0.920449 1.024481 0.990929 0.465142 0.094538 0.951414 1.063658 0.576171 0.689231 0.855301 0.997879 0.998372 1.013665 0.617452 0.000604 0.953181 1.046821 0.696533 0.562062 0.970025 1.027082 0.976002 1.016311 0.558515 0.791315 0.906459 1.038070 0.952468 1.039716 1.017901 0.520344 0.514317 1.020887 0.888833 0.978376 1.023667 0.964908 0.957009 1.057295 0.658407 0.578308 0.976977 1.058066 0.976250 
21
0.000000 0.378092 1.039754 0.996754 0.284231 0.988606 0.937604 0.928018 0.993973 0.924831 0.094569 0.094523 0.952592 1.035301 0.564178 0.727108 0.967838 0.956744 0.987311 1.040406 0.458165 0.094523 0.951709 1.034819 0.573490 0.689447 0.852334 1.003940 0.996589 0.973790 0.520017 0.000000 0.950531 1.052676 0.619539 0.626739 0.972871 0.976958 0.991264 1.010376 0.558052 0.700034 0.975635 0.932904 0.952407 1.043352 0.992212 0.479569 0.489522 0.988591 0.846304 0.979479 1.029821 0.965611 0.951120 1.066675 0.534100 0.648893 0.959917 1.016195 0.993356 
22
0.000000 0.378092 1.039754 0.997600 0.267602 0.890887 1.107654 0.919540 0.996190 0.920030 0.094569 0.094523 0.952887 1.064391 0.501047 0.711969 0.968208 0.936405 0.986572 1.002867 0.551481 0.095406 0.953181 0.969712 0.582019 0.690554 0.817613 0.978556 0.988373 1.020775 0.517578 0.000000 0.950825 1.051911 0.657356 0.552247 1.053916 0.946896 0.962465 1.032744 0.657056 0.733978 0.885775 1.083193 0.953063 1.033397 0.999187 0.438321 0.480485 0.926740 1.011403 0.981049 1.012266 0.951219 0.951120 1.070029 0.576003 0.566031 0.986656 1.085543 1.000621 
23
0.000000 0.378092 1.039754 0.996123 0.257141 0.886622 1.114590 0.920647 0.992495 0.915317 0.094569 0.094523 0.953181 1.027509 0.557804 0.720340 0.989976 0.899298 1.014047 0.991852 0.456958 0.094523 0.954064 1.028219 0.564187 0.691354 0.823046 0.994708 0.999524 0.974742 0.517873 0.000000 0.953181 1.048293 0.602280 0.554093 0.947964 1.019126 0.962465 1.037698 0.560009 0.755985 0.899057 1.003221 0.952457 1.041676 0.993467 0.478087 0.438202 0.968800 0.961634 0.999187 0.998066 0.941909 0.951120 1.065708 0.528002 0.566646 0.986201 1.074197 0.982651 
24
0.000000 0.378108 1.039754 1.005046 0.304646 0.857360 1.127496 0.985187 0.977971 0.945907 0.189077 0.094538 0.951120 1.062910 0.626572 0.728585 0.950129 1.008466 1.008896 1.009112 0.464093 0.094538 0.952298 0.968535 0.730121 0.698093 0.982044 0.982648 0.986895 1.004773 0.620082 0.000108 0.953770 1.060335 0.667953 0.562062 0.960424 1.028542 0.975263 1.011083 0.551105 0.844472 0.903078 0.935245 1.048294 0.987483 0.981221 0.608571 0.517875 0.916640 1.015873 0.985141 1.014235 0.953366 0.951120 1.063941 0.621965 0.578308 1.013361 0.917973 0.958403 
25
0.000000 0.378092 1.039754 0.996754 0.294785 0.975837 1.027451 0.995234 0.979449 0.956550 0.094864 0.095112 0.955831 1.035986 0.550175 0.726985 0.960576 1.029112 0.966466 0.974407 0.483423 0.094523 0.953476 1.033563 0.542819 0.688708 0.976886 0.964679 0.987634 1.016375 0.527056 0.000000 0.950825 1.063829 0.643689 0.626000 0.984687 0.971881 0.992003 1.007420 0.568683 0.782542 0.989083 0.990082 0.952488 1.057965 0.941382 0.430165 0.493076 1.046790 0.913663 0.999419 0.998805 0.952529 0.952298 1.063647 0.510237 0.640770 0.991688 0.952113 0.963326 
26
0.000000 0.378092 1.039754 0.997600 0.266955 0.916838 1.080115 1.001386 0.981666 0.931428 0.094569 0.094523 0.952003 1.064391 0.483625 0.720985 0.955334 0.983219 0.985094 1.018161 0.565797 0.094523 0.952592 0.967801 0.584702 0.682431 0.981934 0.986893 0.987640 1.017358 0.518105 0.000000 0.950825 1.063652 0.582140 0.552247 1.049486 0.947281 0.963204 1.032744 0.653216 0.843141 0.883022 1.054388 1.048016 0.978397 0.998802 0.434119 0.483644 0.963295 0.848009 0.998314 0.997326 0.935200 0.953476 1.068473 0.553020 0.566031 0.941435 1.075437 0.981297 
27
0.000000 0.378092 1.039754 0.996123 0.265385 0.876809 1.125635 0.987819 0.982405 0.927847 0.094569 0.094523 0.951709 1.028837 0.539431 0.722509 1.002779 0.969393 1.015525 0.958529 0.471825 0.095406 0.952003 1.027130 0.533663 0.692093 0.982307 0.958894 0.994372 1.021883 0.512232 0.000000 0.952887 1.060329 0.625964 0.555571 0.950178 1.010850 0.960987 1.036220 0.560524 0.842913 0.884655 1.095249 0.952286 0.965717 1.036652 0.443426 0.434231 0.967985 0.979529 0.997540 0.996590 0.931875 0.953476 1.068189 0.511672 0.566646 0.933451 1.050802 0.995696 
28
0.000000 0.378108 1.039754 0.997185 0.294831 0.974373 0.930160 0.958448 1.016128 0.888423 0.189077 0.094538 0.954064 1.064972 0.568997 0.727846 0.931084 0.985326 0.965573 1.030714 0.466293 0.095716 0.953476 0.966768 0.687795 0.699785 0.910222 0.984248 0.988373 1.014590 0.529485 0.000015 0.953476 1.060618 0.686540 0.544708 0.974977 1.020156 0.992003 0.997574 0.650811 0.772258 0.992766 0.893832 0.952497 1.032136 1.022374 0.692295 0.461447 0.970999 1.006954 0.984405 0.954679 0.951164 0.952298 1.058293 0.653655 0.578308 0.925748 1.097479 0.957664 
29
0.000000 0.378092 1.039754 0.996738 0.284231 0.916960 1.093623 0.927279 0.993973 0.939999 0.094569 0.094523 0.951709 1.035743 0.555981 0.725508 0.928869 0.968603 0.987480 0.991360 0.464708 0.094523 0.951120 1.035934 0.564659 0.698185 0.920488 0.994464 0.988373 1.016343 0.527428 0.000000 0.951120 1.064851 0.631876 0.563447 0.989470 1.020109 0.993481 0.985727 0.572576 0.781073 0.872585 1.095943 0.952852 0.999478 1.018176 0.690313 0.478385 0.958363 0.982502 0.999447 0.932189 0.955319 0.951414 1.056022 0.544503 0.601693 0.901693 1.090728 0.963326 
30
0.000000 0.378092 1.039754 1.003815 0.259357 0.911777 1.100637 0.930309 0.993234 0.913149 0.094569 0.095112 0.953476 1.062775 0.541643 0.717292 0.979369 0.886559 0.958418 1.004960 0.547097 0.094523 0.953770 0.971335 0.587506 0.689231 0.822935 0.973662 0.985417 1.018066 0.604102 0.000000 0.952592 1.062469 0.581810 0.563401 1.062316 0.934468 0.960987 1.029544 0.553896 0.842522 0.867407 1.113352 0.970091 1.001858 0.973308 0.684291 0.530156 1.019249 0.878772 1.006598 0.962994 0.942242 0.952887 1.052924 0.511290 0.566031 1.025270 0.886066 0.982036 
31
0.000000 0.378092 1.039754 0.994462 0.264646 0.890965 1.103451 0.932095 0.993973 0.910039 0.094569 0.094523 0.951120 1.023891 0.539570 0.732109 0.980654 0.816159 1.017172 0.985144 0.454582 0.094523 0.951709 1.023025 0.550718 0.692047 0.825970 0.951509 0.995111 1.021883 0.507994 0.000000 0.950825 1.064091 0.612041 0.563401 1.033965 0.926607 0.959509 1.026129 0.552259 0.838113 0.873779 1.098395 0.952581 1.001864 1.027072 0.681421 0.525848 0.952361 0.842103 0.998282 0.972147 0.935845 0.954064 1.056048 0.525862 0.566646 1.032858 0.958135 0.996435 
32
0.000000 0.378108 1.039754 0.997185 0.335485 0.969145 1.025973 0.994664 0.977971 0.951460 0.189077 0.094538 0.953181 1.063673 0.635701 0.740401 0.950732 1.011451 1.001418 1.002773 0.487997 0.094538 0.952592 0.969669 0.719282 0.699785 0.987211 0.996032 0.967941 1.011506 0.620924 0.000604 0.952592 1.054266 0.763739 0.544708 0.976087 1.005959 0.989047 0.995940 0.655331 0.733832 0.989436 0.959674 0.952307 1.000945 1.091069 0.772320 0.460239 0.974202 1.009941 0.996103 0.999994 0.957651 0.951430 1.051493 0.681277 0.579047 0.975842 1.060621 0.965707 
33
0.000000 0.378092 1.039754 0.996738 0.252817 0.942837 1.130452 0.981093 0.980927 0.957464 0.094569 0.094523 0.951414 1.032469 0.599837 0.718862 0.972762 1.016636 0.994050 1.008972 0.483700 0.095112 0.951859 1.033708 0.620551 0.697446 0.996072 0.991232 0.984587 1.001645 0.515654 0.000000 0.951709 1.055260 0.696436 0.563447 0.951560 1.034834 0.990525 1.005963 0.554704 0.724439 0.871321 1.112883 0.955936 0.970073 1.027446 0.719172 0.485422 1.061429 0.888446 0.984780 1.011282 0.948922 0.955663 1.047410 0.683072 0.640031 0.907167 1.062283 0.994998 
34
0.000000 0.378092 1.039754 1.003815 0.348741 0.890330 1.080115 0.990066 1.017358 0.906576 0.094569 0.094523 0.952298 1.065561 0.566906 0.719508 0.968887 0.972958 0.999201 1.003342 0.566973 0.094523 0.953770 0.967365 0.642475 0.689231 0.999414 0.994679 0.985326 0.985138 0.501397 0.000000 0.951120 1.058557 0.664192 0.563401 1.034072 0.953973 0.963943 1.039907 0.532160 0.775623 0.884674 1.064600 0.952627 1.064086 0.984303 0.665482 0.557221 0.931084 0.985234 0.998279 0.998663 0.931207 0.952887 1.050610 0.642400 0.566770 1.068666 0.957755 0.995148 
35
0.000000 0.378092 1.039754 0.994462 0.340550 0.876561 1.116774 0.994495 0.981666 0.938695 0.094569 0.095112 0.953626 1.029769 0.642685 0.719555 0.968560 1.021391 1.002157 1.010689 0.454138 0.094523 0.952298 1.030696 0.659385 0.692786 0.984166 0.989817 1.000679 0.980505 0.503313 0.000000 0.952448 1.056117 0.665655 0.563401 1.028056 0.945959 0.961726 1.027687 0.545896 0.774608 0.884689 0.989493 0.952133 1.000733 1.048338 0.679836 0.550672 0.971495 0.856748 0.999018 0.997779 0.932976 0.952887 1.048014 0.608184 0.566646 1.067950 0.949883 0.997215 
36
0.000000 0.378200 1.039754 0.997185 0.327826 0.981917 0.937235 0.969248 1.008052 0.889110 0.189146 0.095422 0.954804 0.969868 0.728319 0.728585 0.960825 1.006606 1.008896 1.014477 0.465012 0.094833 0.950825 0.968439 0.734985 0.699785 0.913917 0.983509 0.986895 1.006089 0.527185 0.000015 0.952298 1.061952 0.729249 0.545447 0.959456 1.067695 0.990525 0.997263 0.647618 0.718100 0.978406 0.919959 0.952802 1.043851 0.990764 0.558455 0.503122 0.968785 0.993279 0.979142 0.963024 0.945966 0.953476 1.061579 0.695501 0.562062 0.960067 1.073973 1.011452 
37
0.000000 0.378092 1.039754 0.996738 0.276843 0.953806 1.088024 0.937248 0.993973 0.936710 0.094569 0.094523 0.952298 1.033422 0.612929 0.726247 0.959099 1.009177 1.002157 0.999117 0.484092 0.094523 0.952887 1.034149 0.632827 0.697446 0.918271 0.984985 0.988373 1.015769 0.527768 0.000000 0.952592 1.064123 0.660616 0.563447 0.989114 1.035158 0.992003 0.987933 0.576104 0.698698 0.872421 1.061999 0.952454 1.040418 1.014857 0.460314 0.511845 0.945261 0.990772 1.000156 0.952946 0.947688 0.951709 1.063508 0.599227 0.646492 0.868264 1.092745 0.982651 
38
0.000000 0.378092 1.039754 1.003815 0.336293 0.880469 1.106913 0.898770 0.993234 0.913803 0.094569 0.094523 0.952592 1.063958 0.580916 0.717292 0.975594 0.979356 0.999940 0.998481 0.568151 0.095112 0.953626 0.968214 0.660724 0.689970 0.826261 0.991632 0.987634 1.018525 0.611718 0.000000 0.951270 1.063214 0.658507 0.562662 0.995550 0.995063 0.960248 1.028793 0.552118 0.786930 0.881408 1.053867 0.952745 1.033378 0.984048 0.460994 0.547988 0.940738 0.852250 0.981216 0.990075 0.930088 0.954064 1.064128 0.606845 0.552247 1.041611 0.973232 1.011941 
39
0.000000 0.378092 1.039754 0.994462 0.327924 0.875822 1.114590 0.922125 0.996484 0.903076 0.094569 0.094523 0.951120 1.024671 0.621689 0.729154 0.949116 1.006558 0.986572 1.017970 0.472450 0.094523 0.953181 1.026134 0.612377 0.692047 0.820428 0.952248 0.994372 1.019810 0.512076 0.000000 0.952298 1.062876 0.714357 0.563401 1.038362 0.953730 0.962465 1.024490 0.553281 0.798313 0.885322 1.003263 0.952445 1.040824 0.994754 0.472870 0.556932 1.009487 0.876636 1.005648 0.937946 0.928445 0.951120 1.066996 0.624509 0.552247 0.962159 1.032960 0.994709 
