0
0.000000 94644.000000 33204.000000 70656.000000 6144.000000 0.000000 26400.000000 13088.000000 0.000000 0.000000 90624.000000 26048.000000 6151.000000 304128.000000 239616.000000 175104.000000 110592.000000 46080.000000 22740.000000 270648.000000 207819.000000 140157.000000 77328.000000 9666.000000 0.000000 0.000000 0.000000 0.000000 0.000000 0.000000 8800.000000 98952.000000 37512.000000 7168.000000 67584.000000 0.000000 42600.000000 137183.000000 72965.000000 6732.000000 26048.000000 108.000000 53760.000000 86016.000000 21504.000000 0.000000 0.000000 0.000000 0.000000 0.000000 0.000000 273468.000000 205884.000000 144444.000000 76860.000000 15420.000000 0.000000 0.000000 0.000000 0.000000 200564.000000 
1
0.000000 94644.000000 33204.000000 70656.000000 6144.000000 0.000000 26400.000000 13088.000000 0.000000 0.000000 90624.000000 26048.000000 6151.000000 304128.000000 239616.000000 175104.000000 110592.000000 46080.000000 22740.000000 270648.000000 207819.000000 140157.000000 77328.000000 9666.000000 0.000000 0.000000 0.000000 0.000000 0.000000 0.000000 8800.000000 98964.000000 37524.000000 7168.000000 64512.000000 0.000000 42600.000000 137183.000000 72965.000000 6732.000000 26048.000000 108.000000 54272.000000 89088.000000 24576.000000 0.000000 0.000000 0.000000 0.000000 0.000000 0.000000 273468.000000 205884.000000 144444.000000 76860.000000 15420.000000 0.000000 0.000000 0.000000 0.000000 200564.000000 
2
0.000000 94644.000000 33204.000000 67584.000000 3072.000000 0.000000 17600.000000 13088.000000 0.000000 0.000000 91520.000000 28416.000000 18.000000 307200.000000 242688.000000 178176.000000 113664.000000 49152.000000 22740.000000 270648.000000 207819.000000 140157.000000 77328.000000 9666.000000 0.000000 0.000000 0.000000 0.000000 0.000000 0.000000 8800.000000 98856.000000 37416.000000 6656.000000 64512.000000 0.000000 39760.000000 137183.000000 72965.000000 6732.000000 26048.000000 108.000000 54272.000000 86016.000000 21504.000000 0.000000 0.000000 0.000000 0.000000 0.000000 0.000000 273468.000000 205884.000000 144444.000000 76860.000000 15420.000000 0.000000 0.000000 0.000000 0.000000 200564.000000 
3
0.000000 94644.000000 33204.000000 67584.000000 3072.000000 0.000000 17600.000000 13088.000000 0.000000 0.000000 89152.000000 26048.000000 33.000000 307200.000000 242688.000000 178176.000000 113664.000000 49152.000000 15160.000000 270648.000000 207819.000000 140157.000000 77328.000000 9666.000000 0.000000 0.000000 0.000000 0.000000 0.000000 0.000000 8800.000000 98856.000000 37416.000000 6144.000000 64512.000000 0.000000 39760.000000 136808.000000 72590.000000 6732.000000 28416.000000 108.000000 54272.000000 86016.000000 21504.000000 0.000000 0.000000 0.000000 0.000000 0.000000 0.000000 273372.000000 205788.000000 144348.000000 76764.000000 15324.000000 0.000000 0.000000 0.000000 0.000000 200564.000000 
4
0.000000 94644.000000 33204.000000 70656.000000 6144.000000 0.000000 26400.000000 13088.000000 0.000000 0.000000 90624.000000 26048.000000 6151.000000 304128.000000 239616.000000 175104.000000 110592.000000 46080.000000 25280.000000 52800.000000 14000.000000 439572.000000 375012.000000 313572.000000 245988.000000 184548.000000 116964.000000 49380.000000 58368.000000 0.000000 8800.000000 165888.000000 104448.000000 36864.000000 0.000000 0.000000 13088.000000 44000.000000 0.000000 2170.000000 183296.000000 116992.000000 52416.000000 95232.000000 30720.000000 0.000000 0.000000 24300.000000 0.000000 2170.000000 57344.000000 0.000000 0.000000 0.000000 0.000000 76800.000000 12288.000000 0.000000 52800.000000 11200.000000 215532.000000 
5
0.000000 94644.000000 33204.000000 70656.000000 6144.000000 0.000000 26400.000000 13088.000000 0.000000 0.000000 90624.000000 26048.000000 6151.000000 304128.000000 239616.000000 175104.000000 110592.000000 46080.000000 25280.000000 52800.000000 14000.000000 439584.000000 375024.000000 313584.000000 246000.000000 184560.000000 116976.000000 49392.000000 58368.000000 0.000000 8800.000000 159744.000000 98304.000000 30720.000000 0.000000 0.000000 9816.000000 35200.000000 0.000000 0.000000 183296.000000 116992.000000 52416.000000 95232.000000 30720.000000 0.000000 0.000000 23400.000000 0.000000 2170.000000 57344.000000 0.000000 0.000000 0.000000 0.000000 76800.000000 12288.000000 0.000000 44000.000000 8400.000000 215532.000000 
6
0.000000 94644.000000 33204.000000 67584.000000 3072.000000 0.000000 17600.000000 13088.000000 0.000000 0.000000 91520.000000 28416.000000 18.000000 307200.000000 242688.000000 178176.000000 113664.000000 49152.000000 17700.000000 52800.000000 14000.000000 439476.000000 375024.000000 313584.000000 246000.000000 184560.000000 116976.000000 49392.000000 58368.000000 0.000000 8800.000000 159744.000000 98304.000000 30720.000000 0.000000 0.000000 13088.000000 35200.000000 0.000000 0.000000 184192.000000 117888.000000 52416.000000 95232.000000 30720.000000 0.000000 0.000000 23400.000000 0.000000 2170.000000 57344.000000 0.000000 0.000000 0.000000 0.000000 76800.000000 12288.000000 0.000000 44000.000000 8400.000000 214784.000000 
7
0.000000 94644.000000 33204.000000 67584.000000 3072.000000 0.000000 17600.000000 13088.000000 0.000000 0.000000 89152.000000 26048.000000 33.000000 307200.000000 242688.000000 178176.000000 113664.000000 49152.000000 22740.000000 52800.000000 14000.000000 439476.000000 374916.000000 313476.000000 245892.000000 184452.000000 116868.000000 49284.000000 58368.000000 0.000000 8800.000000 159744.000000 98304.000000 30720.000000 0.000000 0.000000 13088.000000 35200.000000 0.000000 0.000000 183296.000000 116992.000000 51520.000000 95232.000000 30720.000000 0.000000 0.000000 23400.000000 0.000000 2170.000000 57344.000000 0.000000 0.000000 0.000000 0.000000 73728.000000 9216.000000 0.000000 44000.000000 8400.000000 215157.000000 
8
0.000000 94644.000000 33204.000000 70656.000000 6144.000000 42600.000000 0.000000 0.000000 0.000000 0.000000 90624.000000 26048.000000 12288.000000 0.000000 0.000000 0.000000 0.000000 0.000000 25280.000000 52800.000000 14000.000000 439572.000000 375012.000000 313572.000000 245988.000000 184548.000000 116964.000000 49380.000000 58368.000000 0.000000 8800.000000 165888.000000 104448.000000 36864.000000 0.000000 0.000000 9816.000000 44000.000000 0.000000 2170.000000 183296.000000 116992.000000 52416.000000 82944.000000 18432.000000 0.000000 0.000000 0.000000 17600.000000 4340.000000 57344.000000 0.000000 0.000000 0.000000 2.000000 52224.000000 0.000000 0.000000 52800.000000 11200.000000 215532.000000 
9
0.000000 94644.000000 33204.000000 67584.000000 3072.000000 42600.000000 0.000000 0.000000 0.000000 0.000000 90624.000000 26048.000000 12288.000000 0.000000 0.000000 0.000000 0.000000 0.000000 25280.000000 52800.000000 14000.000000 439584.000000 375024.000000 313584.000000 246000.000000 184560.000000 116976.000000 49392.000000 58368.000000 0.000000 8800.000000 159744.000000 98304.000000 30720.000000 0.000000 0.000000 13088.000000 35200.000000 0.000000 0.000000 183296.000000 116992.000000 52416.000000 79872.000000 15360.000000 0.000000 0.000000 0.000000 8800.000000 4340.000000 57344.000000 0.000000 0.000000 0.000000 1.000000 55296.000000 0.000000 0.000000 44000.000000 8400.000000 215532.000000 
10
0.000000 94644.000000 33204.000000 67584.000000 3072.000000 42600.000000 0.000000 0.000000 0.000000 0.000000 91520.000000 28416.000000 12288.000000 0.000000 0.000000 0.000000 0.000000 0.000000 17700.000000 52800.000000 14000.000000 439476.000000 375024.000000 313584.000000 246000.000000 184560.000000 116976.000000 49392.000000 58368.000000 0.000000 8800.000000 159744.000000 98304.000000 30720.000000 0.000000 0.000000 13088.000000 35200.000000 0.000000 0.000000 184192.000000 117888.000000 52416.000000 82944.000000 18432.000000 0.000000 0.000000 0.000000 8800.000000 4340.000000 57344.000000 0.000000 0.000000 0.000000 1.000000 55296.000000 0.000000 0.000000 44000.000000 8400.000000 214784.000000 
11
0.000000 94536.000000 33096.000000 67584.000000 3072.000000 42600.000000 0.000000 0.000000 0.000000 0.000000 89152.000000 26048.000000 12288.000000 0.000000 0.000000 0.000000 0.000000 0.000000 22740.000000 52800.000000 14000.000000 439476.000000 374916.000000 313476.000000 245892.000000 184452.000000 116868.000000 49284.000000 58368.000000 0.000000 8800.000000 159744.000000 98304.000000 30720.000000 0.000000 0.000000 9816.000000 35200.000000 0.000000 0.000000 183296.000000 116992.000000 54784.000000 79872.000000 15360.000000 0.000000 0.000000 0.000000 8800.000000 2170.000000 57344.000000 0.000000 0.000000 0.000000 1.000000 55296.000000 0.000000 0.000000 44000.000000 8400.000000 215157.000000 
12
0.000000 94644.000000 33204.000000 70656.000000 6144.000000 42600.000000 0.000000 0.000000 0.000000 0.000000 90624.000000 26048.000000 12288.000000 0.000000 0.000000 0.000000 0.000000 0.000000 25280.000000 52800.000000 14000.000000 442368.000000 374784.000000 313344.000000 245760.000000 184320.000000 116736.000000 55296.000000 52224.000000 0.000000 8800.000000 126012.000000 64572.000000 0.000000 49152.000000 0.000000 9900.000000 123482.000000 57997.000000 6000.000000 1.000000 319488.000000 251904.000000 190464.000000 122880.000000 61440.000000 0.000000 22720.000000 0.000000 0.000000 0.000000 261288.000000 193704.000000 132264.000000 64680.000000 0.000000 0.000000 48280.000000 0.000000 0.000000 186719.000000 
13
0.000000 94644.000000 33204.000000 67584.000000 3072.000000 42600.000000 0.000000 0.000000 0.000000 0.000000 90624.000000 26048.000000 12288.000000 0.000000 0.000000 0.000000 0.000000 0.000000 25280.000000 52800.000000 14000.000000 442368.000000 374784.000000 313344.000000 245760.000000 184320.000000 116736.000000 55296.000000 52224.000000 0.000000 8800.000000 126012.000000 64572.000000 0.000000 52224.000000 0.000000 9900.000000 123482.000000 57997.000000 5600.000000 0.000000 319488.000000 251904.000000 190464.000000 122880.000000 61440.000000 0.000000 22720.000000 0.000000 0.000000 0.000000 261288.000000 193704.000000 132264.000000 64680.000000 0.000000 0.000000 45440.000000 0.000000 0.000000 186344.000000 
14
0.000000 94644.000000 33204.000000 67584.000000 3072.000000 42600.000000 0.000000 0.000000 0.000000 0.000000 91520.000000 28416.000000 12288.000000 0.000000 0.000000 0.000000 0.000000 0.000000 17700.000000 52800.000000 14000.000000 440760.000000 373176.000000 311736.000000 244152.000000 182712.000000 115128.000000 53688.000000 52224.000000 0.000000 8800.000000 125904.000000 64464.000000 0.000000 52224.000000 0.000000 9900.000000 123482.000000 57997.000000 5200.000000 0.000000 319488.000000 251904.000000 190464.000000 122880.000000 61440.000000 0.000000 19880.000000 0.000000 0.000000 0.000000 261288.000000 193704.000000 132264.000000 64680.000000 0.000000 0.000000 45440.000000 0.000000 0.000000 185596.000000 
15
0.000000 94536.000000 33096.000000 67584.000000 3072.000000 42600.000000 0.000000 0.000000 0.000000 0.000000 89152.000000 26048.000000 12288.000000 0.000000 0.000000 0.000000 0.000000 0.000000 22740.000000 52800.000000 14000.000000 440760.000000 373176.000000 311736.000000 244152.000000 182712.000000 115128.000000 53688.000000 52224.000000 0.000000 8800.000000 125916.000000 64476.000000 0.000000 52224.000000 0.000000 9900.000000 123107.000000 57622.000000 5200.000000 0.000000 313344.000000 245760.000000 184320.000000 116736.000000 55296.000000 0.000000 19880.000000 0.000000 0.000000 0.000000 261192.000000 193608.000000 132168.000000 64584.000000 0.000000 0.000000 45440.000000 0.000000 0.000000 185596.000000 
16
0.000000 94644.000000 33204.000000 70656.000000 6144.000000 18900.000000 26400.000000 13088.000000 0.000000 0.000000 90624.000000 26048.000000 122880.000000 55296.000000 0.000000 0.000000 0.000000 0.000000 25280.000000 0.000000 122211.000000 57249.000000 0.000000 0.000000 0.000000 0.000000 0.000000 0.000000 61440.000000 0.000000 8800.000000 141312.000000 79872.000000 12288.000000 55296.000000 0.000000 0.000000 113379.000000 47894.000000 4000.000000 0.000000 344064.000000 276480.000000 215040.000000 147456.000000 86016.000000 18432.000000 0.000000 0.000000 0.000000 0.000000 240048.000000 172464.000000 111024.000000 43440.000000 0.000000 0.000000 6336.000000 0.000000 0.000000 173247.000000 
17
0.000000 94644.000000 33204.000000 67584.000000 3072.000000 18900.000000 26400.000000 13088.000000 0.000000 0.000000 90624.000000 26048.000000 129024.000000 61440.000000 0.000000 0.000000 0.000000 0.000000 25280.000000 0.000000 122211.000000 57249.000000 0.000000 0.000000 0.000000 0.000000 0.000000 0.000000 58368.000000 0.000000 8800.000000 140892.000000 79452.000000 11868.000000 55296.000000 0.000000 0.000000 113752.000000 48267.000000 4000.000000 0.000000 337920.000000 270336.000000 208896.000000 141312.000000 79872.000000 12288.000000 0.000000 0.000000 0.000000 0.000000 240060.000000 172476.000000 111036.000000 43452.000000 0.000000 0.000000 6336.000000 0.000000 0.000000 173247.000000 
18
0.000000 94644.000000 33204.000000 67584.000000 3072.000000 18900.000000 17600.000000 13088.000000 0.000000 0.000000 89152.000000 26048.000000 129024.000000 61440.000000 0.000000 0.000000 0.000000 0.000000 17700.000000 0.000000 121836.000000 56874.000000 0.000000 0.000000 0.000000 0.000000 0.000000 0.000000 58368.000000 0.000000 8800.000000 140784.000000 79344.000000 11760.000000 55296.000000 0.000000 0.000000 113004.000000 47519.000000 4000.000000 0.000000 337920.000000 270336.000000 208896.000000 141312.000000 79872.000000 12288.000000 0.000000 0.000000 0.000000 0.000000 240060.000000 172476.000000 111036.000000 43452.000000 0.000000 0.000000 6336.000000 0.000000 0.000000 172499.000000 
19
0.000000 94536.000000 33096.000000 67584.000000 3072.000000 18900.000000 17600.000000 13088.000000 0.000000 0.000000 90624.000000 26048.000000 122880.000000 55296.000000 0.000000 0.000000 0.000000 0.000000 22740.000000 0.000000 122359.000000 56874.000000 0.000000 0.000000 0.000000 0.000000 0.000000 0.000000 58368.000000 0.000000 8800.000000 140784.000000 79344.000000 11760.000000 52224.000000 0.000000 0.000000 113004.000000 47519.000000 4000.000000 0.000000 337920.000000 270336.000000 208896.000000 141312.000000 79872.000000 12288.000000 0.000000 0.000000 0.000000 0.000000 239952.000000 172368.000000 110928.000000 43344.000000 0.000000 0.000000 3696.000000 0.000000 0.000000 172499.000000 
20
0.000000 94644.000000 33204.000000 70656.000000 6144.000000 6336.000000 26400.000000 13088.000000 0.000000 0.000000 90624.000000 26048.000000 122880.000000 55296.000000 0.000000 0.000000 0.000000 0.000000 25280.000000 0.000000 92050.000000 26565.000000 0.000000 0.000000 0.000000 0.000000 0.000000 0.000000 61440.000000 0.000000 8800.000000 113940.000000 52500.000000 6656.000000 61440.000000 0.000000 36920.000000 127224.000000 61739.000000 4000.000000 4.000000 165888.000000 98304.000000 36864.000000 0.000000 0.000000 0.000000 25560.000000 0.000000 0.000000 0.000000 172476.000000 104892.000000 43452.000000 0.000000 43008.000000 0.000000 48280.000000 0.000000 0.000000 191209.000000 
21
0.000000 94644.000000 33204.000000 67584.000000 3072.000000 6864.000000 26400.000000 13088.000000 0.000000 0.000000 90624.000000 26048.000000 122880.000000 55296.000000 0.000000 0.000000 0.000000 0.000000 27820.000000 0.000000 92423.000000 26938.000000 0.000000 0.000000 0.000000 0.000000 0.000000 0.000000 58368.000000 0.000000 8800.000000 113940.000000 52500.000000 6656.000000 61440.000000 0.000000 36920.000000 126476.000000 60991.000000 4000.000000 3.000000 165888.000000 98304.000000 36864.000000 0.000000 0.000000 0.000000 25560.000000 0.000000 0.000000 0.000000 172476.000000 104892.000000 43452.000000 1.000000 46080.000000 0.000000 48280.000000 0.000000 0.000000 191209.000000 
22
0.000000 94644.000000 33204.000000 67584.000000 3072.000000 4752.000000 17600.000000 13088.000000 0.000000 0.000000 89152.000000 26048.000000 129024.000000 61440.000000 0.000000 0.000000 0.000000 0.000000 25280.000000 0.000000 92423.000000 26938.000000 0.000000 0.000000 0.000000 0.000000 0.000000 0.000000 58368.000000 0.000000 8800.000000 113940.000000 52500.000000 6144.000000 58368.000000 0.000000 34080.000000 126849.000000 61364.000000 3600.000000 0.000000 172032.000000 104448.000000 43008.000000 0.000000 0.000000 0.000000 25560.000000 0.000000 0.000000 0.000000 172368.000000 104784.000000 43344.000000 1.000000 43008.000000 0.000000 48280.000000 0.000000 0.000000 191209.000000 
23
0.000000 94536.000000 33096.000000 67584.000000 3072.000000 4752.000000 17600.000000 13088.000000 0.000000 0.000000 90624.000000 26048.000000 129024.000000 61440.000000 0.000000 0.000000 0.000000 0.000000 25280.000000 0.000000 91675.000000 26190.000000 0.000000 0.000000 0.000000 0.000000 0.000000 0.000000 58368.000000 0.000000 8800.000000 113952.000000 52512.000000 6144.000000 58368.000000 0.000000 34080.000000 126849.000000 61364.000000 3600.000000 3.000000 172032.000000 104448.000000 43008.000000 0.000000 0.000000 0.000000 25560.000000 0.000000 0.000000 0.000000 172464.000000 104880.000000 43440.000000 1.000000 43008.000000 0.000000 45440.000000 0.000000 0.000000 190834.000000 
24
0.000000 100680.000000 39240.000000 58368.000000 0.000000 0.000000 26400.000000 0.000000 0.000000 12288.000000 90624.000000 26048.000000 122880.000000 61440.000000 0.000000 0.000000 0.000000 0.000000 54980.000000 0.000000 122211.000000 57249.000000 0.000000 0.000000 0.000000 0.000000 0.000000 0.000000 0.000000 0.000000 8800.000000 165888.000000 104448.000000 36864.000000 0.000000 0.000000 9816.000000 44000.000000 0.000000 2170.000000 183296.000000 116992.000000 52416.000000 82944.000000 18432.000000 0.000000 0.000000 0.000000 17600.000000 4340.000000 57344.000000 0.000000 0.000000 0.000000 2.000000 55296.000000 0.000000 0.000000 52800.000000 11200.000000 2520.000000 
25
0.000000 100680.000000 39240.000000 58368.000000 0.000000 0.000000 26400.000000 0.000000 0.000000 12288.000000 90624.000000 26048.000000 122880.000000 61440.000000 0.000000 0.000000 0.000000 0.000000 54600.000000 0.000000 122211.000000 57249.000000 0.000000 0.000000 0.000000 0.000000 0.000000 0.000000 0.000000 0.000000 8800.000000 159744.000000 98304.000000 30720.000000 0.000000 0.000000 13088.000000 35200.000000 0.000000 0.000000 183296.000000 116992.000000 52416.000000 82944.000000 18432.000000 0.000000 0.000000 0.000000 8800.000000 2170.000000 57344.000000 0.000000 0.000000 0.000000 2.000000 55296.000000 0.000000 0.000000 44000.000000 8400.000000 2520.000000 
26
0.000000 100680.000000 39240.000000 55296.000000 0.000000 0.000000 17600.000000 0.000000 0.000000 12288.000000 89152.000000 26048.000000 116736.000000 55296.000000 0.000000 0.000000 0.000000 0.000000 54240.000000 0.000000 121836.000000 56874.000000 0.000000 0.000000 0.000000 0.000000 0.000000 0.000000 0.000000 0.000000 8800.000000 159744.000000 98304.000000 30720.000000 0.000000 0.000000 13088.000000 35200.000000 0.000000 0.000000 184192.000000 117888.000000 52416.000000 79872.000000 15360.000000 0.000000 0.000000 0.000000 8800.000000 2170.000000 57344.000000 0.000000 0.000000 0.000000 1.000000 52224.000000 0.000000 0.000000 44000.000000 8400.000000 2520.000000 
27
0.000000 100572.000000 39132.000000 55296.000000 0.000000 0.000000 17600.000000 0.000000 0.000000 12288.000000 90624.000000 26048.000000 116736.000000 55296.000000 0.000000 0.000000 0.000000 0.000000 56780.000000 0.000000 122359.000000 56874.000000 0.000000 0.000000 0.000000 0.000000 0.000000 0.000000 0.000000 0.000000 8800.000000 159744.000000 98304.000000 30720.000000 0.000000 0.000000 9816.000000 35200.000000 0.000000 0.000000 183296.000000 116992.000000 51520.000000 79872.000000 15360.000000 0.000000 0.000000 0.000000 8800.000000 2170.000000 57344.000000 0.000000 0.000000 0.000000 1.000000 55296.000000 0.000000 0.000000 44000.000000 8400.000000 2520.000000 
28
0.000000 100680.000000 39240.000000 58368.000000 0.000000 0.000000 26400.000000 0.000000 0.000000 12288.000000 90624.000000 26048.000000 122880.000000 61440.000000 0.000000 0.000000 0.000000 0.000000 25280.000000 0.000000 122211.000000 57249.000000 0.000000 0.000000 0.000000 0.000000 0.000000 0.000000 0.000000 0.000000 8800.000000 92808.000000 31368.000000 7680.000000 67584.000000 0.000000 0.000000 134712.000000 69971.000000 5236.000000 79104.000000 14208.000000 0.000000 95232.000000 30720.000000 0.000000 0.000000 39760.000000 0.000000 0.000000 0.000000 268944.000000 201360.000000 139920.000000 72336.000000 10896.000000 0.000000 26100.000000 0.000000 0.000000 204306.000000 
29
0.000000 100680.000000 39240.000000 58368.000000 0.000000 0.000000 26400.000000 0.000000 0.000000 12288.000000 90624.000000 26048.000000 122880.000000 61440.000000 0.000000 0.000000 0.000000 0.000000 17700.000000 0.000000 122211.000000 57249.000000 0.000000 0.000000 0.000000 0.000000 0.000000 0.000000 0.000000 0.000000 8800.000000 92820.000000 31380.000000 7168.000000 67584.000000 0.000000 0.000000 134487.000000 71094.000000 4488.000000 77632.000000 14208.000000 0.000000 92160.000000 27648.000000 0.000000 0.000000 39760.000000 0.000000 0.000000 0.000000 268944.000000 201360.000000 139920.000000 72336.000000 10896.000000 0.000000 26100.000000 0.000000 0.000000 203558.000000 
30
0.000000 100680.000000 39240.000000 55296.000000 0.000000 0.000000 17600.000000 0.000000 0.000000 12288.000000 89152.000000 26048.000000 116736.000000 55296.000000 0.000000 0.000000 0.000000 0.000000 22740.000000 0.000000 121836.000000 56874.000000 0.000000 0.000000 0.000000 0.000000 0.000000 0.000000 0.000000 0.000000 8800.000000 92820.000000 31380.000000 6656.000000 67584.000000 0.000000 0.000000 134487.000000 71094.000000 4488.000000 79104.000000 14208.000000 0.000000 92160.000000 27648.000000 0.000000 0.000000 36920.000000 0.000000 0.000000 0.000000 268944.000000 201360.000000 139920.000000 72336.000000 10896.000000 0.000000 27000.000000 0.000000 0.000000 203931.000000 
31
0.000000 100572.000000 39132.000000 55296.000000 0.000000 0.000000 17600.000000 0.000000 0.000000 12288.000000 90624.000000 26048.000000 116736.000000 55296.000000 0.000000 0.000000 0.000000 0.000000 25280.000000 0.000000 122359.000000 56874.000000 0.000000 0.000000 0.000000 0.000000 0.000000 0.000000 0.000000 0.000000 8800.000000 92712.000000 31272.000000 6656.000000 64512.000000 0.000000 0.000000 134860.000000 71467.000000 5236.000000 79104.000000 14208.000000 0.000000 92160.000000 27648.000000 0.000000 0.000000 36920.000000 0.000000 0.000000 0.000000 268944.000000 201360.000000 139920.000000 72336.000000 10896.000000 0.000000 26100.000000 0.000000 0.000000 205054.000000 
32
0.000000 100680.000000 39240.000000 58368.000000 0.000000 0.000000 26400.000000 0.000000 0.000000 12288.000000 90624.000000 26048.000000 122880.000000 61440.000000 0.000000 0.000000 0.000000 0.000000 25280.000000 0.000000 122211.000000 57249.000000 0.000000 0.000000 0.000000 0.000000 0.000000 0.000000 0.000000 0.000000 8800.000000 0.000000 0.000000 8192.000000 52224.000000 0.000000 9816.000000 44000.000000 28000.000000 2170.000000 183296.000000 116992.000000 52416.000000 89088.000000 24576.000000 0.000000 0.000000 0.000000 17600.000000 4340.000000 57344.000000 0.000000 0.000000 0.000000 2.000000 61440.000000 0.000000 0.000000 52800.000000 11200.000000 2160.000000 
33
0.000000 100680.000000 39240.000000 58368.000000 0.000000 0.000000 26400.000000 0.000000 0.000000 12288.000000 90624.000000 26048.000000 122880.000000 61440.000000 0.000000 0.000000 0.000000 0.000000 17700.000000 0.000000 122211.000000 57249.000000 0.000000 0.000000 0.000000 0.000000 0.000000 0.000000 0.000000 0.000000 8800.000000 0.000000 0.000000 8192.000000 52224.000000 0.000000 13088.000000 35200.000000 28000.000000 0.000000 183296.000000 116992.000000 52416.000000 86016.000000 21504.000000 0.000000 0.000000 0.000000 8800.000000 4340.000000 57344.000000 0.000000 0.000000 0.000000 0.000000 61440.000000 0.000000 0.000000 44000.000000 8400.000000 2520.000000 
34
0.000000 100680.000000 39240.000000 55296.000000 0.000000 0.000000 17600.000000 0.000000 0.000000 12288.000000 89152.000000 26048.000000 116736.000000 55296.000000 0.000000 0.000000 0.000000 0.000000 22740.000000 0.000000 121836.000000 56874.000000 0.000000 0.000000 0.000000 0.000000 0.000000 0.000000 0.000000 0.000000 8800.000000 0.000000 0.000000 8704.000000 49152.000000 0.000000 13088.000000 35200.000000 28000.000000 0.000000 184192.000000 117888.000000 52416.000000 86016.000000 21504.000000 0.000000 0.000000 0.000000 8800.000000 4340.000000 57344.000000 0.000000 0.000000 0.000000 2.000000 61440.000000 0.000000 0.000000 44000.000000 8400.000000 2160.000000 
35
0.000000 100572.000000 39132.000000 55296.000000 0.000000 0.000000 17600.000000 0.000000 0.000000 12288.000000 88256.000000 23680.000000 116736.000000 55296.000000 0.000000 0.000000 0.000000 0.000000 25280.000000 0.000000 122359.000000 56874.000000 0.000000 0.000000 0.000000 0.000000 0.000000 0.000000 0.000000 0.000000 8800.000000 0.000000 0.000000 7680.000000 49152.000000 0.000000 9816.000000 35200.000000 28000.000000 0.000000 183296.000000 116992.000000 51520.000000 86016.000000 21504.000000 0.000000 0.000000 0.000000 8800.000000 4340.000000 57344.000000 0.000000 0.000000 0.000000 1.000000 58368.000000 0.000000 0.000000 44000.000000 8400.000000 2160.000000 
36
0.000000 100680.000000 39240.000000 58368.000000 0.000000 0.000000 26400.000000 0.000000 0.000000 12288.000000 90624.000000 26048.000000 122880.000000 61440.000000 0.000000 0.000000 0.000000 0.000000 25280.000000 0.000000 122211.000000 57249.000000 0.000000 0.000000 0.000000 0.000000 0.000000 0.000000 0.000000 0.000000 26496.000000 6912.000000 0.000000 8192.000000 52224.000000 0.000000 9816.000000 35200.000000 28000.000000 0.000000 183296.000000 116992.000000 52416.000000 86016.000000 21504.000000 0.000000 0.000000 0.000000 17600.000000 4340.000000 57344.000000 0.000000 0.000000 0.000000 1.000000 70656.000000 6144.000000 0.000000 44000.000000 8400.000000 1800.000000 
37
0.000000 100680.000000 39240.000000 58368.000000 0.000000 0.000000 26400.000000 0.000000 0.000000 12288.000000 90624.000000 26048.000000 122880.000000 61440.000000 0.000000 0.000000 0.000000 0.000000 17700.000000 0.000000 122211.000000 57249.000000 0.000000 0.000000 0.000000 0.000000 0.000000 0.000000 0.000000 0.000000 26496.000000 5760.000000 0.000000 8704.000000 49152.000000 0.000000 13088.000000 35200.000000 28000.000000 0.000000 183296.000000 116992.000000 52416.000000 86016.000000 21504.000000 0.000000 0.000000 0.000000 8800.000000 4340.000000 57344.000000 0.000000 0.000000 0.000000 1.000000 70656.000000 6144.000000 0.000000 44000.000000 8400.000000 1800.000000 
38
0.000000 100680.000000 39240.000000 55296.000000 0.000000 0.000000 17600.000000 0.000000 0.000000 12288.000000 89152.000000 26048.000000 116736.000000 55296.000000 0.000000 0.000000 0.000000 0.000000 22740.000000 0.000000 121836.000000 56874.000000 0.000000 0.000000 0.000000 0.000000 0.000000 0.000000 0.000000 0.000000 26496.000000 5760.000000 0.000000 8704.000000 49152.000000 0.000000 13088.000000 35200.000000 28000.000000 0.000000 184192.000000 117888.000000 52416.000000 89088.000000 24576.000000 0.000000 0.000000 0.000000 8800.000000 4340.000000 57344.000000 0.000000 0.000000 0.000000 1.000000 70656.000000 6144.000000 0.000000 44000.000000 8400.000000 1800.000000 
39
0.000000 100572.000000 39132.000000 55296.000000 0.000000 0.000000 17600.000000 0.000000 0.000000 12288.000000 88256.000000 23680.000000 116736.000000 55296.000000 0.000000 0.000000 0.000000 0.000000 25280.000000 0.000000 122359.000000 56874.000000 0.000000 0.000000 0.000000 0.000000 0.000000 0.000000 0.000000 0.000000 26496.000000 5760.000000 0.000000 8192.000000 49152.000000 0.000000 13088.000000 35200.000000 28000.000000 0.000000 183296.000000 116992.000000 51520.000000 86016.000000 21504.000000 0.000000 0.000000 0.000000 8800.000000 4340.000000 57344.000000 0.000000 0.000000 0.000000 1.000000 67584.000000 3072.000000 0.000000 44000.000000 8400.000000 1800.000000 
40
0.000000 0.000000 0.000000 0.000000 0.000000 68493.000000 768.000000 113998.000000 48513.000000 0.000000 90624.000000 26048.000000 122880.000000 55296.000000 0.000000 0.000000 0.000000 0.000000 25280.000000 0.000000 122211.000000 57249.000000 0.000000 0.000000 0.000000 0.000000 0.000000 0.000000 49152.000000 0.000000 8800.000000 154391.000000 96629.000000 33015.000000 2800.000000 0.000000 63660.000000 0.000000 0.000000 0.000000 0.000000 184320.000000 116736.000000 55296.000000 0.000000 0.000000 0.000000 0.000000 8800.000000 0.000000 57344.000000 39145.000000 0.000000 91490.000000 30346.000000 139373.000000 73888.000000 89965.000000 25242.000000 0.000000 2160.000000 
41
0.000000 0.000000 0.000000 0.000000 0.000000 72910.000000 6145.000000 114964.000000 49479.000000 0.000000 90624.000000 26048.000000 122880.000000 55296.000000 0.000000 0.000000 0.000000 0.000000 17700.000000 0.000000 122211.000000 57249.000000 0.000000 0.000000 0.000000 0.000000 0.000000 0.000000 52224.000000 0.000000 8800.000000 154391.000000 96513.000000 32899.000000 2800.000000 0.000000 68077.000000 0.000000 0.000000 0.000000 0.000000 178176.000000 110592.000000 49152.000000 0.000000 0.000000 0.000000 0.000000 8800.000000 0.000000 57344.000000 43736.000000 0.000000 92416.000000 29478.000000 139013.000000 73528.000000 97639.000000 28624.000000 0.000000 2160.000000 
42
0.000000 0.000000 0.000000 0.000000 0.000000 68397.000000 672.000000 114330.000000 48845.000000 0.000000 89152.000000 23680.000000 116736.000000 49152.000000 0.000000 0.000000 0.000000 0.000000 22740.000000 0.000000 121836.000000 56874.000000 0.000000 0.000000 0.000000 0.000000 0.000000 0.000000 49152.000000 0.000000 8800.000000 154391.000000 96512.000000 32898.000000 2800.000000 0.000000 63564.000000 0.000000 0.000000 0.000000 0.000000 178176.000000 110592.000000 49152.000000 0.000000 0.000000 0.000000 0.000000 8800.000000 0.000000 57344.000000 39442.000000 0.000000 91297.000000 30345.000000 139013.000000 73528.000000 97639.000000 28624.000000 0.000000 2160.000000 
43
0.000000 0.000000 0.000000 0.000000 0.000000 68397.000000 576.000000 113970.000000 48485.000000 0.000000 88256.000000 23680.000000 122880.000000 55296.000000 0.000000 0.000000 0.000000 0.000000 22740.000000 0.000000 122359.000000 56874.000000 0.000000 0.000000 0.000000 0.000000 0.000000 0.000000 49152.000000 0.000000 8800.000000 154764.000000 96522.000000 32908.000000 2400.000000 0.000000 63564.000000 0.000000 0.000000 0.000000 0.000000 178176.000000 110592.000000 49152.000000 0.000000 0.000000 0.000000 0.000000 8800.000000 0.000000 57344.000000 39441.000000 0.000000 91104.000000 30822.000000 139026.000000 73541.000000 94867.000000 26766.000000 0.000000 2160.000000 
44
0.000000 0.000000 0.000000 0.000000 0.000000 68493.000000 768.000000 113998.000000 48513.000000 0.000000 90624.000000 26048.000000 122880.000000 55296.000000 0.000000 0.000000 0.000000 0.000000 25280.000000 0.000000 122211.000000 57249.000000 0.000000 0.000000 0.000000 0.000000 0.000000 0.000000 49152.000000 0.000000 8800.000000 154391.000000 96629.000000 33015.000000 2800.000000 0.000000 63660.000000 0.000000 0.000000 0.000000 0.000000 190464.000000 122880.000000 61440.000000 0.000000 0.000000 0.000000 0.000000 8800.000000 4340.000000 57344.000000 39127.000000 0.000000 91297.000000 30630.000000 139373.000000 73888.000000 208005.000000 145176.000000 82347.000000 11772.000000 
45
0.000000 0.000000 0.000000 0.000000 0.000000 72910.000000 6145.000000 114964.000000 49479.000000 0.000000 90624.000000 26048.000000 122880.000000 55296.000000 0.000000 0.000000 0.000000 0.000000 17700.000000 0.000000 122211.000000 57249.000000 0.000000 0.000000 0.000000 0.000000 0.000000 0.000000 52224.000000 0.000000 8800.000000 154391.000000 96513.000000 32899.000000 2800.000000 0.000000 63564.000000 0.000000 0.000000 0.000000 0.000000 184320.000000 116736.000000 55296.000000 0.000000 0.000000 0.000000 0.000000 8800.000000 4340.000000 57344.000000 43754.000000 0.000000 91297.000000 30534.000000 139013.000000 73528.000000 208798.000000 145969.000000 83140.000000 12908.000000 
46
0.000000 0.000000 0.000000 0.000000 0.000000 68397.000000 672.000000 114330.000000 48845.000000 0.000000 89152.000000 23680.000000 116736.000000 49152.000000 0.000000 0.000000 0.000000 0.000000 22740.000000 0.000000 122359.000000 56874.000000 0.000000 0.000000 0.000000 0.000000 0.000000 0.000000 49152.000000 0.000000 8800.000000 154391.000000 96512.000000 32898.000000 2800.000000 0.000000 68077.000000 0.000000 0.000000 0.000000 0.000000 184320.000000 116736.000000 55296.000000 0.000000 0.000000 0.000000 0.000000 8800.000000 4340.000000 57344.000000 39442.000000 0.000000 92416.000000 29293.000000 139013.000000 73528.000000 208798.000000 145969.000000 83140.000000 12908.000000 
47
0.000000 0.000000 0.000000 0.000000 0.000000 68397.000000 576.000000 113970.000000 48485.000000 0.000000 88256.000000 23680.000000 122880.000000 55296.000000 0.000000 0.000000 0.000000 0.000000 22740.000000 0.000000 121611.000000 56126.000000 0.000000 0.000000 0.000000 0.000000 0.000000 0.000000 49152.000000 0.000000 8800.000000 154764.000000 96522.000000 32908.000000 2400.000000 0.000000 63564.000000 0.000000 0.000000 0.000000 0.000000 184320.000000 116736.000000 55296.000000 0.000000 0.000000 0.000000 0.000000 8800.000000 4340.000000 57344.000000 39441.000000 0.000000 91297.000000 30534.000000 139026.000000 73541.000000 208811.000000 145982.000000 83153.000000 12548.000000 
48
0.000000 0.000000 0.000000 0.000000 0.000000 63532.000000 0.000000 112847.000000 47362.000000 0.000000 90624.000000 26048.000000 129024.000000 61440.000000 0.000000 0.000000 0.000000 0.000000 25280.000000 52800.000000 14000.000000 101432.000000 35992.000000 0.000000 0.000000 0.000000 0.000000 0.000000 49152.000000 0.000000 8800.000000 156487.000000 96304.000000 32690.000000 2800.000000 0.000000 63468.000000 152011.000000 87933.000000 22448.000000 180928.000000 116992.000000 52416.000000 95232.000000 30720.000000 0.000000 0.000000 0.000000 8800.000000 0.000000 57344.000000 39145.000000 0.000000 91104.000000 30534.000000 139041.000000 73556.000000 83168.000000 17426.000000 0.000000 2520.000000 
49
0.000000 0.000000 0.000000 0.000000 0.000000 63468.000000 0.000000 113179.000000 47694.000000 0.000000 89152.000000 26048.000000 122880.000000 55296.000000 0.000000 0.000000 0.000000 0.000000 17700.000000 52800.000000 14000.000000 101432.000000 35992.000000 0.000000 0.000000 0.000000 0.000000 0.000000 46080.000000 0.000000 8800.000000 155739.000000 96509.000000 32895.000000 2800.000000 0.000000 63532.000000 151263.000000 87185.000000 21700.000000 180928.000000 116992.000000 52416.000000 95232.000000 30720.000000 0.000000 0.000000 0.000000 8800.000000 0.000000 57344.000000 43736.000000 0.000000 92223.000000 29293.000000 139373.000000 73888.000000 82059.000000 17758.000000 0.000000 2520.000000 
50
0.000000 0.000000 0.000000 0.000000 0.000000 63468.000000 0.000000 112819.000000 47334.000000 0.000000 89152.000000 26048.000000 129024.000000 61440.000000 0.000000 0.000000 0.000000 0.000000 22740.000000 52800.000000 14000.000000 101432.000000 35992.000000 0.000000 0.000000 0.000000 0.000000 0.000000 49152.000000 0.000000 8800.000000 155739.000000 98380.000000 32895.000000 2800.000000 0.000000 58635.000000 151636.000000 87558.000000 22073.000000 181824.000000 117888.000000 52416.000000 95232.000000 30720.000000 0.000000 0.000000 0.000000 8800.000000 0.000000 57344.000000 39442.000000 0.000000 91008.000000 30534.000000 139013.000000 73528.000000 82020.000000 17398.000000 0.000000 2160.000000 
51
0.000000 0.000000 0.000000 0.000000 0.000000 63468.000000 0.000000 112444.000000 48830.000000 0.000000 90624.000000 26048.000000 122880.000000 55296.000000 0.000000 0.000000 0.000000 0.000000 22740.000000 52800.000000 14000.000000 101432.000000 35992.000000 0.000000 0.000000 0.000000 0.000000 0.000000 49152.000000 0.000000 8800.000000 155887.000000 98365.000000 32880.000000 2400.000000 0.000000 63468.000000 151636.000000 87558.000000 22073.000000 180928.000000 116992.000000 51520.000000 95232.000000 30720.000000 0.000000 0.000000 0.000000 8800.000000 0.000000 57344.000000 39441.000000 0.000000 90911.000000 30534.000000 138638.000000 75024.000000 82765.000000 18894.000000 0.000000 2520.000000 
52
0.000000 0.000000 0.000000 0.000000 0.000000 68365.000000 6433.000000 112847.000000 47362.000000 0.000000 90624.000000 26048.000000 0.000000 0.000000 0.000000 0.000000 0.000000 0.000000 19224.000000 47078.000000 122211.000000 63375.000000 22657.000000 366592.000000 310196.000000 243892.000000 179956.000000 114740.000000 50676.000000 0.000000 8800.000000 202540.000000 145155.000000 79670.000000 17812.000000 0.000000 63532.000000 144148.000000 79326.000000 13841.000000 183296.000000 174004.000000 109428.000000 44340.000000 47992.000000 355903.000000 291463.000000 227023.000000 162583.000000 98143.000000 29385.000000 36849.000000 0.000000 89850.000000 30534.000000 139041.000000 73556.000000 92834.000000 28652.000000 0.000000 99328.000000 
53
0.000000 0.000000 0.000000 0.000000 0.000000 68301.000000 288.000000 113179.000000 47694.000000 0.000000 89152.000000 27584.000000 0.000000 0.000000 0.000000 0.000000 0.000000 0.000000 18546.000000 46596.000000 122211.000000 63374.000000 22032.000000 366592.000000 310196.000000 243892.000000 179956.000000 114740.000000 50676.000000 0.000000 8800.000000 203194.000000 145312.000000 79827.000000 17569.000000 0.000000 63468.000000 144148.000000 79326.000000 13841.000000 183296.000000 174008.000000 109432.000000 44344.000000 49320.000000 361039.000000 288544.000000 224104.000000 159664.000000 95224.000000 28450.000000 36602.000000 0.000000 89850.000000 30534.000000 139013.000000 73528.000000 88773.000000 24882.000000 0.000000 101376.000000 
54
0.000000 0.000000 0.000000 0.000000 0.000000 68301.000000 192.000000 112819.000000 47334.000000 0.000000 89152.000000 27072.000000 0.000000 0.000000 0.000000 0.000000 0.000000 0.000000 18546.000000 46596.000000 122359.000000 63714.000000 23056.000000 366592.000000 310196.000000 243892.000000 179956.000000 114740.000000 50676.000000 0.000000 8800.000000 202689.000000 144781.000000 79296.000000 17813.000000 0.000000 63468.000000 144671.000000 79326.000000 13841.000000 184192.000000 173266.000000 107796.000000 45524.000000 48779.000000 354857.000000 290417.000000 225977.000000 161537.000000 97097.000000 29388.000000 36782.000000 0.000000 89657.000000 30534.000000 139013.000000 73528.000000 93510.000000 24882.000000 0.000000 101376.000000 
55
0.000000 0.000000 0.000000 0.000000 0.000000 68301.000000 288.000000 112444.000000 48830.000000 0.000000 90624.000000 26048.000000 0.000000 0.000000 0.000000 0.000000 0.000000 0.000000 19224.000000 47078.000000 121611.000000 63686.000000 22032.000000 365120.000000 310464.000000 244160.000000 180224.000000 114112.000000 50560.000000 0.000000 8800.000000 202540.000000 145155.000000 79670.000000 17812.000000 0.000000 63468.000000 143923.000000 78578.000000 13093.000000 183296.000000 174048.000000 108576.000000 44384.000000 47888.000000 354033.000000 289593.000000 225153.000000 160713.000000 96273.000000 28450.000000 41162.000000 0.000000 90873.000000 29293.000000 138998.000000 73513.000000 93559.000000 24867.000000 0.000000 101376.000000 
56
0.000000 0.000000 0.000000 0.000000 0.000000 68301.000000 288.000000 112819.000000 47334.000000 0.000000 90624.000000 26048.000000 0.000000 0.000000 0.000000 0.000000 0.000000 0.000000 18628.000000 46596.000000 122211.000000 63369.000000 22032.000000 366592.000000 310196.000000 243892.000000 179956.000000 114740.000000 50676.000000 0.000000 8800.000000 202446.000000 144923.000000 79438.000000 17180.000000 0.000000 63468.000000 152011.000000 86062.000000 22448.000000 183296.000000 174256.000000 109680.000000 44592.000000 50332.000000 361039.000000 296599.000000 232159.000000 159664.000000 95224.000000 29385.000000 38825.000000 0.000000 90969.000000 29292.000000 138653.000000 73168.000000 204885.000000 142056.000000 79227.000000 8808.000000 
57
0.000000 0.000000 0.000000 0.000000 0.000000 68301.000000 192.000000 112459.000000 46974.000000 0.000000 89152.000000 27584.000000 0.000000 0.000000 0.000000 0.000000 0.000000 0.000000 18546.000000 46210.000000 122211.000000 63019.000000 22033.000000 366592.000000 310196.000000 243892.000000 179956.000000 114740.000000 50676.000000 0.000000 8800.000000 202689.000000 144421.000000 78936.000000 18201.000000 0.000000 63468.000000 151263.000000 85314.000000 21700.000000 184192.000000 173493.000000 108023.000000 44343.000000 48915.000000 354971.000000 290531.000000 226091.000000 161651.000000 97211.000000 29388.000000 38578.000000 0.000000 89754.000000 30534.000000 138653.000000 73168.000000 208438.000000 145609.000000 82780.000000 12548.000000 
58
0.000000 0.000000 0.000000 0.000000 0.000000 68365.000000 6433.000000 112804.000000 47319.000000 0.000000 89152.000000 27072.000000 0.000000 0.000000 0.000000 0.000000 0.000000 0.000000 19224.000000 47271.000000 121611.000000 63326.000000 22256.000000 366592.000000 310196.000000 243892.000000 179956.000000 114740.000000 50676.000000 0.000000 8800.000000 202540.000000 144795.000000 79310.000000 18200.000000 0.000000 63468.000000 151636.000000 85687.000000 22073.000000 184192.000000 174245.000000 108773.000000 45093.000000 49784.000000 354854.000000 290414.000000 225974.000000 161534.000000 97094.000000 30320.000000 41162.000000 0.000000 89657.000000 30534.000000 138998.000000 73513.000000 204942.000000 142113.000000 79284.000000 8780.000000 
59
0.000000 0.000000 0.000000 0.000000 0.000000 68301.000000 192.000000 112084.000000 48470.000000 0.000000 90624.000000 26048.000000 0.000000 0.000000 0.000000 0.000000 0.000000 0.000000 19224.000000 47271.000000 121611.000000 63326.000000 21232.000000 365120.000000 310464.000000 244160.000000 180224.000000 114112.000000 50560.000000 0.000000 8800.000000 202165.000000 144900.000000 79415.000000 17532.000000 0.000000 63532.000000 151636.000000 85687.000000 22073.000000 183296.000000 174244.000000 108772.000000 44580.000000 48788.000000 354968.000000 290528.000000 226088.000000 161648.000000 97208.000000 30320.000000 41162.000000 0.000000 89657.000000 30534.000000 138638.000000 73153.000000 208423.000000 145594.000000 82765.000000 12160.000000 
60
0.000000 0.000000 0.000000 0.000000 0.000000 68301.000000 288.000000 112819.000000 47334.000000 0.000000 90624.000000 26048.000000 0.000000 0.000000 0.000000 0.000000 0.000000 0.000000 18950.000000 0.000000 122211.000000 63369.000000 21632.000000 366592.000000 309616.000000 243312.000000 179376.000000 114160.000000 50096.000000 0.000000 8800.000000 756018.000000 695556.000000 632727.000000 568665.000000 524448.000000 583179.000000 517421.000000 449759.000000 386930.000000 324101.000000 311954.000000 246773.000000 182582.000000 187841.000000 530935.000000 466495.000000 402055.000000 329560.000000 265120.000000 201156.000000 188145.000000 121885.000000 176186.000000 116390.000000 221995.000000 158381.000000 170123.000000 102251.000000 36496.000000 2520.000000 
61
0.000000 0.000000 0.000000 0.000000 0.000000 68301.000000 192.000000 112459.000000 46974.000000 0.000000 89152.000000 27584.000000 0.000000 0.000000 0.000000 0.000000 0.000000 0.000000 18436.000000 0.000000 122211.000000 63019.000000 21633.000000 366592.000000 309616.000000 243312.000000 179376.000000 114160.000000 50096.000000 0.000000 8800.000000 756387.000000 695451.000000 632622.000000 568960.000000 524551.000000 583186.000000 517318.000000 454489.000000 386827.000000 323998.000000 311068.000000 246670.000000 182485.000000 187729.000000 529081.000000 464641.000000 400201.000000 335761.000000 271321.000000 201286.000000 180947.000000 116175.000000 175820.000000 113991.000000 223019.000000 157534.000000 171979.000000 103275.000000 37617.000000 2520.000000 
62
0.000000 0.000000 0.000000 0.000000 0.000000 68365.000000 6433.000000 112804.000000 47319.000000 0.000000 89152.000000 27072.000000 0.000000 0.000000 0.000000 0.000000 0.000000 0.000000 19032.000000 0.000000 121611.000000 63326.000000 22656.000000 364224.000000 309568.000000 243264.000000 179328.000000 114112.000000 50048.000000 0.000000 8800.000000 756564.000000 695622.000000 632793.000000 568731.000000 524470.000000 583201.000000 517237.000000 454408.000000 386746.000000 323917.000000 311770.000000 251422.000000 183723.000000 187915.000000 530319.000000 465879.000000 401439.000000 336999.000000 264504.000000 200540.000000 187307.000000 123026.000000 176073.000000 111642.000000 222000.000000 156515.000000 170960.000000 102256.000000 37231.000000 2520.000000 
63
0.000000 0.000000 0.000000 0.000000 0.000000 68301.000000 192.000000 112084.000000 48470.000000 0.000000 90624.000000 26048.000000 0.000000 0.000000 0.000000 0.000000 0.000000 0.000000 19032.000000 0.000000 121611.000000 63326.000000 21632.000000 365120.000000 309884.000000 243580.000000 179644.000000 113532.000000 49980.000000 0.000000 8800.000000 756377.000000 695555.000000 632726.000000 569064.000000 524448.000000 582955.000000 517432.000000 449770.000000 386941.000000 324112.000000 311965.000000 246784.000000 182609.000000 189232.000000 529092.000000 464652.000000 400212.000000 335772.000000 271332.000000 199313.000000 183189.000000 118170.000000 176522.000000 114840.000000 223117.000000 159503.000000 170348.000000 101502.000000 35720.000000 2520.000000 
64
0.000000 0.000000 0.000000 0.000000 0.000000 68301.000000 288.000000 112459.000000 46974.000000 0.000000 90624.000000 26048.000000 0.000000 0.000000 0.000000 0.000000 0.000000 0.000000 19224.000000 12290.000000 122211.000000 63369.000000 21632.000000 366592.000000 309616.000000 243312.000000 179376.000000 114160.000000 50096.000000 0.000000 8800.000000 231235.000000 173531.000000 109917.000000 46000.000000 2800.000000 63532.000000 152011.000000 87933.000000 22448.000000 183296.000000 175056.000000 110480.000000 45392.000000 50796.000000 360104.000000 295664.000000 231224.000000 158729.000000 94289.000000 28450.000000 48458.000000 0.000000 91008.000000 30534.000000 138653.000000 73168.000000 81435.000000 17038.000000 0.000000 2520.000000 
65
0.000000 0.000000 0.000000 0.000000 0.000000 68365.000000 6433.000000 112459.000000 46974.000000 0.000000 89152.000000 27584.000000 0.000000 0.000000 0.000000 0.000000 0.000000 0.000000 19320.000000 12290.000000 122211.000000 63019.000000 21633.000000 366592.000000 309616.000000 243312.000000 179376.000000 114160.000000 50096.000000 0.000000 8800.000000 232312.000000 173725.000000 110111.000000 46000.000000 0.000000 63468.000000 151263.000000 87185.000000 21700.000000 184192.000000 174297.000000 112091.000000 46555.000000 51795.000000 360809.000000 296369.000000 231929.000000 159434.000000 94994.000000 29388.000000 48373.000000 0.000000 90911.000000 30534.000000 138293.000000 72808.000000 82420.000000 18549.000000 0.000000 2160.000000 
66
0.000000 0.000000 0.000000 0.000000 0.000000 68301.000000 96.000000 112444.000000 46959.000000 0.000000 89152.000000 27072.000000 0.000000 0.000000 0.000000 0.000000 0.000000 0.000000 19142.000000 12290.000000 121611.000000 63326.000000 22656.000000 364224.000000 309568.000000 243264.000000 179328.000000 114112.000000 50048.000000 0.000000 8800.000000 231339.000000 173740.000000 108255.000000 50000.000000 2800.000000 63468.000000 151636.000000 87558.000000 22073.000000 184192.000000 175060.000000 109588.000000 45908.000000 51024.000000 357967.000000 293527.000000 221032.000000 156592.000000 92152.000000 26313.000000 48554.000000 0.000000 92223.000000 29292.000000 138638.000000 73153.000000 82765.000000 17023.000000 0.000000 2160.000000 
67
0.000000 0.000000 0.000000 0.000000 0.000000 68301.000000 192.000000 112056.000000 48442.000000 0.000000 90624.000000 26048.000000 0.000000 0.000000 0.000000 0.000000 0.000000 0.000000 18532.000000 12290.000000 121611.000000 63326.000000 21632.000000 365120.000000 309884.000000 243580.000000 179644.000000 113532.000000 49980.000000 0.000000 8800.000000 232087.000000 173534.000000 108049.000000 50000.000000 0.000000 63468.000000 151636.000000 87558.000000 22073.000000 183296.000000 175056.000000 112848.000000 45392.000000 49252.000000 353919.000000 289479.000000 225039.000000 160599.000000 96159.000000 29385.000000 48307.000000 0.000000 90911.000000 30534.000000 138610.000000 74996.000000 81521.000000 16995.000000 0.000000 2160.000000 
68
0.000000 0.000000 0.000000 0.000000 0.000000 68301.000000 288.000000 112459.000000 46974.000000 0.000000 90624.000000 26048.000000 0.000000 0.000000 0.000000 0.000000 0.000000 0.000000 19224.000000 0.000000 77082.000000 18437.000000 12288.000000 366592.000000 309616.000000 243312.000000 179376.000000 114160.000000 50096.000000 0.000000 8800.000000 155739.000000 97780.000000 32295.000000 2800.000000 0.000000 63468.000000 152011.000000 87933.000000 22448.000000 180928.000000 175056.000000 110480.000000 43984.000000 49176.000000 429311.000000 364871.000000 300431.000000 235991.000000 171551.000000 103500.000000 94627.000000 36855.000000 91104.000000 30342.000000 136782.000000 73168.000000 80909.000000 17038.000000 82944.000000 17408.000000 
69
0.000000 0.000000 0.000000 0.000000 0.000000 68365.000000 6433.000000 112459.000000 46974.000000 0.000000 89152.000000 27072.000000 0.000000 0.000000 0.000000 0.000000 0.000000 0.000000 19224.000000 0.000000 77455.000000 18095.000000 11264.000000 366592.000000 309616.000000 243312.000000 179376.000000 114160.000000 50096.000000 0.000000 8800.000000 155739.000000 96029.000000 32415.000000 2800.000000 0.000000 63468.000000 151263.000000 87185.000000 21700.000000 181824.000000 174296.000000 108824.000000 45144.000000 47652.000000 430360.000000 365920.000000 301480.000000 237040.000000 172600.000000 104549.000000 94406.000000 30745.000000 92223.000000 29292.000000 136422.000000 72808.000000 84262.000000 14807.000000 82944.000000 17408.000000 
70
0.000000 0.000000 0.000000 0.000000 0.000000 68301.000000 96.000000 112444.000000 46959.000000 0.000000 89152.000000 27072.000000 0.000000 0.000000 0.000000 0.000000 0.000000 0.000000 19238.000000 0.000000 77455.000000 18094.000000 11264.000000 364224.000000 309568.000000 243264.000000 179328.000000 114112.000000 50560.000000 0.000000 8800.000000 154016.000000 95894.000000 32280.000000 2400.000000 0.000000 63532.000000 151636.000000 87558.000000 22073.000000 181824.000000 174276.000000 108806.000000 45126.000000 49066.000000 429308.000000 364868.000000 300428.000000 235988.000000 171548.000000 103616.000000 94587.000000 30929.000000 90911.000000 30630.000000 138638.000000 73153.000000 79453.000000 14404.000000 82944.000000 17408.000000 
71
0.000000 0.000000 0.000000 0.000000 0.000000 68301.000000 192.000000 112056.000000 48442.000000 0.000000 90624.000000 26048.000000 0.000000 0.000000 0.000000 0.000000 0.000000 0.000000 18532.000000 0.000000 76707.000000 18422.000000 11264.000000 365120.000000 309884.000000 243580.000000 179644.000000 113532.000000 48956.000000 0.000000 8800.000000 153791.000000 97743.000000 32258.000000 2400.000000 0.000000 58635.000000 151411.000000 86810.000000 21325.000000 180928.000000 175056.000000 109584.000000 43984.000000 49068.000000 426239.000000 361799.000000 297359.000000 232919.000000 168479.000000 100428.000000 94587.000000 30928.000000 90815.000000 30630.000000 138610.000000 73125.000000 80866.000000 16995.000000 82944.000000 17408.000000 
72
0.000000 0.000000 0.000000 0.000000 0.000000 66765.000000 0.000000 112459.000000 46974.000000 0.000000 90624.000000 26560.000000 0.000000 0.000000 0.000000 0.000000 0.000000 0.000000 22980.000000 270648.000000 202986.000000 146997.000000 108824.000000 446538.000000 389236.000000 322932.000000 258996.000000 192692.000000 130228.000000 65908.000000 39168.000000 212064.000000 154895.000000 89410.000000 28300.000000 0.000000 61932.000000 134712.000000 69971.000000 3740.000000 183296.000000 174751.000000 110175.000000 45087.000000 49196.000000 352049.000000 287609.000000 223169.000000 158729.000000 94289.000000 26580.000000 37343.000000 0.000000 89657.000000 30246.000000 138653.000000 73168.000000 204373.000000 141544.000000 77403.000000 8060.000000 
73
0.000000 0.000000 0.000000 0.000000 0.000000 66828.000000 0.000000 112459.000000 46974.000000 0.000000 89152.000000 24192.000000 0.000000 0.000000 0.000000 0.000000 0.000000 0.000000 23028.000000 270648.000000 202986.000000 146640.000000 107843.000000 444662.000000 388293.000000 324357.000000 258053.000000 194117.000000 131013.000000 64325.000000 38016.000000 212437.000000 154794.000000 89309.000000 28226.000000 0.000000 61995.000000 135235.000000 69971.000000 4488.000000 184192.000000 173967.000000 108496.000000 44816.000000 48589.000000 349794.000000 285354.000000 220914.000000 156474.000000 92034.000000 24444.000000 37505.000000 0.000000 89657.000000 30246.000000 138293.000000 72808.000000 208078.000000 145249.000000 82420.000000 12188.000000 
74
0.000000 0.000000 0.000000 0.000000 0.000000 66765.000000 0.000000 112444.000000 46959.000000 0.000000 89152.000000 24192.000000 0.000000 0.000000 0.000000 0.000000 0.000000 0.000000 23028.000000 270648.000000 202986.000000 146640.000000 107843.000000 447029.000000 388340.000000 324404.000000 258100.000000 194164.000000 131060.000000 64372.000000 38016.000000 212212.000000 154400.000000 88915.000000 27832.000000 0.000000 61932.000000 134487.000000 69223.000000 3740.000000 184192.000000 174750.000000 109278.000000 45598.000000 48416.000000 351935.000000 287495.000000 223055.000000 158615.000000 94175.000000 25645.000000 41144.000000 0.000000 89754.000000 30246.000000 138638.000000 73153.000000 204294.000000 141465.000000 78636.000000 8420.000000 
75
0.000000 0.000000 0.000000 0.000000 0.000000 66765.000000 0.000000 112056.000000 48442.000000 0.000000 90624.000000 26560.000000 0.000000 0.000000 0.000000 0.000000 0.000000 0.000000 22994.000000 270648.000000 207819.000000 146640.000000 107843.000000 447029.000000 387760.000000 323824.000000 257520.000000 193584.000000 130992.000000 64304.000000 36864.000000 218844.000000 156393.000000 90908.000000 27823.000000 0.000000 61932.000000 134487.000000 69223.000000 3740.000000 183296.000000 174744.000000 109272.000000 45080.000000 47700.000000 353919.000000 289479.000000 225039.000000 160599.000000 96159.000000 26580.000000 41144.000000 0.000000 89657.000000 30156.000000 138610.000000 73125.000000 204362.000000 141533.000000 72559.000000 7644.000000 
76
0.000000 0.000000 0.000000 0.000000 0.000000 66765.000000 0.000000 112459.000000 46974.000000 0.000000 90624.000000 26048.000000 0.000000 0.000000 0.000000 0.000000 0.000000 0.000000 18450.000000 73740.000000 12290.000000 0.000000 12288.000000 366592.000000 309616.000000 243312.000000 179376.000000 114160.000000 49584.000000 0.000000 8800.000000 202540.000000 144561.000000 79076.000000 17218.000000 0.000000 61932.000000 135235.000000 69971.000000 4488.000000 183296.000000 173656.000000 109080.000000 43992.000000 47236.000000 349912.000000 285472.000000 221032.000000 156592.000000 92152.000000 23508.000000 37343.000000 0.000000 90911.000000 30246.000000 138653.000000 73168.000000 183858.000000 121029.000000 54458.000000 1440.000000 
77
0.000000 0.000000 0.000000 0.000000 0.000000 66765.000000 0.000000 112459.000000 46974.000000 0.000000 89152.000000 27072.000000 0.000000 0.000000 0.000000 0.000000 0.000000 0.000000 19128.000000 73740.000000 12290.000000 0.000000 11264.000000 366592.000000 309616.000000 243312.000000 179376.000000 114160.000000 49584.000000 0.000000 8800.000000 202166.000000 144781.000000 79296.000000 17413.000000 0.000000 61932.000000 134712.000000 69971.000000 3740.000000 184192.000000 173664.000000 108192.000000 44512.000000 47292.000000 352984.000000 288544.000000 224104.000000 159664.000000 95224.000000 25645.000000 37505.000000 0.000000 89657.000000 30246.000000 138293.000000 72808.000000 188523.000000 120861.000000 54098.000000 1440.000000 
78
0.000000 0.000000 0.000000 0.000000 0.000000 66765.000000 0.000000 112444.000000 46959.000000 0.000000 89152.000000 27072.000000 0.000000 0.000000 0.000000 0.000000 0.000000 0.000000 19128.000000 73740.000000 12290.000000 0.000000 11264.000000 365120.000000 309884.000000 243580.000000 179644.000000 113532.000000 49980.000000 0.000000 8800.000000 201941.000000 144153.000000 78668.000000 17185.000000 0.000000 61932.000000 134487.000000 69223.000000 3740.000000 183296.000000 172907.000000 107436.000000 44652.000000 47189.000000 350882.000000 286442.000000 222002.000000 157562.000000 93122.000000 24711.000000 41144.000000 0.000000 90911.000000 30246.000000 138638.000000 73153.000000 183843.000000 121014.000000 54443.000000 1440.000000 
79
0.000000 0.000000 0.000000 0.000000 0.000000 66828.000000 0.000000 112056.000000 48442.000000 0.000000 90624.000000 26048.000000 0.000000 0.000000 0.000000 0.000000 0.000000 0.000000 19128.000000 67595.000000 6145.000000 0.000000 11264.000000 365120.000000 309884.000000 243580.000000 179644.000000 113532.000000 49980.000000 0.000000 8800.000000 202445.000000 144796.000000 79311.000000 17053.000000 0.000000 61995.000000 134487.000000 69223.000000 3740.000000 183296.000000 173690.000000 108218.000000 44026.000000 47240.000000 352870.000000 288430.000000 223990.000000 159550.000000 95110.000000 25645.000000 41144.000000 0.000000 89754.000000 30156.000000 138610.000000 73125.000000 183686.000000 120857.000000 54415.000000 1440.000000 
