0
0.000000 1843200.000000 0.000000 1588608.000000 0.000000 67536.000000 4608.000000 19456.000000 0.000000 161304.000000 29568.000000 0.000000 4932992.000000 292128.000000 0.000000 0.000000 0.000000 0.000000 41088.000000 417856.000000 0.000000 0.000000 0.000000 0.000000 0.000000 0.000000 0.000000 0.000000 1085184.000000 6816.000000 91904.000000 3059582.000000 0.000000 1155456.000000 1027968.000000 0.000000 194048.000000 33696.000000 0.000000 0.000000 120448.000000 6889472.000000 6299648.000000 750816.000000 0.000000 26640.000000 0.000000 45312.000000 0.000000 0.000000 0.000000 3784718.000000 0.000000 0.000000 0.000000 0.000000 0.000000 80424.000000 0.000000 156096.000000 54720.000000 
1
0.000000 1843200.000000 0.000000 1588608.000000 0.000000 67536.000000 4608.000000 19456.000000 0.000000 161304.000000 29568.000000 0.000000 4932992.000000 292128.000000 0.000000 0.000000 0.000000 0.000000 41088.000000 417856.000000 0.000000 0.000000 0.000000 0.000000 0.000000 0.000000 0.000000 0.000000 1085184.000000 6816.000000 91904.000000 3059582.000000 0.000000 1155456.000000 1027968.000000 0.000000 194048.000000 33696.000000 0.000000 0.000000 120448.000000 6889472.000000 6299648.000000 750816.000000 0.000000 26640.000000 0.000000 45312.000000 0.000000 0.000000 0.000000 3784718.000000 0.000000 0.000000 0.000000 0.000000 0.000000 80424.000000 0.000000 156096.000000 54720.000000 
2
0.000000 1843200.000000 0.000000 1588608.000000 0.000000 67536.000000 4608.000000 19456.000000 0.000000 161304.000000 29568.000000 0.000000 4932992.000000 292128.000000 0.000000 0.000000 0.000000 0.000000 41088.000000 417856.000000 0.000000 0.000000 0.000000 0.000000 0.000000 0.000000 0.000000 0.000000 1085184.000000 6816.000000 91904.000000 3059582.000000 0.000000 1155456.000000 1027968.000000 0.000000 194048.000000 33696.000000 0.000000 0.000000 120448.000000 6889472.000000 6299648.000000 750816.000000 0.000000 26640.000000 0.000000 45312.000000 0.000000 0.000000 0.000000 3784718.000000 0.000000 0.000000 0.000000 0.000000 0.000000 80424.000000 0.000000 156096.000000 54720.000000 
3
0.000000 1843200.000000 0.000000 1588608.000000 0.000000 67536.000000 4608.000000 19456.000000 0.000000 161304.000000 29568.000000 0.000000 4932992.000000 292128.000000 0.000000 0.000000 0.000000 0.000000 41088.000000 417856.000000 0.000000 0.000000 0.000000 0.000000 0.000000 0.000000 0.000000 0.000000 1085184.000000 6816.000000 91904.000000 3059582.000000 0.000000 1155456.000000 1027968.000000 0.000000 194048.000000 33696.000000 0.000000 0.000000 120448.000000 6889472.000000 6299648.000000 750816.000000 0.000000 26640.000000 0.000000 45312.000000 0.000000 0.000000 0.000000 3784718.000000 0.000000 0.000000 0.000000 0.000000 0.000000 80424.000000 0.000000 156096.000000 54720.000000 
4
0.000000 1843200.000000 0.000000 1588608.000000 0.000000 67536.000000 4608.000000 19456.000000 0.000000 161304.000000 29568.000000 0.000000 4932992.000000 292128.000000 0.000000 0.000000 0.000000 0.000000 44064.000000 31488.000000 0.000000 6066176.000000 917504.000000 0.000000 0.000000 0.000000 0.000000 0.000000 511488.000000 0.000000 32000.000000 1744773.000000 0.000000 0.000000 0.000000 31440.000000 86112.000000 21248.000000 0.000000 30208.000000 79616.000000 0.000000 0.000000 792672.000000 0.000000 0.000000 0.000000 43680.000000 0.000000 40960.000000 4352.000000 0.000000 0.000000 0.000000 1825536.000000 17184.000000 0.000000 54912.000000 7424.000000 0.000000 57696.000000 
5
0.000000 1843200.000000 0.000000 1588608.000000 0.000000 67536.000000 4608.000000 19456.000000 0.000000 161304.000000 29568.000000 0.000000 4932992.000000 292128.000000 0.000000 0.000000 0.000000 0.000000 44064.000000 31488.000000 0.000000 6066176.000000 917504.000000 0.000000 0.000000 0.000000 0.000000 0.000000 511488.000000 0.000000 32000.000000 1744773.000000 0.000000 0.000000 0.000000 31440.000000 86112.000000 21248.000000 0.000000 30208.000000 79616.000000 0.000000 0.000000 792672.000000 0.000000 0.000000 0.000000 43680.000000 0.000000 40960.000000 4352.000000 0.000000 0.000000 0.000000 1825536.000000 17184.000000 0.000000 54912.000000 7424.000000 0.000000 57696.000000 
6
0.000000 1843200.000000 0.000000 1588608.000000 0.000000 67536.000000 4608.000000 19456.000000 0.000000 161304.000000 29568.000000 0.000000 4932992.000000 292128.000000 0.000000 0.000000 0.000000 0.000000 44064.000000 31488.000000 0.000000 6066176.000000 917504.000000 0.000000 0.000000 0.000000 0.000000 0.000000 511488.000000 0.000000 32000.000000 1744773.000000 0.000000 0.000000 0.000000 31440.000000 86112.000000 21248.000000 0.000000 30208.000000 79616.000000 0.000000 0.000000 792672.000000 0.000000 0.000000 0.000000 43680.000000 0.000000 40960.000000 4352.000000 0.000000 0.000000 0.000000 1825536.000000 17184.000000 0.000000 54912.000000 7424.000000 0.000000 57696.000000 
7
0.000000 1843200.000000 0.000000 1588608.000000 0.000000 67536.000000 4608.000000 19456.000000 0.000000 161304.000000 29568.000000 0.000000 4932992.000000 292128.000000 0.000000 0.000000 0.000000 0.000000 44064.000000 31488.000000 0.000000 6066176.000000 917504.000000 0.000000 0.000000 0.000000 0.000000 0.000000 511488.000000 0.000000 32000.000000 1744773.000000 0.000000 0.000000 0.000000 31440.000000 86112.000000 21248.000000 0.000000 30208.000000 79616.000000 0.000000 0.000000 792672.000000 0.000000 0.000000 0.000000 43680.000000 0.000000 40960.000000 4352.000000 0.000000 0.000000 0.000000 1825536.000000 17184.000000 0.000000 54912.000000 7424.000000 0.000000 57696.000000 
8
0.000000 1835008.000000 0.000000 1578624.000000 0.000000 169680.000000 0.000000 12288.000000 9216.000000 97944.000000 29568.000000 0.000000 2084864.000000 0.000000 0.000000 0.000000 0.000000 0.000000 63624.000000 29696.000000 0.000000 6066176.000000 917504.000000 0.000000 0.000000 0.000000 0.000000 0.000000 511488.000000 0.000000 32000.000000 1744773.000000 0.000000 0.000000 0.000000 31440.000000 83296.000000 21248.000000 0.000000 29696.000000 79616.000000 0.000000 0.000000 791616.000000 0.000000 29520.000000 0.000000 43680.000000 5376.000000 31744.000000 4352.000000 0.000000 0.000000 0.000000 1846272.000000 176640.000000 0.000000 79272.000000 7424.000000 0.000000 57696.000000 
9
0.000000 1835008.000000 0.000000 1578624.000000 0.000000 169680.000000 0.000000 12288.000000 9216.000000 97944.000000 29568.000000 0.000000 2084864.000000 0.000000 0.000000 0.000000 0.000000 0.000000 63624.000000 29696.000000 0.000000 6066176.000000 917504.000000 0.000000 0.000000 0.000000 0.000000 0.000000 511488.000000 0.000000 32000.000000 1744773.000000 0.000000 0.000000 0.000000 31440.000000 83296.000000 21248.000000 0.000000 29696.000000 79616.000000 0.000000 0.000000 791616.000000 0.000000 29520.000000 0.000000 43680.000000 5376.000000 31744.000000 4352.000000 0.000000 0.000000 0.000000 1846272.000000 176640.000000 0.000000 79272.000000 7424.000000 0.000000 57696.000000 
10
0.000000 1835008.000000 0.000000 1578624.000000 0.000000 169680.000000 0.000000 12288.000000 9216.000000 97944.000000 29568.000000 0.000000 2084864.000000 0.000000 0.000000 0.000000 0.000000 0.000000 63624.000000 29696.000000 0.000000 6066176.000000 917504.000000 0.000000 0.000000 0.000000 0.000000 0.000000 511488.000000 0.000000 32000.000000 1744773.000000 0.000000 0.000000 0.000000 31440.000000 83296.000000 21248.000000 0.000000 29696.000000 79616.000000 0.000000 0.000000 791616.000000 0.000000 29520.000000 0.000000 43680.000000 5376.000000 31744.000000 4352.000000 0.000000 0.000000 0.000000 1846272.000000 176640.000000 0.000000 79272.000000 7424.000000 0.000000 57696.000000 
11
0.000000 1835008.000000 0.000000 1578624.000000 0.000000 169680.000000 0.000000 12288.000000 9216.000000 97944.000000 29568.000000 0.000000 2084864.000000 0.000000 0.000000 0.000000 0.000000 0.000000 63624.000000 29696.000000 0.000000 6066176.000000 917504.000000 0.000000 0.000000 0.000000 0.000000 0.000000 511488.000000 0.000000 32000.000000 1744773.000000 0.000000 0.000000 0.000000 31440.000000 83296.000000 21248.000000 0.000000 29696.000000 79616.000000 0.000000 0.000000 791616.000000 0.000000 29520.000000 0.000000 43680.000000 5376.000000 31744.000000 4352.000000 0.000000 0.000000 0.000000 1846272.000000 176640.000000 0.000000 79272.000000 7424.000000 0.000000 57696.000000 
12
0.000000 1835008.000000 0.000000 1578624.000000 0.000000 169680.000000 0.000000 12288.000000 9216.000000 97944.000000 29568.000000 0.000000 2084864.000000 0.000000 0.000000 0.000000 0.000000 0.000000 63624.000000 29696.000000 0.000000 4374542.000000 0.000000 0.000000 0.000000 0.000000 0.000000 0.000000 510816.000000 0.000000 32000.000000 2977253.000000 0.000000 0.000000 1005888.000000 29400.000000 54720.000000 28320.000000 0.000000 5376.000000 147264.000000 2647808.000000 0.000000 0.000000 0.000000 0.000000 0.000000 107456.000000 0.000000 0.000000 0.000000 3735552.000000 0.000000 0.000000 0.000000 0.000000 0.000000 179752.000000 0.000000 157920.000000 51744.000000 
13
0.000000 1835008.000000 0.000000 1578624.000000 0.000000 169680.000000 0.000000 12288.000000 9216.000000 97944.000000 29568.000000 0.000000 2084864.000000 0.000000 0.000000 0.000000 0.000000 0.000000 63624.000000 29696.000000 0.000000 4374542.000000 0.000000 0.000000 0.000000 0.000000 0.000000 0.000000 510816.000000 0.000000 32000.000000 2977253.000000 0.000000 0.000000 1005888.000000 29400.000000 54720.000000 28320.000000 0.000000 5376.000000 147264.000000 2647808.000000 0.000000 0.000000 0.000000 0.000000 0.000000 107456.000000 0.000000 0.000000 0.000000 3735552.000000 0.000000 0.000000 0.000000 0.000000 0.000000 179752.000000 0.000000 157920.000000 51744.000000 
14
0.000000 1835008.000000 0.000000 1578624.000000 0.000000 169680.000000 0.000000 12288.000000 9216.000000 97944.000000 29568.000000 0.000000 2084864.000000 0.000000 0.000000 0.000000 0.000000 0.000000 63624.000000 29696.000000 0.000000 4374542.000000 0.000000 0.000000 0.000000 0.000000 0.000000 0.000000 510816.000000 0.000000 32000.000000 2977253.000000 0.000000 0.000000 1005888.000000 29400.000000 54720.000000 28320.000000 0.000000 5376.000000 147264.000000 2647808.000000 0.000000 0.000000 0.000000 0.000000 0.000000 107456.000000 0.000000 0.000000 0.000000 3735552.000000 0.000000 0.000000 0.000000 0.000000 0.000000 179752.000000 0.000000 157920.000000 51744.000000 
15
0.000000 1835008.000000 0.000000 1578624.000000 0.000000 169680.000000 0.000000 12288.000000 9216.000000 97944.000000 29568.000000 0.000000 2084864.000000 0.000000 0.000000 0.000000 0.000000 0.000000 63624.000000 29696.000000 0.000000 4374542.000000 0.000000 0.000000 0.000000 0.000000 0.000000 0.000000 510816.000000 0.000000 32000.000000 2977253.000000 0.000000 0.000000 1005888.000000 29400.000000 54720.000000 28320.000000 0.000000 5376.000000 147264.000000 2647808.000000 0.000000 0.000000 0.000000 0.000000 0.000000 107456.000000 0.000000 0.000000 0.000000 3735552.000000 0.000000 0.000000 0.000000 0.000000 0.000000 179752.000000 0.000000 157920.000000 51744.000000 
16
0.000000 1835008.000000 0.000000 1578624.000000 0.000000 67440.000000 4608.000000 20480.000000 0.000000 188472.000000 29568.000000 0.000000 1861504.000000 0.000000 0.000000 0.000000 0.000000 0.000000 63624.000000 21504.000000 27152.000000 0.000000 0.000000 8192.000000 0.000000 0.000000 0.000000 0.000000 916320.000000 0.000000 32000.000000 2894924.000000 0.000000 0.000000 12960.000000 28560.000000 62464.000000 26496.000000 0.000000 3840.000000 86016.000000 2738926.000000 0.000000 0.000000 0.000000 0.000000 0.000000 43008.000000 0.000000 0.000000 0.000000 3686400.000000 0.000000 0.000000 0.000000 0.000000 0.000000 87208.000000 0.000000 76800.000000 48960.000000 
17
0.000000 1835008.000000 0.000000 1578624.000000 0.000000 67440.000000 4608.000000 20480.000000 0.000000 188472.000000 29568.000000 0.000000 1861504.000000 0.000000 0.000000 0.000000 0.000000 0.000000 63624.000000 21504.000000 27152.000000 0.000000 0.000000 8192.000000 0.000000 0.000000 0.000000 0.000000 916320.000000 0.000000 32000.000000 2894924.000000 0.000000 0.000000 12960.000000 28560.000000 62464.000000 26496.000000 0.000000 3840.000000 86016.000000 2738926.000000 0.000000 0.000000 0.000000 0.000000 0.000000 43008.000000 0.000000 0.000000 0.000000 3686400.000000 0.000000 0.000000 0.000000 0.000000 0.000000 87208.000000 0.000000 76800.000000 48960.000000 
18
0.000000 1835008.000000 0.000000 1578624.000000 0.000000 67440.000000 4608.000000 20480.000000 0.000000 188472.000000 29568.000000 0.000000 1861504.000000 0.000000 0.000000 0.000000 0.000000 0.000000 63624.000000 21504.000000 27152.000000 0.000000 0.000000 8192.000000 0.000000 0.000000 0.000000 0.000000 916320.000000 0.000000 32000.000000 2894924.000000 0.000000 0.000000 12960.000000 28560.000000 62464.000000 26496.000000 0.000000 3840.000000 86016.000000 2738926.000000 0.000000 0.000000 0.000000 0.000000 0.000000 43008.000000 0.000000 0.000000 0.000000 3686400.000000 0.000000 0.000000 0.000000 0.000000 0.000000 87208.000000 0.000000 76800.000000 48960.000000 
19
0.000000 1835008.000000 0.000000 1578624.000000 0.000000 67440.000000 4608.000000 20480.000000 0.000000 188472.000000 29568.000000 0.000000 1861504.000000 0.000000 0.000000 0.000000 0.000000 0.000000 63624.000000 21504.000000 27152.000000 0.000000 0.000000 8192.000000 0.000000 0.000000 0.000000 0.000000 916320.000000 0.000000 32000.000000 2894924.000000 0.000000 0.000000 12960.000000 28560.000000 62464.000000 26496.000000 0.000000 3840.000000 86016.000000 2738926.000000 0.000000 0.000000 0.000000 0.000000 0.000000 43008.000000 0.000000 0.000000 0.000000 3686400.000000 0.000000 0.000000 0.000000 0.000000 0.000000 87208.000000 0.000000 76800.000000 48960.000000 
20
0.000000 1835008.000000 0.000000 1578624.000000 0.000000 75632.000000 4608.000000 20480.000000 0.000000 188472.000000 29568.000000 0.000000 1805952.000000 0.000000 0.000000 0.000000 0.000000 0.000000 65928.000000 21504.000000 24464.000000 0.000000 0.000000 8192.000000 0.000000 0.000000 0.000000 0.000000 916320.000000 0.000000 32000.000000 3012888.000000 0.000000 1135872.000000 1006944.000000 0.000000 176256.000000 29472.000000 0.000000 3456.000000 221856.000000 1836992.000000 0.000000 0.000000 0.000000 29280.000000 0.000000 116608.000000 0.000000 0.000000 0.000000 3346432.000000 0.000000 0.000000 1766784.000000 216384.000000 0.000000 208952.000000 0.000000 199968.000000 52992.000000 
21
0.000000 1835008.000000 0.000000 1578624.000000 0.000000 75632.000000 4608.000000 20480.000000 0.000000 188472.000000 29568.000000 0.000000 1805952.000000 0.000000 0.000000 0.000000 0.000000 0.000000 65928.000000 21504.000000 24464.000000 0.000000 0.000000 8192.000000 0.000000 0.000000 0.000000 0.000000 916320.000000 0.000000 32000.000000 3012888.000000 0.000000 1135872.000000 1006944.000000 0.000000 176256.000000 29472.000000 0.000000 3456.000000 221856.000000 1836992.000000 0.000000 0.000000 0.000000 29280.000000 0.000000 116608.000000 0.000000 0.000000 0.000000 3346432.000000 0.000000 0.000000 1766784.000000 216384.000000 0.000000 208952.000000 0.000000 199968.000000 52992.000000 
22
0.000000 1835008.000000 0.000000 1578624.000000 0.000000 75632.000000 4608.000000 20480.000000 0.000000 188472.000000 29568.000000 0.000000 1805952.000000 0.000000 0.000000 0.000000 0.000000 0.000000 65928.000000 21504.000000 24464.000000 0.000000 0.000000 8192.000000 0.000000 0.000000 0.000000 0.000000 916320.000000 0.000000 32000.000000 3012888.000000 0.000000 1135872.000000 1006944.000000 0.000000 176256.000000 29472.000000 0.000000 3456.000000 221856.000000 1836992.000000 0.000000 0.000000 0.000000 29280.000000 0.000000 116608.000000 0.000000 0.000000 0.000000 3346432.000000 0.000000 0.000000 1766784.000000 216384.000000 0.000000 208952.000000 0.000000 199968.000000 52992.000000 
23
0.000000 1835008.000000 0.000000 1578624.000000 0.000000 75632.000000 4608.000000 20480.000000 0.000000 188472.000000 29568.000000 0.000000 1805952.000000 0.000000 0.000000 0.000000 0.000000 0.000000 65928.000000 21504.000000 24464.000000 0.000000 0.000000 8192.000000 0.000000 0.000000 0.000000 0.000000 916320.000000 0.000000 32000.000000 3012888.000000 0.000000 1135872.000000 1006944.000000 0.000000 176256.000000 29472.000000 0.000000 3456.000000 221856.000000 1836992.000000 0.000000 0.000000 0.000000 29280.000000 0.000000 116608.000000 0.000000 0.000000 0.000000 3346432.000000 0.000000 0.000000 1766784.000000 216384.000000 0.000000 208952.000000 0.000000 199968.000000 52992.000000 
24
0.000000 1830916.000000 0.000000 618624.000000 0.000000 67800.000000 4608.000000 9216.000000 9216.000000 69184.000000 29568.000000 0.000000 1750528.000000 0.000000 0.000000 0.000000 0.000000 0.000000 62856.000000 0.000000 31184.000000 0.000000 0.000000 8192.000000 0.000000 0.000000 0.000000 0.000000 1085184.000000 6912.000000 92928.000000 1744772.000000 0.000000 0.000000 0.000000 31440.000000 83296.000000 21248.000000 0.000000 29696.000000 79616.000000 0.000000 0.000000 791616.000000 0.000000 29760.000000 0.000000 43680.000000 5376.000000 31744.000000 4352.000000 0.000000 0.000000 0.000000 1846272.000000 186432.000000 0.000000 79392.000000 7424.000000 0.000000 60928.000000 
25
0.000000 1830916.000000 0.000000 618624.000000 0.000000 67800.000000 4608.000000 9216.000000 9216.000000 69184.000000 29568.000000 0.000000 1750528.000000 0.000000 0.000000 0.000000 0.000000 0.000000 62856.000000 0.000000 31184.000000 0.000000 0.000000 8192.000000 0.000000 0.000000 0.000000 0.000000 1085184.000000 6912.000000 92928.000000 1744772.000000 0.000000 0.000000 0.000000 31440.000000 83296.000000 21248.000000 0.000000 29696.000000 79616.000000 0.000000 0.000000 791616.000000 0.000000 29760.000000 0.000000 43680.000000 5376.000000 31744.000000 4352.000000 0.000000 0.000000 0.000000 1846272.000000 186432.000000 0.000000 79392.000000 7424.000000 0.000000 60928.000000 
26
0.000000 1830916.000000 0.000000 618624.000000 0.000000 67800.000000 4608.000000 9216.000000 9216.000000 69184.000000 29568.000000 0.000000 1750528.000000 0.000000 0.000000 0.000000 0.000000 0.000000 62856.000000 0.000000 31184.000000 0.000000 0.000000 8192.000000 0.000000 0.000000 0.000000 0.000000 1085184.000000 6912.000000 92928.000000 1744772.000000 0.000000 0.000000 0.000000 31440.000000 83296.000000 21248.000000 0.000000 29696.000000 79616.000000 0.000000 0.000000 791616.000000 0.000000 29760.000000 0.000000 43680.000000 5376.000000 31744.000000 4352.000000 0.000000 0.000000 0.000000 1846272.000000 186432.000000 0.000000 79392.000000 7424.000000 0.000000 60928.000000 
27
0.000000 1830916.000000 0.000000 618624.000000 0.000000 67800.000000 4608.000000 9216.000000 9216.000000 69184.000000 29568.000000 0.000000 1750528.000000 0.000000 0.000000 0.000000 0.000000 0.000000 62856.000000 0.000000 31184.000000 0.000000 0.000000 8192.000000 0.000000 0.000000 0.000000 0.000000 1085184.000000 6912.000000 92928.000000 1744772.000000 0.000000 0.000000 0.000000 31440.000000 83296.000000 21248.000000 0.000000 29696.000000 79616.000000 0.000000 0.000000 791616.000000 0.000000 29760.000000 0.000000 43680.000000 5376.000000 31744.000000 4352.000000 0.000000 0.000000 0.000000 1846272.000000 186432.000000 0.000000 79392.000000 7424.000000 0.000000 60928.000000 
28
0.000000 1830916.000000 0.000000 618624.000000 0.000000 67800.000000 4608.000000 9216.000000 9216.000000 69184.000000 29568.000000 0.000000 1750528.000000 0.000000 0.000000 0.000000 0.000000 0.000000 62856.000000 21504.000000 31184.000000 0.000000 0.000000 8192.000000 0.000000 0.000000 0.000000 0.000000 1085184.000000 6912.000000 92928.000000 3043198.000000 0.000000 1168512.000000 1041888.000000 0.000000 64608.000000 39648.000000 0.000000 0.000000 35584.000000 0.000000 0.000000 772320.000000 0.000000 0.000000 0.000000 148928.000000 0.000000 0.000000 0.000000 3796992.000000 0.000000 0.000000 0.000000 0.000000 0.000000 80856.000000 0.000000 178176.000000 55776.000000 
29
0.000000 1830916.000000 0.000000 618624.000000 0.000000 67800.000000 4608.000000 9216.000000 9216.000000 69184.000000 29568.000000 0.000000 1750528.000000 0.000000 0.000000 0.000000 0.000000 0.000000 62856.000000 21504.000000 31184.000000 0.000000 0.000000 8192.000000 0.000000 0.000000 0.000000 0.000000 1085184.000000 6912.000000 92928.000000 3043198.000000 0.000000 1168512.000000 1041888.000000 0.000000 64608.000000 39648.000000 0.000000 0.000000 35584.000000 0.000000 0.000000 772320.000000 0.000000 0.000000 0.000000 148928.000000 0.000000 0.000000 0.000000 3796992.000000 0.000000 0.000000 0.000000 0.000000 0.000000 80856.000000 0.000000 178176.000000 55776.000000 
30
0.000000 1830916.000000 0.000000 618624.000000 0.000000 67800.000000 4608.000000 9216.000000 9216.000000 69184.000000 29568.000000 0.000000 1750528.000000 0.000000 0.000000 0.000000 0.000000 0.000000 62856.000000 21504.000000 31184.000000 0.000000 0.000000 8192.000000 0.000000 0.000000 0.000000 0.000000 1085184.000000 6912.000000 92928.000000 3043198.000000 0.000000 1168512.000000 1041888.000000 0.000000 64608.000000 39648.000000 0.000000 0.000000 35584.000000 0.000000 0.000000 772320.000000 0.000000 0.000000 0.000000 148928.000000 0.000000 0.000000 0.000000 3796992.000000 0.000000 0.000000 0.000000 0.000000 0.000000 80856.000000 0.000000 178176.000000 55776.000000 
31
0.000000 1830916.000000 0.000000 618624.000000 0.000000 67800.000000 4608.000000 9216.000000 9216.000000 69184.000000 29568.000000 0.000000 1750528.000000 0.000000 0.000000 0.000000 0.000000 0.000000 62856.000000 21504.000000 31184.000000 0.000000 0.000000 8192.000000 0.000000 0.000000 0.000000 0.000000 1085184.000000 6912.000000 92928.000000 3043198.000000 0.000000 1168512.000000 1041888.000000 0.000000 64608.000000 39648.000000 0.000000 0.000000 35584.000000 0.000000 0.000000 772320.000000 0.000000 0.000000 0.000000 148928.000000 0.000000 0.000000 0.000000 3796992.000000 0.000000 0.000000 0.000000 0.000000 0.000000 80856.000000 0.000000 178176.000000 55776.000000 
32
0.000000 1830915.000000 0.000000 618624.000000 0.000000 67800.000000 4608.000000 9216.000000 9216.000000 69184.000000 29440.000000 0.000000 1750528.000000 0.000000 0.000000 0.000000 0.000000 0.000000 62856.000000 21504.000000 31184.000000 0.000000 0.000000 8192.000000 0.000000 0.000000 0.000000 0.000000 1085184.000000 6912.000000 92928.000000 72416.000000 0.000000 1194624.000000 1060800.000000 31080.000000 83296.000000 21248.000000 29696.000000 19456.000000 79104.000000 0.000000 0.000000 792096.000000 0.000000 16320.000000 0.000000 43680.000000 5376.000000 38912.000000 4352.000000 0.000000 0.000000 0.000000 1894656.000000 138720.000000 0.000000 79392.000000 7424.000000 0.000000 60416.000000 
33
0.000000 1830915.000000 0.000000 618624.000000 0.000000 67800.000000 4608.000000 9216.000000 9216.000000 69184.000000 29440.000000 0.000000 1750528.000000 0.000000 0.000000 0.000000 0.000000 0.000000 62856.000000 21504.000000 31184.000000 0.000000 0.000000 8192.000000 0.000000 0.000000 0.000000 0.000000 1085184.000000 6912.000000 92928.000000 72416.000000 0.000000 1194624.000000 1060800.000000 31080.000000 83296.000000 21248.000000 29696.000000 19456.000000 79104.000000 0.000000 0.000000 792096.000000 0.000000 16320.000000 0.000000 43680.000000 5376.000000 38912.000000 4352.000000 0.000000 0.000000 0.000000 1894656.000000 138720.000000 0.000000 79392.000000 7424.000000 0.000000 60416.000000 
34
0.000000 1830915.000000 0.000000 618624.000000 0.000000 67800.000000 4608.000000 9216.000000 9216.000000 69184.000000 29440.000000 0.000000 1750528.000000 0.000000 0.000000 0.000000 0.000000 0.000000 62856.000000 21504.000000 31184.000000 0.000000 0.000000 8192.000000 0.000000 0.000000 0.000000 0.000000 1085184.000000 6912.000000 92928.000000 72416.000000 0.000000 1194624.000000 1060800.000000 31080.000000 83296.000000 21248.000000 29696.000000 19456.000000 79104.000000 0.000000 0.000000 792096.000000 0.000000 16320.000000 0.000000 43680.000000 5376.000000 38912.000000 4352.000000 0.000000 0.000000 0.000000 1894656.000000 138720.000000 0.000000 79392.000000 7424.000000 0.000000 60416.000000 
35
0.000000 1830915.000000 0.000000 618624.000000 0.000000 67800.000000 4608.000000 9216.000000 9216.000000 69184.000000 29440.000000 0.000000 1750528.000000 0.000000 0.000000 0.000000 0.000000 0.000000 62856.000000 21504.000000 31184.000000 0.000000 0.000000 8192.000000 0.000000 0.000000 0.000000 0.000000 1085184.000000 6912.000000 92928.000000 72416.000000 0.000000 1194624.000000 1060800.000000 31080.000000 83296.000000 21248.000000 29696.000000 19456.000000 79104.000000 0.000000 0.000000 792096.000000 0.000000 16320.000000 0.000000 43680.000000 5376.000000 38912.000000 4352.000000 0.000000 0.000000 0.000000 1894656.000000 138720.000000 0.000000 79392.000000 7424.000000 0.000000 60416.000000 
36
0.000000 1830915.000000 0.000000 618624.000000 0.000000 67800.000000 4608.000000 9216.000000 9216.000000 69184.000000 29440.000000 0.000000 1750528.000000 0.000000 0.000000 0.000000 0.000000 0.000000 62856.000000 21504.000000 31184.000000 0.000000 0.000000 8192.000000 0.000000 0.000000 0.000000 0.000000 1075200.000000 6912.000000 169728.000000 239616.000000 0.000000 1194624.000000 1060608.000000 17040.000000 85600.000000 20480.000000 29696.000000 18944.000000 79104.000000 0.000000 0.000000 792288.000000 0.000000 16200.000000 0.000000 43680.000000 5376.000000 38912.000000 4352.000000 0.000000 0.000000 0.000000 1895040.000000 43776.000000 0.000000 83952.000000 7168.000000 0.000000 60416.000000 
37
0.000000 1830915.000000 0.000000 618624.000000 0.000000 67800.000000 4608.000000 9216.000000 9216.000000 69184.000000 29440.000000 0.000000 1750528.000000 0.000000 0.000000 0.000000 0.000000 0.000000 62856.000000 21504.000000 31184.000000 0.000000 0.000000 8192.000000 0.000000 0.000000 0.000000 0.000000 1075200.000000 6912.000000 169728.000000 239616.000000 0.000000 1194624.000000 1060608.000000 17040.000000 85600.000000 20480.000000 29696.000000 18944.000000 79104.000000 0.000000 0.000000 792288.000000 0.000000 16200.000000 0.000000 43680.000000 5376.000000 38912.000000 4352.000000 0.000000 0.000000 0.000000 1895040.000000 43776.000000 0.000000 83952.000000 7168.000000 0.000000 60416.000000 
38
0.000000 1830915.000000 0.000000 618624.000000 0.000000 67800.000000 4608.000000 9216.000000 9216.000000 69184.000000 29440.000000 0.000000 1750528.000000 0.000000 0.000000 0.000000 0.000000 0.000000 62856.000000 21504.000000 31184.000000 0.000000 0.000000 8192.000000 0.000000 0.000000 0.000000 0.000000 1075200.000000 6912.000000 169728.000000 239616.000000 0.000000 1194624.000000 1060608.000000 17040.000000 85600.000000 20480.000000 29696.000000 18944.000000 79104.000000 0.000000 0.000000 792288.000000 0.000000 16200.000000 0.000000 43680.000000 5376.000000 38912.000000 4352.000000 0.000000 0.000000 0.000000 1895040.000000 43776.000000 0.000000 83952.000000 7168.000000 0.000000 60416.000000 
39
0.000000 1830915.000000 0.000000 618624.000000 0.000000 67800.000000 4608.000000 9216.000000 9216.000000 69184.000000 29440.000000 0.000000 1750528.000000 0.000000 0.000000 0.000000 0.000000 0.000000 62856.000000 21504.000000 31184.000000 0.000000 0.000000 8192.000000 0.000000 0.000000 0.000000 0.000000 1075200.000000 6912.000000 169728.000000 239616.000000 0.000000 1194624.000000 1060608.000000 17040.000000 85600.000000 20480.000000 29696.000000 18944.000000 79104.000000 0.000000 0.000000 792288.000000 0.000000 16200.000000 0.000000 43680.000000 5376.000000 38912.000000 4352.000000 0.000000 0.000000 0.000000 1895040.000000 43776.000000 0.000000 83952.000000 7168.000000 0.000000 60416.000000 
40
0.000000 33792.000000 0.000000 0.000000 0.000000 459486.000000 0.000000 37440.000000 0.000000 101760.000000 29440.000000 0.000000 1629959.000000 0.000000 0.000000 0.000000 0.000000 0.000000 62856.000000 21504.000000 31168.000000 0.000000 0.000000 8192.000000 0.000000 0.000000 0.000000 0.000000 1078176.000000 13440.000000 30720.000000 142441.000000 65280.000000 0.000000 3744.000000 107004.000000 463691.000000 0.000000 131072.000000 31232.000000 477120.000000 1986272.000000 0.000000 0.000000 0.000000 30840.000000 0.000000 43680.000000 5120.000000 28160.000000 4352.000000 15720.000000 33792.000000 459673.000000 832.000000 34464.000000 0.000000 451691.000000 0.000000 142944.000000 64512.000000 
41
0.000000 33792.000000 0.000000 0.000000 0.000000 459486.000000 0.000000 37440.000000 0.000000 101760.000000 29440.000000 0.000000 1629959.000000 0.000000 0.000000 0.000000 0.000000 0.000000 62856.000000 21504.000000 31168.000000 0.000000 0.000000 8192.000000 0.000000 0.000000 0.000000 0.000000 1078176.000000 13440.000000 30720.000000 142441.000000 65280.000000 0.000000 3744.000000 107004.000000 463691.000000 0.000000 131072.000000 31232.000000 477120.000000 1986272.000000 0.000000 0.000000 0.000000 30840.000000 0.000000 43680.000000 5120.000000 28160.000000 4352.000000 15720.000000 33792.000000 459673.000000 832.000000 34464.000000 0.000000 451691.000000 0.000000 142944.000000 64512.000000 
42
0.000000 33792.000000 0.000000 0.000000 0.000000 459486.000000 0.000000 37440.000000 0.000000 101760.000000 29440.000000 0.000000 1629959.000000 0.000000 0.000000 0.000000 0.000000 0.000000 62856.000000 21504.000000 31168.000000 0.000000 0.000000 8192.000000 0.000000 0.000000 0.000000 0.000000 1078176.000000 13440.000000 30720.000000 142441.000000 65280.000000 0.000000 3744.000000 107004.000000 463691.000000 0.000000 131072.000000 31232.000000 477120.000000 1986272.000000 0.000000 0.000000 0.000000 30840.000000 0.000000 43680.000000 5120.000000 28160.000000 4352.000000 15720.000000 33792.000000 459673.000000 832.000000 34464.000000 0.000000 451691.000000 0.000000 142944.000000 64512.000000 
43
0.000000 33792.000000 0.000000 0.000000 0.000000 459486.000000 0.000000 37440.000000 0.000000 101760.000000 29440.000000 0.000000 1629959.000000 0.000000 0.000000 0.000000 0.000000 0.000000 62856.000000 21504.000000 31168.000000 0.000000 0.000000 8192.000000 0.000000 0.000000 0.000000 0.000000 1078176.000000 13440.000000 30720.000000 142441.000000 65280.000000 0.000000 3744.000000 107004.000000 463691.000000 0.000000 131072.000000 31232.000000 477120.000000 1986272.000000 0.000000 0.000000 0.000000 30840.000000 0.000000 43680.000000 5120.000000 28160.000000 4352.000000 15720.000000 33792.000000 459673.000000 832.000000 34464.000000 0.000000 451691.000000 0.000000 142944.000000 64512.000000 
44
0.000000 33792.000000 0.000000 0.000000 0.000000 459486.000000 0.000000 37440.000000 0.000000 101760.000000 29440.000000 0.000000 1629959.000000 0.000000 0.000000 0.000000 0.000000 0.000000 62856.000000 21504.000000 31072.000000 0.000000 0.000000 8192.000000 0.000000 0.000000 0.000000 0.000000 1078176.000000 13440.000000 31904.000000 142441.000000 65280.000000 0.000000 3744.000000 105468.000000 463691.000000 0.000000 131072.000000 31232.000000 472416.000000 2019040.000000 0.000000 0.000000 0.000000 30840.000000 0.000000 43680.000000 5120.000000 23040.000000 4352.000000 15720.000000 33792.000000 405913.000000 832.000000 34368.000000 0.000000 525611.000000 0.000000 0.000000 0.000000 
45
0.000000 33792.000000 0.000000 0.000000 0.000000 459486.000000 0.000000 37440.000000 0.000000 101760.000000 29440.000000 0.000000 1629959.000000 0.000000 0.000000 0.000000 0.000000 0.000000 62856.000000 21504.000000 31072.000000 0.000000 0.000000 8192.000000 0.000000 0.000000 0.000000 0.000000 1078176.000000 13440.000000 31904.000000 142441.000000 65280.000000 0.000000 3744.000000 105468.000000 463691.000000 0.000000 131072.000000 31232.000000 472416.000000 2019040.000000 0.000000 0.000000 0.000000 30840.000000 0.000000 43680.000000 5120.000000 23040.000000 4352.000000 15720.000000 33792.000000 405913.000000 832.000000 34368.000000 0.000000 525611.000000 0.000000 0.000000 0.000000 
46
0.000000 33792.000000 0.000000 0.000000 0.000000 459486.000000 0.000000 37440.000000 0.000000 101760.000000 29440.000000 0.000000 1629959.000000 0.000000 0.000000 0.000000 0.000000 0.000000 62856.000000 21504.000000 31072.000000 0.000000 0.000000 8192.000000 0.000000 0.000000 0.000000 0.000000 1078176.000000 13440.000000 31904.000000 142441.000000 65280.000000 0.000000 3744.000000 105468.000000 463691.000000 0.000000 131072.000000 31232.000000 472416.000000 2019040.000000 0.000000 0.000000 0.000000 30840.000000 0.000000 43680.000000 5120.000000 23040.000000 4352.000000 15720.000000 33792.000000 405913.000000 832.000000 34368.000000 0.000000 525611.000000 0.000000 0.000000 0.000000 
47
0.000000 33792.000000 0.000000 0.000000 0.000000 459486.000000 0.000000 37440.000000 0.000000 101760.000000 29440.000000 0.000000 1629959.000000 0.000000 0.000000 0.000000 0.000000 0.000000 62856.000000 21504.000000 31072.000000 0.000000 0.000000 8192.000000 0.000000 0.000000 0.000000 0.000000 1078176.000000 13440.000000 31904.000000 142441.000000 65280.000000 0.000000 3744.000000 105468.000000 463691.000000 0.000000 131072.000000 31232.000000 472416.000000 2019040.000000 0.000000 0.000000 0.000000 30840.000000 0.000000 43680.000000 5120.000000 23040.000000 4352.000000 15720.000000 33792.000000 405913.000000 832.000000 34368.000000 0.000000 525611.000000 0.000000 0.000000 0.000000 
48
0.000000 0.000000 0.000000 0.000000 0.000000 275977.000000 0.000000 36000.000000 0.000000 58872.000000 29440.000000 0.000000 1881088.000000 0.000000 0.000000 0.000000 0.000000 0.000000 62736.000000 29952.000000 0.000000 57344.000000 0.000000 0.000000 0.000000 0.000000 0.000000 0.000000 1080960.000000 27120.000000 31904.000000 120403.000000 65280.000000 0.000000 3744.000000 105564.000000 459643.000000 33120.000000 0.000000 0.000000 45824.000000 0.000000 0.000000 793152.000000 0.000000 0.000000 0.000000 43680.000000 5120.000000 28672.000000 4352.000000 15720.000000 0.000000 370585.000000 816.000000 36000.000000 0.000000 355694.000000 0.000000 382848.000000 64512.000000 
49
0.000000 0.000000 0.000000 0.000000 0.000000 275977.000000 0.000000 36000.000000 0.000000 58872.000000 29440.000000 0.000000 1881088.000000 0.000000 0.000000 0.000000 0.000000 0.000000 62736.000000 29952.000000 0.000000 57344.000000 0.000000 0.000000 0.000000 0.000000 0.000000 0.000000 1080960.000000 27120.000000 31904.000000 120403.000000 65280.000000 0.000000 3744.000000 105564.000000 459643.000000 33120.000000 0.000000 0.000000 45824.000000 0.000000 0.000000 793152.000000 0.000000 0.000000 0.000000 43680.000000 5120.000000 28672.000000 4352.000000 15720.000000 0.000000 370585.000000 816.000000 36000.000000 0.000000 355694.000000 0.000000 382848.000000 64512.000000 
50
0.000000 0.000000 0.000000 0.000000 0.000000 275977.000000 0.000000 36000.000000 0.000000 58872.000000 29440.000000 0.000000 1881088.000000 0.000000 0.000000 0.000000 0.000000 0.000000 62736.000000 29952.000000 0.000000 57344.000000 0.000000 0.000000 0.000000 0.000000 0.000000 0.000000 1080960.000000 27120.000000 31904.000000 120403.000000 65280.000000 0.000000 3744.000000 105564.000000 459643.000000 33120.000000 0.000000 0.000000 45824.000000 0.000000 0.000000 793152.000000 0.000000 0.000000 0.000000 43680.000000 5120.000000 28672.000000 4352.000000 15720.000000 0.000000 370585.000000 816.000000 36000.000000 0.000000 355694.000000 0.000000 382848.000000 64512.000000 
51
0.000000 0.000000 0.000000 0.000000 0.000000 275977.000000 0.000000 36000.000000 0.000000 58872.000000 29440.000000 0.000000 1881088.000000 0.000000 0.000000 0.000000 0.000000 0.000000 62736.000000 29952.000000 0.000000 57344.000000 0.000000 0.000000 0.000000 0.000000 0.000000 0.000000 1080960.000000 27120.000000 31904.000000 120403.000000 65280.000000 0.000000 3744.000000 105564.000000 459643.000000 33120.000000 0.000000 0.000000 45824.000000 0.000000 0.000000 793152.000000 0.000000 0.000000 0.000000 43680.000000 5120.000000 28672.000000 4352.000000 15720.000000 0.000000 370585.000000 816.000000 36000.000000 0.000000 355694.000000 0.000000 382848.000000 64512.000000 
52
0.000000 33792.000000 0.000000 0.000000 0.000000 457838.000000 0.000000 36000.000000 0.000000 58868.000000 29440.000000 320.000000 33792.000000 0.000000 0.000000 0.000000 0.000000 0.000000 397454.000000 3504.000000 30816.000000 41984.000000 39616.000000 99712.000000 84480.000000 0.000000 0.000000 0.000000 320.000000 25800.000000 33632.000000 366758.000000 91392.000000 0.000000 3744.000000 105756.000000 464942.000000 31296.000000 0.000000 0.000000 45824.000000 92084.000000 33792.000000 320.000000 21640.000000 38358.000000 0.000000 0.000000 0.000000 0.000000 0.000000 15088.000000 33792.000000 370585.000000 816.000000 34464.000000 0.000000 457646.000000 0.000000 221580.000000 332288.000000 
53
0.000000 33792.000000 0.000000 0.000000 0.000000 457838.000000 0.000000 36000.000000 0.000000 58868.000000 29440.000000 320.000000 33792.000000 0.000000 0.000000 0.000000 0.000000 0.000000 397454.000000 3504.000000 30816.000000 41984.000000 39616.000000 99712.000000 84480.000000 0.000000 0.000000 0.000000 320.000000 25800.000000 33632.000000 366758.000000 91392.000000 0.000000 3744.000000 105756.000000 464942.000000 31296.000000 0.000000 0.000000 45824.000000 92084.000000 33792.000000 320.000000 21640.000000 38358.000000 0.000000 0.000000 0.000000 0.000000 0.000000 15088.000000 33792.000000 370585.000000 816.000000 34464.000000 0.000000 457646.000000 0.000000 221580.000000 332288.000000 
54
0.000000 33792.000000 0.000000 0.000000 0.000000 457838.000000 0.000000 36000.000000 0.000000 58868.000000 29440.000000 320.000000 33792.000000 0.000000 0.000000 0.000000 0.000000 0.000000 397454.000000 3504.000000 30816.000000 41984.000000 39616.000000 99712.000000 84480.000000 0.000000 0.000000 0.000000 320.000000 25800.000000 33632.000000 366758.000000 91392.000000 0.000000 3744.000000 105756.000000 464942.000000 31296.000000 0.000000 0.000000 45824.000000 92084.000000 33792.000000 320.000000 21640.000000 38358.000000 0.000000 0.000000 0.000000 0.000000 0.000000 15088.000000 33792.000000 370585.000000 816.000000 34464.000000 0.000000 457646.000000 0.000000 221580.000000 332288.000000 
55
0.000000 33792.000000 0.000000 0.000000 0.000000 457838.000000 0.000000 36000.000000 0.000000 58868.000000 29440.000000 320.000000 33792.000000 0.000000 0.000000 0.000000 0.000000 0.000000 397454.000000 3504.000000 30816.000000 41984.000000 39616.000000 99712.000000 84480.000000 0.000000 0.000000 0.000000 320.000000 25800.000000 33632.000000 366758.000000 91392.000000 0.000000 3744.000000 105756.000000 464942.000000 31296.000000 0.000000 0.000000 45824.000000 92084.000000 33792.000000 320.000000 21640.000000 38358.000000 0.000000 0.000000 0.000000 0.000000 0.000000 15088.000000 33792.000000 370585.000000 816.000000 34464.000000 0.000000 457646.000000 0.000000 221580.000000 332288.000000 
56
0.000000 33792.000000 0.000000 0.000000 0.000000 454367.000000 0.000000 36000.000000 0.000000 96116.000000 29440.000000 320.000000 33792.000000 0.000000 0.000000 0.000000 0.000000 0.000000 397454.000000 3520.000000 30816.000000 40704.000000 39616.000000 99968.000000 84480.000000 0.000000 0.000000 0.000000 320.000000 23280.000000 33632.000000 376572.000000 89088.000000 0.000000 3648.000000 107000.000000 399455.000000 34464.000000 0.000000 0.000000 45824.000000 92084.000000 33792.000000 320.000000 22120.000000 38362.000000 0.000000 0.000000 0.000000 0.000000 0.000000 15096.000000 33792.000000 361546.000000 816.000000 34464.000000 0.000000 526463.000000 0.000000 0.000000 0.000000 
57
0.000000 33792.000000 0.000000 0.000000 0.000000 454367.000000 0.000000 36000.000000 0.000000 96116.000000 29440.000000 320.000000 33792.000000 0.000000 0.000000 0.000000 0.000000 0.000000 397454.000000 3520.000000 30816.000000 40704.000000 39616.000000 99968.000000 84480.000000 0.000000 0.000000 0.000000 320.000000 23280.000000 33632.000000 376572.000000 89088.000000 0.000000 3648.000000 107000.000000 399455.000000 34464.000000 0.000000 0.000000 45824.000000 92084.000000 33792.000000 320.000000 22120.000000 38362.000000 0.000000 0.000000 0.000000 0.000000 0.000000 15096.000000 33792.000000 361546.000000 816.000000 34464.000000 0.000000 526463.000000 0.000000 0.000000 0.000000 
58
0.000000 33792.000000 0.000000 0.000000 0.000000 454367.000000 0.000000 36000.000000 0.000000 96116.000000 29440.000000 320.000000 33792.000000 0.000000 0.000000 0.000000 0.000000 0.000000 397454.000000 3520.000000 30816.000000 40704.000000 39616.000000 99968.000000 84480.000000 0.000000 0.000000 0.000000 320.000000 23280.000000 33632.000000 376572.000000 89088.000000 0.000000 3648.000000 107000.000000 399455.000000 34464.000000 0.000000 0.000000 45824.000000 92084.000000 33792.000000 320.000000 22120.000000 38362.000000 0.000000 0.000000 0.000000 0.000000 0.000000 15096.000000 33792.000000 361546.000000 816.000000 34464.000000 0.000000 526463.000000 0.000000 0.000000 0.000000 
59
0.000000 33792.000000 0.000000 0.000000 0.000000 454367.000000 0.000000 36000.000000 0.000000 96116.000000 29440.000000 320.000000 33792.000000 0.000000 0.000000 0.000000 0.000000 0.000000 397454.000000 3520.000000 30816.000000 40704.000000 39616.000000 99968.000000 84480.000000 0.000000 0.000000 0.000000 320.000000 23280.000000 33632.000000 376572.000000 89088.000000 0.000000 3648.000000 107000.000000 399455.000000 34464.000000 0.000000 0.000000 45824.000000 92084.000000 33792.000000 320.000000 22120.000000 38362.000000 0.000000 0.000000 0.000000 0.000000 0.000000 15096.000000 33792.000000 361546.000000 816.000000 34464.000000 0.000000 526463.000000 0.000000 0.000000 0.000000 
60
0.000000 33792.000000 0.000000 0.000000 0.000000 454367.000000 0.000000 36000.000000 0.000000 96116.000000 29440.000000 320.000000 0.000000 0.000000 0.000000 0.000000 0.000000 0.000000 406977.000000 9152.000000 31072.000000 40704.000000 39616.000000 66048.000000 84480.000000 0.000000 0.000000 0.000000 320.000000 28200.000000 33632.000000 993964.000000 89088.000000 0.000000 3648.000000 223736.000000 481535.000000 0.000000 0.000000 0.000000 0.000000 89494.000000 0.000000 320.000000 22120.000000 44224.000000 0.000000 0.000000 0.000000 0.000000 0.000000 15152.000000 33792.000000 421756.000000 816.000000 39776.000000 0.000000 433631.000000 0.000000 0.000000 32768.000000 
61
0.000000 33792.000000 0.000000 0.000000 0.000000 454367.000000 0.000000 36000.000000 0.000000 96116.000000 29440.000000 320.000000 0.000000 0.000000 0.000000 0.000000 0.000000 0.000000 406977.000000 9152.000000 31072.000000 40704.000000 39616.000000 66048.000000 84480.000000 0.000000 0.000000 0.000000 320.000000 28200.000000 33632.000000 993964.000000 89088.000000 0.000000 3648.000000 223736.000000 481535.000000 0.000000 0.000000 0.000000 0.000000 89494.000000 0.000000 320.000000 22120.000000 44224.000000 0.000000 0.000000 0.000000 0.000000 0.000000 15152.000000 33792.000000 421756.000000 816.000000 39776.000000 0.000000 433631.000000 0.000000 0.000000 32768.000000 
62
0.000000 33792.000000 0.000000 0.000000 0.000000 454367.000000 0.000000 36000.000000 0.000000 96116.000000 29440.000000 320.000000 0.000000 0.000000 0.000000 0.000000 0.000000 0.000000 406977.000000 9152.000000 31072.000000 40704.000000 39616.000000 66048.000000 84480.000000 0.000000 0.000000 0.000000 320.000000 28200.000000 33632.000000 993964.000000 89088.000000 0.000000 3648.000000 223736.000000 481535.000000 0.000000 0.000000 0.000000 0.000000 89494.000000 0.000000 320.000000 22120.000000 44224.000000 0.000000 0.000000 0.000000 0.000000 0.000000 15152.000000 33792.000000 421756.000000 816.000000 39776.000000 0.000000 433631.000000 0.000000 0.000000 32768.000000 
63
0.000000 33792.000000 0.000000 0.000000 0.000000 454367.000000 0.000000 36000.000000 0.000000 96116.000000 29440.000000 320.000000 0.000000 0.000000 0.000000 0.000000 0.000000 0.000000 406977.000000 9152.000000 31072.000000 40704.000000 39616.000000 66048.000000 84480.000000 0.000000 0.000000 0.000000 320.000000 28200.000000 33632.000000 993964.000000 89088.000000 0.000000 3648.000000 223736.000000 481535.000000 0.000000 0.000000 0.000000 0.000000 89494.000000 0.000000 320.000000 22120.000000 44224.000000 0.000000 0.000000 0.000000 0.000000 0.000000 15152.000000 33792.000000 421756.000000 816.000000 39776.000000 0.000000 433631.000000 0.000000 0.000000 32768.000000 
64
0.000000 33792.000000 0.000000 0.000000 0.000000 454351.000000 0.000000 35904.000000 0.000000 96116.000000 29440.000000 320.000000 33792.000000 0.000000 0.000000 0.000000 0.000000 0.000000 406977.000000 196608.000000 31072.000000 40704.000000 39616.000000 99840.000000 84480.000000 0.000000 0.000000 0.000000 320.000000 28200.000000 33568.000000 197267.000000 66048.000000 0.000000 3648.000000 117848.000000 475663.000000 32256.000000 0.000000 0.000000 45824.000000 89462.000000 33792.000000 320.000000 32102.000000 38350.000000 0.000000 0.000000 0.000000 0.000000 0.000000 21104.000000 33792.000000 362490.000000 816.000000 34368.000000 0.000000 378012.000000 0.000000 381300.000000 64512.000000 
65
0.000000 33792.000000 0.000000 0.000000 0.000000 454351.000000 0.000000 35904.000000 0.000000 96116.000000 29440.000000 320.000000 33792.000000 0.000000 0.000000 0.000000 0.000000 0.000000 406977.000000 196608.000000 31072.000000 40704.000000 39616.000000 99840.000000 84480.000000 0.000000 0.000000 0.000000 320.000000 28200.000000 33568.000000 197267.000000 66048.000000 0.000000 3648.000000 117848.000000 475663.000000 32256.000000 0.000000 0.000000 45824.000000 89462.000000 33792.000000 320.000000 32102.000000 38350.000000 0.000000 0.000000 0.000000 0.000000 0.000000 21104.000000 33792.000000 362490.000000 816.000000 34368.000000 0.000000 378012.000000 0.000000 381300.000000 64512.000000 
66
0.000000 33792.000000 0.000000 0.000000 0.000000 454351.000000 0.000000 35904.000000 0.000000 96116.000000 29440.000000 320.000000 33792.000000 0.000000 0.000000 0.000000 0.000000 0.000000 406977.000000 196608.000000 31072.000000 40704.000000 39616.000000 99840.000000 84480.000000 0.000000 0.000000 0.000000 320.000000 28200.000000 33568.000000 197267.000000 66048.000000 0.000000 3648.000000 117848.000000 475663.000000 32256.000000 0.000000 0.000000 45824.000000 89462.000000 33792.000000 320.000000 32102.000000 38350.000000 0.000000 0.000000 0.000000 0.000000 0.000000 21104.000000 33792.000000 362490.000000 816.000000 34368.000000 0.000000 378012.000000 0.000000 381300.000000 64512.000000 
67
0.000000 33792.000000 0.000000 0.000000 0.000000 454351.000000 0.000000 35904.000000 0.000000 96116.000000 29440.000000 320.000000 33792.000000 0.000000 0.000000 0.000000 0.000000 0.000000 406977.000000 196608.000000 31072.000000 40704.000000 39616.000000 99840.000000 84480.000000 0.000000 0.000000 0.000000 320.000000 28200.000000 33568.000000 197267.000000 66048.000000 0.000000 3648.000000 117848.000000 475663.000000 32256.000000 0.000000 0.000000 45824.000000 89462.000000 33792.000000 320.000000 32102.000000 38350.000000 0.000000 0.000000 0.000000 0.000000 0.000000 21104.000000 33792.000000 362490.000000 816.000000 34368.000000 0.000000 378012.000000 0.000000 381300.000000 64512.000000 
68
0.000000 33792.000000 0.000000 0.000000 0.000000 454351.000000 0.000000 35904.000000 0.000000 96116.000000 29440.000000 256.000000 33792.000000 0.000000 0.000000 0.000000 0.000000 0.000000 406961.000000 104448.000000 21568.000000 44288.000000 42656.000000 99840.000000 84480.000000 0.000000 0.000000 0.000000 256.000000 28200.000000 34208.000000 153464.000000 62976.000000 0.000000 3648.000000 105560.000000 451740.000000 32352.000000 0.000000 0.000000 45824.000000 89414.000000 33792.000000 256.000000 21542.000000 52422.000000 0.000000 0.000000 0.000000 0.000000 0.000000 20760.000000 33792.000000 360954.000000 816.000000 34368.000000 0.000000 341148.000000 0.000000 253952.000000 0.000000 
69
0.000000 33792.000000 0.000000 0.000000 0.000000 454351.000000 0.000000 35904.000000 0.000000 96116.000000 29440.000000 256.000000 33792.000000 0.000000 0.000000 0.000000 0.000000 0.000000 406961.000000 104448.000000 21568.000000 44288.000000 42656.000000 99840.000000 84480.000000 0.000000 0.000000 0.000000 256.000000 28200.000000 34208.000000 153464.000000 62976.000000 0.000000 3648.000000 105560.000000 451740.000000 32352.000000 0.000000 0.000000 45824.000000 89414.000000 33792.000000 256.000000 21542.000000 52422.000000 0.000000 0.000000 0.000000 0.000000 0.000000 20760.000000 33792.000000 360954.000000 816.000000 34368.000000 0.000000 341148.000000 0.000000 253952.000000 0.000000 
70
0.000000 33792.000000 0.000000 0.000000 0.000000 454351.000000 0.000000 35904.000000 0.000000 96116.000000 29440.000000 256.000000 33792.000000 0.000000 0.000000 0.000000 0.000000 0.000000 406961.000000 104448.000000 21568.000000 44288.000000 42656.000000 99840.000000 84480.000000 0.000000 0.000000 0.000000 256.000000 28200.000000 34208.000000 153464.000000 62976.000000 0.000000 3648.000000 105560.000000 451740.000000 32352.000000 0.000000 0.000000 45824.000000 89414.000000 33792.000000 256.000000 21542.000000 52422.000000 0.000000 0.000000 0.000000 0.000000 0.000000 20760.000000 33792.000000 360954.000000 816.000000 34368.000000 0.000000 341148.000000 0.000000 253952.000000 0.000000 
71
0.000000 33792.000000 0.000000 0.000000 0.000000 454351.000000 0.000000 35904.000000 0.000000 96116.000000 29440.000000 256.000000 33792.000000 0.000000 0.000000 0.000000 0.000000 0.000000 406961.000000 104448.000000 21568.000000 44288.000000 42656.000000 99840.000000 84480.000000 0.000000 0.000000 0.000000 256.000000 28200.000000 34208.000000 153464.000000 62976.000000 0.000000 3648.000000 105560.000000 451740.000000 32352.000000 0.000000 0.000000 45824.000000 89414.000000 33792.000000 256.000000 21542.000000 52422.000000 0.000000 0.000000 0.000000 0.000000 0.000000 20760.000000 33792.000000 360954.000000 816.000000 34368.000000 0.000000 341148.000000 0.000000 253952.000000 0.000000 
72
0.000000 33792.000000 0.000000 0.000000 0.000000 459250.000000 0.000000 35904.000000 0.000000 96000.000000 29440.000000 256.000000 33792.000000 0.000000 0.000000 0.000000 0.000000 0.000000 449648.000000 417792.000000 0.000000 44288.000000 42656.000000 108672.000000 0.000000 0.000000 0.000000 0.000000 256.000000 0.000000 196608.000000 283171.000000 88320.000000 0.000000 3648.000000 128792.000000 379532.000000 46560.000000 0.000000 0.000000 74752.000000 91476.000000 33792.000000 256.000000 21526.000000 38214.000000 0.000000 0.000000 0.000000 0.000000 0.000000 15184.000000 33792.000000 350858.000000 816.000000 34368.000000 0.000000 509420.000000 0.000000 0.000000 0.000000 
73
0.000000 33792.000000 0.000000 0.000000 0.000000 459250.000000 0.000000 35904.000000 0.000000 96000.000000 29440.000000 256.000000 33792.000000 0.000000 0.000000 0.000000 0.000000 0.000000 449648.000000 417792.000000 0.000000 44288.000000 42656.000000 108672.000000 0.000000 0.000000 0.000000 0.000000 256.000000 0.000000 196608.000000 283171.000000 88320.000000 0.000000 3648.000000 128792.000000 379532.000000 46560.000000 0.000000 0.000000 74752.000000 91476.000000 33792.000000 256.000000 21526.000000 38214.000000 0.000000 0.000000 0.000000 0.000000 0.000000 15184.000000 33792.000000 350858.000000 816.000000 34368.000000 0.000000 509420.000000 0.000000 0.000000 0.000000 
74
0.000000 33792.000000 0.000000 0.000000 0.000000 459250.000000 0.000000 35904.000000 0.000000 96000.000000 29440.000000 256.000000 33792.000000 0.000000 0.000000 0.000000 0.000000 0.000000 449648.000000 417792.000000 0.000000 44288.000000 42656.000000 108672.000000 0.000000 0.000000 0.000000 0.000000 256.000000 0.000000 196608.000000 283171.000000 88320.000000 0.000000 3648.000000 128792.000000 379532.000000 46560.000000 0.000000 0.000000 74752.000000 91476.000000 33792.000000 256.000000 21526.000000 38214.000000 0.000000 0.000000 0.000000 0.000000 0.000000 15184.000000 33792.000000 350858.000000 816.000000 34368.000000 0.000000 509420.000000 0.000000 0.000000 0.000000 
75
0.000000 33792.000000 0.000000 0.000000 0.000000 459250.000000 0.000000 35904.000000 0.000000 96000.000000 29440.000000 256.000000 33792.000000 0.000000 0.000000 0.000000 0.000000 0.000000 449648.000000 417792.000000 0.000000 44288.000000 42656.000000 108672.000000 0.000000 0.000000 0.000000 0.000000 256.000000 0.000000 196608.000000 283171.000000 88320.000000 0.000000 3648.000000 128792.000000 379532.000000 46560.000000 0.000000 0.000000 74752.000000 91476.000000 33792.000000 256.000000 21526.000000 38214.000000 0.000000 0.000000 0.000000 0.000000 0.000000 15184.000000 33792.000000 350858.000000 816.000000 34368.000000 0.000000 509420.000000 0.000000 0.000000 0.000000 
76
0.000000 33792.000000 0.000000 0.000000 0.000000 447231.000000 0.000000 35904.000000 0.000000 96116.000000 29440.000000 256.000000 33792.000000 0.000000 0.000000 0.000000 0.000000 0.000000 406977.000000 448512.000000 0.000000 38912.000000 42560.000000 99840.000000 82944.000000 0.000000 0.000000 0.000000 256.000000 25800.000000 34208.000000 344124.000000 88320.000000 0.000000 3648.000000 125912.000000 444812.000000 46560.000000 0.000000 0.000000 74752.000000 92082.000000 33792.000000 256.000000 21526.000000 38206.000000 0.000000 0.000000 0.000000 0.000000 0.000000 15184.000000 33792.000000 350858.000000 816.000000 34368.000000 0.000000 514316.000000 0.000000 0.000000 32768.000000 
77
0.000000 33792.000000 0.000000 0.000000 0.000000 447231.000000 0.000000 35904.000000 0.000000 96116.000000 29440.000000 256.000000 33792.000000 0.000000 0.000000 0.000000 0.000000 0.000000 406977.000000 448512.000000 0.000000 38912.000000 42560.000000 99840.000000 82944.000000 0.000000 0.000000 0.000000 256.000000 25800.000000 34208.000000 344124.000000 88320.000000 0.000000 3648.000000 125912.000000 444812.000000 46560.000000 0.000000 0.000000 74752.000000 92082.000000 33792.000000 256.000000 21526.000000 38206.000000 0.000000 0.000000 0.000000 0.000000 0.000000 15184.000000 33792.000000 350858.000000 816.000000 34368.000000 0.000000 514316.000000 0.000000 0.000000 32768.000000 
78
0.000000 33792.000000 0.000000 0.000000 0.000000 447231.000000 0.000000 35904.000000 0.000000 96116.000000 29440.000000 256.000000 33792.000000 0.000000 0.000000 0.000000 0.000000 0.000000 406977.000000 448512.000000 0.000000 38912.000000 42560.000000 99840.000000 82944.000000 0.000000 0.000000 0.000000 256.000000 25800.000000 34208.000000 344124.000000 88320.000000 0.000000 3648.000000 125912.000000 444812.000000 46560.000000 0.000000 0.000000 74752.000000 92082.000000 33792.000000 256.000000 21526.000000 38206.000000 0.000000 0.000000 0.000000 0.000000 0.000000 15184.000000 33792.000000 350858.000000 816.000000 34368.000000 0.000000 514316.000000 0.000000 0.000000 32768.000000 
79
0.000000 33792.000000 0.000000 0.000000 0.000000 447231.000000 0.000000 35904.000000 0.000000 96116.000000 29440.000000 256.000000 33792.000000 0.000000 0.000000 0.000000 0.000000 0.000000 406977.000000 448512.000000 0.000000 38912.000000 42560.000000 99840.000000 82944.000000 0.000000 0.000000 0.000000 256.000000 25800.000000 34208.000000 344124.000000 88320.000000 0.000000 3648.000000 125912.000000 444812.000000 46560.000000 0.000000 0.000000 74752.000000 92082.000000 33792.000000 256.000000 21526.000000 38206.000000 0.000000 0.000000 0.000000 0.000000 0.000000 15184.000000 33792.000000 350858.000000 816.000000 34368.000000 0.000000 514316.000000 0.000000 0.000000 32768.000000 
