task94
0.012000 0.012000 1.000521 1.000688 2.000904 2.001245 3.010418 3.010554 4.015586 4.033428 5.010281 5.130060 
task19
0.022000 0.026188 1.010261 1.016312 2.010379 2.024926 3.020342 3.026060 4.043816 4.066708 5.141807 5.161291 
task16
0.023626 0.025855 1.013126 1.015329 2.016672 2.023303 3.023071 3.025291 4.058701 4.071946 5.155911 5.157475 
task13
0.023626 0.025857 1.013126 1.015331 2.016672 2.023305 3.023071 3.025292 4.058714 4.517280 5.155911 5.157477 
task10
0.023626 0.025857 1.013126 1.015289 2.016672 2.023306 3.023071 3.025245 4.058714 4.536098 5.155911 5.157451 
task0
0.023626 0.025857 1.013126 1.015346 2.016672 2.023308 3.023071 3.025075 4.058714 4.517282 5.155911 5.157475 
task15
0.023626 0.025857 1.013126 1.015425 2.016672 2.023309 3.023071 3.025294 4.058714 4.536100 5.155911 5.157489 
task20
0.027626 0.028051 1.016900 1.017877 2.024672 2.026342 3.026994 3.028871 4.130333 4.134408 5.157911 5.158863 5.159152 5.160015 
task17
0.027626 0.141478 1.015836 1.152568 2.024265 2.303017 3.026258 3.153888 4.129793 4.517842 5.157912 5.426180 
task18
0.030915 0.133923 1.015052 1.021123 2.031659 2.081943 3.025017 3.031534 4.082064 4.132926 5.167681 5.205369 
task11
0.033612 0.142808 1.023746 1.133909 2.038995 2.293035 3.030431 3.121892 4.523132 4.523480 5.179537 5.205368 
task1
0.033686 0.142808 1.023730 1.133746 2.038690 2.293414 3.030126 3.122052 4.523468 4.523869 5.179233 5.205363 
task14
0.033686 0.142808 1.023775 1.143066 2.038995 2.293034 3.030782 3.138149 4.523210 4.523551 5.179537 5.205365 
task2
0.033797 0.133528 1.022984 1.128649 2.047903 2.079505 3.033276 3.138251 4.522416 4.522897 5.179537 5.205369 
task9
0.033871 0.133426 1.023681 1.124614 2.048208 2.079528 3.032936 3.142125 4.523144 4.523483 5.179537 5.205371 
task6
0.033871 0.133426 1.023826 1.143242 2.048208 2.079506 3.030174 3.159226 4.522599 4.522922 5.176055 5.209338 
task3
0.033871 0.133426 1.022870 1.128668 2.048208 2.079529 3.031087 3.134212 4.521990 4.522415 5.179537 5.205372 
task4
0.033871 0.133426 1.022906 1.126249 2.048208 2.079508 3.031197 3.122598 4.523773 4.523843 5.173261 5.208746 
task7
0.033871 0.133426 1.023757 1.124805 2.048208 2.079531 3.030431 3.122068 4.523515 4.523551 5.176360 5.209200 
task5
0.033871 0.133426 1.026221 1.124006 2.048208 2.079509 3.033581 3.138252 4.523826 4.523902 5.173566 5.208748 
task8
0.033871 0.133426 1.027981 1.120409 2.048208 2.079532 3.033241 3.138860 4.523437 4.523512 5.176360 5.209340 
task12
0.033982 0.142975 1.022901 1.131726 2.038995 2.293415 3.030893 3.122597 4.523521 4.523962 5.179537 5.205366 
task21
0.134176 0.145888 1.023204 1.134942 2.082212 2.119669 3.033545 3.146523 4.148082 4.209231 5.205634 5.247703 
task22
0.146434 0.150709 1.130698 1.139368 2.110411 2.118597 3.146948 3.152415 4.210044 4.414091 5.239900 5.250791 
task23
0.150452 0.213545 1.138651 1.248360 2.119157 2.199575 3.153737 3.230034 4.415216 4.545638 5.250538 5.374626 
task24
0.214014 0.214232 0.214490 0.214785 1.248709 1.248989 1.249039 1.249854 1.249917 1.250320 2.199991 2.200289 2.200703 2.201171 2.201195 2.201457 2.202099 2.202289 2.202656 2.202834 2.202908 2.203075 2.203147 2.203457 2.204208 2.204489 2.204753 2.205075 2.205256 2.205371 2.205411 2.205457 2.206316 2.206489 3.230251 3.230743 3.231070 3.231185 3.231207 3.231418 3.231793 3.231943 3.232006 3.232312 4.500722 4.501814 4.502909 4.503214 4.505017 4.505214 4.507125 4.507414 4.509234 4.509414 4.511342 4.511614 4.513450 4.513614 4.515559 4.515814 4.517667 4.517814 4.519775 4.520014 4.521279 4.521468 4.521909 4.522014 4.522336 4.522495 4.522517 4.522720 4.523052 4.523349 4.523388 4.523560 5.362460 5.362894 5.363226 5.363452 5.364569 5.365094 5.365334 5.365652 5.366677 5.367094 5.367443 5.367652 5.368785 5.369294 
task83
0.220586 0.228909 1.260228 1.268949 2.310323 2.318658 3.240348 3.248800 4.560239 4.568802 5.430067 5.438509 
task84
0.220592 0.236725 1.260234 1.272857 2.310330 2.326474 3.240355 3.256725 4.560246 4.576617 5.430074 5.446325 
task86
0.220647 0.259988 1.260289 1.296180 2.310379 2.349711 3.240410 3.276031 4.560302 4.599940 5.430129 5.469698 
task25
0.222320 0.247202 1.261443 1.296589 2.312579 2.339022 3.241560 3.298132 4.562452 4.598971 5.431292 5.487855 
task90
0.222351 0.279665 1.261391 1.318805 2.311674 2.373642 3.240674 3.302658 4.561733 4.626929 5.430767 5.492646 
task30
0.224904 0.251652 1.262902 1.294340 2.312922 2.339271 3.243883 3.278098 4.563943 4.599188 5.432323 5.459435 
task31
0.224913 0.252223 1.262911 1.295820 2.312924 2.345535 3.243892 3.269072 4.563944 4.599645 5.432328 5.459474 
task33
0.226944 0.256380 1.266314 1.294517 2.314988 2.337708 3.245643 3.269252 4.565806 4.599103 5.439731 5.458622 
task54
0.228881 0.256445 1.270419 1.288891 2.316358 2.339098 3.245846 3.269265 4.566371 4.598365 5.440412 5.458632 
task28
0.229231 0.259557 1.270424 1.300142 1.300554 1.303949 1.304254 1.304923 1.305074 1.305568 2.316368 2.353769 3.245848 3.279700 4.566375 4.607975 5.440414 5.476285 
task27
0.253238 0.266346 1.303521 1.308200 2.338937 2.357495 3.273250 3.281965 4.603395 4.611012 5.473729 5.478383 
task26
0.259234 0.292715 1.303521 1.334635 2.347212 2.377563 3.280905 3.311472 4.607767 4.627068 5.475089 5.488214 
task85
0.266887 0.272091 1.308254 1.315154 2.353306 2.359526 3.284536 3.290120 4.608377 4.618115 5.478185 5.482868 
task32
0.266899 0.322822 1.311521 1.347683 2.357638 2.434109 3.289830 3.295925 4.612389 4.666328 5.478197 5.494618 
task87
0.267205 0.326151 1.314772 1.345777 2.361755 2.368674 3.289251 3.326138 4.619135 4.698331 5.480799 5.597586 
task34
0.267385 0.274906 1.308268 1.313277 2.355340 2.357758 2.358108 2.361197 3.285648 3.326595 4.609414 4.615649 5.479347 5.497137 
task55
0.272054 0.284566 1.310697 1.317615 2.356573 2.363082 3.284551 3.303843 4.620855 4.626485 5.484480 5.501432 
task35
0.275030 0.462240 1.315743 1.328289 2.362288 2.554558 3.358881 3.643145 4.622224 4.759154 5.495092 5.686549 
task45
0.276342 0.331225 1.323391 1.365405 2.379213 2.410477 3.300934 3.310512 4.627102 4.678522 5.488923 5.539960 
task29
0.282881 0.292388 1.326669 1.348998 2.383034 2.428292 3.304675 3.316442 4.629432 4.675880 5.491063 5.497163 
task56
0.286896 0.462455 1.319259 1.432362 2.364535 2.438845 3.304914 3.358069 4.626378 4.740463 5.510381 5.692337 
task36
0.292939 0.305580 1.351175 1.363112 2.424473 2.433232 3.311850 3.321805 4.726483 4.730737 5.501544 5.508289 5.508374 5.512326 
task37
0.304968 0.327388 1.646218 1.662529 2.433070 2.480298 3.321881 3.377925 4.730491 4.784988 5.515071 5.570897 
task47
0.312240 0.534417 1.646241 1.787603 2.433129 2.632369 3.324480 3.497048 4.731623 4.916648 5.517387 5.752975 
task39
0.353383 0.500431 1.653949 1.774015 2.464672 2.611605 3.351248 3.462048 4.763303 4.884971 5.559819 5.725195 
task88
0.357798 0.377535 1.360949 1.539292 2.369597 2.721658 3.355968 3.414212 4.669457 5.137051 5.499672 5.499889 5.499892 5.499899 5.499901 5.500254 5.580651 5.501447 5.515074 5.501449 5.515151 5.501452 5.515112 5.501454 5.515028 5.501456 5.528612 5.501458 5.528689 5.501461 5.528651 5.501463 5.528566 5.501465 5.542151 5.501468 5.542228 5.501470 5.542189 5.501472 5.542105 5.501475 5.555689 5.501477 5.555766 5.501479 5.555728 5.501482 5.555643 5.501484 5.569228 5.501486 5.569305 5.501489 5.569266 5.501491 5.569182 5.501493 5.582766 5.501495 5.582843 5.501498 5.582805 5.501500 5.582720 5.501502 5.596305 5.501505 5.596382 5.501507 5.596343 5.501509 5.596258 5.501512 5.609843 5.501514 5.609920 5.501516 5.609882 5.501519 5.609797 5.501521 5.623382 5.501523 5.623458 5.501525 5.623420 5.501528 5.623335 5.501530 5.636920 5.501532 5.636997 5.501535 5.636958 5.501537 5.636874 5.501539 5.650458 5.501542 5.650535 5.501903 
task38
0.361330 0.593206 1.661289 1.785500 2.479823 2.603805 3.363168 3.496123 4.771851 4.888203 5.568765 5.728215 
task89
0.379589 0.537743 1.539441 1.550058 2.522672 2.639562 3.415278 3.493274 4.820813 4.931549 5.651880 5.701818 
task57
0.414920 0.489275 1.432125 1.432623 1.432672 1.432918 1.433406 1.433637 2.471380 2.583668 3.373484 3.487095 4.779517 4.888297 5.693073 5.742083 
task48
0.498898 0.510463 1.749543 1.792735 2.662918 2.853729 3.543311 3.565748 4.915877 4.932371 5.753606 5.770888 
task49
0.509187 0.528555 1.790507 1.804540 2.854671 2.877329 3.608483 3.809415 4.950517 5.130789 5.763199 5.781125 
task50
0.526457 0.546238 1.825493 2.022728 2.876598 2.913617 3.812696 3.837894 5.131648 5.174685 5.810283 5.810297 5.810311 5.810325 5.810339 5.810352 5.810366 5.810380 5.810394 5.810408 5.810422 5.810797 5.810811 5.810825 5.810839 5.810853 5.810866 5.810880 5.810894 5.810908 5.810922 5.810936 5.810950 5.812436 5.812790 5.817375 5.973992 5.817382 5.817389 5.817403 5.975785 5.817417 5.975786 5.817431 5.975765 5.817444 5.975817 5.817458 5.977557 5.817472 5.977558 5.817486 5.977537 5.817500 5.977589 5.817514 5.979329 5.817528 5.979331 5.817541 5.979309 5.817555 5.979362 5.817569 5.981102 5.817583 5.981103 5.817597 5.981082 5.817611 5.981134 5.817625 5.982874 5.817638 5.982875 5.817652 5.982854 5.817666 5.982906 5.817680 5.984646 5.817694 5.984648 5.817708 5.984626 5.817722 5.984678 5.817735 5.986418 5.817749 5.986420 5.817763 5.986398 5.817777 5.986451 5.817791 5.988191 5.817791 
task93
0.538253 0.548725 1.549478 1.567529 2.666392 2.846602 3.604357 3.808278 4.957678 5.152748 5.703516 5.754109 
task91
0.538346 0.573894 1.549690 1.627935 2.668589 2.727811 3.606371 3.726817 4.959890 5.205131 5.704543 5.705931 5.807589 5.705936 5.808391 5.705940 5.808398 5.705945 5.705950 5.705968 5.817657 5.706806 5.796800 5.706806 
task51
0.545480 0.553400 2.023503 2.030195 2.912503 2.916565 3.838276 3.845154 5.174857 5.207048 5.990189 5.990854 5.990868 5.990882 5.990896 5.990910 5.990923 5.990937 5.990951 5.990965 5.990979 5.990993 5.991007 5.991020 5.991034 5.991048 5.991062 5.991076 5.991090 5.991104 5.991117 5.991131 5.991145 5.991159 5.991173 5.991187 5.991201 5.991214 5.991228 5.991242 5.991256 5.991270 5.991284 5.991298 5.991305 5.991319 5.993958 5.991325 5.991332 5.991346 5.995188 5.991353 5.991360 5.991374 5.994343 5.991381 5.991388 5.991402 5.994697 5.991408 5.991416 5.991429 5.995926 5.991436 5.991443 5.991457 5.995082 5.991464 5.991471 5.991485 5.995435 5.991492 5.991499 5.991513 5.996665 5.991519 5.991526 5.991540 5.995820 5.991547 5.991554 5.991568 5.996174 5.991575 5.991582 5.992025 5.999497 5.992039 5.999512 5.992053 5.998362 5.992067 5.992081 5.992178 5.992192 5.992205 5.992219 5.992233 5.992247 5.992261 5.992275 5.992289 5.992302 5.992316 5.992330 5.992344 5.992358 5.992372 5.992386 5.992399 5.992413 5.992427 5.992441 5.992455 5.992469 5.992483 5.992496 5.992510 5.992524 5.992538 5.992552 5.992566 5.992580 5.992593 5.992607 5.992621 5.992635 5.992649 5.992663 5.992677 5.992690 5.992937 5.996032 5.992937 5.996045 5.992937 5.995955 5.992937 5.996402 5.992937 5.996414 5.992937 5.996325 5.992937 5.996771 5.992937 5.996783 5.992937 5.996694 5.992937 5.997140 5.992937 5.997152 5.992937 5.997063 5.992937 5.997509 5.992937 5.997522 5.992937 5.997432 5.992937 5.997714 5.992951 5.997878 5.992965 5.997891 5.992979 5.997802 5.992993 5.998083 5.993006 5.998248 5.993020 5.998260 5.993034 5.998171 5.993048 5.998452 5.993062 5.998617 5.993076 5.998629 5.993090 5.998540 5.993103 5.998822 5.993117 5.998986 5.993131 5.998998 5.993145 5.998909 5.993159 5.999191 5.993173 5.999355 5.993187 5.999368 5.993200 5.999278 5.993214 5.999560 5.993228 5.999725 5.993242 5.999737 5.993256 5.999648 5.993270 5.999929 5.993284 5.993297 5.993305 5.993917 5.993311 5.993318 5.993332 5.995365 5.993339 5.993346 5.993360 5.994235 5.993367 5.993374 5.993388 5.994655 5.993394 5.993402 5.993415 5.996103 5.993422 5.993429 5.993443 5.994974 5.993450 5.993457 5.993471 5.995394 5.993478 5.993485 5.993499 5.995712 5.993505 5.993512 5.993526 5.996451 5.993533 5.993540 5.993554 5.996132 5.993561 5.993568 5.993582 5.996871 5.993588 5.993596 5.993609 5.997240 5.993616 5.993623 5.993637 5.997609 5.993644 5.993651 5.993665 5.997978 5.993672 5.993679 5.993693 5.998348 5.993699 5.993706 5.993720 5.998717 5.993727 5.993734 5.993748 5.996842 5.993755 5.993762 5.993776 5.999035 5.993782 5.993790 5.993803 5.999455 5.993810 5.993817 5.993831 5.997580 5.993838 5.993845 5.993866 5.993879 5.993893 5.993907 5.993921 5.993935 5.993949 5.993963 5.993976 5.993990 5.994004 5.994018 5.994032 5.994046 5.994060 5.994073 5.994087 5.994101 5.994115 5.995006 5.995464 5.999258 5.995478 5.997552 5.995491 5.995505 5.995519 5.999628 5.995533 5.997922 5.995547 5.995561 5.995547 
task52
0.552201 0.553248 2.041635 2.081731 2.916057 2.916391 2.916836 2.917671 3.843861 3.844577 3.844602 3.845362 5.218507 5.221649 5.221839 5.237162 
task53
0.554408 0.554591 0.554664 0.555060 2.080119 2.080357 2.081070 2.081218 2.082122 2.082149 2.917705 2.917877 2.917928 2.918072 2.918341 2.918518 2.918532 2.918558 2.919108 2.919292 2.919354 2.919554 3.845503 3.845685 3.846173 3.846372 3.846420 3.846491 3.846497 3.846757 3.846913 3.847072 3.847156 3.847248 3.847298 3.847308 3.847321 3.847448 3.847507 3.847594 3.848176 3.848266 3.848275 3.848342 3.848381 3.848438 5.235891 5.236058 5.237894 5.238097 5.239898 5.240071 5.240196 5.240254 5.240301 5.240415 5.240527 5.240662 
task92
0.576411 0.588109 1.628185 1.636705 2.728639 2.891634 3.690849 3.875025 5.205329 5.256831 5.818091 5.818289 5.818294 5.818299 5.818303 5.818308 5.818312 5.818317 5.818322 5.818326 5.818331 5.818335 5.818340 5.818345 5.818349 5.818354 5.818359 5.818363 5.818368 5.818372 5.818377 5.818382 5.818386 5.818391 5.818396 5.818400 5.818405 5.818409 5.818414 5.818419 5.818423 5.818428 5.818432 5.818437 5.818442 5.818446 5.818451 5.818456 5.818460 5.818465 5.818469 5.818474 5.818479 5.818483 5.818488 5.818493 5.818497 5.818502 5.818506 5.818511 5.818516 5.818520 5.818525 5.818529 5.818534 5.818539 5.818543 5.818548 5.819805 5.819879 5.819883 5.819888 5.819892 5.819897 5.819902 5.819906 5.819911 5.819916 5.819920 5.819925 5.819929 5.819934 5.819939 5.819943 5.819948 5.819953 5.819957 5.819962 5.819966 5.819971 5.819976 5.819980 5.819985 5.819989 5.819994 5.819999 5.820553 5.819999 
task40
0.622011 0.636682 1.767680 1.798602 2.584290 2.643274 3.537099 3.557152 4.900825 4.923011 5.733640 5.765131 
task46
0.635943 0.789322 1.800581 1.945582 2.613659 2.938554 3.557341 3.725049 4.923318 5.091180 5.764136 5.935980 
task43
0.638769 0.825735 1.814904 2.024932 2.647462 2.761934 3.588267 3.773703 4.936866 5.096378 5.791070 5.794890 5.877757 5.794891 5.877817 5.794892 5.876895 5.794893 5.879694 5.794894 5.882778 5.794896 5.882838 5.794897 5.881917 5.794898 5.884715 5.794899 5.887800 5.794900 5.887860 5.794901 5.886938 5.794902 5.889737 5.794904 5.892822 5.794905 5.892882 5.794906 5.891960 5.794907 5.894758 5.794908 5.897843 5.794909 5.897903 5.794911 5.896982 5.794912 5.899780 5.794913 5.902865 5.794914 5.902925 5.794915 5.902003 5.794916 5.904802 5.794917 5.907886 5.794919 5.907946 5.794920 5.907025 5.794921 5.909823 5.794922 5.912908 5.794923 5.912968 5.794924 5.912046 5.794926 5.914845 5.794927 5.917929 5.794928 5.917989 5.794929 5.917068 5.794930 5.919866 5.794931 5.922951 5.794932 5.923011 5.794934 5.922089 5.794935 5.924888 5.794936 5.927972 5.794937 5.928032 5.794938 5.927111 5.794939 5.929909 5.794941 5.932994 5.794942 5.933054 5.794943 5.932132 5.794944 5.934931 5.794945 5.938015 5.794946 5.938075 5.794948 5.937154 5.794949 5.939952 5.794950 5.943037 5.794951 5.943097 5.794952 5.942175 5.794953 5.944974 5.794954 5.948058 5.794956 5.948118 5.794957 5.947197 5.794958 5.949995 5.794959 5.953080 5.794960 5.953140 5.794961 5.952218 5.794963 5.955017 5.794964 5.958102 5.794965 5.958162 5.794966 5.957240 5.794967 5.960038 5.794968 5.963123 5.794969 5.963183 5.794971 5.962262 5.794972 5.965060 5.794973 5.968145 5.794974 5.968205 5.794975 5.967283 5.794976 5.970082 5.794978 5.973166 5.794979 5.973226 5.794980 5.972305 5.794981 5.975103 5.794982 5.978188 5.794983 5.978248 5.794984 5.977326 5.794986 5.980125 5.794987 5.983209 5.794988 5.983269 5.794989 5.982348 5.794990 5.985146 5.795159 5.795188 5.982675 
task41
0.638801 0.913275 1.818438 1.997969 2.654545 2.885763 3.595779 3.834569 4.944626 5.131123 5.794991 5.798564 5.999731 5.798565 5.798566 5.798567 5.798568 5.798569 5.798571 5.798572 5.798573 5.798574 5.798575 5.798576 5.798577 5.800089 5.920248 5.800090 5.901757 5.800092 5.923302 5.800093 5.923309 5.800094 5.923891 5.800095 5.905400 5.800096 5.926945 5.800097 5.926952 5.800098 5.927534 5.800100 5.909043 5.800101 5.930588 5.800102 5.930595 5.800103 5.931177 5.800104 5.912686 5.800105 5.934231 5.800107 5.934238 5.800108 5.934820 5.800109 5.916329 5.800110 5.937874 5.800111 5.937882 5.800112 5.938463 5.800114 5.919972 5.800115 5.941517 5.800116 5.941525 5.800117 5.942106 5.800118 5.923615 5.800119 5.945160 5.800120 5.945168 5.800122 5.945749 5.800123 5.927258 5.800124 5.948803 5.800125 5.948811 5.800126 5.949392 5.800127 5.930902 5.800129 5.952446 5.800130 5.952454 5.800131 5.953035 5.800132 5.934545 5.800133 5.956089 5.800134 5.956097 5.800135 5.956678 5.800137 5.938188 5.800138 5.959732 5.800139 5.959740 5.800140 5.960322 5.800141 5.941831 5.800142 5.963375 5.800144 5.963383 5.800145 5.963965 5.800146 5.945474 5.800147 5.967018 5.800148 5.967026 5.800149 5.967608 5.800150 5.949117 5.800152 5.970662 5.800153 5.970669 5.800154 5.971251 5.800155 5.952760 5.800156 5.974305 5.800157 5.974312 5.800159 5.974894 5.800160 5.956403 5.800161 5.977948 5.800162 5.977955 5.800163 5.978537 5.800164 5.960046 5.800165 5.981591 5.800167 5.981598 5.800168 5.982180 5.800169 5.963689 5.800170 5.985234 5.800171 5.985242 5.800172 5.985823 5.800174 5.967332 5.800175 5.988877 5.800176 5.988885 5.800177 5.989466 5.800178 5.970975 5.800179 5.992520 5.800180 5.992528 5.800182 5.993109 5.800183 5.974618 5.800184 5.996163 5.800185 5.996171 5.800186 5.996752 5.800187 5.978262 5.800189 5.999806 5.800190 5.999814 5.800191 5.800192 5.800194 5.800195 5.800197 5.985548 5.800198 5.800199 5.800200 5.800201 5.800204 5.800579 5.802022 5.910515 5.802023 5.910432 5.802025 5.910343 5.802026 5.899522 5.802027 5.914158 5.802028 5.914075 5.802029 5.913986 5.802030 5.903165 5.802032 5.917802 5.802033 5.917718 5.802034 5.917629 5.802035 5.906808 5.802036 5.921445 5.802037 5.921362 5.802038 5.921272 5.802040 5.910451 5.802041 5.925088 5.802042 5.925005 5.802043 5.924915 5.802044 5.914094 5.802045 5.928731 5.802047 5.928648 5.802048 5.928558 5.802049 5.917737 5.802050 5.932374 5.802051 5.932291 5.802052 5.932202 5.802053 5.921380 5.802055 5.936017 5.802056 5.935934 5.802057 5.935845 5.802058 5.925023 5.802059 5.939660 5.802060 5.939577 5.802062 5.939488 5.802063 5.928666 5.802064 5.943303 5.802065 5.943220 5.802066 5.943131 5.802067 5.932309 5.802068 5.946946 5.802070 5.946863 5.802071 5.946774 5.802072 5.935952 5.802073 5.950589 5.802074 5.950506 5.802075 5.950417 5.802077 5.939595 5.802078 5.954232 5.802079 5.954149 5.802080 5.954060 5.802081 5.943238 5.802082 5.957875 5.802083 5.957792 5.802085 5.957703 5.802086 5.946882 5.802087 5.961518 5.802088 5.961435 5.802089 5.961346 5.802090 5.950525 5.802092 5.965162 5.802093 5.965078 5.802094 5.964989 5.802095 5.954168 5.802096 5.968805 5.802097 5.968722 5.802099 5.968632 5.802100 5.957811 5.802101 5.972448 5.802102 5.972365 5.802103 5.972275 5.802104 5.961454 5.802105 5.976091 5.802107 5.976008 5.802108 5.975918 5.802109 5.802110 5.802114 5.802115 5.802118 5.802119 5.802123 5.802124 5.802127 5.802129 5.802131 5.802132 5.802133 5.802134 5.802135 5.802137 5.802205 5.992834 5.804138 5.804349 5.804406 5.804407 5.804407 5.804408 5.804410 5.804411 5.804412 5.804413 5.804415 
task42
0.644821 0.897048 1.822831 2.067168 2.656537 2.891748 3.599621 3.807737 4.950442 5.196826 5.804416 5.804418 5.804419 5.804420 5.804421 5.804422 5.804423 5.804425 5.804426 5.804427 5.804428 5.804429 5.804430 5.804431 5.804433 5.804434 5.804435 5.804436 5.804437 5.804438 5.804440 5.804441 5.804442 5.804443 5.804444 5.804445 5.804446 5.804448 5.804449 5.804450 5.804451 5.804452 5.806426 5.806454 5.975552 5.806455 5.975568 5.806456 5.975585 5.806457 5.979286 5.806458 5.979195 5.806459 5.979211 5.806460 5.979228 5.806462 5.982929 5.806463 5.982838 5.806464 5.982854 5.806465 5.982871 5.806465 5.986572 5.806466 5.986482 5.806467 5.986497 5.806469 5.986514 5.806470 5.990215 5.806471 5.990125 5.806472 5.990140 5.806472 5.990157 5.806473 5.993858 5.806474 5.993768 5.806475 5.993783 5.806477 5.993800 5.806478 5.997502 5.806479 5.997411 5.806480 5.997426 5.806481 5.997443 5.806482 5.806484 5.806485 5.806486 5.806487 5.806488 5.806489 5.806490 5.806492 5.806493 5.806494 5.806495 5.806496 5.806497 5.806499 5.806500 5.806501 5.806502 5.806503 5.806504 5.806505 5.806507 5.806508 5.806509 5.806510 5.806511 5.806512 5.806514 5.806515 5.806516 5.806517 5.806518 5.806519 5.806520 5.806522 5.806523 5.806524 5.806525 5.806526 5.806527 5.806529 5.806530 5.806531 5.806532 5.806533 5.806534 5.808535 5.808692 5.808748 5.992528 5.808749 5.808749 5.808750 5.996154 5.808751 5.808752 5.808753 5.996171 5.808754 5.996034 5.808754 5.999797 5.808755 5.808755 5.808756 5.999814 5.808757 5.808757 5.808758 5.808759 5.808760 5.808760 5.808760 5.808761 5.808761 5.808762 5.808762 5.808763 5.808763 5.808764 5.808764 5.808765 5.808765 5.808766 5.808767 5.808767 5.808767 5.808768 5.808768 5.808768 5.808769 5.808770 5.808770 5.808771 5.808771 5.808772 5.808772 5.808773 5.808774 5.808774 5.808774 5.808775 5.808775 5.808775 5.808776 5.808777 5.808777 5.808778 5.808778 5.808779 5.808779 5.808780 5.808780 5.808781 5.808781 5.808782 5.808782 5.808782 5.808783 5.808783 5.808784 5.808785 5.808785 5.808786 5.808786 5.808787 5.808787 5.808788 5.808789 5.808790 5.808790 5.808791 5.808792 5.808792 5.808793 5.808794 5.808795 5.808797 5.808798 5.808799 5.808800 5.808801 5.808802 5.810193 5.810248 5.810250 5.810251 5.810252 5.810253 5.810254 5.810254 5.810255 5.810257 5.810258 5.810259 5.810260 5.810262 5.810263 5.810265 5.810266 5.810267 5.810268 5.810268 5.810269 5.810270 5.810272 5.810273 5.810274 5.810275 5.810276 5.810277 5.810278 5.810280 5.810281 5.810282 5.810715 5.810774 5.810775 5.810776 5.810777 5.810779 5.810780 5.810781 5.810782 5.810782 5.810783 5.810786 5.810787 5.810787 5.810788 5.810789 5.810790 5.810790 5.810791 5.810793 5.810794 5.810795 5.810796 5.810796 
task44
0.827386 0.830743 1.944513 2.005862 2.763154 2.839360 3.776688 3.811454 5.098281 5.136362 5.987044 5.997989 
task72
4.010275 4.027455 
task73
4.010275 4.028066 
task74
4.010515 4.028420 
task69
4.010515 4.035578 
task62
4.012347 4.076129 
task64
4.014524 4.027909 
task61
4.014608 4.028172 
task59
4.014619 4.080155 
task58
4.015542 4.034288 
task75
4.026746 4.033014 
task71
4.032665 4.055051 
task63
4.035406 4.059777 
task65
4.035422 4.088134 
task76
4.036090 4.056334 
task60
4.042845 4.079949 
task66
4.057351 4.431500 
task77
4.069354 4.376346 
task80
4.075166 4.467186 
task78
4.142907 4.504423 
task67
4.146721 4.443002 
task79
4.452220 4.460360 
task81
4.468486 4.475617 
task70
4.476292 4.521378 
task68
4.476315 4.499014 
task82
4.495015 4.903189 
