5
0.000000 0.012000 1.000000 1.000688 2.000000 2.001245 3.000000 3.010554 4.000000 4.033428 5.000000 5.130060 
0
0.000000 0.142975 1.000000 1.143242 2.000000 2.293415 3.000000 3.159226 4.000000 4.536100 5.000000 5.209340 
4
0.000000 0.214858 1.000000 1.250322 2.000000 2.303017 3.000000 3.232312 4.000000 4.551783 5.000000 5.426180 
1
0.000000 0.739508 1.000000 1.686052 2.000000 2.940049 3.000000 3.875025 4.000000 5.366592 
2
0.000000 0.913275 1.000000 2.082149 2.000000 2.938554 3.000000 3.873603 4.000000 5.240712 
3
4.000000 4.914725 
