0
0.000000 99328.000000 99840.000000 99984.000000 100000.000000 99968.000000 100000.000000 100000.000000 99968.000000 99840.000000 99840.000000 99840.000000 99936.000000 99984.000000 100000.000000 99826.000000 99518.000000 99998.000000 100000.000000 100000.000000 99648.000000 98112.000000 98112.000000 98112.000000 99904.000000 99904.000000 99904.000000 99904.000000 99904.000000 99904.000000 99648.000000 99648.000000 99936.000000 99989.000000 100000.000000 100000.000000 99968.000000 99968.000000 99968.000000 99968.000000 0.000000 99994.000000 99970.000000 99968.000000 95632.000000 99976.000000 99992.000000 99968.000000 91552.000000 100000.000000 100000.000000 99968.000000 100000.000000 99648.000000 85464.000000 100000.000000 99996.000000 99924.000000 100000.000000 100000.000000 99456.000000 
1
0.000000 99328.000000 99936.000000 100000.000000 99989.000000 99413.000000 100000.000000 100000.000000 99968.000000 99840.000000 0.000000 99840.000000 99648.000000 100000.000000 100000.000000 99911.000000 99983.000000 100000.000000 99970.000000 100000.000000 99840.000000 99840.000000 99680.000000 82424.000000 100000.000000 100000.000000 99925.000000 100000.000000 99968.000000 99840.000000 99964.000000 99840.000000 99936.000000 100000.000000 100000.000000 100000.000000 99968.000000 99968.000000 99840.000000 98304.000000 0.000000 99988.000000 100000.000000 99840.000000 99840.000000 99992.000000 100000.000000 100000.000000 99993.000000 99989.000000 100000.000000 99840.000000 99840.000000 98304.000000 98304.000000 100000.000000 100000.000000 99968.000000 100000.000000 100000.000000 99936.000000 
2
0.000000 99328.000000 99936.000000 99992.000000 99995.000000 99989.000000 100000.000000 99968.000000 99840.000000 99840.000000 0.000000 99840.000000 98304.000000 99984.000000 100000.000000 99994.000000 99994.000000 100000.000000 100000.000000 99968.000000 99840.000000 100000.000000 98304.000000 99984.000000 99997.000000 99999.000000 99679.000000 100000.000000 99968.000000 99840.000000 99940.000000 99960.000000 99936.000000 99986.000000 100000.000000 100000.000000 99968.000000 99968.000000 99840.000000 99968.000000 0.000000 100000.000000 99994.000000 99946.000000 95906.000000 99986.000000 100000.000000 100000.000000 100000.000000 99900.000000 100000.000000 99968.000000 98311.000000 98304.000000 98304.000000 99997.000000 100000.000000 99968.000000 100000.000000 99968.000000 99840.000000 
3
0.000000 99328.000000 99840.000000 100000.000000 99936.000000 99936.000000 99936.000000 100000.000000 99968.000000 99840.000000 0.000000 99904.000000 99938.000000 99984.000000 99996.000000 99860.000000 99954.000000 100000.000000 99990.000000 100000.000000 98496.000000 99520.000000 96960.000000 96960.000000 99992.000000 99264.000000 83136.000000 100000.000000 99904.000000 98496.000000 99936.000000 99904.000000 99874.000000 99984.000000 100000.000000 100000.000000 99968.000000 99968.000000 99520.000000 99980.000000 0.000000 100000.000000 99996.000000 96960.000000 98400.000000 99920.000000 99992.000000 100000.000000 99936.000000 100000.000000 100000.000000 99904.000000 99520.000000 98496.000000 97984.000000 100000.000000 99776.000000 99776.000000 99904.000000 99904.000000 99520.000000 
4
0.000000 99328.000000 99936.000000 100000.000000 100000.000000 100000.000000 100000.000000 100000.000000 99840.000000 99840.000000 0.000000 99968.000000 98304.000000 99984.000000 100000.000000 99764.000000 99986.000000 99986.000000 100000.000000 100000.000000 99840.000000 100000.000000 99936.000000 99936.000000 100000.000000 100000.000000 99936.000000 100000.000000 99968.000000 99968.000000 99992.000000 99840.000000 99904.000000 99984.000000 100000.000000 99968.000000 99968.000000 99968.000000 99968.000000 99968.000000 0.000000 99988.000000 99962.000000 97920.000000 97920.000000 98856.000000 100000.000000 100000.000000 99936.000000 97056.000000 99968.000000 99456.000000 99968.000000 99968.000000 97920.000000 100000.000000 99936.000000 99968.000000 100000.000000 100000.000000 99968.000000 
5
0.000000 99328.000000 99936.000000 100000.000000 99988.000000 99956.000000 98580.000000 100000.000000 99968.000000 99840.000000 0.000000 99968.000000 98304.000000 99984.000000 99936.000000 94272.000000 52286.000000 82942.000000 99742.000000 100000.000000 99840.000000 99990.000000 99840.000000 89760.000000 99997.000000 100000.000000 99991.000000 100000.000000 99968.000000 99840.000000 99964.000000 99840.000000 99904.000000 99994.000000 100000.000000 99284.000000 100000.000000 99968.000000 99456.000000 99888.000000 0.000000 99996.000000 99996.000000 99840.000000 99840.000000 100000.000000 100000.000000 99992.000000 98688.000000 55872.000000 100000.000000 99968.000000 99968.000000 99968.000000 99992.000000 100000.000000 100000.000000 44576.000000 100000.000000 99968.000000 99456.000000 
6
0.000000 99328.000000 99936.000000 100000.000000 100000.000000 100000.000000 99968.000000 99940.000000 99992.000000 99992.000000 99840.000000 99840.000000 98306.000000 99989.000000 100000.000000 99924.000000 99924.000000 100000.000000 100000.000000 99968.000000 99968.000000 100000.000000 99936.000000 99968.000000 100000.000000 99936.000000 99936.000000 100000.000000 100000.000000 99840.000000 99964.000000 99840.000000 99904.000000 99993.000000 99984.000000 48256.000000 100000.000000 99968.000000 99456.000000 99888.000000 0.000000 99996.000000 100000.000000 99840.000000 100000.000000 100000.000000 100000.000000 99992.000000 99936.000000 96960.000000 100000.000000 99968.000000 99968.000000 97920.000000 97920.000000 99994.000000 100000.000000 99872.000000 100000.000000 99968.000000 99936.000000 
7
0.000000 99328.000000 99936.000000 100000.000000 99936.000000 100000.000000 99996.000000 100000.000000 99840.000000 99840.000000 0.000000 99968.000000 98304.000000 99984.000000 99993.000000 97920.000000 99968.000000 100000.000000 100000.000000 99968.000000 99840.000000 99840.000000 98304.000000 98304.000000 100000.000000 86944.000000 100000.000000 100000.000000 100000.000000 99840.000000 99964.000000 99851.000000 98304.000000 99984.000000 100000.000000 97364.000000 100000.000000 100000.000000 99840.000000 99992.000000 0.000000 99994.000000 100000.000000 99904.000000 96016.000000 99968.000000 100000.000000 99973.000000 99936.000000 100000.000000 100000.000000 99968.000000 99936.000000 100000.000000 99984.000000 99904.000000 100000.000000 96020.000000 100000.000000 99968.000000 99936.000000 
8
0.000000 98304.000000 99840.000000 99989.000000 100000.000000 99984.000000 82560.000000 100000.000000 99904.000000 99776.000000 0.000000 99904.000000 99968.000000 99989.000000 100000.000000 99840.000000 99838.000000 99966.000000 99998.000000 100000.000000 99520.000000 99840.000000 96960.000000 99984.000000 100000.000000 99936.000000 99936.000000 100000.000000 100000.000000 98592.000000 99936.000000 99904.000000 99968.000000 100000.000000 100000.000000 99664.000000 100000.000000 99904.000000 99648.000000 99948.000000 0.000000 99996.000000 99968.000000 99904.000000 99968.000000 99944.000000 100000.000000 100000.000000 97344.000000 76160.000000 100000.000000 99648.000000 100000.000000 99996.000000 86832.000000 100000.000000 100000.000000 98788.000000 100000.000000 99904.000000 99968.000000 
9
0.000000 98304.000000 99840.000000 100000.000000 100000.000000 94452.000000 100000.000000 99984.000000 99520.000000 99776.000000 0.000000 99904.000000 99584.000000 99984.000000 99997.000000 99909.000000 99971.000000 99999.000000 99974.000000 100000.000000 98496.000000 99948.000000 99840.000000 31296.000000 99984.000000 99994.000000 99986.000000 100000.000000 99968.000000 99584.000000 99936.000000 99856.000000 99840.000000 100000.000000 100000.000000 99184.000000 100000.000000 100000.000000 99072.000000 99840.000000 0.000000 99996.000000 99940.000000 99968.000000 100000.000000 99984.000000 99984.000000 100000.000000 99936.000000 98592.000000 99968.000000 99968.000000 99584.000000 99072.000000 92928.000000 100000.000000 99936.000000 99936.000000 99968.000000 99968.000000 100000.000000 
10
0.000000 98304.000000 99840.000000 100000.000000 100000.000000 99104.000000 100000.000000 100000.000000 99520.000000 99776.000000 0.000000 99911.000000 96960.000000 99989.000000 99988.000000 99840.000000 99840.000000 99968.000000 99936.000000 100000.000000 98496.000000 99840.000000 99840.000000 31488.000000 100000.000000 100000.000000 100000.000000 100000.000000 99968.000000 99968.000000 99968.000000 99856.000000 92928.000000 100000.000000 100000.000000 98704.000000 100000.000000 99968.000000 99584.000000 99936.000000 0.000000 99996.000000 99936.000000 100000.000000 100000.000000 100000.000000 99984.000000 99992.000000 99999.000000 96275.000000 100000.000000 99968.000000 99840.000000 99968.000000 100000.000000 100000.000000 100000.000000 99056.000000 99968.000000 99968.000000 99584.000000 
11
0.000000 98304.000000 99840.000000 100000.000000 100000.000000 99968.000000 100000.000000 100000.000000 99904.000000 99520.000000 0.000000 99904.000000 96992.000000 99992.000000 99993.000000 86784.000000 73246.000000 100000.000000 100000.000000 99904.000000 98496.000000 99940.000000 99936.000000 87072.000000 100000.000000 100000.000000 100000.000000 99994.000000 99968.000000 99968.000000 99976.000000 99976.000000 99840.000000 100000.000000 100000.000000 100000.000000 100000.000000 100000.000000 99072.000000 99200.000000 0.000000 99998.000000 99968.000000 99712.000000 99664.000000 99984.000000 97080.000000 94300.000000 99960.000000 92984.000000 100000.000000 99968.000000 99584.000000 99584.000000 96000.000000 100000.000000 99936.000000 99936.000000 99968.000000 99968.000000 99584.000000 
12
0.000000 98304.000000 99936.000000 100000.000000 100000.000000 100000.000000 100000.000000 100000.000000 99968.000000 99840.000000 0.000000 99968.000000 99968.000000 99984.000000 99996.000000 99824.000000 99950.000000 99986.000000 99986.000000 100000.000000 99840.000000 100000.000000 99936.000000 88128.000000 100000.000000 99968.000000 100000.000000 100000.000000 99904.000000 99648.000000 99916.000000 99896.000000 96576.000000 100000.000000 100000.000000 99808.000000 100000.000000 99904.000000 99648.000000 99648.000000 0.000000 99996.000000 99992.000000 99776.000000 100000.000000 100000.000000 100000.000000 100000.000000 100000.000000 100000.000000 100000.000000 99904.000000 99648.000000 99968.000000 99984.000000 100000.000000 99997.000000 98820.000000 100000.000000 100000.000000 99648.000000 
13
0.000000 98304.000000 99936.000000 100000.000000 99980.000000 99792.000000 99984.000000 100000.000000 99968.000000 99840.000000 0.000000 99968.000000 99968.000000 99984.000000 99988.000000 99912.000000 99846.000000 99994.000000 99938.000000 100000.000000 98496.000000 99968.000000 99936.000000 87072.000000 99987.000000 100000.000000 100000.000000 100000.000000 99968.000000 99968.000000 99968.000000 99960.000000 99970.000000 100000.000000 100000.000000 99520.000000 100000.000000 99968.000000 99968.000000 99980.000000 0.000000 99998.000000 99968.000000 99840.000000 99840.000000 100000.000000 100000.000000 100000.000000 100000.000000 95136.000000 100000.000000 99968.000000 99968.000000 99968.000000 99984.000000 100000.000000 100000.000000 99744.000000 100000.000000 99968.000000 99968.000000 
14
0.000000 98304.000000 99936.000000 99997.000000 100000.000000 99989.000000 100000.000000 100000.000000 99968.000000 99840.000000 0.000000 99968.000000 99840.000000 99984.000000 99993.000000 99648.000000 99968.000000 100000.000000 100000.000000 99968.000000 99840.000000 99840.000000 96768.000000 99976.000000 100000.000000 99936.000000 99936.000000 100000.000000 100000.000000 100000.000000 99960.000000 99968.000000 96800.000000 99992.000000 99995.000000 99989.000000 100000.000000 100000.000000 99968.000000 99968.000000 0.000000 99990.000000 99990.000000 100000.000000 99968.000000 100000.000000 100000.000000 99985.000000 100000.000000 100000.000000 100000.000000 99968.000000 99936.000000 99988.000000 86352.000000 100000.000000 100000.000000 100000.000000 100000.000000 100000.000000 99840.000000 
15
0.000000 98304.000000 99936.000000 99994.000000 100000.000000 99989.000000 100000.000000 100000.000000 99968.000000 99840.000000 0.000000 99968.000000 99968.000000 99984.000000 99972.000000 99072.000000 99584.000000 99968.000000 100000.000000 100000.000000 99776.000000 98240.000000 96192.000000 96192.000000 100000.000000 99936.000000 99936.000000 100000.000000 99904.000000 99264.000000 99992.000000 99960.000000 99840.000000 100000.000000 100000.000000 99936.000000 99968.000000 99968.000000 99584.000000 98048.000000 0.000000 99996.000000 99984.000000 99840.000000 99840.000000 99984.000000 27028.000000 24268.000000 96964.000000 96964.000000 100000.000000 99968.000000 99904.000000 99984.000000 86232.000000 99994.000000 100000.000000 99744.000000 100000.000000 100000.000000 99072.000000 
16
0.000000 99393.888889 99938.000000 100000.000000 100000.000000 100000.000000 99968.000000 100000.000000 99840.000000 99840.000000 0.000000 99840.000000 98304.000000 100000.000000 100000.000000 99904.000000 99902.000000 99966.000000 99998.000000 100000.000000 99840.000000 100000.000000 98304.000000 98564.000000 100000.000000 99840.000000 85408.000000 100000.000000 99968.000000 99840.000000 99960.000000 99960.000000 99488.000000 100000.000000 100000.000000 99968.000000 99968.000000 100000.000000 99616.000000 90592.000000 0.000000 99992.000000 99972.000000 98304.000000 98336.000000 99288.000000 99909.000000 100000.000000 100000.000000 100000.000000 100000.000000 99840.000000 99968.000000 99968.000000 85512.000000 99993.000000 100000.000000 100000.000000 100000.000000 100000.000000 99840.000000 
17
0.000000 99328.000000 99938.000000 100000.000000 100000.000000 99992.000000 100000.000000 100000.000000 99968.000000 99840.000000 0.000000 99904.000000 99968.000000 99992.000000 100000.000000 99904.000000 99646.000000 99998.000000 99998.000000 99998.000000 99264.000000 99776.000000 100000.000000 82080.000000 100000.000000 99264.000000 84224.000000 100000.000000 99904.000000 99264.000000 99936.000000 99984.000000 99968.000000 100000.000000 99984.000000 100000.000000 99996.000000 100000.000000 99968.000000 99968.000000 0.000000 99986.000000 99968.000000 97536.000000 99136.000000 100000.000000 99984.000000 100000.000000 99935.000000 99962.000000 100000.000000 99968.000000 99584.000000 97536.000000 97536.000000 100000.000000 100000.000000 100000.000000 100000.000000 100000.000000 99072.000000 
18
0.000000 99328.000000 99904.000000 100000.000000 100000.000000 99992.000000 100000.000000 100000.000000 99968.000000 99840.000000 0.000000 99904.000000 99840.000000 99992.000000 100000.000000 99904.000000 99800.000000 99992.000000 99960.000000 100000.000000 99264.000000 99936.000000 99936.000000 99976.000000 100000.000000 99264.000000 86752.000000 100000.000000 99904.000000 99264.000000 99988.000000 99896.000000 97728.000000 100000.000000 100000.000000 69984.000000 100000.000000 99936.000000 99264.000000 99968.000000 0.000000 99988.000000 99988.000000 99840.000000 99840.000000 99984.000000 99984.000000 99993.000000 100000.000000 100000.000000 100000.000000 99904.000000 99936.000000 99936.000000 86016.000000 100000.000000 99936.000000 99968.000000 100000.000000 99904.000000 99808.000000 
19
0.000000 99328.000000 99936.000000 100000.000000 99936.000000 99968.000000 100000.000000 100000.000000 99968.000000 99840.000000 0.000000 99840.000000 98304.000000 99984.000000 99993.000000 85632.000000 43136.000000 99904.000000 100000.000000 99968.000000 99840.000000 100000.000000 98304.000000 99984.000000 100000.000000 99936.000000 99936.000000 100000.000000 99936.000000 99840.000000 99948.000000 99928.000000 99712.000000 100000.000000 100000.000000 70560.000000 100000.000000 99968.000000 99840.000000 99944.000000 0.000000 99986.000000 99988.000000 99936.000000 57408.000000 99984.000000 99992.000000 99988.000000 100000.000000 100000.000000 100000.000000 99968.000000 98304.000000 99936.000000 87424.000000 99992.000000 100000.000000 99936.000000 100000.000000 100000.000000 99840.000000 
