0
0.000000 25764.000000 9216.000000 21318.000000 133134.000000 67779.000000 2800.000000 139712.000000 75776.000000 9472.000000 0.000000 16896.000000 33792.000000 1632.000000 0.000000 0.000000 0.000000 58001.000000 2320.000000 81600.000000 16320.000000 116736.000000 49152.000000 0.000000 211200.000000 149600.000000 79200.000000 158600.000000 91920.000000 26048.000000 0.000000 31744.000000 21504.000000 2762.000000 159731.000000 96660.000000 156038.000000 91520.000000 26048.000000 0.000000 0.000000 116500.000000 169409.000000 105088.000000 39424.000000 15552.000000 18000.000000 0.000000 56120.000000 0.000000 101048.000000 36216.000000 26736.000000 49152.000000 0.000000 11769.000000 78572.000000 85023.000000 136352.000000 73408.000000 9472.000000 
1
0.000000 25764.000000 9216.000000 20064.000000 133063.000000 68611.000000 2800.000000 139712.000000 75776.000000 9472.000000 0.000000 16896.000000 33792.000000 1632.000000 0.000000 0.000000 0.000000 58001.000000 2320.000000 81600.000000 16320.000000 110592.000000 43008.000000 0.000000 211200.000000 149600.000000 79200.000000 159504.000000 92824.000000 27296.000000 0.000000 31744.000000 21504.000000 2762.000000 156739.000000 91827.000000 158406.000000 91520.000000 26048.000000 0.000000 0.000000 114516.000000 171896.000000 105472.000000 39424.000000 15552.000000 17100.000000 0.000000 57243.000000 0.000000 100979.000000 35251.000000 26736.000000 46080.000000 0.000000 12059.000000 76701.000000 85952.000000 137100.000000 73408.000000 7104.000000 
2
0.000000 25764.000000 6144.000000 20064.000000 132272.000000 66917.000000 2800.000000 137344.000000 73408.000000 7104.000000 0.000000 16896.000000 30720.000000 1536.000000 0.000000 0.000000 0.000000 56130.000000 2320.000000 78336.000000 13056.000000 110592.000000 43008.000000 0.000000 211200.000000 149600.000000 79200.000000 156232.000000 89552.000000 23680.000000 0.000000 31744.000000 21504.000000 2358.000000 161197.000000 96660.000000 157031.000000 90048.000000 23680.000000 0.000000 0.000000 114516.000000 168312.000000 101888.000000 35840.000000 15552.000000 17100.000000 0.000000 56868.000000 0.000000 101575.000000 35847.000000 26736.000000 46080.000000 0.000000 11673.000000 77824.000000 84275.000000 137972.000000 73408.000000 9472.000000 
3
0.000000 25765.000000 6144.000000 20064.000000 133352.000000 68010.000000 2520.000000 137344.000000 73408.000000 7104.000000 0.000000 16384.000000 30720.000000 1536.000000 0.000000 0.000000 0.000000 56130.000000 1740.000000 78336.000000 13056.000000 110592.000000 43008.000000 0.000000 202400.000000 140800.000000 70400.000000 156904.000000 88648.000000 26176.000000 0.000000 31232.000000 21504.000000 2364.000000 158983.000000 96660.000000 153670.000000 89152.000000 23680.000000 0.000000 0.000000 116381.000000 169290.000000 105088.000000 39424.000000 12983.000000 17100.000000 0.000000 56868.000000 0.000000 101575.000000 35847.000000 26736.000000 46080.000000 0.000000 11673.000000 78197.000000 84648.000000 136716.000000 71040.000000 7104.000000 
4
0.000000 25765.000000 9216.000000 6145.000000 71098.000000 7484.000000 0.000000 86784.000000 24320.000000 0.000000 0.000000 24577.000000 27648.000000 288.000000 0.000000 0.000000 0.000000 58001.000000 2320.000000 69952.000000 6528.000000 12288.000000 30720.000000 0.000000 18810.000000 86814.000000 21329.000000 95168.000000 29376.000000 0.000000 0.000000 36864.000000 21504.000000 7546.000000 154503.000000 91827.000000 167333.000000 102912.000000 39168.000000 0.000000 0.000000 185265.000000 161511.000000 97071.000000 32631.000000 15552.000000 4224.000000 0.000000 58797.000000 0.000000 93728.000000 28896.000000 122880.000000 61440.000000 0.000000 96660.000000 82477.000000 43962.000000 99456.000000 63168.000000 3360.000000 
5
0.000000 25764.000000 9216.000000 12290.000000 71098.000000 7484.000000 0.000000 84416.000000 18688.000000 0.000000 0.000000 24576.000000 27648.000000 192.000000 0.000000 0.000000 0.000000 56130.000000 2320.000000 66688.000000 3264.000000 6144.000000 27648.000000 0.000000 18810.000000 86814.000000 21329.000000 95168.000000 29376.000000 0.000000 0.000000 36864.000000 21504.000000 6860.000000 154503.000000 91827.000000 167333.000000 102912.000000 39168.000000 0.000000 0.000000 185265.000000 160999.000000 96559.000000 32119.000000 15552.000000 4320.000000 0.000000 58437.000000 0.000000 94260.000000 28532.000000 122880.000000 61440.000000 0.000000 96660.000000 80606.000000 43949.000000 99456.000000 63168.000000 3120.000000 
6
0.000000 25764.000000 6144.000000 12290.000000 71098.000000 5613.000000 0.000000 84416.000000 21056.000000 0.000000 0.000000 24576.000000 24576.000000 384.000000 0.000000 0.000000 0.000000 56130.000000 2320.000000 67584.000000 3264.000000 6144.000000 27648.000000 0.000000 20064.000000 86814.000000 23200.000000 92800.000000 29376.000000 0.000000 0.000000 30720.000000 21504.000000 6860.000000 157465.000000 91827.000000 168326.000000 101440.000000 39168.000000 0.000000 0.000000 185265.000000 160487.000000 96047.000000 31607.000000 15552.000000 4320.000000 0.000000 58726.000000 0.000000 93295.000000 27567.000000 116736.000000 55296.000000 0.000000 96660.000000 80606.000000 43949.000000 97088.000000 64256.000000 3360.000000 
7
0.000000 25764.000000 6144.000000 12290.000000 71098.000000 5613.000000 0.000000 84416.000000 21056.000000 0.000000 0.000000 24576.000000 27648.000000 288.000000 0.000000 0.000000 0.000000 56130.000000 1740.000000 67584.000000 3264.000000 6144.000000 27648.000000 0.000000 18810.000000 86066.000000 22452.000000 92800.000000 29376.000000 0.000000 0.000000 30720.000000 21504.000000 6860.000000 152632.000000 86994.000000 167333.000000 100544.000000 35904.000000 0.000000 0.000000 193320.000000 161511.000000 97071.000000 32631.000000 12983.000000 4224.000000 0.000000 58726.000000 0.000000 93680.000000 27952.000000 116736.000000 55296.000000 0.000000 96660.000000 80606.000000 43962.000000 97088.000000 63104.000000 3120.000000 
8
0.000000 25765.000000 9216.000000 1248.000000 69227.000000 3742.000000 0.000000 84416.000000 21952.000000 0.000000 0.000000 36864.000000 0.000000 288.000000 96800.000000 26400.000000 0.000000 56878.000000 3480.000000 80000.000000 13824.000000 30720.000000 0.000000 0.000000 18139.000000 87937.000000 22452.000000 92800.000000 29376.000000 0.000000 0.000000 36864.000000 21504.000000 2762.000000 66755.000000 720.000000 94720.000000 87616.000000 23680.000000 0.000000 0.000000 128523.000000 145628.000000 82432.000000 17920.000000 30720.000000 4416.000000 0.000000 58077.000000 0.000000 99072.000000 35904.000000 122880.000000 61440.000000 0.000000 1384.000000 81866.000000 16124.000000 99456.000000 92352.000000 28416.000000 
9
0.000000 25764.000000 9216.000000 1152.000000 69227.000000 5613.000000 0.000000 85312.000000 21952.000000 0.000000 0.000000 30721.000000 0.000000 192.000000 96800.000000 26400.000000 0.000000 56863.000000 3480.000000 80000.000000 13824.000000 24576.000000 0.000000 0.000000 19297.000000 87937.000000 22452.000000 92800.000000 29376.000000 0.000000 0.000000 30720.000000 21504.000000 2762.000000 66768.000000 360.000000 94720.000000 87616.000000 23680.000000 0.000000 0.000000 126539.000000 147228.000000 82432.000000 17920.000000 28160.000000 4512.000000 0.000000 58366.000000 0.000000 95808.000000 32640.000000 122880.000000 61440.000000 0.000000 1384.000000 82155.000000 16413.000000 99456.000000 92352.000000 28416.000000 
10
0.000000 25764.000000 6144.000000 1152.000000 69227.000000 5613.000000 0.000000 84416.000000 21056.000000 0.000000 0.000000 30720.000000 0.000000 192.000000 88000.000000 17600.000000 0.000000 56863.000000 3480.000000 81088.000000 14976.000000 24576.000000 0.000000 0.000000 19297.000000 86066.000000 22452.000000 95168.000000 29376.000000 0.000000 0.000000 30720.000000 21504.000000 2358.000000 66408.000000 0.000000 92352.000000 87616.000000 23680.000000 0.000000 0.000000 126539.000000 143644.000000 78848.000000 14336.000000 30720.000000 4608.000000 0.000000 58366.000000 0.000000 95808.000000 32640.000000 116736.000000 55296.000000 0.000000 1384.000000 81795.000000 16053.000000 97088.000000 92352.000000 28416.000000 
11
0.000000 25764.000000 6144.000000 1056.000000 67356.000000 3742.000000 0.000000 84416.000000 21056.000000 0.000000 0.000000 30720.000000 0.000000 288.000000 88000.000000 17600.000000 0.000000 57266.000000 2900.000000 81088.000000 14976.000000 30720.000000 0.000000 0.000000 19394.000000 86066.000000 22452.000000 91904.000000 26112.000000 0.000000 0.000000 30720.000000 21504.000000 2364.000000 69400.000000 4833.000000 92352.000000 85248.000000 21312.000000 0.000000 0.000000 128404.000000 153564.000000 82432.000000 17920.000000 27648.000000 4416.000000 0.000000 58006.000000 0.000000 95808.000000 32640.000000 116736.000000 55296.000000 0.000000 1384.000000 81795.000000 16053.000000 97088.000000 89984.000000 26048.000000 
12
0.000000 25657.000000 9216.000000 101493.000000 80606.000000 14968.000000 0.000000 89152.000000 24320.000000 0.000000 0.000000 23552.000000 33792.000000 576.000000 0.000000 0.000000 0.000000 56130.000000 0.000000 84480.000000 19584.000000 129024.000000 61440.000000 0.000000 30725.000000 74082.000000 8976.000000 125504.000000 61568.000000 0.000000 0.000000 30720.000000 21504.000000 2058.000000 160449.000000 96660.000000 156135.000000 89152.000000 23680.000000 0.000000 0.000000 40420.000000 205135.000000 137551.000000 72704.000000 6144.000000 3840.000000 77328.000000 57532.000000 64400.000000 117344.000000 52112.000000 147456.000000 86016.000000 18432.000000 220692.000000 167200.000000 105600.000000 89664.000000 83232.000000 25376.000000 
13
0.000000 25656.000000 9216.000000 101493.000000 78735.000000 13097.000000 0.000000 87680.000000 21952.000000 0.000000 0.000000 23552.000000 33792.000000 480.000000 0.000000 0.000000 0.000000 56130.000000 0.000000 84480.000000 19584.000000 129024.000000 61440.000000 0.000000 30725.000000 73707.000000 8228.000000 125504.000000 61568.000000 0.000000 0.000000 30720.000000 21504.000000 1372.000000 160449.000000 96660.000000 156135.000000 89152.000000 23680.000000 0.000000 0.000000 39701.000000 202063.000000 134479.000000 69632.000000 3072.000000 3936.000000 72495.000000 58312.000000 61600.000000 116912.000000 50608.000000 140768.000000 79328.000000 12288.000000 220692.000000 158400.000000 96800.000000 87968.000000 83904.000000 22336.000000 
14
0.000000 25656.000000 6144.000000 96660.000000 79515.000000 14968.000000 0.000000 86784.000000 21056.000000 0.000000 0.000000 23040.000000 30720.000000 576.000000 0.000000 0.000000 0.000000 56130.000000 0.000000 85568.000000 20736.000000 129024.000000 67584.000000 0.000000 24580.000000 72211.000000 7480.000000 125504.000000 61568.000000 0.000000 0.000000 24576.000000 21504.000000 1372.000000 155616.000000 91827.000000 158406.000000 91520.000000 26048.000000 0.000000 0.000000 39701.000000 203087.000000 135503.000000 69632.000000 3072.000000 3936.000000 72495.000000 58312.000000 61600.000000 116912.000000 50608.000000 141312.000000 79872.000000 12288.000000 220692.000000 158400.000000 96800.000000 87968.000000 81536.000000 22336.000000 
15
0.000000 25656.000000 6144.000000 101493.000000 80606.000000 14968.000000 0.000000 86784.000000 21056.000000 0.000000 0.000000 20993.000000 30720.000000 480.000000 0.000000 0.000000 0.000000 56130.000000 0.000000 84416.000000 19584.000000 129024.000000 61440.000000 0.000000 24580.000000 72584.000000 8228.000000 123136.000000 59200.000000 0.000000 0.000000 24578.000000 21504.000000 2058.000000 156394.000000 91827.000000 156934.000000 90048.000000 26048.000000 0.000000 0.000000 39593.000000 202575.000000 134991.000000 69120.000000 3072.000000 3840.000000 72495.000000 58312.000000 61600.000000 114544.000000 48240.000000 147456.000000 79872.000000 18432.000000 220692.000000 158400.000000 96800.000000 87968.000000 81536.000000 23008.000000 
16
0.000000 25765.000000 9216.000000 73740.000000 65662.000000 0.000000 0.000000 84416.000000 21952.000000 0.000000 0.000000 36864.000000 0.000000 15300.000000 0.000000 0.000000 19632.000000 56130.000000 3480.000000 67264.000000 2368.000000 12800.000000 0.000000 0.000000 79200.000000 70282.000000 27400.000000 89728.000000 26752.000000 0.000000 0.000000 29696.000000 21504.000000 1800.000000 173208.000000 101493.000000 100232.000000 100382.000000 36424.000000 0.000000 0.000000 49561.000000 211435.000000 143851.000000 82411.000000 12288.000000 5376.000000 48330.000000 76711.000000 13097.000000 86168.000000 19864.000000 141312.000000 79872.000000 12288.000000 97239.000000 78940.000000 12716.000000 125880.000000 61568.000000 0.000000 
17
0.000000 25764.000000 9216.000000 73740.000000 65662.000000 0.000000 0.000000 85312.000000 21952.000000 0.000000 0.000000 36864.000000 0.000000 15300.000000 0.000000 0.000000 19632.000000 56130.000000 3480.000000 67264.000000 2368.000000 12288.000000 0.000000 0.000000 70400.000000 70117.000000 27400.000000 89728.000000 26752.000000 0.000000 0.000000 29696.000000 21504.000000 1800.000000 175304.000000 103364.000000 97864.000000 104558.000000 39136.000000 0.000000 0.000000 49783.000000 211435.000000 143851.000000 82411.000000 12288.000000 5376.000000 48330.000000 76711.000000 11226.000000 86700.000000 20396.000000 147456.000000 79872.000000 18432.000000 97046.000000 78940.000000 12716.000000 124508.000000 59200.000000 0.000000 
18
0.000000 25764.000000 6144.000000 79885.000000 65474.000000 0.000000 0.000000 84416.000000 21056.000000 0.000000 0.000000 36864.000000 0.000000 15300.000000 0.000000 0.000000 19632.000000 56130.000000 3480.000000 67264.000000 2368.000000 12800.000000 0.000000 0.000000 79200.000000 70406.000000 28120.000000 87360.000000 26432.000000 0.000000 0.000000 29696.000000 21504.000000 1800.000000 175304.000000 103364.000000 97864.000000 106269.000000 39480.000000 0.000000 0.000000 49783.000000 205291.000000 137707.000000 76267.000000 6144.000000 5472.000000 48330.000000 76711.000000 11226.000000 86120.000000 19816.000000 141312.000000 73728.000000 12288.000000 101686.000000 78940.000000 11968.000000 124508.000000 59200.000000 0.000000 
19
0.000000 25764.000000 6144.000000 79885.000000 65403.000000 0.000000 0.000000 84416.000000 21056.000000 0.000000 0.000000 36864.000000 0.000000 14400.000000 0.000000 0.000000 19632.000000 58001.000000 2900.000000 68736.000000 4736.000000 12800.000000 0.000000 0.000000 70400.000000 70046.000000 28064.000000 87360.000000 26432.000000 0.000000 0.000000 29698.000000 21504.000000 900.000000 176170.000000 106326.000000 97864.000000 107830.000000 42624.000000 0.000000 0.000000 49783.000000 206226.000000 138642.000000 71058.000000 6144.000000 5472.000000 48330.000000 76711.000000 11226.000000 86120.000000 19816.000000 141312.000000 73728.000000 12288.000000 101686.000000 80378.000000 12716.000000 125132.000000 61568.000000 0.000000 
20
0.000000 25765.000000 9216.000000 17556.000000 152345.000000 80074.000000 14589.000000 84416.000000 18688.000000 0.000000 0.000000 30720.000000 0.000000 12600.000000 24580.000000 0.000000 0.000000 56130.000000 0.000000 111232.000000 47296.000000 6144.000000 27648.000000 0.000000 19104.000000 72211.000000 8780.000000 125504.000000 59200.000000 0.000000 0.000000 21504.000000 21504.000000 0.000000 63614.000000 0.000000 153920.000000 87616.000000 23680.000000 0.000000 0.000000 193320.000000 151134.000000 91165.000000 26725.000000 15552.000000 5184.000000 30725.000000 58001.000000 0.000000 127872.000000 63936.000000 1080.000000 0.000000 0.000000 65320.000000 91679.000000 26194.000000 101824.000000 67840.000000 1152.000000 
21
0.000000 25764.000000 9216.000000 17556.000000 152345.000000 80074.000000 14589.000000 85312.000000 21952.000000 0.000000 0.000000 30720.000000 0.000000 12276.000000 24580.000000 0.000000 0.000000 56130.000000 0.000000 111232.000000 47296.000000 6144.000000 27648.000000 0.000000 19104.000000 72211.000000 8780.000000 125504.000000 59200.000000 0.000000 0.000000 20992.000000 21504.000000 0.000000 63614.000000 0.000000 151552.000000 87616.000000 23680.000000 0.000000 0.000000 193320.000000 151646.000000 89117.000000 24677.000000 15552.000000 5184.000000 30725.000000 58001.000000 0.000000 127872.000000 63936.000000 1080.000000 0.000000 0.000000 62480.000000 91679.000000 26194.000000 101824.000000 66688.000000 0.000000 
22
0.000000 25764.000000 6144.000000 18810.000000 160573.000000 88302.000000 22817.000000 84416.000000 21056.000000 0.000000 0.000000 24576.000000 0.000000 12648.000000 18435.000000 0.000000 0.000000 56130.000000 0.000000 111168.000000 47232.000000 6144.000000 27648.000000 0.000000 19104.000000 72584.000000 8504.000000 123136.000000 56832.000000 0.000000 0.000000 20992.000000 21504.000000 0.000000 61743.000000 0.000000 151552.000000 85248.000000 21312.000000 0.000000 0.000000 193320.000000 151134.000000 88605.000000 24165.000000 15552.000000 5280.000000 30725.000000 56130.000000 0.000000 130240.000000 63936.000000 972.000000 0.000000 0.000000 62480.000000 91679.000000 26194.000000 99456.000000 67776.000000 1152.000000 
23
0.000000 25764.000000 6144.000000 17556.000000 151970.000000 79699.000000 14214.000000 84416.000000 21056.000000 0.000000 0.000000 24576.000000 0.000000 12648.000000 18435.000000 0.000000 0.000000 56130.000000 0.000000 111168.000000 47232.000000 6144.000000 27648.000000 0.000000 19008.000000 71836.000000 8780.000000 123136.000000 56832.000000 0.000000 0.000000 20992.000000 21504.000000 0.000000 63614.000000 0.000000 151552.000000 85248.000000 21312.000000 0.000000 0.000000 201375.000000 156629.000000 92189.000000 27749.000000 12983.000000 5280.000000 30725.000000 56130.000000 0.000000 129032.000000 62728.000000 1080.000000 0.000000 0.000000 62480.000000 91679.000000 26194.000000 99456.000000 67776.000000 1152.000000 
24
0.000000 25765.000000 9216.000000 63195.000000 270744.000000 209144.000000 138744.000000 136344.000000 66684.000000 2368.000000 0.000000 30720.000000 0.000000 2016.000000 193600.000000 123200.000000 61600.000000 48817.000000 2900.000000 67264.000000 6464.000000 24576.000000 3072.000000 0.000000 101493.000000 81697.000000 14968.000000 113624.000000 49688.000000 0.000000 0.000000 20480.000000 21504.000000 2762.000000 54630.000000 0.000000 153920.000000 87616.000000 23680.000000 0.000000 0.000000 51584.000000 144512.000000 76928.000000 12288.000000 24576.000000 5280.000000 48330.000000 74840.000000 11226.000000 90688.000000 23680.000000 135168.000000 73728.000000 6144.000000 33831.000000 83062.000000 17204.000000 101824.000000 63168.000000 3840.000000 
25
0.000000 25764.000000 9216.000000 64449.000000 270127.000000 208527.000000 138127.000000 137608.000000 71917.000000 7104.000000 0.000000 24577.000000 0.000000 9596.000000 185088.000000 114688.000000 53088.000000 48457.000000 2900.000000 67264.000000 6464.000000 24576.000000 0.000000 0.000000 101493.000000 82477.000000 16839.000000 114776.000000 48472.000000 0.000000 0.000000 20480.000000 21504.000000 2790.000000 54630.000000 0.000000 151552.000000 85248.000000 21312.000000 0.000000 0.000000 49600.000000 148672.000000 81088.000000 18432.000000 18432.000000 5280.000000 48330.000000 76711.000000 11226.000000 90688.000000 23680.000000 135168.000000 73728.000000 6144.000000 38664.000000 80818.000000 15708.000000 101824.000000 63168.000000 3600.000000 
26
0.000000 25764.000000 6144.000000 63195.000000 277673.000000 216073.000000 145673.000000 136169.000000 67064.000000 2368.000000 0.000000 24576.000000 0.000000 2112.000000 193792.000000 123392.000000 61792.000000 48817.000000 2900.000000 67264.000000 6464.000000 24576.000000 0.000000 0.000000 101493.000000 82477.000000 16839.000000 113312.000000 49376.000000 0.000000 0.000000 20480.000000 21504.000000 2718.000000 56126.000000 0.000000 151552.000000 85248.000000 21312.000000 0.000000 0.000000 49600.000000 142528.000000 75099.000000 9928.000000 21504.000000 5376.000000 48330.000000 76711.000000 11226.000000 88320.000000 21312.000000 135168.000000 73728.000000 6144.000000 33831.000000 83062.000000 16456.000000 99456.000000 64256.000000 3600.000000 
27
0.000000 25764.000000 6144.000000 64266.000000 269944.000000 208344.000000 137944.000000 137912.000000 67181.000000 2368.000000 0.000000 24576.000000 0.000000 96.000000 184992.000000 114592.000000 52992.000000 48442.000000 2320.000000 66368.000000 4096.000000 30720.000000 0.000000 0.000000 101493.000000 82477.000000 16839.000000 117648.000000 53024.000000 0.000000 0.000000 20480.000000 21504.000000 2724.000000 55378.000000 0.000000 151552.000000 85248.000000 21312.000000 0.000000 0.000000 49600.000000 142528.000000 75099.000000 7938.000000 21504.000000 5280.000000 48330.000000 76711.000000 11226.000000 85952.000000 21312.000000 135168.000000 73728.000000 6144.000000 33831.000000 83062.000000 16456.000000 99456.000000 63104.000000 3600.000000 
28
0.000000 25765.000000 9216.000000 76623.000000 58061.000000 6400.000000 0.000000 84416.000000 21952.000000 0.000000 0.000000 30720.000000 0.000000 2112.000000 77328.000000 9666.000000 0.000000 51682.000000 0.000000 84480.000000 19584.000000 116736.000000 49152.000000 0.000000 19593.000000 61743.000000 67304.000000 122639.000000 56832.000000 0.000000 0.000000 49152.000000 0.000000 0.000000 63614.000000 0.000000 94720.000000 89984.000000 23680.000000 0.000000 0.000000 116500.000000 169409.000000 105088.000000 39424.000000 15552.000000 5424.000000 57996.000000 56120.000000 0.000000 130240.000000 63936.000000 5856.000000 30720.000000 0.000000 26334.000000 104776.000000 39291.000000 128640.000000 62592.000000 2640.000000 
29
0.000000 25764.000000 9216.000000 77694.000000 61640.000000 6400.000000 0.000000 85312.000000 21952.000000 0.000000 0.000000 24576.000000 0.000000 2016.000000 72495.000000 4833.000000 0.000000 50143.000000 0.000000 84480.000000 19584.000000 110592.000000 43008.000000 0.000000 19400.000000 61368.000000 66929.000000 119148.000000 54464.000000 0.000000 0.000000 43008.000000 0.000000 0.000000 63614.000000 0.000000 94720.000000 89984.000000 23680.000000 0.000000 0.000000 114516.000000 168312.000000 101888.000000 35840.000000 15552.000000 5376.000000 53163.000000 56120.000000 0.000000 130240.000000 63936.000000 5856.000000 33792.000000 0.000000 25080.000000 102905.000000 37420.000000 127744.000000 64960.000000 3360.000000 
30
0.000000 25764.000000 6144.000000 77694.000000 61640.000000 6400.000000 0.000000 84416.000000 21056.000000 0.000000 0.000000 24576.000000 0.000000 5088.000000 72495.000000 4833.000000 0.000000 50156.000000 0.000000 84416.000000 19584.000000 110592.000000 43008.000000 0.000000 19400.000000 60620.000000 68981.000000 121019.000000 56832.000000 0.000000 0.000000 43008.000000 0.000000 0.000000 63614.000000 0.000000 92352.000000 87616.000000 21312.000000 0.000000 0.000000 114516.000000 168312.000000 101888.000000 35840.000000 15552.000000 5481.000000 57996.000000 55745.000000 0.000000 130240.000000 63936.000000 5990.000000 30720.000000 0.000000 25080.000000 102905.000000 37420.000000 126272.000000 62592.000000 1920.000000 
31
0.000000 25764.000000 6144.000000 76440.000000 62257.000000 6400.000000 0.000000 84416.000000 21056.000000 0.000000 0.000000 24576.000000 0.000000 0.000000 72495.000000 4833.000000 0.000000 51999.000000 0.000000 84416.000000 19584.000000 110592.000000 43008.000000 0.000000 19400.000000 60620.000000 66181.000000 120768.000000 56832.000000 0.000000 0.000000 43008.000000 0.000000 0.000000 61743.000000 0.000000 92352.000000 87616.000000 21312.000000 0.000000 0.000000 116381.000000 169290.000000 105088.000000 39424.000000 12983.000000 5376.000000 57996.000000 55372.000000 0.000000 128452.000000 62148.000000 5664.000000 33792.000000 0.000000 25080.000000 101034.000000 35549.000000 126272.000000 62592.000000 1920.000000 
32
0.000000 25980.000000 3072.000000 110610.000000 89790.000000 22452.000000 0.000000 84416.000000 18688.000000 0.000000 0.000000 25088.000000 15360.000000 1056.000000 0.000000 0.000000 0.000000 56130.000000 0.000000 81600.000000 16320.000000 30720.000000 0.000000 0.000000 96660.000000 82477.000000 14968.000000 97445.000000 31141.000000 9216.000000 0.000000 29696.000000 21504.000000 0.000000 63614.000000 0.000000 151552.000000 87616.000000 21312.000000 0.000000 0.000000 118484.000000 160641.000000 90368.000000 25088.000000 15552.000000 4704.000000 30725.000000 58001.000000 22400.000000 154892.000000 90956.000000 26176.000000 46080.000000 0.000000 11769.000000 89808.000000 24323.000000 109568.000000 97514.000000 32550.000000 
33
0.000000 25872.000000 0.000000 104465.000000 89258.000000 22452.000000 0.000000 85312.000000 21952.000000 0.000000 0.000000 25088.000000 15360.000000 960.000000 0.000000 0.000000 0.000000 56130.000000 0.000000 78336.000000 13056.000000 24576.000000 0.000000 0.000000 96660.000000 80606.000000 14968.000000 97445.000000 31141.000000 8064.000000 0.000000 29696.000000 21504.000000 0.000000 63614.000000 0.000000 151552.000000 87616.000000 21312.000000 0.000000 0.000000 116500.000000 151489.000000 87168.000000 21504.000000 15552.000000 4800.000000 30725.000000 56130.000000 22400.000000 152058.000000 85754.000000 22904.000000 46080.000000 0.000000 11866.000000 89808.000000 24323.000000 109568.000000 95344.000000 30380.000000 
34
0.000000 25872.000000 3072.000000 110610.000000 87919.000000 20581.000000 0.000000 84416.000000 21056.000000 0.000000 0.000000 24576.000000 12288.000000 960.000000 0.000000 0.000000 0.000000 56130.000000 0.000000 78336.000000 13056.000000 24576.000000 0.000000 0.000000 96660.000000 80606.000000 14968.000000 97477.000000 31173.000000 8064.000000 0.000000 29697.000000 21504.000000 0.000000 61743.000000 0.000000 151552.000000 87616.000000 21312.000000 0.000000 0.000000 118365.000000 153354.000000 89152.000000 25088.000000 12990.000000 4704.000000 30725.000000 56130.000000 22400.000000 151620.000000 85316.000000 22904.000000 46080.000000 0.000000 11673.000000 89808.000000 24323.000000 107200.000000 97316.000000 32550.000000 
35
0.000000 25872.000000 3072.000000 110610.000000 87919.000000 20581.000000 0.000000 84416.000000 21056.000000 0.000000 0.000000 22529.000000 12288.000000 0.000000 0.000000 0.000000 0.000000 56130.000000 0.000000 78336.000000 13056.000000 30720.000000 0.000000 0.000000 96660.000000 80606.000000 14968.000000 97312.000000 31008.000000 8064.000000 0.000000 29185.000000 18432.000000 0.000000 61743.000000 0.000000 151552.000000 87616.000000 21312.000000 0.000000 0.000000 118365.000000 153354.000000 89152.000000 25088.000000 12989.000000 4704.000000 30725.000000 56130.000000 19600.000000 152058.000000 85754.000000 22904.000000 46080.000000 0.000000 11673.000000 87937.000000 22452.000000 107200.000000 97316.000000 32550.000000 
36
0.000000 25980.000000 0.000000 20064.000000 65632.000000 6400.000000 0.000000 84416.000000 18688.000000 0.000000 0.000000 18433.000000 33792.000000 2400.000000 0.000000 0.000000 0.000000 56130.000000 0.000000 116032.000000 52096.000000 2048.000000 27648.000000 0.000000 18810.000000 59872.000000 26181.000000 102912.000000 39168.000000 9216.000000 0.000000 30720.000000 21504.000000 0.000000 63614.000000 0.000000 151552.000000 87616.000000 21312.000000 0.000000 0.000000 116500.000000 145720.000000 82780.000000 18432.000000 21504.000000 15348.000000 38664.000000 67356.000000 3742.000000 90688.000000 26048.000000 141312.000000 73728.000000 12288.000000 125658.000000 105862.000000 37420.000000 128640.000000 64960.000000 0.000000 
37
0.000000 25872.000000 3072.000000 18810.000000 63046.000000 6400.000000 0.000000 85312.000000 21952.000000 0.000000 0.000000 18432.000000 30720.000000 2496.000000 0.000000 0.000000 0.000000 56130.000000 0.000000 113664.000000 49728.000000 2048.000000 27648.000000 0.000000 18810.000000 61743.000000 27110.000000 102912.000000 39168.000000 8064.000000 0.000000 30720.000000 21504.000000 0.000000 61743.000000 0.000000 151552.000000 87616.000000 21312.000000 0.000000 0.000000 116500.000000 139576.000000 74585.000000 7936.000000 21504.000000 22928.000000 38664.000000 65485.000000 1871.000000 88320.000000 23680.000000 147456.000000 79872.000000 12288.000000 120825.000000 106642.000000 37420.000000 126272.000000 62592.000000 720.000000 
38
0.000000 25872.000000 3072.000000 18810.000000 63690.000000 6400.000000 0.000000 84416.000000 21056.000000 0.000000 0.000000 18432.000000 30720.000000 4032.000000 0.000000 0.000000 0.000000 56130.000000 0.000000 113664.000000 49728.000000 2048.000000 27648.000000 0.000000 18810.000000 61743.000000 25200.000000 102912.000000 39168.000000 8064.000000 0.000000 30720.000000 21504.000000 0.000000 61743.000000 0.000000 151552.000000 87616.000000 21312.000000 0.000000 0.000000 118365.000000 141441.000000 78522.000000 9920.000000 21504.000000 22928.000000 38664.000000 65485.000000 1871.000000 88320.000000 23680.000000 141312.000000 73728.000000 6144.000000 120825.000000 106642.000000 37420.000000 126272.000000 62592.000000 480.000000 
39
0.000000 25872.000000 3072.000000 18810.000000 63690.000000 6400.000000 0.000000 84416.000000 21056.000000 0.000000 0.000000 18432.000000 30720.000000 288.000000 0.000000 0.000000 0.000000 56130.000000 0.000000 113664.000000 49728.000000 2048.000000 27648.000000 0.000000 18810.000000 59872.000000 24284.000000 103808.000000 39168.000000 8064.000000 0.000000 30720.000000 18432.000000 0.000000 61743.000000 0.000000 151552.000000 87616.000000 21312.000000 0.000000 0.000000 118365.000000 141441.000000 78092.000000 9922.000000 21504.000000 15312.000000 33831.000000 71098.000000 5613.000000 88320.000000 23680.000000 141312.000000 73728.000000 6144.000000 120825.000000 106642.000000 37420.000000 128640.000000 62592.000000 0.000000 
40
0.000000 25980.000000 0.000000 8808.000000 72969.000000 7484.000000 0.000000 84416.000000 21952.000000 0.000000 0.000000 36864.000000 0.000000 1248.000000 72495.000000 9666.000000 0.000000 56130.000000 0.000000 113664.000000 49728.000000 2560.000000 27648.000000 0.000000 21318.000000 67072.000000 28424.000000 87360.000000 61492.000000 0.000000 0.000000 43008.000000 0.000000 0.000000 61743.000000 0.000000 99456.000000 90516.000000 24212.000000 0.000000 0.000000 116500.000000 145720.000000 84691.000000 18432.000000 21504.000000 2688.000000 0.000000 78582.000000 13097.000000 127872.000000 63936.000000 216.000000 30720.000000 0.000000 25080.000000 102905.000000 37420.000000 132224.000000 68544.000000 3264.000000 
41
0.000000 25872.000000 3072.000000 8808.000000 72969.000000 7484.000000 0.000000 85312.000000 21952.000000 0.000000 0.000000 36864.000000 0.000000 1248.000000 67662.000000 4833.000000 0.000000 56130.000000 0.000000 113664.000000 49728.000000 2048.000000 27648.000000 0.000000 20064.000000 66712.000000 27400.000000 87360.000000 60380.000000 0.000000 0.000000 43008.000000 0.000000 0.000000 61743.000000 0.000000 99456.000000 89260.000000 25324.000000 0.000000 0.000000 116500.000000 139576.000000 76228.000000 7939.000000 21504.000000 2880.000000 0.000000 76711.000000 11226.000000 130240.000000 63936.000000 324.000000 30720.000000 0.000000 25080.000000 102905.000000 37420.000000 128960.000000 65280.000000 0.000000 
42
0.000000 25872.000000 3072.000000 8800.000000 72969.000000 7484.000000 0.000000 84416.000000 21056.000000 0.000000 0.000000 36864.000000 0.000000 1344.000000 67662.000000 4833.000000 0.000000 56130.000000 0.000000 113664.000000 49728.000000 2048.000000 27648.000000 0.000000 20064.000000 67001.000000 27760.000000 87360.000000 60380.000000 0.000000 0.000000 36864.000000 0.000000 0.000000 61743.000000 0.000000 97088.000000 90468.000000 24164.000000 0.000000 0.000000 118365.000000 141441.000000 76590.000000 12288.000000 21504.000000 2880.000000 0.000000 76711.000000 11226.000000 127872.000000 63936.000000 108.000000 30720.000000 0.000000 25080.000000 101034.000000 35549.000000 128960.000000 65280.000000 0.000000 
43
0.000000 25872.000000 3072.000000 8808.000000 71098.000000 5613.000000 0.000000 84416.000000 21056.000000 0.000000 0.000000 36864.000000 0.000000 0.000000 67662.000000 4833.000000 0.000000 56130.000000 0.000000 113664.000000 49728.000000 1536.000000 27648.000000 0.000000 20064.000000 68872.000000 27760.000000 86464.000000 59520.000000 0.000000 0.000000 36864.000000 0.000000 0.000000 61743.000000 0.000000 97088.000000 92788.000000 26484.000000 0.000000 0.000000 118365.000000 141441.000000 76590.000000 12288.000000 21504.000000 2688.000000 0.000000 76711.000000 13097.000000 128452.000000 62148.000000 216.000000 30720.000000 0.000000 25080.000000 101034.000000 35549.000000 128960.000000 65280.000000 0.000000 
44
0.000000 25980.000000 0.000000 15136.000000 90688.000000 25028.000000 0.000000 129408.000000 66944.000000 0.000000 0.000000 36864.000000 0.000000 96.000000 24580.000000 0.000000 19632.000000 49811.000000 0.000000 113664.000000 49728.000000 6656.000000 27648.000000 0.000000 28400.000000 65130.000000 25600.000000 102912.000000 39168.000000 9216.000000 0.000000 23040.000000 21504.000000 15160.000000 62691.000000 0.000000 99456.000000 71040.000000 4736.000000 0.000000 0.000000 169155.000000 201483.000000 137043.000000 68096.000000 178577.000000 116662.000000 49998.000000 74667.000000 13946.000000 90688.000000 26048.000000 147456.000000 86016.000000 18432.000000 125658.000000 104739.000000 36297.000000 128960.000000 65280.000000 0.000000 
45
0.000000 25872.000000 3072.000000 15136.000000 91811.000000 24494.000000 0.000000 129408.000000 66048.000000 0.000000 0.000000 30721.000000 0.000000 0.000000 18435.000000 0.000000 19632.000000 52014.000000 0.000000 113664.000000 49728.000000 6144.000000 27648.000000 0.000000 26328.000000 65130.000000 24576.000000 102912.000000 39168.000000 8064.000000 0.000000 22528.000000 21504.000000 15064.000000 62331.000000 0.000000 97088.000000 71040.000000 4736.000000 0.000000 0.000000 177210.000000 202370.000000 137930.000000 68096.000000 178577.000000 116662.000000 49998.000000 74667.000000 15817.000000 88320.000000 21312.000000 147456.000000 86016.000000 18432.000000 120825.000000 104396.000000 35174.000000 131328.000000 65280.000000 0.000000 
46
0.000000 25872.000000 3072.000000 15184.000000 90688.000000 24300.000000 0.000000 129408.000000 66048.000000 0.000000 0.000000 30720.000000 0.000000 4992.000000 18435.000000 0.000000 19632.000000 49796.000000 0.000000 113664.000000 49728.000000 6144.000000 27648.000000 0.000000 26328.000000 65130.000000 24576.000000 103808.000000 39168.000000 8064.000000 0.000000 22528.000000 21504.000000 15064.000000 62620.000000 0.000000 97088.000000 71040.000000 4736.000000 0.000000 0.000000 177210.000000 202370.000000 137930.000000 68096.000000 170244.000000 108329.000000 41665.000000 73818.000000 9355.000000 88320.000000 23680.000000 141312.000000 79872.000000 12288.000000 120825.000000 104396.000000 35174.000000 128960.000000 65280.000000 0.000000 
47
0.000000 25872.000000 3072.000000 15136.000000 92184.000000 24856.000000 0.000000 129408.000000 66048.000000 0.000000 0.000000 30720.000000 0.000000 5088.000000 18435.000000 0.000000 19632.000000 51999.000000 0.000000 113664.000000 49728.000000 6144.000000 27648.000000 0.000000 26328.000000 65179.000000 24576.000000 100544.000000 35904.000000 8064.000000 0.000000 22528.000000 18432.000000 17944.000000 64131.000000 0.000000 97088.000000 72532.000000 6228.000000 0.000000 0.000000 177210.000000 198786.000000 134346.000000 64512.000000 174993.000000 116662.000000 49998.000000 74667.000000 16666.000000 88320.000000 21312.000000 141312.000000 79872.000000 12288.000000 120825.000000 104396.000000 37045.000000 132224.000000 68544.000000 3264.000000 
48
0.000000 25872.000000 6144.000000 17256.000000 65850.000000 0.000000 0.000000 129408.000000 63680.000000 0.000000 0.000000 22016.000000 33792.000000 2400.000000 0.000000 0.000000 0.000000 56130.000000 0.000000 113664.000000 49728.000000 5632.000000 27648.000000 0.000000 28400.000000 66281.000000 24936.000000 102912.000000 39168.000000 8064.000000 0.000000 49152.000000 0.000000 18696.000000 56926.000000 0.000000 126592.000000 75936.000000 8700.000000 0.000000 0.000000 49600.000000 148672.000000 81088.000000 15872.000000 25472.000000 4704.000000 0.000000 63984.000000 0.000000 127872.000000 63936.000000 756.000000 0.000000 0.000000 11769.000000 78582.000000 13097.000000 77404.000000 71040.000000 7104.000000 
49
0.000000 25872.000000 3072.000000 17256.000000 66223.000000 748.000000 0.000000 129408.000000 66048.000000 0.000000 0.000000 22016.000000 30720.000000 2304.000000 0.000000 0.000000 0.000000 56130.000000 0.000000 113664.000000 49728.000000 5632.000000 27648.000000 0.000000 28400.000000 66210.000000 25600.000000 106176.000000 42432.000000 6912.000000 0.000000 43008.000000 0.000000 18600.000000 56566.000000 0.000000 127488.000000 74776.000000 8120.000000 0.000000 0.000000 49600.000000 142528.000000 75031.000000 9925.000000 27648.000000 4608.000000 0.000000 63997.000000 0.000000 127872.000000 63936.000000 648.000000 0.000000 0.000000 11866.000000 78582.000000 13097.000000 78868.000000 73408.000000 7104.000000 
50
0.000000 25872.000000 3072.000000 17256.000000 66223.000000 748.000000 0.000000 129408.000000 66048.000000 0.000000 0.000000 21504.000000 30720.000000 3936.000000 0.000000 0.000000 0.000000 56130.000000 0.000000 113664.000000 49728.000000 5632.000000 27648.000000 0.000000 27096.000000 64050.000000 26624.000000 102912.000000 39168.000000 6912.000000 0.000000 43008.000000 0.000000 18600.000000 56855.000000 0.000000 124224.000000 72672.000000 6380.000000 0.000000 0.000000 49600.000000 142528.000000 75031.000000 9925.000000 27648.000000 4608.000000 0.000000 63997.000000 0.000000 128452.000000 62148.000000 756.000000 0.000000 0.000000 11673.000000 78582.000000 13097.000000 78868.000000 73408.000000 7104.000000 
51
0.000000 25872.000000 3072.000000 17320.000000 66223.000000 748.000000 0.000000 129408.000000 66048.000000 0.000000 0.000000 19457.000000 30720.000000 192.000000 0.000000 0.000000 0.000000 56130.000000 0.000000 113664.000000 49728.000000 5632.000000 27648.000000 0.000000 27000.000000 64339.000000 26624.000000 102912.000000 39168.000000 6912.000000 0.000000 43008.000000 0.000000 18600.000000 56855.000000 0.000000 121856.000000 74992.000000 8120.000000 0.000000 0.000000 49600.000000 142528.000000 75031.000000 9924.000000 24576.000000 4608.000000 0.000000 63997.000000 0.000000 128452.000000 62148.000000 756.000000 0.000000 0.000000 11673.000000 76711.000000 11226.000000 78832.000000 74656.000000 9816.000000 
52
0.000000 25872.000000 6144.000000 32421.000000 63614.000000 0.000000 0.000000 129408.000000 63680.000000 0.000000 0.000000 23552.000000 33792.000000 2304.000000 0.000000 0.000000 0.000000 56130.000000 0.000000 113664.000000 49728.000000 7680.000000 27648.000000 0.000000 20064.000000 66712.000000 28064.000000 87360.000000 60182.000000 0.000000 0.000000 30721.000000 21504.000000 18696.000000 58077.000000 0.000000 125120.000000 74196.000000 7540.000000 0.000000 0.000000 185265.000000 153456.000000 89016.000000 24576.000000 15552.000000 2910.000000 0.000000 58077.000000 0.000000 86120.000000 23400.000000 36864.000000 43008.000000 0.000000 2058.000000 88450.000000 22956.000000 109568.000000 82174.000000 15190.000000 
53
0.000000 25872.000000 3072.000000 32421.000000 63614.000000 0.000000 0.000000 129408.000000 66048.000000 0.000000 0.000000 23552.000000 30720.000000 2304.000000 0.000000 0.000000 0.000000 56130.000000 0.000000 113664.000000 49728.000000 7680.000000 27648.000000 0.000000 20064.000000 66712.000000 27400.000000 87360.000000 60380.000000 0.000000 0.000000 30721.000000 21504.000000 21440.000000 58366.000000 0.000000 124224.000000 74412.000000 8120.000000 0.000000 0.000000 185265.000000 150896.000000 86456.000000 18944.000000 15552.000000 2910.000000 0.000000 58366.000000 0.000000 85540.000000 23844.000000 36864.000000 36864.000000 0.000000 2058.000000 88598.000000 23104.000000 107200.000000 81092.000000 15190.000000 
54
0.000000 25872.000000 3072.000000 32421.000000 61743.000000 0.000000 0.000000 129408.000000 66048.000000 0.000000 0.000000 23040.000000 30720.000000 3936.000000 0.000000 0.000000 0.000000 56130.000000 0.000000 113664.000000 49728.000000 7680.000000 27648.000000 0.000000 20064.000000 68872.000000 27760.000000 87360.000000 61492.000000 0.000000 0.000000 24577.000000 21504.000000 21440.000000 58366.000000 0.000000 124224.000000 75356.000000 7540.000000 0.000000 0.000000 193320.000000 153456.000000 89016.000000 21504.000000 12989.000000 2955.000000 0.000000 58366.000000 0.000000 85540.000000 23332.000000 30720.000000 43008.000000 0.000000 2058.000000 88598.000000 23104.000000 107200.000000 82110.000000 15190.000000 
55
0.000000 25872.000000 3072.000000 32238.000000 61743.000000 0.000000 0.000000 129408.000000 66048.000000 0.000000 0.000000 20993.000000 30720.000000 288.000000 0.000000 0.000000 0.000000 56130.000000 0.000000 113664.000000 49728.000000 7680.000000 27648.000000 0.000000 20064.000000 68872.000000 27760.000000 86464.000000 60578.000000 0.000000 0.000000 30720.000000 18432.000000 18624.000000 58006.000000 0.000000 121856.000000 74412.000000 7540.000000 0.000000 0.000000 185265.000000 150896.000000 86456.000000 22016.000000 12989.000000 2757.000000 0.000000 58006.000000 0.000000 85540.000000 23332.000000 30720.000000 39936.000000 0.000000 2058.000000 88238.000000 22744.000000 107200.000000 82110.000000 15190.000000 
56
0.000000 25872.000000 6144.000000 1440.000000 67356.000000 3742.000000 0.000000 129408.000000 63680.000000 0.000000 0.000000 18433.000000 33792.000000 2112.000000 38664.000000 0.000000 19632.000000 50143.000000 2320.000000 66688.000000 3264.000000 43008.000000 0.000000 0.000000 96660.000000 84348.000000 14968.000000 101438.000000 37502.000000 6912.000000 0.000000 49152.000000 0.000000 6174.000000 115623.000000 49581.000000 113472.000000 92696.000000 27800.000000 0.000000 0.000000 124555.000000 145720.000000 82369.000000 14080.000000 24576.000000 2706.000000 0.000000 59028.000000 0.000000 130240.000000 63936.000000 4104.000000 46080.000000 0.000000 0.000000 80104.000000 13097.000000 99456.000000 89920.000000 23616.000000 
57
0.000000 25872.000000 3072.000000 1344.000000 69227.000000 3742.000000 0.000000 129408.000000 66048.000000 0.000000 0.000000 18432.000000 30720.000000 2112.000000 38664.000000 0.000000 19632.000000 50156.000000 2320.000000 67584.000000 3264.000000 43008.000000 0.000000 0.000000 96660.000000 80606.000000 14968.000000 104371.000000 38067.000000 6912.000000 0.000000 43009.000000 0.000000 5488.000000 107346.000000 41542.000000 110208.000000 92380.000000 25910.000000 0.000000 0.000000 124555.000000 139576.000000 76225.000000 9920.000000 27648.000000 2655.000000 0.000000 59022.000000 0.000000 130240.000000 63936.000000 4087.000000 46080.000000 0.000000 0.000000 78233.000000 11226.000000 97088.000000 89920.000000 23616.000000 
58
0.000000 25872.000000 3072.000000 1344.000000 69227.000000 3742.000000 0.000000 129408.000000 66048.000000 0.000000 0.000000 18432.000000 30720.000000 4992.000000 33831.000000 0.000000 19632.000000 49796.000000 2320.000000 67584.000000 3264.000000 43008.000000 0.000000 0.000000 96660.000000 80606.000000 14968.000000 104780.000000 40816.000000 6912.000000 0.000000 43008.000000 0.000000 5488.000000 106971.000000 41167.000000 110208.000000 92380.000000 25780.000000 0.000000 0.000000 126420.000000 141441.000000 76590.000000 12288.000000 27648.000000 2649.000000 0.000000 59021.000000 0.000000 128452.000000 62148.000000 4020.000000 46080.000000 0.000000 0.000000 79797.000000 13097.000000 97088.000000 89856.000000 23552.000000 
59
0.000000 25872.000000 3072.000000 1344.000000 67356.000000 1871.000000 0.000000 127040.000000 63680.000000 0.000000 0.000000 18432.000000 30720.000000 0.000000 33831.000000 0.000000 19632.000000 51999.000000 1740.000000 67584.000000 3264.000000 43008.000000 0.000000 0.000000 96660.000000 78735.000000 13097.000000 103783.000000 39320.000000 6912.000000 0.000000 43008.000000 0.000000 5488.000000 106971.000000 41167.000000 111104.000000 90526.000000 23630.000000 0.000000 0.000000 126420.000000 141441.000000 78501.000000 12288.000000 24576.000000 2706.000000 0.000000 59021.000000 0.000000 128452.000000 62148.000000 3804.000000 46080.000000 0.000000 0.000000 79701.000000 13097.000000 97088.000000 89856.000000 23552.000000 
60
0.000000 25872.000000 6144.000000 2112.000000 69227.000000 3742.000000 0.000000 129408.000000 63680.000000 0.000000 0.000000 19456.000000 33792.000000 1728.000000 67662.000000 4833.000000 0.000000 56130.000000 2900.000000 81600.000000 16320.000000 110592.000000 43008.000000 0.000000 96660.000000 80606.000000 11226.000000 130240.000000 63936.000000 0.000000 0.000000 20480.000000 21504.000000 15160.000000 155283.000000 91827.000000 174534.000000 107648.000000 42432.000000 0.000000 0.000000 185265.000000 153456.000000 89016.000000 24576.000000 108329.000000 49998.000000 0.000000 79703.000000 14218.000000 127872.000000 63936.000000 4248.000000 46080.000000 0.000000 11480.000000 82760.000000 19146.000000 99456.000000 88768.000000 22464.000000 
61
0.000000 25872.000000 3072.000000 2112.000000 69227.000000 3742.000000 0.000000 129408.000000 66048.000000 0.000000 0.000000 19456.000000 30720.000000 1728.000000 67662.000000 4833.000000 0.000000 56130.000000 2900.000000 81600.000000 16320.000000 110592.000000 43008.000000 0.000000 96660.000000 80606.000000 14968.000000 130240.000000 63936.000000 0.000000 0.000000 20480.000000 21504.000000 15064.000000 158245.000000 96660.000000 170694.000000 106176.000000 42432.000000 0.000000 0.000000 185265.000000 151408.000000 86968.000000 22528.000000 116662.000000 49998.000000 0.000000 78955.000000 13470.000000 127872.000000 63936.000000 4464.000000 46080.000000 0.000000 11480.000000 84631.000000 19146.000000 97088.000000 89856.000000 23552.000000 
62
0.000000 25872.000000 3072.000000 2112.000000 67356.000000 1871.000000 0.000000 129408.000000 66048.000000 0.000000 0.000000 18945.000000 30720.000000 1632.000000 67662.000000 4833.000000 0.000000 56130.000000 2320.000000 81600.000000 16320.000000 110592.000000 43008.000000 0.000000 96660.000000 80606.000000 14968.000000 127872.000000 61568.000000 0.000000 0.000000 20480.000000 21504.000000 17904.000000 158245.000000 96660.000000 167430.000000 102912.000000 39168.000000 0.000000 0.000000 193320.000000 153456.000000 89016.000000 21504.000000 108329.000000 49998.000000 0.000000 79328.000000 13843.000000 126084.000000 62148.000000 4212.000000 46080.000000 0.000000 11480.000000 84631.000000 19146.000000 97088.000000 89856.000000 23552.000000 
63
0.000000 25872.000000 3072.000000 2112.000000 67356.000000 1871.000000 0.000000 127040.000000 63680.000000 0.000000 0.000000 19456.000000 30720.000000 0.000000 67662.000000 4833.000000 0.000000 58001.000000 2320.000000 81600.000000 16320.000000 110592.000000 43008.000000 0.000000 96660.000000 80606.000000 14968.000000 127872.000000 61568.000000 0.000000 0.000000 19968.000000 18432.000000 15104.000000 156363.000000 92907.000000 168413.000000 105280.000000 39168.000000 0.000000 0.000000 185265.000000 151920.000000 87480.000000 23040.000000 108329.000000 41665.000000 0.000000 79328.000000 13843.000000 126084.000000 62148.000000 4212.000000 46080.000000 0.000000 11480.000000 84920.000000 19435.000000 97088.000000 88704.000000 22400.000000 
64
0.000000 31800.000000 9216.000000 67662.000000 70039.000000 2160.000000 0.000000 84416.000000 21952.000000 0.000000 0.000000 36864.000000 0.000000 1728.000000 0.000000 0.000000 0.000000 56130.000000 0.000000 66688.000000 3264.000000 135168.000000 67584.000000 6144.000000 30725.000000 72959.000000 7480.000000 125504.000000 61568.000000 0.000000 0.000000 30720.000000 21504.000000 14488.000000 259959.000000 198359.000000 136759.000000 116824.000000 48714.000000 0.000000 0.000000 38390.000000 207161.000000 139577.000000 74397.000000 12288.000000 3516.000000 79972.000000 62504.000000 0.000000 131348.000000 67412.000000 6784.000000 46080.000000 0.000000 11480.000000 84991.000000 19506.000000 97088.000000 94720.000000 28416.000000 
65
0.000000 31800.000000 9216.000000 67662.000000 70328.000000 2520.000000 0.000000 84416.000000 21056.000000 0.000000 0.000000 36864.000000 0.000000 1728.000000 0.000000 0.000000 0.000000 56130.000000 0.000000 67584.000000 3264.000000 135168.000000 67584.000000 6144.000000 30725.000000 72959.000000 8228.000000 125504.000000 61568.000000 0.000000 0.000000 30720.000000 21504.000000 14392.000000 251159.000000 189559.000000 127959.000000 118020.000000 47740.000000 0.000000 0.000000 38459.000000 212370.000000 144786.000000 83346.000000 18432.000000 3522.000000 79972.000000 62504.000000 0.000000 131348.000000 67412.000000 7264.000000 46080.000000 0.000000 11480.000000 84631.000000 19146.000000 97088.000000 92352.000000 26048.000000 
66
0.000000 31801.000000 6144.000000 67662.000000 70328.000000 2880.000000 0.000000 84416.000000 21056.000000 0.000000 0.000000 36864.000000 0.000000 1632.000000 0.000000 0.000000 0.000000 56130.000000 0.000000 67584.000000 3264.000000 129026.000000 61442.000000 0.000000 24580.000000 72211.000000 7480.000000 123136.000000 59200.000000 0.000000 0.000000 30720.000000 21504.000000 17272.000000 251159.000000 189559.000000 127959.000000 118113.000000 50363.000000 0.000000 0.000000 38528.000000 207161.000000 139577.000000 78137.000000 12288.000000 3516.000000 79972.000000 63276.000000 0.000000 131348.000000 67412.000000 7744.000000 46080.000000 0.000000 11480.000000 84920.000000 19435.000000 97088.000000 92352.000000 26048.000000 
67
0.000000 31800.000000 6144.000000 67662.000000 69968.000000 2520.000000 0.000000 84416.000000 21056.000000 0.000000 0.000000 30720.000000 0.000000 0.000000 0.000000 0.000000 0.000000 56130.000000 0.000000 67584.000000 3264.000000 129026.000000 61442.000000 0.000000 24580.000000 74455.000000 8228.000000 123136.000000 59200.000000 0.000000 0.000000 30720.000000 18432.000000 17272.000000 251159.000000 189559.000000 120362.000000 118020.000000 47740.000000 0.000000 0.000000 38282.000000 207161.000000 139577.000000 78137.000000 12288.000000 3471.000000 71172.000000 63059.000000 0.000000 128076.000000 61772.000000 3992.000000 46080.000000 0.000000 11480.000000 84920.000000 19435.000000 97088.000000 92352.000000 26048.000000 
68
0.000000 31800.000000 9216.000000 64266.000000 65475.000000 6000.000000 0.000000 129408.000000 63680.000000 0.000000 0.000000 15360.000000 33792.000000 1632.000000 0.000000 0.000000 0.000000 56130.000000 0.000000 88000.000000 21888.000000 0.000000 27648.000000 0.000000 30725.000000 73334.000000 7480.000000 125504.000000 61568.000000 0.000000 0.000000 31744.000000 21504.000000 2762.000000 58260.000000 0.000000 99456.000000 71040.000000 8320.000000 0.000000 0.000000 43800.000000 156339.000000 88755.000000 22373.000000 30453.000000 4902.000000 211200.000000 149600.000000 79200.000000 89696.000000 26400.000000 135168.000000 73728.000000 6144.000000 11480.000000 83120.000000 19506.000000 97088.000000 92352.000000 28416.000000 
69
0.000000 31801.000000 9216.000000 64449.000000 64727.000000 6000.000000 0.000000 129408.000000 66048.000000 0.000000 0.000000 15361.000000 30720.000000 1728.000000 0.000000 0.000000 0.000000 56130.000000 0.000000 86784.000000 20736.000000 0.000000 27648.000000 0.000000 30725.000000 73707.000000 8228.000000 123136.000000 59200.000000 0.000000 0.000000 31232.000000 21504.000000 2718.000000 58260.000000 0.000000 97088.000000 71040.000000 10688.000000 0.000000 0.000000 43800.000000 155827.000000 88243.000000 22195.000000 27381.000000 5049.000000 202400.000000 140800.000000 70400.000000 90688.000000 27392.000000 135168.000000 73728.000000 6144.000000 11480.000000 84631.000000 19146.000000 97088.000000 89984.000000 26048.000000 
70
0.000000 31800.000000 6144.000000 63195.000000 64352.000000 6000.000000 0.000000 129408.000000 66048.000000 0.000000 0.000000 15360.000000 30720.000000 1728.000000 0.000000 0.000000 0.000000 56130.000000 0.000000 85632.000000 19584.000000 6144.000000 27648.000000 0.000000 24580.000000 73707.000000 8228.000000 123136.000000 59200.000000 0.000000 0.000000 31233.000000 21504.000000 2718.000000 58260.000000 0.000000 97088.000000 71040.000000 8320.000000 0.000000 0.000000 44162.000000 156252.000000 88668.000000 21596.000000 32325.000000 5049.000000 202400.000000 140800.000000 70400.000000 90688.000000 29664.000000 129024.000000 67584.000000 0.000000 11480.000000 84920.000000 19435.000000 97088.000000 89984.000000 26048.000000 
71
0.000000 31800.000000 6144.000000 63195.000000 64352.000000 6000.000000 0.000000 127040.000000 63680.000000 0.000000 0.000000 13824.000000 30720.000000 0.000000 0.000000 0.000000 0.000000 56130.000000 0.000000 85632.000000 19584.000000 0.000000 27648.000000 0.000000 24580.000000 72959.000000 7480.000000 123136.000000 59200.000000 0.000000 0.000000 31233.000000 18432.000000 2724.000000 58260.000000 0.000000 97088.000000 68672.000000 10368.000000 0.000000 0.000000 43227.000000 156252.000000 88668.000000 20928.000000 29520.000000 4953.000000 202400.000000 140800.000000 70400.000000 90688.000000 30656.000000 129024.000000 67584.000000 0.000000 11480.000000 84920.000000 19435.000000 97088.000000 89984.000000 26048.000000 
72
0.000000 31800.000000 9216.000000 64266.000000 64727.000000 6000.000000 0.000000 129408.000000 63680.000000 0.000000 0.000000 16384.000000 33792.000000 1728.000000 0.000000 0.000000 0.000000 56130.000000 17408.000000 71040.000000 7104.000000 24576.000000 0.000000 0.000000 30725.000000 72211.000000 6732.000000 123136.000000 59200.000000 0.000000 0.000000 36864.000000 0.000000 2762.000000 54630.000000 39662.000000 97088.000000 92352.000000 28416.000000 0.000000 0.000000 201375.000000 154069.000000 89629.000000 25189.000000 30720.000000 3165.000000 72495.000000 61481.000000 0.000000 130240.000000 63936.000000 6156.000000 46080.000000 0.000000 125658.000000 80033.000000 11968.000000 131008.000000 64960.000000 0.000000 
73
0.000000 31800.000000 9216.000000 64449.000000 64727.000000 6000.000000 0.000000 129408.000000 66048.000000 0.000000 0.000000 16384.000000 30720.000000 1728.000000 0.000000 0.000000 0.000000 56130.000000 16384.000000 73408.000000 7104.000000 24576.000000 0.000000 0.000000 30725.000000 72211.000000 6732.000000 123136.000000 59200.000000 0.000000 0.000000 36864.000000 0.000000 2286.000000 54630.000000 40552.000000 97088.000000 89984.000000 26048.000000 0.000000 0.000000 193320.000000 151134.000000 93213.000000 28773.000000 27648.000000 3261.000000 72495.000000 61481.000000 0.000000 130240.000000 63936.000000 6156.000000 46080.000000 0.000000 123665.000000 75200.000000 9040.000000 126272.000000 62592.000000 0.000000 
74
0.000000 31801.000000 6144.000000 63195.000000 64352.000000 6000.000000 0.000000 129408.000000 66048.000000 0.000000 0.000000 15872.000000 30720.000000 1728.000000 0.000000 0.000000 0.000000 56130.000000 16384.000000 73408.000000 7104.000000 24576.000000 0.000000 0.000000 24580.000000 71836.000000 7480.000000 123136.000000 59200.000000 0.000000 0.000000 36864.000000 0.000000 2292.000000 55378.000000 39416.000000 94720.000000 87616.000000 23680.000000 0.000000 0.000000 193320.000000 148574.000000 84134.000000 19694.000000 33792.000000 3165.000000 72495.000000 61770.000000 0.000000 128452.000000 62148.000000 6446.000000 46080.000000 0.000000 120825.000000 79688.000000 11220.000000 126272.000000 62592.000000 0.000000 
75
0.000000 31800.000000 6144.000000 63195.000000 64352.000000 6000.000000 0.000000 127040.000000 63680.000000 0.000000 0.000000 13824.000000 30720.000000 0.000000 0.000000 0.000000 0.000000 56130.000000 16384.000000 71040.000000 4736.000000 30720.000000 0.000000 0.000000 24580.000000 71836.000000 7480.000000 123136.000000 59200.000000 0.000000 0.000000 30720.000000 0.000000 2220.000000 55378.000000 40410.000000 94720.000000 87616.000000 23680.000000 0.000000 0.000000 193320.000000 148574.000000 84134.000000 19694.000000 33792.000000 3165.000000 67662.000000 61830.000000 0.000000 128452.000000 62148.000000 6445.000000 46080.000000 0.000000 120825.000000 79688.000000 11220.000000 127744.000000 64960.000000 0.000000 
76
0.000000 31800.000000 9216.000000 106326.000000 74925.000000 7480.000000 0.000000 129408.000000 66944.000000 0.000000 0.000000 36864.000000 0.000000 1920.000000 24580.000000 0.000000 0.000000 52596.000000 13312.000000 68672.000000 4736.000000 24576.000000 0.000000 0.000000 96660.000000 84348.000000 16839.000000 116464.000000 50160.000000 0.000000 0.000000 30720.000000 21504.000000 2762.000000 54630.000000 39649.000000 97088.000000 92352.000000 26048.000000 0.000000 0.000000 193320.000000 147038.000000 82598.000000 18158.000000 27648.000000 3318.000000 692.000000 66210.000000 1108.000000 101440.000000 35904.000000 30720.000000 46080.000000 0.000000 11480.000000 84271.000000 18786.000000 97088.000000 92352.000000 26048.000000 
77
0.000000 31800.000000 9216.000000 106326.000000 74925.000000 7480.000000 0.000000 129408.000000 66048.000000 0.000000 0.000000 30720.000000 0.000000 1920.000000 18435.000000 0.000000 0.000000 52568.000000 14336.000000 71040.000000 4736.000000 24576.000000 0.000000 0.000000 101493.000000 80606.000000 14968.000000 116464.000000 50160.000000 0.000000 0.000000 30720.000000 21504.000000 2286.000000 54630.000000 39649.000000 97088.000000 92352.000000 26048.000000 0.000000 0.000000 201375.000000 141031.000000 76591.000000 12151.000000 24576.000000 3216.000000 1384.000000 66542.000000 1080.000000 98176.000000 32640.000000 30720.000000 46080.000000 0.000000 11480.000000 84560.000000 19075.000000 97088.000000 92352.000000 26048.000000 
78
0.000000 31801.000000 6144.000000 101493.000000 74957.000000 7480.000000 0.000000 129408.000000 66048.000000 0.000000 0.000000 30720.000000 0.000000 5952.000000 18435.000000 0.000000 0.000000 54784.000000 14336.000000 68672.000000 2368.000000 30720.000000 0.000000 0.000000 101493.000000 78735.000000 13097.000000 116064.000000 52128.000000 0.000000 0.000000 30720.000000 21504.000000 2292.000000 55378.000000 39442.000000 94720.000000 89984.000000 23680.000000 0.000000 0.000000 193320.000000 146014.000000 80553.000000 16113.000000 24576.000000 3216.000000 1384.000000 66542.000000 1080.000000 98176.000000 32640.000000 30720.000000 46080.000000 0.000000 11480.000000 84560.000000 19075.000000 97088.000000 92352.000000 26048.000000 
79
0.000000 31800.000000 6144.000000 101493.000000 74582.000000 6732.000000 0.000000 127040.000000 63680.000000 0.000000 0.000000 30720.000000 0.000000 480.000000 18435.000000 0.000000 0.000000 54424.000000 13312.000000 68672.000000 2368.000000 30720.000000 0.000000 0.000000 101493.000000 78735.000000 13097.000000 116064.000000 52128.000000 0.000000 0.000000 30720.000000 18432.000000 2220.000000 55378.000000 40410.000000 94720.000000 89984.000000 23680.000000 0.000000 0.000000 193320.000000 149086.000000 76591.000000 12151.000000 24576.000000 3165.000000 0.000000 66182.000000 720.000000 98176.000000 32640.000000 24576.000000 46080.000000 0.000000 11480.000000 84200.000000 18715.000000 97088.000000 92352.000000 26048.000000 
