0
0.000000 939008.000000 618048.000000 94184.000000 129984.000000 0.000000 0.000000 50048.000000 0.000000 0.000000 0.000000 1504384.000000 605568.000000 110660.000000 185126.000000 3840.000000 4096.000000 23488.000000 84480.000000 25856.000000 0.000000 827392.000000 0.000000 0.000000 96256.000000 0.000000 0.000000 64640.000000 0.000000 0.000000 0.000000 2154112.000000 492960.000000 194594.000000 283408.000000 0.000000 25856.000000 0.000000 0.000000 34588.000000 0.000000 51474.000000 153920.000000 0.000000 0.000000 5976.000000 74280.000000 141312.000000 27984.000000 0.000000 98048.000000 0.000000 1339392.000000 840960.000000 0.000000 196423.000000 32544.000000 51712.000000 25728.000000 128.000000 0.000000 
1
0.000000 939008.000000 618048.000000 94184.000000 129984.000000 0.000000 0.000000 50048.000000 0.000000 0.000000 0.000000 1504384.000000 605568.000000 110660.000000 185126.000000 3840.000000 4096.000000 23488.000000 84480.000000 25856.000000 0.000000 827392.000000 0.000000 0.000000 96256.000000 0.000000 0.000000 64640.000000 0.000000 0.000000 0.000000 2154112.000000 492960.000000 194594.000000 283408.000000 0.000000 25856.000000 0.000000 0.000000 34588.000000 0.000000 51474.000000 153920.000000 0.000000 0.000000 5976.000000 74280.000000 141312.000000 27984.000000 0.000000 98048.000000 0.000000 1339392.000000 840960.000000 0.000000 196423.000000 32544.000000 51712.000000 25728.000000 128.000000 0.000000 
2
0.000000 939008.000000 618048.000000 94184.000000 129984.000000 0.000000 0.000000 50048.000000 0.000000 0.000000 0.000000 1504384.000000 605568.000000 110660.000000 185126.000000 3840.000000 4096.000000 23488.000000 84480.000000 25856.000000 0.000000 827392.000000 0.000000 0.000000 96256.000000 0.000000 0.000000 64640.000000 0.000000 0.000000 0.000000 2154112.000000 492960.000000 194594.000000 283408.000000 0.000000 25856.000000 0.000000 0.000000 34588.000000 0.000000 51474.000000 153920.000000 0.000000 0.000000 5976.000000 74280.000000 141312.000000 27984.000000 0.000000 98048.000000 0.000000 1339392.000000 840960.000000 0.000000 196423.000000 32544.000000 51712.000000 25728.000000 128.000000 0.000000 
3
0.000000 939008.000000 618048.000000 94184.000000 129984.000000 0.000000 0.000000 50048.000000 0.000000 0.000000 0.000000 1504384.000000 605568.000000 110660.000000 185126.000000 3840.000000 4096.000000 23488.000000 84480.000000 25856.000000 0.000000 827392.000000 0.000000 0.000000 96256.000000 0.000000 0.000000 64640.000000 0.000000 0.000000 0.000000 2154112.000000 492960.000000 194594.000000 283408.000000 0.000000 25856.000000 0.000000 0.000000 34588.000000 0.000000 51474.000000 153920.000000 0.000000 0.000000 5976.000000 74280.000000 141312.000000 27984.000000 0.000000 98048.000000 0.000000 1339392.000000 840960.000000 0.000000 196423.000000 32544.000000 51712.000000 25728.000000 128.000000 0.000000 
4
0.000000 939008.000000 618048.000000 172679.000000 29088.000000 0.000000 99328.000000 39552.000000 0.000000 0.000000 0.000000 988160.000000 357024.000000 110565.000000 21205.000000 3840.000000 4096.000000 23392.000000 84480.000000 25728.000000 0.000000 913408.000000 506496.000000 0.000000 76554.000000 29568.000000 0.000000 25856.000000 0.000000 147456.000000 36968.000000 954368.000000 6144.000000 204650.000000 184192.000000 0.000000 25856.000000 0.000000 0.000000 0.000000 0.000000 58866.000000 900924.000000 0.000000 0.000000 7528.000000 138418.000000 1717.000000 70960.000000 0.000000 174848.000000 0.000000 1417223.000000 0.000000 0.000000 164687.000000 9696.000000 22016.000000 25856.000000 155136.000000 155136.000000 
5
0.000000 939008.000000 618048.000000 172679.000000 29088.000000 0.000000 99328.000000 39552.000000 0.000000 0.000000 0.000000 988160.000000 357024.000000 110565.000000 21205.000000 3840.000000 4096.000000 23392.000000 84480.000000 25728.000000 0.000000 913408.000000 506496.000000 0.000000 76554.000000 29568.000000 0.000000 25856.000000 0.000000 147456.000000 36968.000000 954368.000000 6144.000000 204650.000000 184192.000000 0.000000 25856.000000 0.000000 0.000000 0.000000 0.000000 58866.000000 900924.000000 0.000000 0.000000 7528.000000 138418.000000 1717.000000 70960.000000 0.000000 174848.000000 0.000000 1417223.000000 0.000000 0.000000 164687.000000 9696.000000 22016.000000 25856.000000 155136.000000 155136.000000 
6
0.000000 939008.000000 618048.000000 172679.000000 29088.000000 0.000000 99328.000000 39552.000000 0.000000 0.000000 0.000000 988160.000000 357024.000000 110565.000000 21205.000000 3840.000000 4096.000000 23392.000000 84480.000000 25728.000000 0.000000 913408.000000 506496.000000 0.000000 76554.000000 29568.000000 0.000000 25856.000000 0.000000 147456.000000 36968.000000 954368.000000 6144.000000 204650.000000 184192.000000 0.000000 25856.000000 0.000000 0.000000 0.000000 0.000000 58866.000000 900924.000000 0.000000 0.000000 7528.000000 138418.000000 1717.000000 70960.000000 0.000000 174848.000000 0.000000 1417223.000000 0.000000 0.000000 164687.000000 9696.000000 22016.000000 25856.000000 155136.000000 155136.000000 
7
0.000000 939008.000000 618048.000000 172679.000000 29088.000000 0.000000 99328.000000 39552.000000 0.000000 0.000000 0.000000 988160.000000 357024.000000 110565.000000 21205.000000 3840.000000 4096.000000 23392.000000 84480.000000 25728.000000 0.000000 913408.000000 506496.000000 0.000000 76554.000000 29568.000000 0.000000 25856.000000 0.000000 147456.000000 36968.000000 954368.000000 6144.000000 204650.000000 184192.000000 0.000000 25856.000000 0.000000 0.000000 0.000000 0.000000 58866.000000 900924.000000 0.000000 0.000000 7528.000000 138418.000000 1717.000000 70960.000000 0.000000 174848.000000 0.000000 1417223.000000 0.000000 0.000000 164687.000000 9696.000000 22016.000000 25856.000000 155136.000000 155136.000000 
8
0.000000 939008.000000 618048.000000 132822.000000 29824.000000 0.000000 143360.000000 39424.000000 0.000000 256.000000 0.000000 988160.000000 0.000000 118805.000000 17370.000000 0.000000 2560.000000 68864.000000 84480.000000 128768.000000 0.000000 458240.000000 0.000000 36960.000000 79645.000000 28176.000000 0.000000 25728.000000 0.000000 147456.000000 68544.000000 913408.000000 6144.000000 210258.000000 165408.000000 0.000000 48640.000000 12672.000000 0.000000 84508.000000 0.000000 52450.000000 6464.000000 0.000000 0.000000 9696.000000 131994.000000 1780.000000 70864.000000 0.000000 50688.000000 0.000000 1183751.000000 0.000000 0.000000 470663.000000 390544.000000 0.000000 61824.000000 12288.000000 0.000000 
9
0.000000 939008.000000 618048.000000 132822.000000 29824.000000 0.000000 143360.000000 39424.000000 0.000000 256.000000 0.000000 988160.000000 0.000000 118805.000000 17370.000000 0.000000 2560.000000 68864.000000 84480.000000 128768.000000 0.000000 458240.000000 0.000000 36960.000000 79645.000000 28176.000000 0.000000 25728.000000 0.000000 147456.000000 68544.000000 913408.000000 6144.000000 210258.000000 165408.000000 0.000000 48640.000000 12672.000000 0.000000 84508.000000 0.000000 52450.000000 6464.000000 0.000000 0.000000 9696.000000 131994.000000 1780.000000 70864.000000 0.000000 50688.000000 0.000000 1183751.000000 0.000000 0.000000 470663.000000 390544.000000 0.000000 61824.000000 12288.000000 0.000000 
10
0.000000 939008.000000 618048.000000 132822.000000 29824.000000 0.000000 143360.000000 39424.000000 0.000000 256.000000 0.000000 988160.000000 0.000000 118805.000000 17370.000000 0.000000 2560.000000 68864.000000 84480.000000 128768.000000 0.000000 458240.000000 0.000000 36960.000000 79645.000000 28176.000000 0.000000 25728.000000 0.000000 147456.000000 68544.000000 913408.000000 6144.000000 210258.000000 165408.000000 0.000000 48640.000000 12672.000000 0.000000 84508.000000 0.000000 52450.000000 6464.000000 0.000000 0.000000 9696.000000 131994.000000 1780.000000 70864.000000 0.000000 50688.000000 0.000000 1183751.000000 0.000000 0.000000 470663.000000 390544.000000 0.000000 61824.000000 12288.000000 0.000000 
11
0.000000 939008.000000 618048.000000 132822.000000 29824.000000 0.000000 143360.000000 39424.000000 0.000000 256.000000 0.000000 988160.000000 0.000000 118805.000000 17370.000000 0.000000 2560.000000 68864.000000 84480.000000 128768.000000 0.000000 458240.000000 0.000000 36960.000000 79645.000000 28176.000000 0.000000 25728.000000 0.000000 147456.000000 68544.000000 913408.000000 6144.000000 210258.000000 165408.000000 0.000000 48640.000000 12672.000000 0.000000 84508.000000 0.000000 52450.000000 6464.000000 0.000000 0.000000 9696.000000 131994.000000 1780.000000 70864.000000 0.000000 50688.000000 0.000000 1183751.000000 0.000000 0.000000 470663.000000 390544.000000 0.000000 61824.000000 12288.000000 0.000000 
12
0.000000 906240.000000 649152.000000 480822.000000 9696.000000 0.000000 162816.000000 40576.000000 0.000000 0.000000 0.000000 1941248.000000 416256.000000 110684.000000 20756.000000 3840.000000 4096.000000 23296.000000 17920.000000 180992.000000 0.000000 917504.000000 0.000000 0.000000 595095.000000 26688.000000 0.000000 36992.000000 0.000000 0.000000 46944.000000 881664.000000 541440.000000 66746.000000 301824.000000 0.000000 25728.000000 0.000000 0.000000 34988.000000 0.000000 851442.000000 2756138.000000 0.000000 0.000000 0.000000 270058.000000 395492.000000 9696.000000 51712.000000 25856.000000 0.000000 835584.000000 0.000000 0.000000 537850.000000 256.000000 0.000000 12928.000000 12928.000000 0.000000 
13
0.000000 906240.000000 649152.000000 480822.000000 9696.000000 0.000000 162816.000000 40576.000000 0.000000 0.000000 0.000000 1941248.000000 416256.000000 110684.000000 20756.000000 3840.000000 4096.000000 23296.000000 17920.000000 180992.000000 0.000000 917504.000000 0.000000 0.000000 595095.000000 26688.000000 0.000000 36992.000000 0.000000 0.000000 46944.000000 881664.000000 541440.000000 66746.000000 301824.000000 0.000000 25728.000000 0.000000 0.000000 34988.000000 0.000000 851442.000000 2756138.000000 0.000000 0.000000 0.000000 270058.000000 395492.000000 9696.000000 51712.000000 25856.000000 0.000000 835584.000000 0.000000 0.000000 537850.000000 256.000000 0.000000 12928.000000 12928.000000 0.000000 
14
0.000000 906240.000000 649152.000000 480822.000000 9696.000000 0.000000 162816.000000 40576.000000 0.000000 0.000000 0.000000 1941248.000000 416256.000000 110684.000000 20756.000000 3840.000000 4096.000000 23296.000000 17920.000000 180992.000000 0.000000 917504.000000 0.000000 0.000000 595095.000000 26688.000000 0.000000 36992.000000 0.000000 0.000000 46944.000000 881664.000000 541440.000000 66746.000000 301824.000000 0.000000 25728.000000 0.000000 0.000000 34988.000000 0.000000 851442.000000 2756138.000000 0.000000 0.000000 0.000000 270058.000000 395492.000000 9696.000000 51712.000000 25856.000000 0.000000 835584.000000 0.000000 0.000000 537850.000000 256.000000 0.000000 12928.000000 12928.000000 0.000000 
15
0.000000 906240.000000 649152.000000 480822.000000 9696.000000 0.000000 162816.000000 40576.000000 0.000000 0.000000 0.000000 1941248.000000 416256.000000 110684.000000 20756.000000 3840.000000 4096.000000 23296.000000 17920.000000 180992.000000 0.000000 917504.000000 0.000000 0.000000 595095.000000 26688.000000 0.000000 36992.000000 0.000000 0.000000 46944.000000 881664.000000 541440.000000 66746.000000 301824.000000 0.000000 25728.000000 0.000000 0.000000 34988.000000 0.000000 851442.000000 2756138.000000 0.000000 0.000000 0.000000 270058.000000 395492.000000 9696.000000 51712.000000 25856.000000 0.000000 835584.000000 0.000000 0.000000 537850.000000 256.000000 0.000000 12928.000000 12928.000000 0.000000 
16
0.000000 939008.000000 618048.000000 401288.000000 61408.000000 0.000000 105216.000000 40448.000000 0.000000 256.000000 0.000000 831495.000000 0.000000 39120.000000 1616.000000 3840.000000 29696.000000 22272.000000 84480.000000 25728.000000 0.000000 1801600.000000 4224.000000 24840.000000 38816.000000 77792.000000 51712.000000 24064.000000 2048.000000 147456.000000 67208.000000 1624576.000000 506880.000000 37200.000000 164928.000000 0.000000 12928.000000 51712.000000 0.000000 0.000000 0.000000 71564.000000 1761280.000000 0.000000 0.000000 0.000000 150162.000000 355556.000000 19392.000000 0.000000 180864.000000 0.000000 982528.000000 0.000000 0.000000 165392.000000 37696.000000 0.000000 77568.000000 0.000000 2048.000000 
17
0.000000 939008.000000 618048.000000 401288.000000 61408.000000 0.000000 105216.000000 40448.000000 0.000000 256.000000 0.000000 831495.000000 0.000000 39120.000000 1616.000000 3840.000000 29696.000000 22272.000000 84480.000000 25728.000000 0.000000 1801600.000000 4224.000000 24840.000000 38816.000000 77792.000000 51712.000000 24064.000000 2048.000000 147456.000000 67208.000000 1624576.000000 506880.000000 37200.000000 164928.000000 0.000000 12928.000000 51712.000000 0.000000 0.000000 0.000000 71564.000000 1761280.000000 0.000000 0.000000 0.000000 150162.000000 355556.000000 19392.000000 0.000000 180864.000000 0.000000 982528.000000 0.000000 0.000000 165392.000000 37696.000000 0.000000 77568.000000 0.000000 2048.000000 
18
0.000000 939008.000000 618048.000000 401288.000000 61408.000000 0.000000 105216.000000 40448.000000 0.000000 256.000000 0.000000 831495.000000 0.000000 39120.000000 1616.000000 3840.000000 29696.000000 22272.000000 84480.000000 25728.000000 0.000000 1801600.000000 4224.000000 24840.000000 38816.000000 77792.000000 51712.000000 24064.000000 2048.000000 147456.000000 67208.000000 1624576.000000 506880.000000 37200.000000 164928.000000 0.000000 12928.000000 51712.000000 0.000000 0.000000 0.000000 71564.000000 1761280.000000 0.000000 0.000000 0.000000 150162.000000 355556.000000 19392.000000 0.000000 180864.000000 0.000000 982528.000000 0.000000 0.000000 165392.000000 37696.000000 0.000000 77568.000000 0.000000 2048.000000 
19
0.000000 939008.000000 618048.000000 401288.000000 61408.000000 0.000000 105216.000000 40448.000000 0.000000 256.000000 0.000000 831495.000000 0.000000 39120.000000 1616.000000 3840.000000 29696.000000 22272.000000 84480.000000 25728.000000 0.000000 1801600.000000 4224.000000 24840.000000 38816.000000 77792.000000 51712.000000 24064.000000 2048.000000 147456.000000 67208.000000 1624576.000000 506880.000000 37200.000000 164928.000000 0.000000 12928.000000 51712.000000 0.000000 0.000000 0.000000 71564.000000 1761280.000000 0.000000 0.000000 0.000000 150162.000000 355556.000000 19392.000000 0.000000 180864.000000 0.000000 982528.000000 0.000000 0.000000 165392.000000 37696.000000 0.000000 77568.000000 0.000000 2048.000000 
20
0.000000 939008.000000 618048.000000 174738.000000 35488.000000 0.000000 0.000000 25216.000000 0.000000 256.000000 0.000000 593920.000000 0.000000 87504.000000 269088.000000 2304.000000 4096.000000 23296.000000 17920.000000 53376.000000 0.000000 2726896.000000 693888.000000 0.000000 95397.000000 27408.000000 3584.000000 38656.000000 0.000000 0.000000 36968.000000 1688960.000000 524160.000000 291210.000000 21008.000000 0.000000 59136.000000 128.000000 0.000000 84508.000000 0.000000 61626.000000 1338240.000000 0.000000 0.000000 8968.000000 138162.000000 295039.000000 19392.000000 0.000000 65664.000000 0.000000 1032192.000000 370560.000000 47880.000000 281465.000000 19392.000000 0.000000 35552.000000 164352.000000 0.000000 
21
0.000000 939008.000000 618048.000000 174738.000000 35488.000000 0.000000 0.000000 25216.000000 0.000000 256.000000 0.000000 593920.000000 0.000000 87504.000000 269088.000000 2304.000000 4096.000000 23296.000000 17920.000000 53376.000000 0.000000 2726896.000000 693888.000000 0.000000 95397.000000 27408.000000 3584.000000 38656.000000 0.000000 0.000000 36968.000000 1688960.000000 524160.000000 291210.000000 21008.000000 0.000000 59136.000000 128.000000 0.000000 84508.000000 0.000000 61626.000000 1338240.000000 0.000000 0.000000 8968.000000 138162.000000 295039.000000 19392.000000 0.000000 65664.000000 0.000000 1032192.000000 370560.000000 47880.000000 281465.000000 19392.000000 0.000000 35552.000000 164352.000000 0.000000 
22
0.000000 939008.000000 618048.000000 174738.000000 35488.000000 0.000000 0.000000 25216.000000 0.000000 256.000000 0.000000 593920.000000 0.000000 87504.000000 269088.000000 2304.000000 4096.000000 23296.000000 17920.000000 53376.000000 0.000000 2726896.000000 693888.000000 0.000000 95397.000000 27408.000000 3584.000000 38656.000000 0.000000 0.000000 36968.000000 1688960.000000 524160.000000 291210.000000 21008.000000 0.000000 59136.000000 128.000000 0.000000 84508.000000 0.000000 61626.000000 1338240.000000 0.000000 0.000000 8968.000000 138162.000000 295039.000000 19392.000000 0.000000 65664.000000 0.000000 1032192.000000 370560.000000 47880.000000 281465.000000 19392.000000 0.000000 35552.000000 164352.000000 0.000000 
23
0.000000 939008.000000 618048.000000 174738.000000 35488.000000 0.000000 0.000000 25216.000000 0.000000 256.000000 0.000000 593920.000000 0.000000 87504.000000 269088.000000 2304.000000 4096.000000 23296.000000 17920.000000 53376.000000 0.000000 2726896.000000 693888.000000 0.000000 95397.000000 27408.000000 3584.000000 38656.000000 0.000000 0.000000 36968.000000 1688960.000000 524160.000000 291210.000000 21008.000000 0.000000 59136.000000 128.000000 0.000000 84508.000000 0.000000 61626.000000 1338240.000000 0.000000 0.000000 8968.000000 138162.000000 295039.000000 19392.000000 0.000000 65664.000000 0.000000 1032192.000000 370560.000000 47880.000000 281465.000000 19392.000000 0.000000 35552.000000 164352.000000 0.000000 
24
0.000000 939008.000000 614592.000000 297390.000000 35552.000000 0.000000 0.000000 12928.000000 0.000000 0.000000 0.000000 988160.000000 0.000000 96261.000000 27396.000000 0.000000 0.000000 41792.000000 81888.000000 25600.000000 2048.000000 895488.000000 5184.000000 22680.000000 303849.000000 9696.000000 0.000000 56544.000000 0.000000 0.000000 36968.000000 1577984.000000 392832.000000 213102.000000 124704.000000 0.000000 57088.000000 0.000000 0.000000 84508.000000 0.000000 58732.000000 966656.000000 1071360.000000 0.000000 9120.000000 95489.000000 354979.000000 19296.000000 0.000000 33824.000000 0.000000 1761280.000000 0.000000 0.000000 77807.000000 29088.000000 0.000000 56064.000000 155136.000000 132096.000000 
25
0.000000 939008.000000 614592.000000 297390.000000 35552.000000 0.000000 0.000000 12928.000000 0.000000 0.000000 0.000000 988160.000000 0.000000 96261.000000 27396.000000 0.000000 0.000000 41792.000000 81888.000000 25600.000000 2048.000000 895488.000000 5184.000000 22680.000000 303849.000000 9696.000000 0.000000 56544.000000 0.000000 0.000000 36968.000000 1577984.000000 392832.000000 213102.000000 124704.000000 0.000000 57088.000000 0.000000 0.000000 84508.000000 0.000000 58732.000000 966656.000000 1071360.000000 0.000000 9120.000000 95489.000000 354979.000000 19296.000000 0.000000 33824.000000 0.000000 1761280.000000 0.000000 0.000000 77807.000000 29088.000000 0.000000 56064.000000 155136.000000 132096.000000 
26
0.000000 939008.000000 614592.000000 297390.000000 35552.000000 0.000000 0.000000 12928.000000 0.000000 0.000000 0.000000 988160.000000 0.000000 96261.000000 27396.000000 0.000000 0.000000 41792.000000 81888.000000 25600.000000 2048.000000 895488.000000 5184.000000 22680.000000 303849.000000 9696.000000 0.000000 56544.000000 0.000000 0.000000 36968.000000 1577984.000000 392832.000000 213102.000000 124704.000000 0.000000 57088.000000 0.000000 0.000000 84508.000000 0.000000 58732.000000 966656.000000 1071360.000000 0.000000 9120.000000 95489.000000 354979.000000 19296.000000 0.000000 33824.000000 0.000000 1761280.000000 0.000000 0.000000 77807.000000 29088.000000 0.000000 56064.000000 155136.000000 132096.000000 
27
0.000000 939008.000000 614592.000000 297390.000000 35552.000000 0.000000 0.000000 12928.000000 0.000000 0.000000 0.000000 988160.000000 0.000000 96261.000000 27396.000000 0.000000 0.000000 41792.000000 81888.000000 25600.000000 2048.000000 895488.000000 5184.000000 22680.000000 303849.000000 9696.000000 0.000000 56544.000000 0.000000 0.000000 36968.000000 1577984.000000 392832.000000 213102.000000 124704.000000 0.000000 57088.000000 0.000000 0.000000 84508.000000 0.000000 58732.000000 966656.000000 1071360.000000 0.000000 9120.000000 95489.000000 354979.000000 19296.000000 0.000000 33824.000000 0.000000 1761280.000000 0.000000 0.000000 77807.000000 29088.000000 0.000000 56064.000000 155136.000000 132096.000000 
28
0.000000 939008.000000 614592.000000 312237.000000 9696.000000 55296.000000 177664.000000 40448.000000 0.000000 256.000000 0.000000 888832.000000 0.000000 102106.000000 391888.000000 0.000000 4096.000000 72160.000000 9216.000000 179456.000000 0.000000 827392.000000 0.000000 0.000000 527055.000000 22144.000000 51712.000000 25856.000000 0.000000 0.000000 36968.000000 831502.000000 0.000000 87504.000000 21008.000000 0.000000 49792.000000 11776.000000 0.000000 84908.000000 0.000000 54524.000000 153856.000000 0.000000 0.000000 5968.000000 138161.000000 355856.000000 19392.000000 0.000000 59008.000000 0.000000 705024.000000 1512384.000000 47400.000000 78320.000000 29088.000000 0.000000 144000.000000 0.000000 155136.000000 
29
0.000000 939008.000000 614592.000000 312237.000000 9696.000000 55296.000000 177664.000000 40448.000000 0.000000 256.000000 0.000000 888832.000000 0.000000 102106.000000 391888.000000 0.000000 4096.000000 72160.000000 9216.000000 179456.000000 0.000000 827392.000000 0.000000 0.000000 527055.000000 22144.000000 51712.000000 25856.000000 0.000000 0.000000 36968.000000 831502.000000 0.000000 87504.000000 21008.000000 0.000000 49792.000000 11776.000000 0.000000 84908.000000 0.000000 54524.000000 153856.000000 0.000000 0.000000 5968.000000 138161.000000 355856.000000 19392.000000 0.000000 59008.000000 0.000000 705024.000000 1512384.000000 47400.000000 78320.000000 29088.000000 0.000000 144000.000000 0.000000 155136.000000 
30
0.000000 939008.000000 614592.000000 312237.000000 9696.000000 55296.000000 177664.000000 40448.000000 0.000000 256.000000 0.000000 888832.000000 0.000000 102106.000000 391888.000000 0.000000 4096.000000 72160.000000 9216.000000 179456.000000 0.000000 827392.000000 0.000000 0.000000 527055.000000 22144.000000 51712.000000 25856.000000 0.000000 0.000000 36968.000000 831502.000000 0.000000 87504.000000 21008.000000 0.000000 49792.000000 11776.000000 0.000000 84908.000000 0.000000 54524.000000 153856.000000 0.000000 0.000000 5968.000000 138161.000000 355856.000000 19392.000000 0.000000 59008.000000 0.000000 705024.000000 1512384.000000 47400.000000 78320.000000 29088.000000 0.000000 144000.000000 0.000000 155136.000000 
31
0.000000 939008.000000 614592.000000 312237.000000 9696.000000 55296.000000 177664.000000 40448.000000 0.000000 256.000000 0.000000 888832.000000 0.000000 102106.000000 391888.000000 0.000000 4096.000000 72160.000000 9216.000000 179456.000000 0.000000 827392.000000 0.000000 0.000000 527055.000000 22144.000000 51712.000000 25856.000000 0.000000 0.000000 36968.000000 831502.000000 0.000000 87504.000000 21008.000000 0.000000 49792.000000 11776.000000 0.000000 84908.000000 0.000000 54524.000000 153856.000000 0.000000 0.000000 5968.000000 138161.000000 355856.000000 19392.000000 0.000000 59008.000000 0.000000 705024.000000 1512384.000000 47400.000000 78320.000000 29088.000000 0.000000 144000.000000 0.000000 155136.000000 
32
0.000000 946176.000000 674976.000000 1005593.000000 9696.000000 0.000000 25088.000000 40064.000000 0.000000 256.000000 0.000000 2019584.000000 234432.000000 40477.000000 125060.000000 3840.000000 4096.000000 23296.000000 17920.000000 25728.000000 0.000000 461312.000000 0.000000 24840.000000 301640.000000 9696.000000 0.000000 66368.000000 0.000000 265728.000000 31784.000000 1684608.000000 410016.000000 144809.000000 20992.000000 0.000000 58624.000000 0.000000 0.000000 113304.000000 0.000000 55532.000000 128384.000000 0.000000 0.000000 10488.000000 174090.000000 295039.000000 19296.000000 22016.000000 71424.000000 0.000000 0.000000 1051384.000000 0.000000 194221.000000 29088.000000 0.000000 32192.000000 51712.000000 0.000000 
33
0.000000 946176.000000 674976.000000 1005593.000000 9696.000000 0.000000 25088.000000 40064.000000 0.000000 256.000000 0.000000 2019584.000000 234432.000000 40477.000000 125060.000000 3840.000000 4096.000000 23296.000000 17920.000000 25728.000000 0.000000 461312.000000 0.000000 24840.000000 301640.000000 9696.000000 0.000000 66368.000000 0.000000 265728.000000 31784.000000 1684608.000000 410016.000000 144809.000000 20992.000000 0.000000 58624.000000 0.000000 0.000000 113304.000000 0.000000 55532.000000 128384.000000 0.000000 0.000000 10488.000000 174090.000000 295039.000000 19296.000000 22016.000000 71424.000000 0.000000 0.000000 1051384.000000 0.000000 194221.000000 29088.000000 0.000000 32192.000000 51712.000000 0.000000 
34
0.000000 946176.000000 674976.000000 1005593.000000 9696.000000 0.000000 25088.000000 40064.000000 0.000000 256.000000 0.000000 2019584.000000 234432.000000 40477.000000 125060.000000 3840.000000 4096.000000 23296.000000 17920.000000 25728.000000 0.000000 461312.000000 0.000000 24840.000000 301640.000000 9696.000000 0.000000 66368.000000 0.000000 265728.000000 31784.000000 1684608.000000 410016.000000 144809.000000 20992.000000 0.000000 58624.000000 0.000000 0.000000 113304.000000 0.000000 55532.000000 128384.000000 0.000000 0.000000 10488.000000 174090.000000 295039.000000 19296.000000 22016.000000 71424.000000 0.000000 0.000000 1051384.000000 0.000000 194221.000000 29088.000000 0.000000 32192.000000 51712.000000 0.000000 
35
0.000000 946176.000000 674976.000000 1005593.000000 9696.000000 0.000000 25088.000000 40064.000000 0.000000 256.000000 0.000000 2019584.000000 234432.000000 40477.000000 125060.000000 3840.000000 4096.000000 23296.000000 17920.000000 25728.000000 0.000000 461312.000000 0.000000 24840.000000 301640.000000 9696.000000 0.000000 66368.000000 0.000000 265728.000000 31784.000000 1684608.000000 410016.000000 144809.000000 20992.000000 0.000000 58624.000000 0.000000 0.000000 113304.000000 0.000000 55532.000000 128384.000000 0.000000 0.000000 10488.000000 174090.000000 295039.000000 19296.000000 22016.000000 71424.000000 0.000000 0.000000 1051384.000000 0.000000 194221.000000 29088.000000 0.000000 32192.000000 51712.000000 0.000000 
36
0.000000 946176.000000 671520.000000 283188.000000 70336.000000 4704.000000 97792.000000 40064.000000 0.000000 256.000000 0.000000 988160.000000 615936.000000 101625.000000 25760.000000 3840.000000 4096.000000 23296.000000 17920.000000 37504.000000 0.000000 1495212.000000 838656.000000 0.000000 95066.000000 23408.000000 22016.000000 25856.000000 0.000000 118272.000000 31784.000000 937984.000000 492960.000000 144231.000000 20896.000000 0.000000 58624.000000 0.000000 0.000000 113304.000000 0.000000 55356.000000 466944.000000 1116288.000000 0.000000 5856.000000 107520.000000 115872.000000 19392.000000 0.000000 35424.000000 0.000000 951808.000000 0.000000 0.000000 261023.000000 9696.000000 0.000000 144128.000000 0.000000 62976.000000 
37
0.000000 946176.000000 671520.000000 283188.000000 70336.000000 4704.000000 97792.000000 40064.000000 0.000000 256.000000 0.000000 988160.000000 615936.000000 101625.000000 25760.000000 3840.000000 4096.000000 23296.000000 17920.000000 37504.000000 0.000000 1495212.000000 838656.000000 0.000000 95066.000000 23408.000000 22016.000000 25856.000000 0.000000 118272.000000 31784.000000 937984.000000 492960.000000 144231.000000 20896.000000 0.000000 58624.000000 0.000000 0.000000 113304.000000 0.000000 55356.000000 466944.000000 1116288.000000 0.000000 5856.000000 107520.000000 115872.000000 19392.000000 0.000000 35424.000000 0.000000 951808.000000 0.000000 0.000000 261023.000000 9696.000000 0.000000 144128.000000 0.000000 62976.000000 
38
0.000000 946176.000000 671520.000000 283188.000000 70336.000000 4704.000000 97792.000000 40064.000000 0.000000 256.000000 0.000000 988160.000000 615936.000000 101625.000000 25760.000000 3840.000000 4096.000000 23296.000000 17920.000000 37504.000000 0.000000 1495212.000000 838656.000000 0.000000 95066.000000 23408.000000 22016.000000 25856.000000 0.000000 118272.000000 31784.000000 937984.000000 492960.000000 144231.000000 20896.000000 0.000000 58624.000000 0.000000 0.000000 113304.000000 0.000000 55356.000000 466944.000000 1116288.000000 0.000000 5856.000000 107520.000000 115872.000000 19392.000000 0.000000 35424.000000 0.000000 951808.000000 0.000000 0.000000 261023.000000 9696.000000 0.000000 144128.000000 0.000000 62976.000000 
39
0.000000 946176.000000 671520.000000 283188.000000 70336.000000 4704.000000 97792.000000 40064.000000 0.000000 256.000000 0.000000 988160.000000 615936.000000 101625.000000 25760.000000 3840.000000 4096.000000 23296.000000 17920.000000 37504.000000 0.000000 1495212.000000 838656.000000 0.000000 95066.000000 23408.000000 22016.000000 25856.000000 0.000000 118272.000000 31784.000000 937984.000000 492960.000000 144231.000000 20896.000000 0.000000 58624.000000 0.000000 0.000000 113304.000000 0.000000 55356.000000 466944.000000 1116288.000000 0.000000 5856.000000 107520.000000 115872.000000 19392.000000 0.000000 35424.000000 0.000000 951808.000000 0.000000 0.000000 261023.000000 9696.000000 0.000000 144128.000000 0.000000 62976.000000 
40
0.000000 946176.000000 671520.000000 165529.000000 29088.000000 0.000000 97536.000000 39552.000000 0.000000 256.000000 0.000000 831495.000000 0.000000 47749.000000 320068.000000 0.000000 4096.000000 23296.000000 17408.000000 37376.000000 0.000000 2187584.000000 842208.000000 0.000000 95146.000000 68800.000000 51712.000000 23424.000000 36864.000000 0.000000 47048.000000 954368.000000 0.000000 387994.000000 20800.000000 0.000000 55264.000000 90624.000000 0.000000 34584.000000 0.000000 55356.000000 466944.000000 1565568.000000 0.000000 9120.000000 95390.000000 1828.000000 27024.000000 0.000000 39552.000000 0.000000 843776.000000 377856.000000 46560.000000 197257.000000 28992.000000 0.000000 144000.000000 0.000000 0.000000 
41
0.000000 946176.000000 671520.000000 165529.000000 29088.000000 0.000000 97536.000000 39552.000000 0.000000 256.000000 0.000000 831495.000000 0.000000 47749.000000 320068.000000 0.000000 4096.000000 23296.000000 17408.000000 37376.000000 0.000000 2187584.000000 842208.000000 0.000000 95146.000000 68800.000000 51712.000000 23424.000000 36864.000000 0.000000 47048.000000 954368.000000 0.000000 387994.000000 20800.000000 0.000000 55264.000000 90624.000000 0.000000 34584.000000 0.000000 55356.000000 466944.000000 1565568.000000 0.000000 9120.000000 95390.000000 1828.000000 27024.000000 0.000000 39552.000000 0.000000 843776.000000 377856.000000 46560.000000 197257.000000 28992.000000 0.000000 144000.000000 0.000000 0.000000 
42
0.000000 946176.000000 671520.000000 165529.000000 29088.000000 0.000000 97536.000000 39552.000000 0.000000 256.000000 0.000000 831495.000000 0.000000 47749.000000 320068.000000 0.000000 4096.000000 23296.000000 17408.000000 37376.000000 0.000000 2187584.000000 842208.000000 0.000000 95146.000000 68800.000000 51712.000000 23424.000000 36864.000000 0.000000 47048.000000 954368.000000 0.000000 387994.000000 20800.000000 0.000000 55264.000000 90624.000000 0.000000 34584.000000 0.000000 55356.000000 466944.000000 1565568.000000 0.000000 9120.000000 95390.000000 1828.000000 27024.000000 0.000000 39552.000000 0.000000 843776.000000 377856.000000 46560.000000 197257.000000 28992.000000 0.000000 144000.000000 0.000000 0.000000 
43
0.000000 946176.000000 671520.000000 165529.000000 29088.000000 0.000000 97536.000000 39552.000000 0.000000 256.000000 0.000000 831495.000000 0.000000 47749.000000 320068.000000 0.000000 4096.000000 23296.000000 17408.000000 37376.000000 0.000000 2187584.000000 842208.000000 0.000000 95146.000000 68800.000000 51712.000000 23424.000000 36864.000000 0.000000 47048.000000 954368.000000 0.000000 387994.000000 20800.000000 0.000000 55264.000000 90624.000000 0.000000 34584.000000 0.000000 55356.000000 466944.000000 1565568.000000 0.000000 9120.000000 95390.000000 1828.000000 27024.000000 0.000000 39552.000000 0.000000 843776.000000 377856.000000 46560.000000 197257.000000 28992.000000 0.000000 144000.000000 0.000000 0.000000 
44
0.000000 946176.000000 671520.000000 181656.000000 45248.000000 0.000000 19456.000000 44288.000000 0.000000 0.000000 0.000000 988160.000000 0.000000 99098.000000 505744.000000 2304.000000 29184.000000 69600.000000 9120.000000 36480.000000 0.000000 2383296.000000 897600.000000 0.000000 298728.000000 120448.000000 51712.000000 25856.000000 0.000000 118272.000000 31784.000000 1688960.000000 524064.000000 237927.000000 156608.000000 0.000000 55136.000000 36736.000000 0.000000 155136.000000 0.000000 828748.000000 6464.000000 0.000000 0.000000 7968.000000 0.000000 0.000000 19392.000000 0.000000 35328.000000 0.000000 990720.000000 0.000000 0.000000 288702.000000 9696.000000 0.000000 147936.000000 0.000000 0.000000 
45
0.000000 946176.000000 671520.000000 181656.000000 45248.000000 0.000000 19456.000000 44288.000000 0.000000 0.000000 0.000000 988160.000000 0.000000 99098.000000 505744.000000 2304.000000 29184.000000 69600.000000 9120.000000 36480.000000 0.000000 2383296.000000 897600.000000 0.000000 298728.000000 120448.000000 51712.000000 25856.000000 0.000000 118272.000000 31784.000000 1688960.000000 524064.000000 237927.000000 156608.000000 0.000000 55136.000000 36736.000000 0.000000 155136.000000 0.000000 828748.000000 6464.000000 0.000000 0.000000 7968.000000 0.000000 0.000000 19392.000000 0.000000 35328.000000 0.000000 990720.000000 0.000000 0.000000 288702.000000 9696.000000 0.000000 147936.000000 0.000000 0.000000 
46
0.000000 946176.000000 671520.000000 181656.000000 45248.000000 0.000000 19456.000000 44288.000000 0.000000 0.000000 0.000000 988160.000000 0.000000 99098.000000 505744.000000 2304.000000 29184.000000 69600.000000 9120.000000 36480.000000 0.000000 2383296.000000 897600.000000 0.000000 298728.000000 120448.000000 51712.000000 25856.000000 0.000000 118272.000000 31784.000000 1688960.000000 524064.000000 237927.000000 156608.000000 0.000000 55136.000000 36736.000000 0.000000 155136.000000 0.000000 828748.000000 6464.000000 0.000000 0.000000 7968.000000 0.000000 0.000000 19392.000000 0.000000 35328.000000 0.000000 990720.000000 0.000000 0.000000 288702.000000 9696.000000 0.000000 147936.000000 0.000000 0.000000 
47
0.000000 946176.000000 671520.000000 181656.000000 45248.000000 0.000000 19456.000000 44288.000000 0.000000 0.000000 0.000000 988160.000000 0.000000 99098.000000 505744.000000 2304.000000 29184.000000 69600.000000 9120.000000 36480.000000 0.000000 2383296.000000 897600.000000 0.000000 298728.000000 120448.000000 51712.000000 25856.000000 0.000000 118272.000000 31784.000000 1688960.000000 524064.000000 237927.000000 156608.000000 0.000000 55136.000000 36736.000000 0.000000 155136.000000 0.000000 828748.000000 6464.000000 0.000000 0.000000 7968.000000 0.000000 0.000000 19392.000000 0.000000 35328.000000 0.000000 990720.000000 0.000000 0.000000 288702.000000 9696.000000 0.000000 147936.000000 0.000000 0.000000 
48
0.000000 937984.000000 668160.000000 198802.000000 28992.000000 0.000000 143360.000000 46848.000000 0.000000 0.000000 0.000000 1862912.000000 715776.000000 101504.000000 25760.000000 3840.000000 3584.000000 22784.000000 17408.000000 37504.000000 0.000000 1745812.000000 811392.000000 0.000000 311272.000000 71104.000000 51712.000000 25856.000000 0.000000 118272.000000 30820.000000 716800.000000 0.000000 238319.000000 71104.000000 0.000000 54304.000000 139776.000000 0.000000 198144.000000 0.000000 58556.000000 1302528.000000 902016.000000 0.000000 7296.000000 131417.000000 1700.000000 72528.000000 0.000000 60288.000000 0.000000 1138688.000000 364032.000000 35760.000000 194284.000000 29088.000000 0.000000 56960.000000 12928.000000 0.000000 
49
0.000000 937984.000000 668160.000000 198802.000000 28992.000000 0.000000 143360.000000 46848.000000 0.000000 0.000000 0.000000 1862912.000000 715776.000000 101504.000000 25760.000000 3840.000000 3584.000000 22784.000000 17408.000000 37504.000000 0.000000 1745812.000000 811392.000000 0.000000 311272.000000 71104.000000 51712.000000 25856.000000 0.000000 118272.000000 30820.000000 716800.000000 0.000000 238319.000000 71104.000000 0.000000 54304.000000 139776.000000 0.000000 198144.000000 0.000000 58556.000000 1302528.000000 902016.000000 0.000000 7296.000000 131417.000000 1700.000000 72528.000000 0.000000 60288.000000 0.000000 1138688.000000 364032.000000 35760.000000 194284.000000 29088.000000 0.000000 56960.000000 12928.000000 0.000000 
50
0.000000 937984.000000 668160.000000 198802.000000 28992.000000 0.000000 143360.000000 46848.000000 0.000000 0.000000 0.000000 1862912.000000 715776.000000 101504.000000 25760.000000 3840.000000 3584.000000 22784.000000 17408.000000 37504.000000 0.000000 1745812.000000 811392.000000 0.000000 311272.000000 71104.000000 51712.000000 25856.000000 0.000000 118272.000000 30820.000000 716800.000000 0.000000 238319.000000 71104.000000 0.000000 54304.000000 139776.000000 0.000000 198144.000000 0.000000 58556.000000 1302528.000000 902016.000000 0.000000 7296.000000 131417.000000 1700.000000 72528.000000 0.000000 60288.000000 0.000000 1138688.000000 364032.000000 35760.000000 194284.000000 29088.000000 0.000000 56960.000000 12928.000000 0.000000 
51
0.000000 937984.000000 668160.000000 198802.000000 28992.000000 0.000000 143360.000000 46848.000000 0.000000 0.000000 0.000000 1862912.000000 715776.000000 101504.000000 25760.000000 3840.000000 3584.000000 22784.000000 17408.000000 37504.000000 0.000000 1745812.000000 811392.000000 0.000000 311272.000000 71104.000000 51712.000000 25856.000000 0.000000 118272.000000 30820.000000 716800.000000 0.000000 238319.000000 71104.000000 0.000000 54304.000000 139776.000000 0.000000 198144.000000 0.000000 58556.000000 1302528.000000 902016.000000 0.000000 7296.000000 131417.000000 1700.000000 72528.000000 0.000000 60288.000000 0.000000 1138688.000000 364032.000000 35760.000000 194284.000000 29088.000000 0.000000 56960.000000 12928.000000 0.000000 
52
0.000000 937984.000000 668160.000000 206716.000000 19392.000000 0.000000 148992.000000 46848.000000 0.000000 0.000000 0.000000 1941248.000000 412608.000000 101504.000000 26272.000000 3840.000000 3584.000000 22784.000000 17408.000000 37504.000000 0.000000 1937232.000000 617184.000000 0.000000 92307.000000 68864.000000 51712.000000 25600.000000 36864.000000 0.000000 67104.000000 816128.000000 593184.000000 239279.000000 71008.000000 0.000000 58624.000000 141312.000000 0.000000 141336.000000 0.000000 654972.000000 457020.000000 0.000000 0.000000 14088.000000 117237.000000 264679.000000 70688.000000 0.000000 206336.000000 2048.000000 315904.000000 8544.000000 35760.000000 96190.000000 483520.000000 0.000000 35424.000000 100352.000000 0.000000 
53
0.000000 937984.000000 668160.000000 206716.000000 19392.000000 0.000000 148992.000000 46848.000000 0.000000 0.000000 0.000000 1941248.000000 412608.000000 101504.000000 26272.000000 3840.000000 3584.000000 22784.000000 17408.000000 37504.000000 0.000000 1937232.000000 617184.000000 0.000000 92307.000000 68864.000000 51712.000000 25600.000000 36864.000000 0.000000 67104.000000 816128.000000 593184.000000 239279.000000 71008.000000 0.000000 58624.000000 141312.000000 0.000000 141336.000000 0.000000 654972.000000 457020.000000 0.000000 0.000000 14088.000000 117237.000000 264679.000000 70688.000000 0.000000 206336.000000 2048.000000 315904.000000 8544.000000 35760.000000 96190.000000 483520.000000 0.000000 35424.000000 100352.000000 0.000000 
54
0.000000 937984.000000 668160.000000 206716.000000 19392.000000 0.000000 148992.000000 46848.000000 0.000000 0.000000 0.000000 1941248.000000 412608.000000 101504.000000 26272.000000 3840.000000 3584.000000 22784.000000 17408.000000 37504.000000 0.000000 1937232.000000 617184.000000 0.000000 92307.000000 68864.000000 51712.000000 25600.000000 36864.000000 0.000000 67104.000000 816128.000000 593184.000000 239279.000000 71008.000000 0.000000 58624.000000 141312.000000 0.000000 141336.000000 0.000000 654972.000000 457020.000000 0.000000 0.000000 14088.000000 117237.000000 264679.000000 70688.000000 0.000000 206336.000000 2048.000000 315904.000000 8544.000000 35760.000000 96190.000000 483520.000000 0.000000 35424.000000 100352.000000 0.000000 
55
0.000000 937984.000000 668160.000000 206716.000000 19392.000000 0.000000 148992.000000 46848.000000 0.000000 0.000000 0.000000 1941248.000000 412608.000000 101504.000000 26272.000000 3840.000000 3584.000000 22784.000000 17408.000000 37504.000000 0.000000 1937232.000000 617184.000000 0.000000 92307.000000 68864.000000 51712.000000 25600.000000 36864.000000 0.000000 67104.000000 816128.000000 593184.000000 239279.000000 71008.000000 0.000000 58624.000000 141312.000000 0.000000 141336.000000 0.000000 654972.000000 457020.000000 0.000000 0.000000 14088.000000 117237.000000 264679.000000 70688.000000 0.000000 206336.000000 2048.000000 315904.000000 8544.000000 35760.000000 96190.000000 483520.000000 0.000000 35424.000000 100352.000000 0.000000 
56
0.000000 937984.000000 668160.000000 75205.000000 29200.000000 0.000000 143360.000000 46848.000000 0.000000 0.000000 0.000000 988160.000000 608928.000000 101624.000000 339760.000000 0.000000 29184.000000 71328.000000 87264.000000 25600.000000 0.000000 1028110.000000 0.000000 31920.000000 301576.000000 9696.000000 0.000000 84768.000000 0.000000 116736.000000 30820.000000 791552.000000 0.000000 86511.000000 26704.000000 0.000000 25856.000000 252416.000000 0.000000 34584.000000 0.000000 55260.000000 466944.000000 1188864.000000 0.000000 9696.000000 74565.000000 1828.000000 92400.000000 0.000000 64768.000000 0.000000 1007616.000000 2012920.000000 0.000000 183259.000000 21392.000000 0.000000 61312.000000 28416.000000 0.000000 
57
0.000000 937984.000000 668160.000000 75205.000000 29200.000000 0.000000 143360.000000 46848.000000 0.000000 0.000000 0.000000 988160.000000 608928.000000 101624.000000 339760.000000 0.000000 29184.000000 71328.000000 87264.000000 25600.000000 0.000000 1028110.000000 0.000000 31920.000000 301576.000000 9696.000000 0.000000 84768.000000 0.000000 116736.000000 30820.000000 791552.000000 0.000000 86511.000000 26704.000000 0.000000 25856.000000 252416.000000 0.000000 34584.000000 0.000000 55260.000000 466944.000000 1188864.000000 0.000000 9696.000000 74565.000000 1828.000000 92400.000000 0.000000 64768.000000 0.000000 1007616.000000 2012920.000000 0.000000 183259.000000 21392.000000 0.000000 61312.000000 28416.000000 0.000000 
58
0.000000 937984.000000 668160.000000 75205.000000 29200.000000 0.000000 143360.000000 46848.000000 0.000000 0.000000 0.000000 988160.000000 608928.000000 101624.000000 339760.000000 0.000000 29184.000000 71328.000000 87264.000000 25600.000000 0.000000 1028110.000000 0.000000 31920.000000 301576.000000 9696.000000 0.000000 84768.000000 0.000000 116736.000000 30820.000000 791552.000000 0.000000 86511.000000 26704.000000 0.000000 25856.000000 252416.000000 0.000000 34584.000000 0.000000 55260.000000 466944.000000 1188864.000000 0.000000 9696.000000 74565.000000 1828.000000 92400.000000 0.000000 64768.000000 0.000000 1007616.000000 2012920.000000 0.000000 183259.000000 21392.000000 0.000000 61312.000000 28416.000000 0.000000 
59
0.000000 937984.000000 668160.000000 75205.000000 29200.000000 0.000000 143360.000000 46848.000000 0.000000 0.000000 0.000000 988160.000000 608928.000000 101624.000000 339760.000000 0.000000 29184.000000 71328.000000 87264.000000 25600.000000 0.000000 1028110.000000 0.000000 31920.000000 301576.000000 9696.000000 0.000000 84768.000000 0.000000 116736.000000 30820.000000 791552.000000 0.000000 86511.000000 26704.000000 0.000000 25856.000000 252416.000000 0.000000 34584.000000 0.000000 55260.000000 466944.000000 1188864.000000 0.000000 9696.000000 74565.000000 1828.000000 92400.000000 0.000000 64768.000000 0.000000 1007616.000000 2012920.000000 0.000000 183259.000000 21392.000000 0.000000 61312.000000 28416.000000 0.000000 
60
0.000000 937984.000000 668160.000000 53042.000000 24208.000000 0.000000 143360.000000 46848.000000 0.000000 0.000000 0.000000 1347200.000000 715488.000000 101396.000000 318436.000000 0.000000 3584.000000 22784.000000 82944.000000 25728.000000 0.000000 819200.000000 0.000000 0.000000 427868.000000 9600.000000 0.000000 38784.000000 0.000000 0.000000 36964.000000 1571456.000000 396192.000000 237806.000000 180768.000000 0.000000 25856.000000 0.000000 0.000000 0.000000 0.000000 641292.000000 457020.000000 0.000000 0.000000 94848.000000 0.000000 0.000000 28560.000000 0.000000 40960.000000 0.000000 1235968.000000 2100408.000000 0.000000 194283.000000 68512.000000 0.000000 61824.000000 27520.000000 0.000000 
61
0.000000 937984.000000 668160.000000 53042.000000 24208.000000 0.000000 143360.000000 46848.000000 0.000000 0.000000 0.000000 1347200.000000 715488.000000 101396.000000 318436.000000 0.000000 3584.000000 22784.000000 82944.000000 25728.000000 0.000000 819200.000000 0.000000 0.000000 427868.000000 9600.000000 0.000000 38784.000000 0.000000 0.000000 36964.000000 1571456.000000 396192.000000 237806.000000 180768.000000 0.000000 25856.000000 0.000000 0.000000 0.000000 0.000000 641292.000000 457020.000000 0.000000 0.000000 94848.000000 0.000000 0.000000 28560.000000 0.000000 40960.000000 0.000000 1235968.000000 2100408.000000 0.000000 194283.000000 68512.000000 0.000000 61824.000000 27520.000000 0.000000 
62
0.000000 937984.000000 668160.000000 53042.000000 24208.000000 0.000000 143360.000000 46848.000000 0.000000 0.000000 0.000000 1347200.000000 715488.000000 101396.000000 318436.000000 0.000000 3584.000000 22784.000000 82944.000000 25728.000000 0.000000 819200.000000 0.000000 0.000000 427868.000000 9600.000000 0.000000 38784.000000 0.000000 0.000000 36964.000000 1571456.000000 396192.000000 237806.000000 180768.000000 0.000000 25856.000000 0.000000 0.000000 0.000000 0.000000 641292.000000 457020.000000 0.000000 0.000000 94848.000000 0.000000 0.000000 28560.000000 0.000000 40960.000000 0.000000 1235968.000000 2100408.000000 0.000000 194283.000000 68512.000000 0.000000 61824.000000 27520.000000 0.000000 
63
0.000000 937984.000000 668160.000000 53042.000000 24208.000000 0.000000 143360.000000 46848.000000 0.000000 0.000000 0.000000 1347200.000000 715488.000000 101396.000000 318436.000000 0.000000 3584.000000 22784.000000 82944.000000 25728.000000 0.000000 819200.000000 0.000000 0.000000 427868.000000 9600.000000 0.000000 38784.000000 0.000000 0.000000 36964.000000 1571456.000000 396192.000000 237806.000000 180768.000000 0.000000 25856.000000 0.000000 0.000000 0.000000 0.000000 641292.000000 457020.000000 0.000000 0.000000 94848.000000 0.000000 0.000000 28560.000000 0.000000 40960.000000 0.000000 1235968.000000 2100408.000000 0.000000 194283.000000 68512.000000 0.000000 61824.000000 27520.000000 0.000000 
64
0.000000 934916.000000 396768.000000 318001.000000 112608.000000 0.000000 137728.000000 39552.000000 0.000000 256.000000 0.000000 892928.000000 0.000000 101875.000000 202116.000000 3840.000000 3584.000000 22784.000000 17408.000000 25600.000000 0.000000 1555968.000000 0.000000 0.000000 389514.000000 28128.000000 0.000000 38656.000000 0.000000 0.000000 36964.000000 933888.000000 489504.000000 239086.000000 45056.000000 0.000000 0.000000 51712.000000 0.000000 0.000000 0.000000 2073580.000000 2627456.000000 0.000000 0.000000 0.000000 74565.000000 259284.000000 9696.000000 0.000000 233088.000000 0.000000 409088.000000 2126680.000000 0.000000 191098.000000 67392.000000 0.000000 61696.000000 11264.000000 0.000000 
65
0.000000 934916.000000 396768.000000 318001.000000 112608.000000 0.000000 137728.000000 39552.000000 0.000000 256.000000 0.000000 892928.000000 0.000000 101875.000000 202116.000000 3840.000000 3584.000000 22784.000000 17408.000000 25600.000000 0.000000 1555968.000000 0.000000 0.000000 389514.000000 28128.000000 0.000000 38656.000000 0.000000 0.000000 36964.000000 933888.000000 489504.000000 239086.000000 45056.000000 0.000000 0.000000 51712.000000 0.000000 0.000000 0.000000 2073580.000000 2627456.000000 0.000000 0.000000 0.000000 74565.000000 259284.000000 9696.000000 0.000000 233088.000000 0.000000 409088.000000 2126680.000000 0.000000 191098.000000 67392.000000 0.000000 61696.000000 11264.000000 0.000000 
66
0.000000 934916.000000 396768.000000 318001.000000 112608.000000 0.000000 137728.000000 39552.000000 0.000000 256.000000 0.000000 892928.000000 0.000000 101875.000000 202116.000000 3840.000000 3584.000000 22784.000000 17408.000000 25600.000000 0.000000 1555968.000000 0.000000 0.000000 389514.000000 28128.000000 0.000000 38656.000000 0.000000 0.000000 36964.000000 933888.000000 489504.000000 239086.000000 45056.000000 0.000000 0.000000 51712.000000 0.000000 0.000000 0.000000 2073580.000000 2627456.000000 0.000000 0.000000 0.000000 74565.000000 259284.000000 9696.000000 0.000000 233088.000000 0.000000 409088.000000 2126680.000000 0.000000 191098.000000 67392.000000 0.000000 61696.000000 11264.000000 0.000000 
67
0.000000 934916.000000 396768.000000 318001.000000 112608.000000 0.000000 137728.000000 39552.000000 0.000000 256.000000 0.000000 892928.000000 0.000000 101875.000000 202116.000000 3840.000000 3584.000000 22784.000000 17408.000000 25600.000000 0.000000 1555968.000000 0.000000 0.000000 389514.000000 28128.000000 0.000000 38656.000000 0.000000 0.000000 36964.000000 933888.000000 489504.000000 239086.000000 45056.000000 0.000000 0.000000 51712.000000 0.000000 0.000000 0.000000 2073580.000000 2627456.000000 0.000000 0.000000 0.000000 74565.000000 259284.000000 9696.000000 0.000000 233088.000000 0.000000 409088.000000 2126680.000000 0.000000 191098.000000 67392.000000 0.000000 61696.000000 11264.000000 0.000000 
68
0.000000 934916.000000 396768.000000 300528.000000 19296.000000 6144.000000 166144.000000 46592.000000 0.000000 0.000000 0.000000 1532416.000000 757152.000000 100914.000000 200484.000000 3840.000000 3584.000000 22784.000000 17408.000000 180864.000000 0.000000 237568.000000 887904.000000 0.000000 389498.000000 27936.000000 0.000000 36480.000000 0.000000 0.000000 68644.000000 1705344.000000 410016.000000 214336.000000 185280.000000 0.000000 54624.000000 36608.000000 2048.000000 153600.000000 0.000000 969850.000000 2143360.000000 0.000000 0.000000 8928.000000 74650.000000 84174.000000 0.000000 0.000000 12928.000000 0.000000 1691648.000000 0.000000 0.000000 221961.000000 80704.000000 0.000000 61056.000000 11648.000000 0.000000 
69
0.000000 934916.000000 396768.000000 300528.000000 19296.000000 6144.000000 166144.000000 46592.000000 0.000000 0.000000 0.000000 1532416.000000 757152.000000 100914.000000 200484.000000 3840.000000 3584.000000 22784.000000 17408.000000 180864.000000 0.000000 237568.000000 887904.000000 0.000000 389498.000000 27936.000000 0.000000 36480.000000 0.000000 0.000000 68644.000000 1705344.000000 410016.000000 214336.000000 185280.000000 0.000000 54624.000000 36608.000000 2048.000000 153600.000000 0.000000 969850.000000 2143360.000000 0.000000 0.000000 8928.000000 74650.000000 84174.000000 0.000000 0.000000 12928.000000 0.000000 1691648.000000 0.000000 0.000000 221961.000000 80704.000000 0.000000 61056.000000 11648.000000 0.000000 
70
0.000000 934916.000000 396768.000000 300528.000000 19296.000000 6144.000000 166144.000000 46592.000000 0.000000 0.000000 0.000000 1532416.000000 757152.000000 100914.000000 200484.000000 3840.000000 3584.000000 22784.000000 17408.000000 180864.000000 0.000000 237568.000000 887904.000000 0.000000 389498.000000 27936.000000 0.000000 36480.000000 0.000000 0.000000 68644.000000 1705344.000000 410016.000000 214336.000000 185280.000000 0.000000 54624.000000 36608.000000 2048.000000 153600.000000 0.000000 969850.000000 2143360.000000 0.000000 0.000000 8928.000000 74650.000000 84174.000000 0.000000 0.000000 12928.000000 0.000000 1691648.000000 0.000000 0.000000 221961.000000 80704.000000 0.000000 61056.000000 11648.000000 0.000000 
71
0.000000 934916.000000 396768.000000 300528.000000 19296.000000 6144.000000 166144.000000 46592.000000 0.000000 0.000000 0.000000 1532416.000000 757152.000000 100914.000000 200484.000000 3840.000000 3584.000000 22784.000000 17408.000000 180864.000000 0.000000 237568.000000 887904.000000 0.000000 389498.000000 27936.000000 0.000000 36480.000000 0.000000 0.000000 68644.000000 1705344.000000 410016.000000 214336.000000 185280.000000 0.000000 54624.000000 36608.000000 2048.000000 153600.000000 0.000000 969850.000000 2143360.000000 0.000000 0.000000 8928.000000 74650.000000 84174.000000 0.000000 0.000000 12928.000000 0.000000 1691648.000000 0.000000 0.000000 221961.000000 80704.000000 0.000000 61056.000000 11648.000000 0.000000 
72
0.000000 934915.000000 396768.000000 300528.000000 19200.000000 6144.000000 166144.000000 46592.000000 0.000000 0.000000 0.000000 1537792.000000 753696.000000 100914.000000 185124.000000 3072.000000 3584.000000 22784.000000 51712.000000 25856.000000 0.000000 981504.000000 6168.000000 35760.000000 457078.000000 28800.000000 0.000000 36352.000000 0.000000 0.000000 36964.000000 999424.000000 0.000000 214450.000000 118384.000000 36864.000000 25856.000000 12928.000000 0.000000 34584.000000 0.000000 63002.000000 1135872.000000 0.000000 0.000000 9696.000000 74549.000000 412843.000000 43488.000000 0.000000 65536.000000 0.000000 1003520.000000 1343616.000000 0.000000 348457.000000 9984.000000 49152.000000 198240.000000 0.000000 61440.000000 
73
0.000000 934915.000000 396768.000000 300528.000000 19200.000000 6144.000000 166144.000000 46592.000000 0.000000 0.000000 0.000000 1537792.000000 753696.000000 100914.000000 185124.000000 3072.000000 3584.000000 22784.000000 51712.000000 25856.000000 0.000000 981504.000000 6168.000000 35760.000000 457078.000000 28800.000000 0.000000 36352.000000 0.000000 0.000000 36964.000000 999424.000000 0.000000 214450.000000 118384.000000 36864.000000 25856.000000 12928.000000 0.000000 34584.000000 0.000000 63002.000000 1135872.000000 0.000000 0.000000 9696.000000 74549.000000 412843.000000 43488.000000 0.000000 65536.000000 0.000000 1003520.000000 1343616.000000 0.000000 348457.000000 9984.000000 49152.000000 198240.000000 0.000000 61440.000000 
74
0.000000 934915.000000 396768.000000 300528.000000 19200.000000 6144.000000 166144.000000 46592.000000 0.000000 0.000000 0.000000 1537792.000000 753696.000000 100914.000000 185124.000000 3072.000000 3584.000000 22784.000000 51712.000000 25856.000000 0.000000 981504.000000 6168.000000 35760.000000 457078.000000 28800.000000 0.000000 36352.000000 0.000000 0.000000 36964.000000 999424.000000 0.000000 214450.000000 118384.000000 36864.000000 25856.000000 12928.000000 0.000000 34584.000000 0.000000 63002.000000 1135872.000000 0.000000 0.000000 9696.000000 74549.000000 412843.000000 43488.000000 0.000000 65536.000000 0.000000 1003520.000000 1343616.000000 0.000000 348457.000000 9984.000000 49152.000000 198240.000000 0.000000 61440.000000 
75
0.000000 934915.000000 396768.000000 300528.000000 19200.000000 6144.000000 166144.000000 46592.000000 0.000000 0.000000 0.000000 1537792.000000 753696.000000 100914.000000 185124.000000 3072.000000 3584.000000 22784.000000 51712.000000 25856.000000 0.000000 981504.000000 6168.000000 35760.000000 457078.000000 28800.000000 0.000000 36352.000000 0.000000 0.000000 36964.000000 999424.000000 0.000000 214450.000000 118384.000000 36864.000000 25856.000000 12928.000000 0.000000 34584.000000 0.000000 63002.000000 1135872.000000 0.000000 0.000000 9696.000000 74549.000000 412843.000000 43488.000000 0.000000 65536.000000 0.000000 1003520.000000 1343616.000000 0.000000 348457.000000 9984.000000 49152.000000 198240.000000 0.000000 61440.000000 
76
0.000000 934915.000000 396768.000000 368432.000000 9696.000000 0.000000 166144.000000 46592.000000 0.000000 0.000000 0.000000 950272.000000 0.000000 84130.000000 498544.000000 0.000000 3584.000000 52544.000000 51712.000000 25856.000000 0.000000 922624.000000 0.000000 35640.000000 386586.000000 9600.000000 0.000000 37952.000000 0.000000 0.000000 57024.000000 974848.000000 448032.000000 212649.000000 118384.000000 36864.000000 25856.000000 12800.000000 0.000000 34984.000000 0.000000 63386.000000 809472.000000 349056.000000 0.000000 9696.000000 74548.000000 393622.000000 32960.000000 0.000000 32928.000000 0.000000 700416.000000 365568.000000 0.000000 192625.000000 65248.000000 0.000000 61696.000000 11136.000000 0.000000 
77
0.000000 934915.000000 396768.000000 368432.000000 9696.000000 0.000000 166144.000000 46592.000000 0.000000 0.000000 0.000000 950272.000000 0.000000 84130.000000 498544.000000 0.000000 3584.000000 52544.000000 51712.000000 25856.000000 0.000000 922624.000000 0.000000 35640.000000 386586.000000 9600.000000 0.000000 37952.000000 0.000000 0.000000 57024.000000 974848.000000 448032.000000 212649.000000 118384.000000 36864.000000 25856.000000 12800.000000 0.000000 34984.000000 0.000000 63386.000000 809472.000000 349056.000000 0.000000 9696.000000 74548.000000 393622.000000 32960.000000 0.000000 32928.000000 0.000000 700416.000000 365568.000000 0.000000 192625.000000 65248.000000 0.000000 61696.000000 11136.000000 0.000000 
78
0.000000 934915.000000 396768.000000 368432.000000 9696.000000 0.000000 166144.000000 46592.000000 0.000000 0.000000 0.000000 950272.000000 0.000000 84130.000000 498544.000000 0.000000 3584.000000 52544.000000 51712.000000 25856.000000 0.000000 922624.000000 0.000000 35640.000000 386586.000000 9600.000000 0.000000 37952.000000 0.000000 0.000000 57024.000000 974848.000000 448032.000000 212649.000000 118384.000000 36864.000000 25856.000000 12800.000000 0.000000 34984.000000 0.000000 63386.000000 809472.000000 349056.000000 0.000000 9696.000000 74548.000000 393622.000000 32960.000000 0.000000 32928.000000 0.000000 700416.000000 365568.000000 0.000000 192625.000000 65248.000000 0.000000 61696.000000 11136.000000 0.000000 
79
0.000000 934915.000000 396768.000000 368432.000000 9696.000000 0.000000 166144.000000 46592.000000 0.000000 0.000000 0.000000 950272.000000 0.000000 84130.000000 498544.000000 0.000000 3584.000000 52544.000000 51712.000000 25856.000000 0.000000 922624.000000 0.000000 35640.000000 386586.000000 9600.000000 0.000000 37952.000000 0.000000 0.000000 57024.000000 974848.000000 448032.000000 212649.000000 118384.000000 36864.000000 25856.000000 12800.000000 0.000000 34984.000000 0.000000 63386.000000 809472.000000 349056.000000 0.000000 9696.000000 74548.000000 393622.000000 32960.000000 0.000000 32928.000000 0.000000 700416.000000 365568.000000 0.000000 192625.000000 65248.000000 0.000000 61696.000000 11136.000000 0.000000 
