task94
0.012000 1.002056 2.002000 2.002112 3.012000 3.012167 4.012000 4.012023 5.010000 5.010085 
task13
0.022000 1.012022 2.012011 2.012044 3.022017 3.022066 4.022023 4.022098 5.020028 5.020158 
task10
0.022000 1.012022 2.012011 2.012044 3.022017 3.022066 4.022023 4.022098 5.020029 5.020158 
task0
0.022000 1.012022 2.012011 2.012044 3.022017 3.022066 4.022023 4.022098 5.020028 5.020158 
task15
0.022000 1.012022 2.012011 2.012044 3.022017 3.022066 4.022023 4.022098 5.020029 5.020158 
task2
0.024000 1.014022 2.014011 2.014044 3.024017 3.024066 4.024023 4.024095 5.022029 5.022158 
task9
0.024000 1.014022 2.014011 2.014044 3.024017 3.024066 4.024023 4.024095 5.022029 5.022158 
task6
0.024000 1.014022 2.014011 2.014044 3.024017 3.024066 4.024023 4.024095 5.022029 5.022158 
task3
0.024000 1.014022 2.014011 2.014044 3.024017 3.024066 4.024023 4.024095 5.022029 5.022158 
task1
0.024000 1.014022 2.014011 2.014044 3.024017 3.024066 4.024023 4.024095 5.022028 5.022158 
task14
0.024000 1.014022 2.014011 2.014044 3.024017 3.024066 4.024023 4.024095 5.022029 5.022158 
task12
0.024000 1.014022 2.014011 2.014044 3.024017 3.024066 4.024023 4.024095 5.022028 5.022158 
task5
0.024000 1.014021 2.014011 2.014042 3.024017 3.024063 4.024023 4.024091 5.022028 5.022151 
task11
0.024000 1.014022 2.014011 2.014044 3.024017 3.024066 4.024023 4.024095 5.022029 5.022158 
task4
0.024000 1.014021 2.014011 2.014042 3.024017 3.024063 4.024023 4.024092 5.022029 5.022151 
task7
0.024000 1.014021 2.014011 2.014042 3.024017 3.024063 4.024023 4.024092 5.022029 5.022151 
task8
0.024000 1.014021 2.014011 2.014042 3.024017 3.024063 4.024023 4.024091 5.022029 5.022151 
task16
0.032000 1.022056 2.022000 2.022112 3.032000 3.032167 4.032000 4.032023 5.030000 5.030085 
task20
0.034000 0.034200 1.024000 1.024051 2.024000 2.024102 3.034000 3.034152 4.034000 4.034003 5.032000 5.032052 
task17
0.034000 0.034218 1.024000 1.024067 2.024000 2.024115 3.034000 3.034164 4.034000 4.034214 5.032000 5.032062 
task19
0.036000 0.036019 1.026000 1.026069 2.026000 2.026119 3.036000 3.036169 4.036000 4.036042 5.034000 5.034073 
task18
0.038000 0.038019 1.028000 1.028069 2.028000 2.028119 3.038000 3.038170 4.038000 4.038022 5.036000 5.036073 
task21
0.040000 0.040020 1.030000 1.030071 2.030000 2.030121 3.040000 3.040171 4.040000 4.040024 5.038000 5.038074 
task22
0.042000 0.042020 1.032000 1.032072 2.032000 2.032121 3.042000 3.042172 4.042000 4.042021 5.040000 5.040072 
task23
0.044000 0.044202 1.034000 1.034011 2.034000 2.034020 3.044000 3.044029 4.044000 4.044038 5.042000 5.042047 
task24
0.046000 0.046020 1.036000 1.036070 2.036000 2.036121 3.046000 3.046172 4.046000 4.046021 5.044000 5.044072 
task25
0.052000 0.052200 1.042006 1.042019 2.042011 2.042038 3.052017 3.052058 4.052023 4.052123 5.050028 5.050142 
task83
0.052000 0.052021 1.042000 1.042070 2.042000 2.042119 3.052000 3.052167 4.052000 4.052010 5.050000 5.050058 
task90
0.052000 0.052026 1.042000 1.042081 2.042000 2.042135 3.052000 3.052189 4.052000 4.052049 5.050000 5.050103 
task30
0.052006 0.052200 1.042011 1.042019 2.042017 2.042038 3.052023 3.052058 4.052028 4.052123 5.050034 5.050142 
task31
0.052006 0.052200 1.042011 1.042019 2.042017 2.042038 3.052023 3.052058 4.052028 4.052123 5.050034 5.050142 
task54
0.052006 0.052200 1.042011 1.042019 2.042017 2.042038 3.052023 3.052058 4.052028 4.052123 5.050034 5.050142 
task84
0.054000 0.054022 1.044000 1.044071 2.044000 2.044120 3.054000 3.054168 4.054000 4.054011 5.052000 5.052059 
task86
0.054000 0.054026 1.044000 1.044075 2.044000 2.044123 3.054000 3.054172 4.054000 4.054015 5.052000 5.052063 
task33
0.054006 0.054200 1.044011 1.044019 2.044017 2.044038 3.054023 3.054058 4.054028 4.054123 5.052034 5.052142 
task26
0.054006 0.054202 1.044011 1.044021 2.044017 2.044040 3.054023 3.054059 4.054028 4.054124 5.052034 5.052144 
task85
0.056000 0.056026 1.046000 1.046075 2.046000 2.046124 3.056000 3.056172 4.056000 4.056015 5.054000 5.054063 
task87
0.056000 0.056027 1.046000 1.046076 2.046000 2.046125 3.056000 3.056173 4.056000 4.056016 5.054000 5.054064 
task28
0.056006 0.056203 1.046011 1.046022 2.046017 2.046042 3.056023 3.056061 4.056028 4.056126 5.054034 5.054145 
task27
0.056006 0.056204 1.046011 1.046023 2.046017 2.046042 3.056023 3.056061 4.056028 4.056126 5.054034 5.054145 
task88
0.058000 0.058032 1.048000 1.048080 2.048000 2.048129 3.058000 3.058178 4.058000 4.058021 5.056000 5.056068 
task29
0.058006 0.058204 1.048011 1.048023 2.048017 2.048042 3.058023 3.058062 4.058028 4.058127 5.056034 5.056146 
task89
0.060000 0.060033 1.050000 1.050082 2.050000 2.050130 3.060000 3.060179 4.060000 4.060022 5.058000 5.058069 
task32
0.060006 0.060204 1.050011 1.050023 2.050017 2.050043 3.060023 3.060062 4.060028 4.060127 5.058034 5.058146 
task91
0.062000 0.062003 1.052000 1.052012 2.052000 2.052021 3.062000 3.062030 4.062000 4.062039 5.060000 5.060048 
task34
0.062006 0.062204 1.052011 1.052023 2.052017 2.052043 3.062023 3.062062 4.062028 4.062127 5.060034 5.060146 
task92
0.064000 0.064034 1.054000 1.054083 2.054000 2.054131 3.064000 3.064180 4.064000 4.064023 5.062000 5.062070 
task35
0.064006 0.064203 1.054011 1.054212 2.054017 2.054021 3.064023 3.064031 4.064028 4.064050 5.062034 5.062060 
task93
0.066000 0.066034 1.056000 1.056083 2.056000 2.056132 3.066000 3.066186 4.066000 4.066023 5.064000 5.064071 
task36
0.066006 0.066205 1.056011 1.056024 2.056017 2.056043 3.066023 3.066062 4.066028 4.066127 5.064034 5.064147 
task37
0.068000 0.068206 1.058000 1.058028 2.058000 2.058050 3.068000 3.068072 4.068000 4.068142 5.066000 5.066164 
task39
0.068000 0.068207 1.058000 1.058026 2.058000 2.058045 3.068000 3.068064 4.068000 4.068129 5.066000 5.066149 
task38
0.070000 0.070037 1.060000 1.060029 2.060000 2.060051 3.070000 3.070073 4.070000 4.070143 5.068000 5.068165 
task40
0.072000 0.072008 1.062000 1.062030 2.062000 2.062052 3.072000 3.072074 4.072000 4.072144 5.070000 5.070166 
task41
0.074000 0.074010 1.064000 1.064032 2.064000 2.064054 3.074000 3.074077 4.074000 4.074147 5.072000 5.072169 
task42
0.074000 0.074013 1.064000 1.064034 2.064000 2.064055 3.074000 3.074076 4.074000 4.074143 5.072000 5.072164 
task43
0.076000 0.076016 1.066000 1.066038 2.066000 2.066061 3.076000 3.076083 4.076000 4.076153 5.074000 5.074175 
task46
0.078000 0.078206 1.068000 1.068016 2.068000 2.068025 3.078000 3.078034 4.078000 4.078054 5.076000 5.076063 
task44
0.078000 0.078016 1.068000 1.068037 2.068000 2.068058 3.078000 3.078079 4.078000 4.078146 5.076000 5.076167 
task45
0.080000 0.080018 1.070000 1.070040 2.070000 2.070062 3.080000 3.080084 4.080000 4.080141 5.078000 5.078161 
task47
0.080000 0.080009 1.070000 1.070018 2.070000 2.070028 3.080000 3.080037 4.080000 4.080057 5.078000 5.078066 
task48
0.082000 0.082017 1.072000 1.072037 2.072000 2.072056 3.082000 3.082081 4.082000 4.082141 5.080000 5.080161 
task49
0.084000 0.084017 1.074000 1.074037 2.074000 2.074057 3.084000 3.084077 4.084000 4.084142 5.082000 5.082162 
task50
0.086000 0.086018 1.076000 1.076038 2.076000 2.076058 3.086000 3.086076 4.086000 4.086143 5.084000 5.084163 
task51
0.088000 0.088018 1.078000 1.078038 2.078000 2.078058 3.088000 3.088083 4.088000 4.088143 5.086000 5.086163 
task52
0.090000 0.090020 1.080000 1.080042 2.080000 2.080064 3.090000 3.090002 3.090023 3.090083 4.090000 4.090156 5.088000 5.088178 
task53
0.092000 0.092018 1.082000 1.082038 2.082000 2.082058 3.092000 3.092078 4.092000 4.092143 5.090000 5.090163 
task55
0.094000 0.094019 1.084000 1.084038 2.084000 2.084058 3.094000 3.094078 4.094000 4.094143 5.092000 5.092163 
task56
0.096000 0.096021 1.086000 1.086042 2.086000 2.086063 3.096000 3.096085 4.096000 4.096151 5.094000 5.094173 
task57
0.098000 0.098019 1.088000 1.088039 2.088000 2.088059 3.098000 3.098003 3.098023 3.098078 4.098000 4.098144 5.096000 5.096164 
task73
4.012023 4.012078 
task74
4.012023 4.012078 
task69
4.012023 4.012078 
task62
4.012023 4.012091 
task61
4.012023 4.012082 
task58
4.012023 4.012081 
task75
4.014023 4.014081 
task64
4.014023 4.014092 
task59
4.014023 4.014089 
task76
4.016023 4.016082 
task60
4.016023 4.016094 
task63
4.018023 4.018095 
task65
4.020023 4.020098 
task66
4.022023 4.022047 
task67
4.024023 4.024100 
task70
4.026023 4.026091 
task77
4.026023 4.026097 
task68
4.026023 4.026097 
task71
4.026023 4.026101 
task80
4.026023 4.026103 
task82
4.026023 4.026122 
task78
4.028023 4.028118 
task72
4.028023 4.028122 
task81
4.028023 4.028122 
task79
4.030023 4.030123 
