5
0.000000 0.012000 1.000000 1.000637 2.000000 2.001012 3.000000 3.011440 4.000000 4.011674 5.000000 5.022702 
0
0.000000 0.024403 1.000000 1.013043 2.000000 2.013415 3.000000 3.023362 4.000000 4.471580 5.000000 5.342217 
4
0.000000 0.365003 1.000000 1.262438 2.000000 2.286789 3.000000 3.278648 4.000000 4.715035 5.000000 5.582123 
1
0.000000 0.605631 1.000000 1.845812 2.000000 2.838595 3.000000 3.828874 4.000000 4.939255 5.000000 5.921665 
2
0.000000 0.885617 1.000000 1.781446 2.000000 2.800222 3.000000 3.810818 4.000000 5.382035 
3
4.000000 4.470509 
