0
0.000000 98304.000000 99840.000000 99936.000000 99984.000000 98816.000000 99968.000000 99774.000000 100000.000000 99968.000000 99840.000000 99842.000000 96768.000000 99968.000000 52512.000000 99984.000000 72784.000000 83024.000000 84432.000000 0.000000 0.000000 99968.000000 96768.000000 100000.000000 99984.000000 98816.000000 99840.000000 99584.000000 99996.000000 100000.000000 100000.000000 100000.000000 100000.000000 99968.000000 99840.000000 99984.000000 100000.000000 99712.000000 0.000000 99992.000000 100000.000000 99968.000000 99456.000000 99456.000000 99968.000000 99968.000000 99968.000000 99968.000000 99808.000000 100000.000000 100000.000000 100000.000000 96384.000000 99584.000000 99936.000000 99912.000000 99776.000000 99776.000000 99776.000000 0.000000 99982.000000 
1
0.000000 98304.000000 99840.000000 99936.000000 99984.000000 99840.000000 99968.000000 99934.000000 100000.000000 99968.000000 99840.000000 99842.000000 96768.000000 99968.000000 99840.000000 99984.000000 99920.000000 99664.000000 98992.000000 0.000000 0.000000 99973.000000 96768.000000 100000.000000 99984.000000 99840.000000 99840.000000 54144.000000 77628.000000 77628.000000 100000.000000 99968.000000 99840.000000 99840.000000 99840.000000 99936.000000 100000.000000 84320.000000 0.000000 99992.000000 100000.000000 99968.000000 96768.000000 96768.000000 99808.000000 99984.000000 99776.000000 0.000000 55328.000000 94080.000000 100000.000000 100000.000000 96768.000000 99968.000000 99840.000000 100000.000000 98464.000000 0.000000 0.000000 0.000000 100000.000000 
2
0.000000 98304.000000 99840.000000 99936.000000 99984.000000 99840.000000 99934.000000 99838.000000 100000.000000 99968.000000 99840.000000 99841.000000 96768.000000 99968.000000 0.000000 99984.000000 99840.000000 99584.000000 98400.000000 0.000000 0.000000 99968.000000 99968.000000 99936.000000 99984.000000 98816.000000 99840.000000 99584.000000 100000.000000 100000.000000 100000.000000 99840.000000 96768.000000 96768.000000 99968.000000 99984.000000 100000.000000 83808.000000 0.000000 99992.000000 99992.000000 99968.000000 96768.000000 96768.000000 99904.000000 99984.000000 99776.000000 0.000000 55328.000000 94080.000000 100000.000000 100000.000000 96768.000000 99968.000000 99840.000000 100000.000000 99904.000000 0.000000 0.000000 0.000000 95552.000000 
3
0.000000 98304.000000 99840.000000 99936.000000 99984.000000 99840.000000 99934.000000 99838.000000 100000.000000 99968.000000 99840.000000 99841.000000 96768.000000 100000.000000 0.000000 99984.000000 99840.000000 99584.000000 98912.000000 0.000000 0.000000 99968.000000 99968.000000 99936.000000 99984.000000 98816.000000 99840.000000 99584.000000 100000.000000 100000.000000 100000.000000 99840.000000 96768.000000 96768.000000 99968.000000 99984.000000 100000.000000 83296.000000 0.000000 99992.000000 99992.000000 99968.000000 96768.000000 99968.000000 99456.000000 99984.000000 99968.000000 0.000000 99968.000000 99968.000000 100000.000000 100000.000000 95424.000000 98624.000000 99904.000000 100000.000000 99968.000000 0.000000 0.000000 0.000000 94592.000000 
4
0.000000 98304.000000 99840.000000 99840.000000 99984.000000 99776.000000 99966.000000 99806.000000 100000.000000 99904.000000 99520.000000 99521.000000 96960.000000 99904.000000 0.000000 99984.000000 99776.000000 99776.000000 99104.000000 0.000000 0.000000 99904.000000 99968.000000 99936.000000 99984.000000 99008.000000 99776.000000 99776.000000 99996.000000 99884.000000 100000.000000 99904.000000 98496.000000 99520.000000 99520.000000 99520.000000 99968.000000 99968.000000 0.000000 99992.000000 99936.000000 99904.000000 96960.000000 96960.000000 100000.000000 99984.000000 99968.000000 0.000000 55520.000000 94144.000000 99978.000000 100000.000000 96960.000000 99904.000000 99616.000000 100000.000000 99968.000000 0.000000 0.000000 0.000000 93056.000000 
5
0.000000 98304.000000 99840.000000 99840.000000 99984.000000 99776.000000 99966.000000 99806.000000 100000.000000 99904.000000 99520.000000 99521.000000 96960.000000 99904.000000 92736.000000 99984.000000 99968.000000 99968.000000 99808.000000 0.000000 0.000000 100000.000000 96960.000000 99616.000000 99984.000000 99008.000000 99776.000000 99904.000000 99980.000000 94892.000000 100000.000000 99520.000000 96960.000000 99904.000000 99840.000000 99960.000000 100000.000000 100000.000000 0.000000 99960.000000 99960.000000 100000.000000 96384.000000 99648.000000 99936.000000 99984.000000 99904.000000 0.000000 54944.000000 93568.000000 100000.000000 100000.000000 96384.000000 99584.000000 99840.000000 99984.000000 100000.000000 0.000000 0.000000 0.000000 94912.000000 
6
0.000000 98304.000000 99840.000000 99840.000000 99984.000000 99776.000000 99966.000000 99806.000000 100000.000000 99904.000000 99520.000000 99521.000000 96960.000000 99904.000000 92736.000000 99984.000000 99968.000000 98176.000000 98016.000000 0.000000 0.000000 100000.000000 99968.000000 99936.000000 99984.000000 99008.000000 99776.000000 99776.000000 99996.000000 100000.000000 100000.000000 100000.000000 100000.000000 99968.000000 99840.000000 99984.000000 99904.000000 98880.000000 0.000000 99928.000000 100000.000000 99968.000000 99456.000000 99456.000000 99968.000000 99968.000000 99968.000000 99968.000000 99968.000000 99968.000000 99968.000000 99920.000000 96384.000000 99584.000000 99936.000000 99984.000000 99968.000000 99968.000000 99968.000000 0.000000 99984.000000 
7
0.000000 98304.000000 99840.000000 99840.000000 99984.000000 99776.000000 99966.000000 99806.000000 100000.000000 99904.000000 99520.000000 99521.000000 96960.000000 99904.000000 88608.000000 99984.000000 72592.000000 83344.000000 84208.000000 0.000000 0.000000 99952.000000 96960.000000 99328.000000 99984.000000 98880.000000 99392.000000 99904.000000 99916.000000 98764.000000 100000.000000 99520.000000 96960.000000 99904.000000 99936.000000 99960.000000 100000.000000 84032.000000 0.000000 99960.000000 99960.000000 100000.000000 96384.000000 96384.000000 99936.000000 99984.000000 99648.000000 0.000000 99872.000000 99872.000000 99968.000000 95688.000000 93960.000000 100000.000000 99936.000000 100000.000000 99136.000000 0.000000 99648.000000 0.000000 99968.000000 
8
0.000000 98308.000000 98304.000000 99904.000000 99984.000000 99648.000000 89662.000000 97566.000000 100000.000000 99968.000000 99840.000000 99841.000000 98304.000000 99936.000000 99984.000000 99984.000000 73936.000000 83664.000000 85040.000000 0.000000 0.000000 99872.000000 98304.000000 99680.000000 99984.000000 99840.000000 99840.000000 99968.000000 99928.000000 99064.000000 99960.000000 100000.000000 98304.000000 99840.000000 99840.000000 99984.000000 100000.000000 99904.000000 0.000000 99980.000000 100000.000000 99968.000000 97920.000000 99520.000000 99840.000000 99984.000000 99968.000000 99968.000000 96288.000000 99936.000000 99984.000000 99971.000000 96576.000000 99776.000000 99648.000000 99936.000000 99904.000000 99904.000000 99904.000000 0.000000 99982.000000 
9
0.000000 98308.000000 98304.000000 99904.000000 99984.000000 99648.000000 89662.000000 97566.000000 100000.000000 99968.000000 99840.000000 99841.000000 98304.000000 99936.000000 99984.000000 99984.000000 73936.000000 83664.000000 85040.000000 0.000000 0.000000 99872.000000 98304.000000 99680.000000 99984.000000 99840.000000 99840.000000 99968.000000 99960.000000 99576.000000 100000.000000 99840.000000 98304.000000 98304.000000 100000.000000 99888.000000 100000.000000 84160.000000 0.000000 99992.000000 99960.000000 100000.000000 98304.000000 98304.000000 99680.000000 99984.000000 99328.000000 0.000000 99920.000000 99968.000000 99968.000000 95816.000000 94088.000000 92360.000000 99880.000000 99992.000000 98504.000000 0.000000 99712.000000 0.000000 99968.000000 
10
0.000000 98307.000000 98304.000000 99904.000000 99984.000000 99648.000000 89662.000000 97566.000000 100000.000000 99968.000000 99840.000000 99841.000000 98304.000000 99936.000000 99984.000000 99984.000000 73936.000000 83664.000000 85552.000000 0.000000 0.000000 99872.000000 98304.000000 99776.000000 99984.000000 99456.000000 99968.000000 99968.000000 99960.000000 97144.000000 97144.000000 100000.000000 98304.000000 99840.000000 100000.000000 99984.000000 99968.000000 99520.000000 0.000000 99928.000000 100000.000000 100000.000000 99840.000000 99840.000000 99840.000000 99840.000000 99840.000000 99840.000000 99904.000000 99968.000000 99968.000000 99971.000000 98304.000000 99840.000000 100000.000000 99984.000000 99840.000000 99840.000000 99840.000000 0.000000 99982.000000 
11
0.000000 98307.000000 98304.000000 99904.000000 99984.000000 99648.000000 89662.000000 97566.000000 100000.000000 99968.000000 99840.000000 99841.000000 98304.000000 99936.000000 99984.000000 99984.000000 73936.000000 83664.000000 85552.000000 0.000000 0.000000 99872.000000 98304.000000 99776.000000 99984.000000 99456.000000 99968.000000 99968.000000 99960.000000 97144.000000 97144.000000 100000.000000 98304.000000 99840.000000 100000.000000 99984.000000 99968.000000 99520.000000 0.000000 99942.000000 99992.000000 99840.000000 98304.000000 98304.000000 99840.000000 99984.000000 99840.000000 99840.000000 99840.000000 99840.000000 99888.000000 100000.000000 98304.000000 99840.000000 99840.000000 99984.000000 99840.000000 99840.000000 99840.000000 0.000000 99990.000000 
12
0.000000 33820.000000 0.000000 0.000000 100000.000000 99968.000000 99936.000000 100000.000000 100000.000000 0.000000 78940.000000 99932.000000 98304.000000 99840.000000 97920.000000 99968.000000 99536.000000 99536.000000 99376.000000 0.000000 0.000000 99996.000000 99968.000000 99840.000000 99840.000000 99840.000000 99872.000000 99993.000000 100000.000000 97920.000000 99968.000000 99968.000000 99840.000000 99840.000000 99840.000000 99936.000000 99968.000000 99520.000000 0.000000 99992.000000 99960.000000 100000.000000 98304.000000 98304.000000 100000.000000 99992.000000 99776.000000 0.000000 99984.000000 99792.000000 99968.000000 97416.000000 95688.000000 100000.000000 99936.000000 100000.000000 99904.000000 0.000000 44352.000000 0.000000 90272.000000 
13
0.000000 33824.000000 0.000000 0.000000 100000.000000 99968.000000 99936.000000 100000.000000 100000.000000 99968.000000 99840.000000 99868.000000 0.000000 0.000000 0.000000 100000.000000 100000.000000 99936.000000 99968.000000 97792.000000 97792.000000 100000.000000 99968.000000 99840.000000 99840.000000 99840.000000 99840.000000 99993.000000 100000.000000 97920.000000 99968.000000 99968.000000 99840.000000 99840.000000 99840.000000 99936.000000 99968.000000 99616.000000 0.000000 99986.000000 100000.000000 99968.000000 99840.000000 99840.000000 99840.000000 99840.000000 99840.000000 99840.000000 99296.000000 99984.000000 99984.000000 100000.000000 100000.000000 100000.000000 99968.000000 97312.000000 97312.000000 100000.000000 100000.000000 100000.000000 100000.000000 
14
0.000000 33792.000000 0.000000 0.000000 100000.000000 99904.000000 99992.000000 99864.000000 100000.000000 99968.000000 99840.000000 99872.000000 0.000000 0.000000 0.000000 100000.000000 99988.000000 99936.000000 99968.000000 97088.000000 97088.000000 100000.000000 99992.000000 99840.000000 99840.000000 99840.000000 99840.000000 100000.000000 99992.000000 99840.000000 99840.000000 99966.000000 0.000000 0.000000 99564.000000 99960.000000 100000.000000 100000.000000 99840.000000 100000.000000 100000.000000 99968.000000 99840.000000 99840.000000 99840.000000 99840.000000 99840.000000 99840.000000 99728.000000 99968.000000 99968.000000 100000.000000 99996.000000 100000.000000 99990.000000 98160.000000 98160.000000 100000.000000 100000.000000 100000.000000 100000.000000 
15
0.000000 33793.888889 0.000000 0.000000 100000.000000 99968.000000 99936.000000 100000.000000 99968.000000 99968.000000 99840.000000 99840.000000 0.000000 0.000000 0.000000 100000.000000 99988.000000 100000.000000 99968.000000 99968.000000 99968.000000 100000.000000 99968.000000 99840.000000 99840.000000 99840.000000 99840.000000 99993.000000 100000.000000 97920.000000 99968.000000 99968.000000 99840.000000 99840.000000 99840.000000 100000.000000 100000.000000 100000.000000 99840.000000 99936.000000 100000.000000 100000.000000 99998.000000 100000.000000 98044.000000 98492.000000 99968.000000 100000.000000 93226.000000 99922.000000 99922.000000 100000.000000 100000.000000 100000.000000 99980.000000 98470.000000 98470.000000 100000.000000 100000.000000 100000.000000 100000.000000 
16
0.000000 33792.000000 0.000000 0.000000 100000.000000 99968.000000 99936.000000 99936.000000 99992.000000 0.000000 99808.000000 99809.888889 0.000000 0.000000 0.000000 100000.000000 99988.000000 100000.000000 99968.000000 99968.000000 99968.000000 100000.000000 99968.000000 99840.000000 99840.000000 99840.000000 99840.000000 100000.000000 100000.000000 97920.000000 99968.000000 99968.000000 99840.000000 99840.000000 99840.000000 99990.000000 100000.000000 100000.000000 99840.000000 100000.000000 100000.000000 100000.000000 99998.000000 100000.000000 98060.000000 98508.000000 99968.000000 100000.000000 92650.000000 99994.000000 99994.000000 100000.000000 100000.000000 100000.000000 99980.000000 98470.000000 98470.000000 100000.000000 100000.000000 99988.000000 100000.000000 
17
0.000000 33792.000000 0.000000 0.000000 100000.000000 99968.000000 99936.000000 99936.000000 99988.000000 0.000000 99744.000000 98976.000000 0.000000 0.000000 0.000000 100000.000000 99988.000000 100000.000000 99968.000000 99968.000000 99968.000000 100000.000000 99968.000000 99840.000000 99840.000000 99840.000000 99840.000000 100000.000000 100000.000000 97920.000000 99968.000000 99968.000000 99840.000000 99840.000000 99840.000000 100000.000000 100000.000000 100000.000000 99840.000000 99986.000000 99986.000000 100000.000000 100000.000000 99936.000000 99840.000000 99968.000000 100000.000000 99994.000000 100000.000000 99968.000000 100000.000000 100000.000000 100000.000000 100000.000000 99978.000000 98406.000000 98406.000000 100000.000000 100000.000000 100000.000000 100000.000000 
18
0.000000 33792.000000 0.000000 0.000000 100000.000000 99968.000000 99936.000000 99936.000000 99988.000000 0.000000 99744.000000 98976.000000 0.000000 0.000000 0.000000 100000.000000 99988.000000 100000.000000 99968.000000 99968.000000 99968.000000 100000.000000 99968.000000 99840.000000 99840.000000 99840.000000 99840.000000 100000.000000 100000.000000 97920.000000 99968.000000 99968.000000 99840.000000 99840.000000 99840.000000 100000.000000 100000.000000 100000.000000 99840.000000 99986.000000 99986.000000 100000.000000 100000.000000 99936.000000 99840.000000 99968.000000 100000.000000 99988.000000 100000.000000 99968.000000 100000.000000 100000.000000 99996.000000 99990.000000 99974.000000 97550.000000 97550.000000 100000.000000 100000.000000 100000.000000 100000.000000 
19
0.000000 33792.000000 0.000000 0.000000 100000.000000 99968.000000 99936.000000 99936.000000 100000.000000 0.000000 99744.000000 98976.000000 0.000000 0.000000 0.000000 100000.000000 99988.000000 100000.000000 99968.000000 99968.000000 99968.000000 100000.000000 99968.000000 99840.000000 99840.000000 99840.000000 99840.000000 100000.000000 100000.000000 97920.000000 99968.000000 99968.000000 99840.000000 99840.000000 99840.000000 100000.000000 100000.000000 100000.000000 99840.000000 99986.000000 99986.000000 100000.000000 100000.000000 99936.000000 99840.000000 99968.000000 99984.000000 100000.000000 100000.000000 99960.000000 100000.000000 100000.000000 99992.000000 100000.000000 99908.000000 95840.000000 95840.000000 100000.000000 100000.000000 99988.000000 100000.000000 
