0
0.000000 74052.000000 6468.000000 27648.000000 39980.000000 0.000000 92281.000000 26192.000000 163456.000000 99520.000000 33152.000000 104448.000000 43008.000000 67584.000000 3072.000000 26400.000000 0.000000 9816.000000 0.000000 0.000000 0.000000 73728.000000 12288.000000 27648.000000 39980.000000 0.000000 8800.000000 0.000000 221260.000000 157160.000000 91675.000000 26190.000000 0.000000 7168.000000 43008.000000 29970.000000 8800.000000 0.000000 0.000000 40785.000000 348224.000000 284288.000000 217984.000000 154048.000000 88832.000000 23680.000000 35200.000000 23869.000000 169155.000000 104715.000000 40275.000000 130212.000000 68772.000000 0.000000 30720.000000 7580.000000 35200.000000 2800.000000 0.000000 0.000000 96540.000000 
1
0.000000 70284.000000 2268.000000 27648.000000 39980.000000 0.000000 90933.000000 26192.000000 164352.000000 100416.000000 33152.000000 98304.000000 36864.000000 67584.000000 3072.000000 26400.000000 0.000000 9816.000000 0.000000 0.000000 0.000000 73728.000000 12288.000000 27648.000000 39980.000000 0.000000 8800.000000 0.000000 220660.000000 156037.000000 90552.000000 26938.000000 0.000000 7168.000000 46080.000000 22390.000000 8800.000000 0.000000 0.000000 40785.000000 348224.000000 284288.000000 217984.000000 154048.000000 88832.000000 23680.000000 26400.000000 26176.000000 169155.000000 104715.000000 40275.000000 130212.000000 68772.000000 0.000000 30720.000000 7580.000000 26400.000000 2800.000000 0.000000 0.000000 96165.000000 
2
0.000000 70284.000000 2268.000000 27648.000000 39980.000000 0.000000 91306.000000 26565.000000 164352.000000 100416.000000 33152.000000 98304.000000 30720.000000 64512.000000 0.000000 26400.000000 0.000000 9816.000000 0.000000 0.000000 0.000000 73728.000000 12288.000000 30720.000000 39980.000000 0.000000 8800.000000 0.000000 220660.000000 156037.000000 90552.000000 26938.000000 0.000000 7168.000000 43008.000000 22390.000000 8800.000000 0.000000 0.000000 40785.000000 348224.000000 284288.000000 220352.000000 154048.000000 88832.000000 23680.000000 26400.000000 22904.000000 161100.000000 96660.000000 32220.000000 130212.000000 68772.000000 0.000000 30720.000000 0.000000 26400.000000 2800.000000 0.000000 0.000000 95417.000000 
3
0.000000 70176.000000 2160.000000 27648.000000 39980.000000 0.000000 92654.000000 26565.000000 163456.000000 97152.000000 33152.000000 98304.000000 30720.000000 64512.000000 0.000000 26400.000000 0.000000 6544.000000 0.000000 0.000000 0.000000 67584.000000 6144.000000 30720.000000 39980.000000 0.000000 8800.000000 0.000000 220660.000000 156037.000000 90552.000000 26938.000000 0.000000 6656.000000 46080.000000 27820.000000 8800.000000 0.000000 0.000000 40037.000000 348224.000000 284288.000000 220352.000000 154048.000000 88832.000000 23680.000000 26400.000000 22904.000000 161100.000000 96660.000000 32220.000000 130116.000000 68676.000000 0.000000 27648.000000 7580.000000 26400.000000 2800.000000 0.000000 0.000000 95417.000000 
4
0.000000 74052.000000 6468.000000 27648.000000 7580.000000 8800.000000 92281.000000 26192.000000 163456.000000 99520.000000 33152.000000 104448.000000 43008.000000 67584.000000 3072.000000 26400.000000 0.000000 9816.000000 0.000000 0.000000 0.000000 79872.000000 18432.000000 33792.000000 7580.000000 45440.000000 8800.000000 2170.000000 96540.000000 31055.000000 296704.000000 230400.000000 166464.000000 102208.000000 35520.000000 29970.000000 17600.000000 0.000000 0.000000 41160.000000 6912.000000 79872.000000 12288.000000 0.000000 27648.000000 15160.000000 0.000000 0.000000 56385.000000 60957.000000 18019.000000 110808.000000 49368.000000 0.000000 21504.000000 38180.000000 0.000000 0.000000 0.000000 0.000000 75959.000000 
5
0.000000 70284.000000 2268.000000 27648.000000 7580.000000 8800.000000 90933.000000 26192.000000 164352.000000 100416.000000 33152.000000 101004.000000 39564.000000 67584.000000 3072.000000 26400.000000 0.000000 9816.000000 0.000000 0.000000 0.000000 79872.000000 18432.000000 33792.000000 7580.000000 45440.000000 8800.000000 0.000000 96913.000000 31428.000000 296704.000000 230400.000000 166464.000000 102208.000000 35520.000000 22390.000000 17600.000000 0.000000 0.000000 41533.000000 6912.000000 79872.000000 12288.000000 0.000000 27648.000000 22740.000000 0.000000 0.000000 48330.000000 69942.000000 17953.000000 110700.000000 49260.000000 0.000000 21504.000000 38180.000000 0.000000 0.000000 0.000000 0.000000 75584.000000 
6
0.000000 70284.000000 2268.000000 27648.000000 7580.000000 0.000000 91306.000000 26565.000000 164352.000000 100416.000000 33152.000000 101004.000000 39564.000000 64512.000000 0.000000 26400.000000 0.000000 9816.000000 0.000000 0.000000 0.000000 79872.000000 18432.000000 33792.000000 7580.000000 45440.000000 8800.000000 0.000000 96913.000000 31428.000000 297600.000000 231296.000000 167360.000000 102208.000000 37888.000000 22390.000000 17600.000000 0.000000 0.000000 40785.000000 6912.000000 73728.000000 6144.000000 0.000000 27648.000000 22740.000000 0.000000 0.000000 48330.000000 69828.000000 17267.000000 109956.000000 48516.000000 0.000000 21504.000000 38180.000000 0.000000 0.000000 0.000000 0.000000 74836.000000 
7
0.000000 70176.000000 2160.000000 27648.000000 7580.000000 0.000000 91906.000000 25817.000000 163456.000000 99520.000000 33152.000000 100896.000000 39456.000000 64512.000000 0.000000 26400.000000 0.000000 9816.000000 0.000000 0.000000 0.000000 73728.000000 12288.000000 30720.000000 7580.000000 45440.000000 8800.000000 0.000000 96165.000000 30680.000000 296704.000000 230400.000000 166464.000000 101312.000000 35520.000000 27820.000000 17600.000000 0.000000 0.000000 40785.000000 6912.000000 73728.000000 6144.000000 0.000000 27648.000000 22740.000000 0.000000 0.000000 48330.000000 69828.000000 17267.000000 109956.000000 48516.000000 0.000000 21504.000000 31500.000000 0.000000 0.000000 0.000000 0.000000 74836.000000 
8
0.000000 74052.000000 6468.000000 27648.000000 7580.000000 8800.000000 92281.000000 26192.000000 163456.000000 97152.000000 33152.000000 104448.000000 43008.000000 0.000000 0.000000 26400.000000 0.000000 9816.000000 0.000000 0.000000 0.000000 96768.000000 27136.000000 33792.000000 7580.000000 0.000000 8800.000000 0.000000 54843.000000 0.000000 13340.000000 160932.000000 99492.000000 31908.000000 0.000000 29970.000000 17600.000000 0.000000 0.000000 41160.000000 6912.000000 79872.000000 12288.000000 0.000000 27648.000000 15160.000000 0.000000 0.000000 56385.000000 60957.000000 18019.000000 110592.000000 49152.000000 0.000000 21504.000000 7580.000000 0.000000 0.000000 0.000000 0.000000 75959.000000 
9
0.000000 70284.000000 2268.000000 27648.000000 7580.000000 0.000000 90933.000000 26192.000000 164352.000000 100416.000000 33152.000000 104448.000000 43008.000000 0.000000 0.000000 26400.000000 0.000000 9816.000000 0.000000 0.000000 0.000000 96768.000000 27136.000000 33792.000000 7580.000000 0.000000 8800.000000 0.000000 54843.000000 0.000000 13340.000000 160824.000000 99384.000000 31800.000000 0.000000 22390.000000 17600.000000 0.000000 0.000000 41533.000000 6912.000000 79872.000000 12288.000000 0.000000 27648.000000 22740.000000 0.000000 0.000000 48330.000000 69942.000000 17953.000000 110592.000000 49152.000000 0.000000 21504.000000 7580.000000 0.000000 0.000000 0.000000 0.000000 77455.000000 
10
0.000000 70284.000000 2268.000000 27648.000000 7580.000000 0.000000 91306.000000 26565.000000 164352.000000 100416.000000 33152.000000 102300.000000 40860.000000 0.000000 0.000000 26400.000000 0.000000 6544.000000 0.000000 0.000000 0.000000 96768.000000 27136.000000 30720.000000 7580.000000 0.000000 8800.000000 0.000000 54483.000000 0.000000 13340.000000 160824.000000 99384.000000 31800.000000 0.000000 22390.000000 17600.000000 0.000000 0.000000 40785.000000 6912.000000 79872.000000 12288.000000 0.000000 27648.000000 22740.000000 0.000000 0.000000 48330.000000 69828.000000 17953.000000 110064.000000 48624.000000 0.000000 21504.000000 7580.000000 0.000000 0.000000 0.000000 0.000000 76707.000000 
11
0.000000 70176.000000 2160.000000 27648.000000 7580.000000 0.000000 91906.000000 25817.000000 163456.000000 99520.000000 33152.000000 102300.000000 40860.000000 0.000000 0.000000 26400.000000 0.000000 9816.000000 0.000000 0.000000 0.000000 96768.000000 27136.000000 30720.000000 7580.000000 0.000000 8800.000000 0.000000 54828.000000 0.000000 13340.000000 160836.000000 99396.000000 31812.000000 0.000000 27820.000000 17600.000000 0.000000 0.000000 40785.000000 6912.000000 73728.000000 6144.000000 0.000000 27648.000000 22740.000000 0.000000 0.000000 48330.000000 69828.000000 17267.000000 110064.000000 48624.000000 0.000000 21504.000000 0.000000 0.000000 0.000000 0.000000 0.000000 76707.000000 
12
0.000000 74052.000000 6468.000000 27648.000000 7580.000000 8800.000000 92281.000000 26192.000000 163456.000000 97152.000000 33152.000000 104448.000000 43008.000000 0.000000 0.000000 26400.000000 0.000000 9816.000000 0.000000 0.000000 0.000000 96768.000000 27136.000000 33792.000000 7580.000000 0.000000 8800.000000 0.000000 54843.000000 0.000000 13340.000000 154896.000000 93456.000000 25872.000000 0.000000 29970.000000 17600.000000 0.000000 0.000000 41160.000000 6912.000000 83968.000000 16384.000000 0.000000 27648.000000 49360.000000 0.000000 0.000000 56385.000000 60957.000000 27743.000000 116844.000000 55404.000000 0.000000 21504.000000 7580.000000 0.000000 0.000000 0.000000 0.000000 75959.000000 
13
0.000000 70284.000000 2268.000000 27648.000000 7580.000000 0.000000 90933.000000 26192.000000 164352.000000 100416.000000 33152.000000 104664.000000 43224.000000 0.000000 0.000000 26400.000000 0.000000 9816.000000 0.000000 0.000000 0.000000 96768.000000 27136.000000 33792.000000 7580.000000 0.000000 8800.000000 0.000000 54843.000000 0.000000 13340.000000 154788.000000 93348.000000 25764.000000 0.000000 22390.000000 17600.000000 0.000000 0.000000 41533.000000 6912.000000 83456.000000 15872.000000 0.000000 27648.000000 52440.000000 0.000000 0.000000 48330.000000 69942.000000 27159.000000 116736.000000 55296.000000 0.000000 21504.000000 7580.000000 0.000000 0.000000 0.000000 0.000000 75584.000000 
14
0.000000 70284.000000 2268.000000 27648.000000 7580.000000 0.000000 91306.000000 26565.000000 161984.000000 98048.000000 30784.000000 102192.000000 40752.000000 0.000000 0.000000 26400.000000 0.000000 6544.000000 0.000000 0.000000 0.000000 96768.000000 27136.000000 30720.000000 7580.000000 0.000000 8800.000000 0.000000 54483.000000 0.000000 13340.000000 154788.000000 93348.000000 25764.000000 0.000000 22390.000000 17600.000000 0.000000 0.000000 40785.000000 6912.000000 83456.000000 15872.000000 0.000000 27648.000000 51540.000000 0.000000 0.000000 48330.000000 69828.000000 27159.000000 115992.000000 54552.000000 0.000000 21504.000000 7580.000000 0.000000 0.000000 0.000000 0.000000 74836.000000 
15
0.000000 70176.000000 2160.000000 27648.000000 7580.000000 0.000000 91906.000000 25817.000000 163456.000000 99520.000000 33152.000000 102192.000000 40752.000000 0.000000 0.000000 26400.000000 0.000000 9816.000000 0.000000 0.000000 0.000000 96768.000000 27136.000000 30720.000000 7580.000000 0.000000 8800.000000 0.000000 54828.000000 0.000000 13340.000000 154800.000000 93360.000000 25776.000000 0.000000 27820.000000 17600.000000 0.000000 0.000000 40785.000000 6912.000000 83456.000000 15872.000000 0.000000 27648.000000 52060.000000 0.000000 0.000000 48330.000000 69828.000000 27159.000000 115884.000000 54444.000000 0.000000 21504.000000 0.000000 0.000000 0.000000 0.000000 0.000000 74836.000000 
16
0.000000 74052.000000 6468.000000 27648.000000 7580.000000 8800.000000 90933.000000 26192.000000 163456.000000 99520.000000 33152.000000 104448.000000 43008.000000 0.000000 0.000000 26400.000000 0.000000 9816.000000 0.000000 0.000000 0.000000 96768.000000 27136.000000 33792.000000 7580.000000 0.000000 8800.000000 0.000000 41906.000000 0.000000 296704.000000 230400.000000 166464.000000 102208.000000 35520.000000 24930.000000 17600.000000 0.000000 0.000000 41160.000000 6912.000000 79872.000000 12288.000000 0.000000 27648.000000 15160.000000 0.000000 0.000000 56385.000000 60957.000000 27864.000000 116844.000000 55404.000000 0.000000 21504.000000 7580.000000 0.000000 0.000000 0.000000 0.000000 75959.000000 
17
0.000000 70284.000000 2268.000000 27648.000000 7580.000000 0.000000 90933.000000 26192.000000 164352.000000 100416.000000 33152.000000 104664.000000 43224.000000 0.000000 0.000000 26400.000000 0.000000 9816.000000 0.000000 0.000000 0.000000 96768.000000 27136.000000 33792.000000 7580.000000 0.000000 8800.000000 0.000000 41906.000000 0.000000 296704.000000 230400.000000 166464.000000 102208.000000 35520.000000 24930.000000 17600.000000 0.000000 0.000000 41533.000000 6912.000000 79872.000000 12288.000000 0.000000 27648.000000 22740.000000 0.000000 0.000000 48330.000000 69007.000000 27856.000000 116844.000000 55404.000000 0.000000 21504.000000 7580.000000 0.000000 0.000000 0.000000 0.000000 75584.000000 
18
0.000000 70176.000000 2160.000000 27648.000000 7580.000000 0.000000 91306.000000 26565.000000 161984.000000 98048.000000 30784.000000 102192.000000 40752.000000 0.000000 0.000000 26400.000000 0.000000 6544.000000 0.000000 0.000000 0.000000 96768.000000 27136.000000 30720.000000 7580.000000 0.000000 8800.000000 0.000000 41906.000000 0.000000 297600.000000 231296.000000 167360.000000 102208.000000 37888.000000 30360.000000 17600.000000 0.000000 0.000000 40785.000000 6912.000000 79872.000000 12288.000000 0.000000 27648.000000 22740.000000 0.000000 0.000000 48330.000000 69828.000000 27735.000000 115992.000000 54552.000000 0.000000 21504.000000 7580.000000 0.000000 0.000000 0.000000 0.000000 74836.000000 
19
0.000000 70176.000000 2160.000000 24576.000000 7580.000000 0.000000 90558.000000 25817.000000 163456.000000 99520.000000 33152.000000 102192.000000 40752.000000 0.000000 0.000000 26400.000000 0.000000 9816.000000 0.000000 0.000000 0.000000 96768.000000 27136.000000 30720.000000 7580.000000 0.000000 8800.000000 0.000000 41158.000000 0.000000 296704.000000 230400.000000 166464.000000 101312.000000 35520.000000 30360.000000 17600.000000 0.000000 0.000000 40785.000000 6912.000000 73728.000000 6144.000000 0.000000 27648.000000 15160.000000 0.000000 0.000000 48330.000000 69828.000000 27639.000000 115884.000000 54444.000000 0.000000 21504.000000 0.000000 0.000000 0.000000 0.000000 0.000000 74836.000000 
20
0.000000 74052.000000 6468.000000 27648.000000 7580.000000 8800.000000 90933.000000 26192.000000 163456.000000 99520.000000 33152.000000 104448.000000 43008.000000 67584.000000 3072.000000 26400.000000 0.000000 9816.000000 0.000000 0.000000 0.000000 79872.000000 18432.000000 33792.000000 7580.000000 0.000000 8800.000000 2170.000000 106643.000000 41158.000000 0.000000 107580.000000 46140.000000 7680.000000 58368.000000 24930.000000 8800.000000 0.000000 0.000000 41160.000000 0.000000 143360.000000 75776.000000 10752.000000 27648.000000 15160.000000 0.000000 0.000000 56385.000000 60957.000000 34561.000000 116736.000000 55296.000000 0.000000 21504.000000 7580.000000 0.000000 0.000000 0.000000 0.000000 75959.000000 
21
0.000000 70284.000000 2268.000000 27648.000000 7580.000000 0.000000 90558.000000 25817.000000 164352.000000 100416.000000 33152.000000 101004.000000 39564.000000 67584.000000 3072.000000 26400.000000 0.000000 9816.000000 0.000000 0.000000 0.000000 79872.000000 18432.000000 33792.000000 7580.000000 0.000000 8800.000000 0.000000 106643.000000 41158.000000 0.000000 107580.000000 46140.000000 7168.000000 55296.000000 24930.000000 8800.000000 0.000000 0.000000 41533.000000 0.000000 143360.000000 75776.000000 10752.000000 27648.000000 22740.000000 0.000000 0.000000 48330.000000 69828.000000 34576.000000 116736.000000 55296.000000 0.000000 21504.000000 7580.000000 0.000000 0.000000 0.000000 0.000000 77455.000000 
22
0.000000 70176.000000 2160.000000 27648.000000 7580.000000 0.000000 90558.000000 25817.000000 161984.000000 95680.000000 30784.000000 101004.000000 39564.000000 64512.000000 0.000000 26400.000000 0.000000 6544.000000 0.000000 0.000000 0.000000 79872.000000 18432.000000 30720.000000 7580.000000 0.000000 8800.000000 0.000000 106643.000000 41158.000000 0.000000 107580.000000 46140.000000 7168.000000 55296.000000 30360.000000 8800.000000 0.000000 0.000000 40785.000000 0.000000 143360.000000 75776.000000 10752.000000 27648.000000 22740.000000 0.000000 0.000000 48330.000000 68893.000000 34601.000000 110592.000000 49152.000000 0.000000 21504.000000 7580.000000 0.000000 0.000000 0.000000 0.000000 76707.000000 
23
0.000000 70176.000000 2160.000000 24576.000000 7580.000000 0.000000 91081.000000 27688.000000 163456.000000 99520.000000 33152.000000 101004.000000 39564.000000 64512.000000 0.000000 26400.000000 0.000000 9816.000000 0.000000 0.000000 0.000000 73728.000000 12288.000000 30720.000000 7580.000000 0.000000 8800.000000 0.000000 106268.000000 40783.000000 0.000000 107472.000000 46032.000000 7168.000000 55296.000000 30360.000000 8800.000000 0.000000 0.000000 40785.000000 0.000000 142848.000000 75264.000000 10240.000000 27648.000000 15160.000000 0.000000 0.000000 48330.000000 68893.000000 34601.000000 110592.000000 49152.000000 0.000000 21504.000000 0.000000 0.000000 0.000000 0.000000 0.000000 76707.000000 
24
0.000000 74052.000000 6468.000000 27648.000000 7580.000000 8800.000000 90933.000000 26192.000000 163456.000000 99520.000000 33152.000000 104448.000000 43008.000000 67584.000000 3072.000000 9900.000000 61600.000000 9816.000000 0.000000 0.000000 0.000000 76288.000000 6144.000000 27648.000000 7580.000000 0.000000 8800.000000 0.000000 221260.000000 157160.000000 91675.000000 28061.000000 0.000000 7168.000000 36864.000000 24930.000000 0.000000 0.000000 0.000000 41160.000000 348224.000000 284288.000000 217984.000000 154048.000000 88832.000000 23680.000000 35200.000000 23869.000000 169155.000000 104715.000000 40275.000000 129780.000000 68340.000000 0.000000 30720.000000 7580.000000 35200.000000 0.000000 0.000000 0.000000 96165.000000 
25
0.000000 70284.000000 2268.000000 27648.000000 7580.000000 0.000000 90558.000000 25817.000000 164352.000000 100416.000000 33152.000000 101004.000000 39564.000000 67584.000000 3072.000000 9000.000000 61600.000000 9816.000000 0.000000 0.000000 0.000000 76288.000000 6656.000000 27648.000000 7580.000000 0.000000 8800.000000 0.000000 222008.000000 156037.000000 92423.000000 26938.000000 0.000000 7168.000000 36864.000000 29970.000000 0.000000 0.000000 0.000000 40785.000000 348224.000000 284288.000000 217984.000000 154048.000000 88832.000000 23680.000000 35200.000000 26176.000000 169155.000000 104715.000000 40275.000000 129780.000000 68340.000000 0.000000 30720.000000 7580.000000 26400.000000 0.000000 0.000000 0.000000 95417.000000 
26
0.000000 70176.000000 2160.000000 27648.000000 7580.000000 0.000000 90558.000000 25817.000000 161984.000000 95680.000000 30784.000000 101004.000000 39564.000000 64512.000000 0.000000 9000.000000 61600.000000 6544.000000 0.000000 0.000000 0.000000 76288.000000 6656.000000 27648.000000 7580.000000 0.000000 8800.000000 0.000000 220660.000000 156037.000000 92423.000000 26938.000000 0.000000 7168.000000 36864.000000 30360.000000 0.000000 0.000000 0.000000 40785.000000 348224.000000 284288.000000 217984.000000 154048.000000 88832.000000 23680.000000 26400.000000 22904.000000 161100.000000 96660.000000 32220.000000 129780.000000 68340.000000 0.000000 30720.000000 7580.000000 26400.000000 0.000000 0.000000 0.000000 95417.000000 
27
0.000000 70176.000000 2160.000000 24576.000000 7580.000000 0.000000 91081.000000 27688.000000 163456.000000 99520.000000 33152.000000 101004.000000 39564.000000 64512.000000 0.000000 9000.000000 61600.000000 9816.000000 0.000000 0.000000 0.000000 76288.000000 6656.000000 27648.000000 7580.000000 0.000000 8800.000000 0.000000 222008.000000 156037.000000 92423.000000 26938.000000 0.000000 6656.000000 33792.000000 30360.000000 0.000000 0.000000 0.000000 40785.000000 348224.000000 284288.000000 217984.000000 154048.000000 88832.000000 23680.000000 26400.000000 22904.000000 161100.000000 96660.000000 32220.000000 129792.000000 68352.000000 0.000000 27648.000000 7580.000000 26400.000000 0.000000 0.000000 0.000000 96540.000000 
28
0.000000 74052.000000 6468.000000 27648.000000 7580.000000 8800.000000 90933.000000 26192.000000 163456.000000 99520.000000 33152.000000 104448.000000 43008.000000 67584.000000 3072.000000 26400.000000 0.000000 9816.000000 0.000000 0.000000 0.000000 67584.000000 0.000000 24576.000000 13916.000000 0.000000 8800.000000 2170.000000 106643.000000 41158.000000 0.000000 107580.000000 46140.000000 7168.000000 58368.000000 24930.000000 17600.000000 0.000000 0.000000 40785.000000 0.000000 135168.000000 67584.000000 0.000000 15360.000000 32960.000000 0.000000 0.000000 112770.000000 48330.000000 154112.000000 89600.000000 25088.000000 29184.000000 27648.000000 7580.000000 0.000000 0.000000 0.000000 0.000000 91675.000000 
29
0.000000 70284.000000 2268.000000 27648.000000 7580.000000 0.000000 90558.000000 25817.000000 164352.000000 100416.000000 33152.000000 101004.000000 39564.000000 67584.000000 3072.000000 26400.000000 0.000000 9816.000000 0.000000 0.000000 0.000000 67584.000000 0.000000 24576.000000 13916.000000 0.000000 8800.000000 0.000000 106643.000000 41158.000000 0.000000 107580.000000 46140.000000 7168.000000 55296.000000 29970.000000 17600.000000 0.000000 0.000000 40785.000000 0.000000 135168.000000 67584.000000 0.000000 15360.000000 32772.000000 0.000000 0.000000 104715.000000 40275.000000 154112.000000 89600.000000 25088.000000 28672.000000 24576.000000 0.000000 0.000000 0.000000 0.000000 0.000000 91675.000000 
30
0.000000 70176.000000 2160.000000 27648.000000 7580.000000 0.000000 90558.000000 25817.000000 161984.000000 95680.000000 30784.000000 101004.000000 39564.000000 64512.000000 0.000000 26400.000000 0.000000 6544.000000 0.000000 0.000000 0.000000 67584.000000 0.000000 24576.000000 13916.000000 0.000000 8800.000000 0.000000 106643.000000 41158.000000 0.000000 107580.000000 46140.000000 7168.000000 55296.000000 30360.000000 17600.000000 0.000000 0.000000 40785.000000 0.000000 135168.000000 67584.000000 0.000000 18432.000000 32772.000000 0.000000 0.000000 104715.000000 40275.000000 150528.000000 86016.000000 21504.000000 28672.000000 24576.000000 7580.000000 0.000000 0.000000 0.000000 0.000000 90927.000000 
31
0.000000 70176.000000 2160.000000 24576.000000 7580.000000 0.000000 91081.000000 27688.000000 163456.000000 99520.000000 33152.000000 100896.000000 39456.000000 64512.000000 0.000000 26400.000000 0.000000 9816.000000 0.000000 0.000000 0.000000 61440.000000 0.000000 21504.000000 13916.000000 0.000000 8800.000000 0.000000 106268.000000 40783.000000 0.000000 107472.000000 46032.000000 7680.000000 55296.000000 30360.000000 17600.000000 0.000000 0.000000 40037.000000 0.000000 129024.000000 61440.000000 0.000000 15360.000000 25380.000000 0.000000 0.000000 104715.000000 40275.000000 150528.000000 86016.000000 21504.000000 28672.000000 24576.000000 7580.000000 0.000000 0.000000 0.000000 0.000000 90552.000000 
32
0.000000 79872.000000 12288.000000 9216.000000 12332.000000 8800.000000 90933.000000 26192.000000 163456.000000 99520.000000 33152.000000 104448.000000 43008.000000 67584.000000 3072.000000 26400.000000 0.000000 9816.000000 0.000000 0.000000 0.000000 73728.000000 12288.000000 33792.000000 7580.000000 0.000000 8800.000000 2170.000000 126476.000000 60991.000000 0.000000 114048.000000 52608.000000 6656.000000 43008.000000 24930.000000 8800.000000 0.000000 0.000000 37043.000000 6912.000000 142848.000000 75264.000000 9728.000000 36864.000000 30320.000000 35200.000000 22904.000000 169155.000000 104715.000000 40275.000000 130212.000000 68772.000000 0.000000 30720.000000 7580.000000 35200.000000 0.000000 0.000000 0.000000 95792.000000 
33
0.000000 79872.000000 12288.000000 9216.000000 12332.000000 0.000000 90558.000000 25817.000000 164352.000000 100416.000000 33152.000000 101004.000000 39564.000000 67584.000000 3072.000000 26400.000000 0.000000 9816.000000 0.000000 0.000000 0.000000 73728.000000 12288.000000 33792.000000 7580.000000 0.000000 8800.000000 0.000000 126849.000000 61364.000000 0.000000 113940.000000 52500.000000 6656.000000 43008.000000 29970.000000 8800.000000 0.000000 0.000000 37043.000000 6912.000000 142848.000000 75264.000000 9728.000000 36864.000000 30320.000000 26400.000000 26176.000000 169155.000000 104715.000000 40275.000000 130212.000000 68772.000000 0.000000 30720.000000 15160.000000 26400.000000 0.000000 0.000000 0.000000 95417.000000 
34
0.000000 77616.000000 10032.000000 6144.000000 12332.000000 0.000000 90558.000000 25817.000000 161984.000000 95680.000000 30784.000000 101004.000000 39564.000000 64512.000000 0.000000 26400.000000 0.000000 6544.000000 0.000000 0.000000 0.000000 67584.000000 6144.000000 30720.000000 7580.000000 0.000000 8800.000000 0.000000 126101.000000 60616.000000 0.000000 113940.000000 52500.000000 6656.000000 39936.000000 30360.000000 8800.000000 0.000000 0.000000 36295.000000 6912.000000 142848.000000 75264.000000 9728.000000 33792.000000 22740.000000 26400.000000 22904.000000 161100.000000 96660.000000 32220.000000 130212.000000 68772.000000 0.000000 30720.000000 15160.000000 26400.000000 0.000000 0.000000 0.000000 95417.000000 
35
0.000000 77508.000000 9924.000000 9216.000000 12332.000000 0.000000 91081.000000 27688.000000 163456.000000 97152.000000 33152.000000 100896.000000 39456.000000 64512.000000 0.000000 26400.000000 0.000000 9816.000000 0.000000 0.000000 0.000000 67584.000000 6144.000000 30720.000000 7580.000000 0.000000 8800.000000 0.000000 126101.000000 60616.000000 0.000000 113940.000000 52500.000000 6144.000000 39936.000000 30360.000000 8800.000000 0.000000 0.000000 37043.000000 6912.000000 142848.000000 75264.000000 9728.000000 33792.000000 22740.000000 26400.000000 22904.000000 161100.000000 96660.000000 32220.000000 130116.000000 68676.000000 0.000000 27648.000000 15160.000000 26400.000000 0.000000 0.000000 0.000000 95417.000000 
36
0.000000 79872.000000 12288.000000 9216.000000 12332.000000 8800.000000 90933.000000 26192.000000 163456.000000 99520.000000 33152.000000 104448.000000 43008.000000 67584.000000 3072.000000 26400.000000 0.000000 9816.000000 0.000000 0.000000 0.000000 73728.000000 12288.000000 33792.000000 7580.000000 0.000000 8800.000000 0.000000 121611.000000 56126.000000 13340.000000 141528.000000 80088.000000 12504.000000 58368.000000 24930.000000 17600.000000 0.000000 0.000000 40785.000000 0.000000 135168.000000 67584.000000 6144.000000 18432.000000 39296.000000 0.000000 0.000000 112770.000000 48330.000000 197120.000000 132608.000000 68096.000000 3584.000000 27648.000000 25004.000000 0.000000 0.000000 0.000000 0.000000 90927.000000 
37
0.000000 79872.000000 12288.000000 9216.000000 12332.000000 0.000000 90558.000000 25817.000000 164352.000000 100416.000000 33152.000000 101004.000000 39564.000000 67584.000000 3072.000000 26400.000000 0.000000 9816.000000 0.000000 0.000000 0.000000 73728.000000 12288.000000 33792.000000 7580.000000 0.000000 8800.000000 0.000000 121611.000000 56126.000000 13340.000000 141420.000000 79980.000000 12396.000000 55296.000000 29970.000000 17600.000000 0.000000 0.000000 40785.000000 0.000000 135168.000000 67584.000000 6144.000000 18432.000000 39108.000000 0.000000 0.000000 112770.000000 48330.000000 193536.000000 129024.000000 64512.000000 0.000000 27648.000000 22176.000000 0.000000 0.000000 0.000000 0.000000 90927.000000 
38
0.000000 77616.000000 10032.000000 6144.000000 12332.000000 0.000000 90558.000000 25817.000000 161984.000000 95680.000000 30784.000000 101004.000000 39564.000000 64512.000000 0.000000 26400.000000 0.000000 6544.000000 0.000000 0.000000 0.000000 67584.000000 6144.000000 30720.000000 7580.000000 0.000000 8800.000000 0.000000 121236.000000 55751.000000 13340.000000 141000.000000 79560.000000 11976.000000 55296.000000 30360.000000 17600.000000 0.000000 0.000000 40785.000000 0.000000 135168.000000 67584.000000 0.000000 18432.000000 39108.000000 0.000000 0.000000 112770.000000 48330.000000 193536.000000 129024.000000 64512.000000 0.000000 24576.000000 24476.000000 0.000000 0.000000 0.000000 0.000000 90927.000000 
39
0.000000 77508.000000 9924.000000 9216.000000 12332.000000 0.000000 91081.000000 27688.000000 163456.000000 97152.000000 33152.000000 100896.000000 39456.000000 64512.000000 0.000000 26400.000000 0.000000 9816.000000 0.000000 0.000000 0.000000 67584.000000 6144.000000 30720.000000 7580.000000 0.000000 8800.000000 0.000000 121236.000000 55751.000000 13340.000000 141000.000000 79560.000000 11976.000000 55296.000000 30360.000000 17600.000000 0.000000 0.000000 40037.000000 0.000000 135168.000000 67584.000000 0.000000 18432.000000 31716.000000 0.000000 0.000000 104715.000000 40275.000000 193536.000000 129024.000000 64512.000000 0.000000 24576.000000 24476.000000 0.000000 0.000000 0.000000 0.000000 90552.000000 
40
0.000000 79872.000000 12288.000000 9216.000000 12332.000000 8800.000000 90933.000000 26192.000000 163456.000000 99520.000000 33152.000000 104448.000000 43008.000000 67584.000000 3072.000000 26400.000000 0.000000 9816.000000 0.000000 0.000000 0.000000 67584.000000 6144.000000 24576.000000 13916.000000 0.000000 8800.000000 0.000000 142192.000000 76707.000000 11222.000000 135276.000000 73836.000000 6252.000000 18432.000000 59130.000000 0.000000 0.000000 0.000000 40785.000000 348224.000000 284288.000000 220352.000000 154048.000000 88832.000000 23680.000000 35200.000000 0.000000 169155.000000 104715.000000 40275.000000 129024.000000 67584.000000 0.000000 30720.000000 7580.000000 35200.000000 2800.000000 0.000000 0.000000 104024.000000 
41
0.000000 79872.000000 12288.000000 9216.000000 12332.000000 0.000000 90558.000000 25817.000000 164352.000000 100416.000000 33152.000000 101004.000000 39564.000000 64512.000000 0.000000 26400.000000 0.000000 9816.000000 0.000000 0.000000 0.000000 67584.000000 6144.000000 24576.000000 13916.000000 0.000000 8800.000000 0.000000 142192.000000 76707.000000 11222.000000 135276.000000 73836.000000 6252.000000 21504.000000 59670.000000 0.000000 0.000000 0.000000 40785.000000 348224.000000 284288.000000 220352.000000 154048.000000 88832.000000 23680.000000 26400.000000 0.000000 169155.000000 104715.000000 40275.000000 129024.000000 67584.000000 0.000000 30720.000000 7580.000000 26400.000000 2800.000000 0.000000 0.000000 104024.000000 
42
0.000000 77616.000000 10032.000000 6144.000000 12332.000000 0.000000 90558.000000 25817.000000 161984.000000 95680.000000 30784.000000 101004.000000 39564.000000 64512.000000 0.000000 26400.000000 0.000000 6544.000000 0.000000 0.000000 0.000000 61440.000000 0.000000 24576.000000 13916.000000 0.000000 8800.000000 0.000000 142192.000000 76707.000000 11222.000000 135180.000000 73740.000000 3888.000000 21504.000000 59160.000000 0.000000 0.000000 0.000000 40785.000000 348224.000000 284288.000000 220352.000000 154048.000000 88832.000000 23680.000000 26400.000000 0.000000 161100.000000 96660.000000 32220.000000 128388.000000 66948.000000 0.000000 27648.000000 7580.000000 26400.000000 2800.000000 0.000000 0.000000 105520.000000 
43
0.000000 77508.000000 9924.000000 9216.000000 12332.000000 0.000000 91081.000000 27688.000000 163456.000000 97152.000000 33152.000000 100896.000000 39456.000000 64512.000000 0.000000 26400.000000 0.000000 9816.000000 0.000000 0.000000 0.000000 61440.000000 0.000000 24576.000000 13916.000000 0.000000 8800.000000 0.000000 141817.000000 76332.000000 12718.000000 135072.000000 73632.000000 3888.000000 21504.000000 59680.000000 0.000000 0.000000 0.000000 40037.000000 348224.000000 284288.000000 220352.000000 154048.000000 88832.000000 23680.000000 26400.000000 0.000000 161100.000000 96660.000000 32220.000000 128280.000000 66840.000000 0.000000 27648.000000 7580.000000 26400.000000 2800.000000 0.000000 0.000000 105520.000000 
44
0.000000 79872.000000 12288.000000 9216.000000 12332.000000 8800.000000 90933.000000 26192.000000 163456.000000 99520.000000 33152.000000 104448.000000 43008.000000 67584.000000 3072.000000 26400.000000 0.000000 9816.000000 0.000000 0.000000 0.000000 67584.000000 6144.000000 24576.000000 13916.000000 0.000000 8800.000000 0.000000 142192.000000 76707.000000 11222.000000 135276.000000 73836.000000 6252.000000 18432.000000 24930.000000 8800.000000 0.000000 0.000000 37043.000000 6912.000000 122880.000000 55296.000000 0.000000 15360.000000 30320.000000 26400.000000 0.000000 169155.000000 104715.000000 40275.000000 130212.000000 68772.000000 0.000000 30720.000000 7580.000000 26400.000000 2800.000000 0.000000 0.000000 96540.000000 
45
0.000000 79872.000000 12288.000000 9216.000000 12332.000000 0.000000 90558.000000 25817.000000 164352.000000 100416.000000 33152.000000 101004.000000 39564.000000 64512.000000 0.000000 26400.000000 0.000000 9816.000000 0.000000 0.000000 0.000000 67584.000000 6144.000000 24576.000000 13916.000000 0.000000 8800.000000 0.000000 142192.000000 76707.000000 11222.000000 135276.000000 73836.000000 6252.000000 21504.000000 29970.000000 8800.000000 0.000000 0.000000 37043.000000 6912.000000 116736.000000 49152.000000 0.000000 15360.000000 30320.000000 26400.000000 0.000000 169155.000000 104715.000000 40275.000000 130212.000000 68772.000000 0.000000 30720.000000 15160.000000 26400.000000 2800.000000 0.000000 0.000000 96540.000000 
46
0.000000 77616.000000 10032.000000 6144.000000 12332.000000 0.000000 90558.000000 25817.000000 161984.000000 95680.000000 30784.000000 101004.000000 39564.000000 64512.000000 0.000000 26400.000000 0.000000 6544.000000 0.000000 0.000000 0.000000 61440.000000 0.000000 24576.000000 13916.000000 0.000000 8800.000000 0.000000 142192.000000 76707.000000 11222.000000 135180.000000 73740.000000 3888.000000 21504.000000 30360.000000 8800.000000 0.000000 0.000000 36295.000000 6912.000000 116736.000000 49152.000000 0.000000 12288.000000 22740.000000 26400.000000 0.000000 161100.000000 96660.000000 32220.000000 130212.000000 68772.000000 0.000000 27648.000000 15160.000000 26400.000000 2800.000000 0.000000 0.000000 96165.000000 
47
0.000000 77508.000000 9924.000000 9216.000000 12332.000000 0.000000 91081.000000 27688.000000 163456.000000 97152.000000 33152.000000 100896.000000 39456.000000 64512.000000 0.000000 26400.000000 0.000000 9816.000000 0.000000 0.000000 0.000000 61440.000000 0.000000 24576.000000 13916.000000 0.000000 8800.000000 0.000000 141817.000000 76332.000000 12718.000000 135072.000000 73632.000000 3888.000000 21504.000000 22780.000000 8800.000000 0.000000 0.000000 37043.000000 6912.000000 116736.000000 49152.000000 0.000000 12288.000000 30320.000000 26400.000000 0.000000 161100.000000 96660.000000 32220.000000 130116.000000 68676.000000 0.000000 27648.000000 7580.000000 26400.000000 2800.000000 0.000000 0.000000 96540.000000 
48
0.000000 0.000000 0.000000 0.000000 121491.000000 59947.000000 57999.000000 14000.000000 0.000000 0.000000 0.000000 98304.000000 36864.000000 1536.000000 0.000000 26400.000000 0.000000 9816.000000 0.000000 0.000000 0.000000 580.000000 305280.000000 241344.000000 175040.000000 110144.000000 49088.000000 22056.000000 53163.000000 0.000000 296704.000000 230400.000000 166464.000000 102208.000000 35520.000000 24930.000000 17600.000000 0.000000 0.000000 40785.000000 0.000000 135168.000000 67584.000000 0.000000 18432.000000 30320.000000 0.000000 0.000000 104715.000000 40275.000000 89600.000000 25088.000000 0.000000 29184.000000 24576.000000 7580.000000 0.000000 0.000000 0.000000 0.000000 88308.000000 
49
0.000000 0.000000 0.000000 0.000000 120719.000000 59947.000000 57999.000000 14000.000000 0.000000 0.000000 0.000000 95076.000000 33636.000000 1536.000000 0.000000 26400.000000 0.000000 9816.000000 0.000000 0.000000 0.000000 0.000000 308736.000000 244800.000000 178496.000000 113600.000000 48128.000000 22056.000000 53163.000000 0.000000 296704.000000 230400.000000 166464.000000 102208.000000 35520.000000 29970.000000 17600.000000 0.000000 0.000000 40785.000000 0.000000 135168.000000 67584.000000 0.000000 15360.000000 22740.000000 0.000000 0.000000 96660.000000 32220.000000 86016.000000 21504.000000 0.000000 28672.000000 24576.000000 7580.000000 0.000000 0.000000 0.000000 0.000000 87933.000000 
50
0.000000 0.000000 0.000000 0.000000 121491.000000 59947.000000 58372.000000 14000.000000 0.000000 0.000000 0.000000 95076.000000 33636.000000 1024.000000 0.000000 26400.000000 0.000000 6544.000000 0.000000 0.000000 0.000000 0.000000 308736.000000 244800.000000 178496.000000 113600.000000 48128.000000 21960.000000 48330.000000 0.000000 296704.000000 230400.000000 166464.000000 101312.000000 35520.000000 30360.000000 17600.000000 0.000000 0.000000 40785.000000 0.000000 129024.000000 61440.000000 0.000000 18432.000000 22740.000000 0.000000 0.000000 96660.000000 32220.000000 86016.000000 21504.000000 0.000000 28672.000000 24576.000000 7580.000000 0.000000 0.000000 0.000000 0.000000 87933.000000 
51
0.000000 0.000000 0.000000 0.000000 121491.000000 59947.000000 58372.000000 14000.000000 0.000000 0.000000 0.000000 94968.000000 33528.000000 1024.000000 0.000000 26400.000000 0.000000 9816.000000 0.000000 0.000000 0.000000 0.000000 307584.000000 243648.000000 177344.000000 112448.000000 46976.000000 21960.000000 48330.000000 0.000000 296704.000000 230400.000000 166464.000000 101312.000000 35520.000000 22780.000000 17600.000000 0.000000 0.000000 40037.000000 0.000000 129024.000000 61440.000000 0.000000 18432.000000 22740.000000 0.000000 0.000000 96660.000000 32220.000000 86016.000000 21504.000000 0.000000 28672.000000 24576.000000 7580.000000 0.000000 0.000000 0.000000 0.000000 87933.000000 
52
0.000000 0.000000 0.000000 0.000000 120719.000000 59947.000000 57999.000000 14000.000000 164352.000000 98048.000000 33152.000000 0.000000 0.000000 0.000000 0.000000 116407.000000 56842.000000 235675.000000 177136.000000 111651.000000 46166.000000 9588.000000 314688.000000 250752.000000 184448.000000 118976.000000 54080.000000 22344.000000 53163.000000 0.000000 296704.000000 230400.000000 166464.000000 102208.000000 35520.000000 24930.000000 8800.000000 0.000000 0.000000 40785.000000 348224.000000 284288.000000 217984.000000 154048.000000 88832.000000 23680.000000 26400.000000 23869.000000 169155.000000 104715.000000 40275.000000 121152.000000 59905.000000 234579.000000 181358.000000 115873.000000 50388.000000 39388.000000 120272.000000 54819.000000 0.000000 
53
0.000000 0.000000 0.000000 0.000000 121491.000000 59947.000000 57999.000000 14000.000000 164352.000000 98048.000000 33152.000000 0.000000 0.000000 0.000000 0.000000 117719.000000 56810.000000 235675.000000 177136.000000 111651.000000 46166.000000 9008.000000 314688.000000 248384.000000 184448.000000 118976.000000 55104.000000 22344.000000 48330.000000 0.000000 297600.000000 231296.000000 167360.000000 102208.000000 37888.000000 29970.000000 8800.000000 0.000000 0.000000 40785.000000 348224.000000 284288.000000 217984.000000 154048.000000 88832.000000 23680.000000 26400.000000 22904.000000 169155.000000 104715.000000 40275.000000 116416.000000 57578.000000 240585.000000 181163.000000 115678.000000 50193.000000 39410.000000 125089.000000 60948.000000 0.000000 
54
0.000000 0.000000 0.000000 0.000000 121491.000000 59947.000000 58372.000000 14000.000000 161984.000000 95680.000000 30784.000000 0.000000 0.000000 0.000000 0.000000 122552.000000 59723.000000 230668.000000 175508.000000 110023.000000 46409.000000 9453.000000 314689.000000 248385.000000 184449.000000 118977.000000 54081.000000 22344.000000 48330.000000 0.000000 296704.000000 230400.000000 166464.000000 101312.000000 35520.000000 30360.000000 8800.000000 0.000000 0.000000 40785.000000 348224.000000 284288.000000 217984.000000 154048.000000 88832.000000 23680.000000 26400.000000 22904.000000 161100.000000 96660.000000 32220.000000 116552.000000 58379.000000 240577.000000 180632.000000 117018.000000 51533.000000 39218.000000 127474.000000 58500.000000 0.000000 
55
0.000000 0.000000 0.000000 0.000000 121491.000000 59947.000000 58372.000000 14000.000000 163456.000000 97152.000000 33152.000000 0.000000 0.000000 0.000000 0.000000 117719.000000 56810.000000 236198.000000 177136.000000 111651.000000 48037.000000 9008.000000 314688.000000 248384.000000 184448.000000 118976.000000 55104.000000 22344.000000 48330.000000 0.000000 296704.000000 230400.000000 166464.000000 101312.000000 35520.000000 22780.000000 8800.000000 0.000000 0.000000 40037.000000 348224.000000 284288.000000 217984.000000 154048.000000 88832.000000 23680.000000 26400.000000 22904.000000 161100.000000 96660.000000 32220.000000 121442.000000 57996.000000 240320.000000 180643.000000 115158.000000 49673.000000 39510.000000 125029.000000 56055.000000 0.000000 
56
0.000000 0.000000 0.000000 0.000000 117536.000000 55114.000000 90933.000000 26192.000000 164352.000000 98048.000000 33152.000000 0.000000 0.000000 0.000000 0.000000 126595.000000 65996.000000 241067.000000 184909.000000 119424.000000 53939.000000 16176.000000 321792.000000 255488.000000 191552.000000 125504.000000 62208.000000 25771.000000 162685.000000 95090.000000 27495.000000 0.000000 0.000000 0.000000 0.000000 0.000000 139946.000000 81743.000000 14978.000000 40785.000000 348224.000000 284288.000000 217984.000000 154048.000000 88832.000000 23680.000000 26400.000000 26176.000000 169155.000000 104715.000000 40275.000000 117477.000000 56704.000000 241656.000000 179748.000000 116134.000000 50649.000000 38306.000000 123817.000000 59676.000000 560832.000000 
57
0.000000 0.000000 0.000000 0.000000 117536.000000 55114.000000 90558.000000 25817.000000 164352.000000 98048.000000 33152.000000 0.000000 0.000000 0.000000 0.000000 126595.000000 65996.000000 240847.000000 184166.000000 118681.000000 53196.000000 16176.000000 321792.000000 255488.000000 191552.000000 125504.000000 61696.000000 25843.000000 162685.000000 95090.000000 27495.000000 0.000000 0.000000 0.000000 0.000000 0.000000 141258.000000 81807.000000 13730.000000 40785.000000 348224.000000 284288.000000 217984.000000 154048.000000 88832.000000 23680.000000 35200.000000 22904.000000 169155.000000 104715.000000 40275.000000 122117.000000 59905.000000 234453.000000 180838.000000 115353.000000 49868.000000 38906.000000 118984.000000 59676.000000 562304.000000 
58
0.000000 0.000000 0.000000 0.000000 117536.000000 55114.000000 90558.000000 25817.000000 161984.000000 95680.000000 30784.000000 0.000000 0.000000 0.000000 0.000000 126691.000000 65996.000000 240846.000000 184165.000000 118680.000000 53195.000000 17200.000000 321792.000000 257856.000000 191552.000000 128768.000000 61184.000000 25824.000000 162890.000000 95295.000000 27700.000000 0.000000 0.000000 0.000000 0.000000 0.000000 139946.000000 81743.000000 14978.000000 40785.000000 348224.000000 284288.000000 217984.000000 154048.000000 88832.000000 23680.000000 26400.000000 22904.000000 161100.000000 96660.000000 32220.000000 117420.000000 56564.000000 241281.000000 179733.000000 116119.000000 50634.000000 38600.000000 118980.000000 53527.000000 562304.000000 
59
0.000000 0.000000 0.000000 0.000000 117536.000000 55114.000000 91081.000000 27688.000000 163456.000000 97152.000000 33152.000000 0.000000 0.000000 0.000000 0.000000 125283.000000 65932.000000 246234.000000 184374.000000 118889.000000 53404.000000 16177.000000 321793.000000 255489.000000 191553.000000 125505.000000 61696.000000 25770.000000 162684.000000 95089.000000 27494.000000 0.000000 0.000000 0.000000 0.000000 0.000000 141258.000000 81807.000000 13730.000000 40037.000000 348224.000000 284288.000000 217984.000000 154048.000000 88832.000000 23680.000000 26400.000000 22904.000000 161100.000000 96660.000000 32220.000000 122561.000000 55755.000000 236458.000000 179858.000000 114373.000000 50759.000000 38408.000000 123773.000000 54799.000000 560832.000000 
60
0.000000 0.000000 0.000000 0.000000 120912.000000 59947.000000 28063.000000 8640.000000 164352.000000 98048.000000 33152.000000 0.000000 0.000000 0.000000 0.000000 117719.000000 54890.000000 234327.000000 177065.000000 111580.000000 47966.000000 9008.000000 314688.000000 248384.000000 184448.000000 118976.000000 54592.000000 22152.000000 53163.000000 0.000000 296704.000000 248836.000000 184900.000000 120644.000000 54980.000000 0.000000 141837.000000 81807.000000 13730.000000 27688.000000 6912.000000 27904.000000 81157.000000 16666.000000 0.000000 0.000000 0.000000 52576.000000 169155.000000 104715.000000 40275.000000 114557.000000 55621.000000 235779.000000 177053.000000 113439.000000 47954.000000 35796.000000 119785.000000 55644.000000 558464.000000 
61
0.000000 0.000000 0.000000 0.000000 121684.000000 59947.000000 28063.000000 8640.000000 161984.000000 95680.000000 30784.000000 0.000000 0.000000 0.000000 0.000000 117719.000000 54890.000000 234105.000000 175240.000000 111626.000000 46141.000000 9008.000000 314688.000000 248384.000000 184448.000000 118976.000000 54592.000000 22152.000000 48330.000000 0.000000 297600.000000 249728.000000 185792.000000 120640.000000 57344.000000 0.000000 140332.000000 81743.000000 14978.000000 27688.000000 6912.000000 27317.000000 89489.000000 24999.000000 0.000000 0.000000 0.000000 53232.000000 169155.000000 104715.000000 40275.000000 114557.000000 55716.000000 235779.000000 177053.000000 113439.000000 47954.000000 35932.000000 114856.000000 50715.000000 562304.000000 
62
0.000000 0.000000 0.000000 0.000000 121684.000000 59947.000000 28436.000000 8280.000000 163456.000000 97152.000000 33152.000000 0.000000 0.000000 0.000000 0.000000 111574.000000 54697.000000 234105.000000 174880.000000 111266.000000 45781.000000 7985.000000 312321.000000 248385.000000 182081.000000 118977.000000 54592.000000 22152.000000 48330.000000 0.000000 296704.000000 248836.000000 184900.000000 119748.000000 54468.000000 0.000000 140139.000000 81743.000000 14978.000000 27688.000000 6912.000000 27776.000000 89489.000000 24999.000000 0.000000 0.000000 0.000000 52464.000000 161100.000000 96660.000000 32220.000000 119366.000000 57164.000000 236495.000000 178618.000000 113133.000000 47648.000000 35862.000000 119716.000000 55575.000000 562304.000000 
63
0.000000 0.000000 0.000000 0.000000 120912.000000 59947.000000 28436.000000 8280.000000 163456.000000 97152.000000 33152.000000 0.000000 0.000000 0.000000 0.000000 116407.000000 54634.000000 234105.000000 174880.000000 111266.000000 45781.000000 9008.000000 314688.000000 248384.000000 184448.000000 118976.000000 54592.000000 22248.000000 48330.000000 0.000000 296704.000000 248836.000000 184900.000000 119748.000000 54468.000000 0.000000 141451.000000 81807.000000 13730.000000 26940.000000 6912.000000 28080.000000 89489.000000 24999.000000 0.000000 0.000000 0.000000 52464.000000 161100.000000 96660.000000 32220.000000 114725.000000 55594.000000 236311.000000 178271.000000 112786.000000 47301.000000 35808.000000 119773.000000 55632.000000 558464.000000 
64
0.000000 0.000000 0.000000 0.000000 121491.000000 59947.000000 62864.000000 0.000000 0.000000 0.000000 0.000000 0.000000 0.000000 0.000000 0.000000 117719.000000 54890.000000 234327.000000 177065.000000 111580.000000 47966.000000 9008.000000 314688.000000 248384.000000 184448.000000 118976.000000 54592.000000 22416.000000 53163.000000 0.000000 296704.000000 248836.000000 184900.000000 120644.000000 54468.000000 0.000000 143226.000000 79055.000000 18435.000000 7200.000000 6912.000000 18333.000000 89435.000000 24999.000000 0.000000 0.000000 0.000000 52576.000000 169155.000000 104715.000000 40275.000000 114557.000000 55621.000000 235779.000000 177053.000000 113439.000000 47954.000000 35820.000000 119785.000000 55644.000000 563200.000000 
65
0.000000 0.000000 0.000000 0.000000 121491.000000 59947.000000 63237.000000 0.000000 0.000000 0.000000 0.000000 0.000000 0.000000 0.000000 0.000000 111574.000000 54697.000000 234105.000000 175240.000000 111626.000000 46141.000000 9008.000000 314688.000000 248384.000000 184448.000000 118976.000000 54592.000000 22272.000000 48330.000000 0.000000 297600.000000 249728.000000 185792.000000 120640.000000 57344.000000 0.000000 139165.000000 78158.000000 16226.000000 6480.000000 6912.000000 18984.000000 89435.000000 24999.000000 0.000000 0.000000 0.000000 48624.000000 169155.000000 104715.000000 40275.000000 114557.000000 55716.000000 235779.000000 177053.000000 113439.000000 47954.000000 35810.000000 114856.000000 55548.000000 562304.000000 
66
0.000000 0.000000 0.000000 0.000000 121491.000000 59947.000000 63237.000000 0.000000 0.000000 0.000000 0.000000 0.000000 0.000000 0.000000 0.000000 117719.000000 54890.000000 234105.000000 174880.000000 111266.000000 45781.000000 9008.000000 314688.000000 248384.000000 184448.000000 118976.000000 54592.000000 22344.000000 48330.000000 0.000000 296704.000000 248836.000000 184900.000000 119748.000000 54468.000000 0.000000 145117.000000 80367.000000 18435.000000 6840.000000 6912.000000 18972.000000 81102.000000 16666.000000 0.000000 0.000000 0.000000 52464.000000 161100.000000 96660.000000 32220.000000 119366.000000 57164.000000 236495.000000 178618.000000 113133.000000 47648.000000 35920.000000 119716.000000 55575.000000 560832.000000 
67
0.000000 0.000000 0.000000 0.000000 120719.000000 59947.000000 63237.000000 0.000000 0.000000 0.000000 0.000000 0.000000 0.000000 0.000000 0.000000 116407.000000 54634.000000 234105.000000 174880.000000 111266.000000 45781.000000 9008.000000 314688.000000 248384.000000 184448.000000 118976.000000 54592.000000 22248.000000 48330.000000 0.000000 296704.000000 248836.000000 184900.000000 119748.000000 54468.000000 0.000000 138972.000000 78446.000000 16514.000000 6840.000000 6912.000000 18100.000000 87061.000000 24999.000000 0.000000 0.000000 0.000000 52464.000000 161100.000000 96660.000000 32220.000000 114725.000000 55594.000000 236471.000000 178431.000000 112946.000000 47461.000000 35848.000000 114940.000000 50799.000000 560832.000000 
68
0.000000 0.000000 0.000000 0.000000 121491.000000 59947.000000 62864.000000 0.000000 0.000000 0.000000 0.000000 0.000000 0.000000 0.000000 0.000000 117719.000000 54890.000000 234327.000000 177065.000000 111580.000000 47966.000000 9008.000000 314688.000000 248384.000000 184448.000000 118976.000000 54592.000000 22248.000000 53163.000000 0.000000 296704.000000 248836.000000 184900.000000 120644.000000 54468.000000 0.000000 140332.000000 79055.000000 12290.000000 38166.000000 348224.000000 372376.000000 427339.000000 363403.000000 298187.000000 233035.000000 168219.000000 182715.000000 120065.000000 52032.000000 15872.000000 109471.000000 52362.000000 230545.000000 172342.000000 106857.000000 43243.000000 30452.000000 114345.000000 50204.000000 81208.000000 
69
0.000000 0.000000 0.000000 0.000000 121491.000000 59947.000000 63237.000000 0.000000 0.000000 0.000000 0.000000 0.000000 0.000000 0.000000 0.000000 116407.000000 54634.000000 234105.000000 175240.000000 111626.000000 46141.000000 9008.000000 314688.000000 248384.000000 184448.000000 118976.000000 54592.000000 22248.000000 48330.000000 0.000000 297600.000000 249728.000000 185792.000000 120640.000000 57344.000000 0.000000 135692.000000 78350.000000 10273.000000 37791.000000 348224.000000 372376.000000 431235.000000 364931.000000 299715.000000 234563.000000 169747.000000 185563.000000 122913.000000 56528.000000 11936.000000 114111.000000 53163.000000 230545.000000 172342.000000 106857.000000 43243.000000 30356.000000 114345.000000 50204.000000 81208.000000 
70
0.000000 0.000000 0.000000 0.000000 121491.000000 59947.000000 63237.000000 0.000000 0.000000 0.000000 0.000000 0.000000 0.000000 0.000000 0.000000 117719.000000 54890.000000 234105.000000 174880.000000 111266.000000 45781.000000 9008.000000 314688.000000 248384.000000 184448.000000 118976.000000 54592.000000 22248.000000 48330.000000 0.000000 296704.000000 248836.000000 184900.000000 119748.000000 54468.000000 0.000000 141644.000000 80367.000000 12290.000000 37418.000000 348224.000000 371619.000000 427280.000000 363344.000000 298128.000000 232976.000000 168400.000000 187141.000000 123793.000000 55760.000000 15872.000000 109248.000000 46349.000000 230806.000000 172243.000000 106758.000000 43144.000000 30388.000000 109456.000000 45315.000000 81540.000000 
71
0.000000 0.000000 0.000000 0.000000 120719.000000 59947.000000 63237.000000 0.000000 0.000000 0.000000 0.000000 0.000000 0.000000 0.000000 0.000000 111574.000000 54697.000000 234105.000000 174880.000000 111266.000000 45781.000000 9008.000000 314688.000000 248384.000000 184448.000000 118976.000000 54592.000000 22248.000000 48330.000000 0.000000 296704.000000 248836.000000 184900.000000 119748.000000 54468.000000 0.000000 135692.000000 78254.000000 10177.000000 37791.000000 348224.000000 371593.000000 421295.000000 357359.000000 292143.000000 230063.000000 164578.000000 184335.000000 118613.000000 53860.000000 15872.000000 109248.000000 46444.000000 231031.000000 172631.000000 107146.000000 41661.000000 30546.000000 114328.000000 50187.000000 80988.000000 
72
0.000000 0.000000 0.000000 0.000000 121491.000000 59947.000000 62864.000000 0.000000 0.000000 0.000000 0.000000 0.000000 0.000000 0.000000 0.000000 117719.000000 54890.000000 234327.000000 177065.000000 111580.000000 47966.000000 9008.000000 314688.000000 248384.000000 184448.000000 118976.000000 54592.000000 22416.000000 53163.000000 0.000000 296704.000000 248836.000000 184900.000000 120644.000000 54468.000000 0.000000 141451.000000 80367.000000 12290.000000 38166.000000 348224.000000 371140.000000 429999.000000 363695.000000 298479.000000 233327.000000 168271.000000 184795.000000 122145.000000 54112.000000 18462.000000 85201.000000 24777.000000 230283.000000 172243.000000 106758.000000 43144.000000 40402.000000 123139.000000 55477.000000 560832.000000 
73
0.000000 0.000000 0.000000 0.000000 121491.000000 59947.000000 63237.000000 0.000000 0.000000 0.000000 0.000000 0.000000 0.000000 0.000000 0.000000 116407.000000 54634.000000 234105.000000 175240.000000 111626.000000 46141.000000 9008.000000 314688.000000 248384.000000 184448.000000 118976.000000 54592.000000 22344.000000 48330.000000 0.000000 297600.000000 249728.000000 185792.000000 120640.000000 57344.000000 0.000000 139946.000000 79055.000000 12290.000000 37418.000000 348224.000000 370364.000000 422434.000000 356130.000000 290914.000000 228834.000000 164517.000000 185983.000000 120261.000000 53860.000000 18462.000000 85201.000000 24776.000000 230058.000000 171855.000000 108241.000000 42756.000000 41414.000000 123011.000000 55349.000000 562304.000000 
74
0.000000 0.000000 0.000000 0.000000 121491.000000 59947.000000 63237.000000 0.000000 0.000000 0.000000 0.000000 0.000000 0.000000 0.000000 0.000000 117719.000000 54890.000000 234105.000000 174880.000000 111266.000000 45781.000000 9008.000000 314688.000000 248384.000000 184448.000000 118976.000000 54592.000000 22344.000000 48330.000000 0.000000 296704.000000 248835.000000 184899.000000 119747.000000 54467.000000 0.000000 135113.000000 78350.000000 10273.000000 37791.000000 348224.000000 370380.000000 426041.000000 362105.000000 296889.000000 231737.000000 166921.000000 184069.000000 123793.000000 54112.000000 18462.000000 85361.000000 24740.000000 230058.000000 171495.000000 107881.000000 42396.000000 41022.000000 124162.000000 56500.000000 560832.000000 
75
0.000000 0.000000 0.000000 0.000000 120719.000000 59947.000000 63237.000000 0.000000 0.000000 0.000000 0.000000 0.000000 0.000000 0.000000 0.000000 111574.000000 54697.000000 234105.000000 174880.000000 111266.000000 45781.000000 9008.000000 314688.000000 248384.000000 184448.000000 118976.000000 54592.000000 22272.000000 48330.000000 0.000000 296704.000000 248835.000000 184899.000000 119747.000000 54467.000000 0.000000 135306.000000 78254.000000 10177.000000 37791.000000 348224.000000 371136.000000 426099.000000 362163.000000 296947.000000 231795.000000 166979.000000 178763.000000 119185.000000 49504.000000 18462.000000 90034.000000 27205.000000 230058.000000 171495.000000 107881.000000 42396.000000 40440.000000 123139.000000 55477.000000 560832.000000 
76
0.000000 0.000000 0.000000 0.000000 121491.000000 59947.000000 62864.000000 0.000000 0.000000 0.000000 0.000000 0.000000 0.000000 0.000000 0.000000 117719.000000 54890.000000 234327.000000 177065.000000 111580.000000 47966.000000 9008.000000 314688.000000 248384.000000 184448.000000 118976.000000 54592.000000 22416.000000 48330.000000 0.000000 296704.000000 248836.000000 184900.000000 120644.000000 54468.000000 0.000000 139946.000000 79055.000000 12290.000000 37791.000000 348224.000000 366792.000000 422235.000000 358299.000000 293083.000000 229467.000000 164971.000000 183851.000000 123793.000000 52464.000000 34432.000000 123140.000000 55371.000000 238929.000000 180261.000000 116647.000000 51162.000000 38520.000000 122485.000000 58344.000000 562304.000000 
77
0.000000 0.000000 0.000000 0.000000 121491.000000 59947.000000 63237.000000 0.000000 0.000000 0.000000 0.000000 0.000000 0.000000 0.000000 0.000000 117719.000000 54890.000000 234105.000000 175240.000000 111626.000000 46141.000000 9008.000000 314688.000000 248384.000000 184448.000000 118976.000000 54592.000000 22416.000000 48330.000000 0.000000 297600.000000 249728.000000 185792.000000 120640.000000 57344.000000 0.000000 141258.000000 80367.000000 12290.000000 38166.000000 348224.000000 366800.000000 423291.000000 359355.000000 294139.000000 228987.000000 163473.000000 179645.000000 111734.000000 47090.000000 34408.000000 118026.000000 56979.000000 242047.000000 180662.000000 115177.000000 51563.000000 38722.000000 117575.000000 58267.000000 559936.000000 
78
0.000000 0.000000 0.000000 0.000000 121491.000000 59947.000000 63237.000000 0.000000 0.000000 0.000000 0.000000 0.000000 0.000000 0.000000 0.000000 116407.000000 54634.000000 234105.000000 174880.000000 111266.000000 45781.000000 9008.000000 314688.000000 248384.000000 184448.000000 118976.000000 54592.000000 22272.000000 53163.000000 0.000000 296704.000000 248835.000000 184899.000000 119747.000000 54467.000000 0.000000 135306.000000 78350.000000 10273.000000 37418.000000 348224.000000 366792.000000 421972.000000 358036.000000 292820.000000 229204.000000 164708.000000 183696.000000 123901.000000 50816.000000 34432.000000 122699.000000 59243.000000 237238.000000 180835.000000 115350.000000 51736.000000 38786.000000 122473.000000 58332.000000 560832.000000 
79
0.000000 0.000000 0.000000 0.000000 120719.000000 59947.000000 63237.000000 0.000000 0.000000 0.000000 0.000000 0.000000 0.000000 0.000000 0.000000 111574.000000 54697.000000 234105.000000 174880.000000 111266.000000 45781.000000 9008.000000 314688.000000 248384.000000 184448.000000 118976.000000 54592.000000 22272.000000 48330.000000 0.000000 296704.000000 248835.000000 184899.000000 119747.000000 54467.000000 0.000000 135306.000000 78254.000000 10177.000000 37791.000000 348224.000000 366051.000000 424086.000000 360150.000000 294934.000000 229782.000000 164154.000000 182603.000000 123025.000000 51696.000000 34456.000000 122947.000000 55563.000000 239430.000000 180042.000000 116428.000000 50943.000000 38876.000000 117584.000000 53443.000000 560832.000000 
