0
0.000000 24576.000000 0.000000 16128.000000 17376.000000 256.000000 512.000000 3584.000000 128.000000 0.000000 0.000000 6528.000000 9600.000000 4320.000000 0.000000 0.000000 0.000000 0.000000 0.000000 0.000000 1026432.000000 104064.000000 0.000000 0.000000 256.000000 576.000000 1792.000000 0.000000 0.000000 3072.000000 0.000000 0.000000 0.000000 9600.000000 0.000000 4320.000000 7936.000000 0.000000 0.000000 64.000000 1536.000000 0.000000 0.000000 0.000000 0.000000 16128.000000 0.000000 0.000000 0.000000 0.000000 2112.000000 24576.000000 0.000000 0.000000 17376.000000 0.000000 256.000000 512.000000 40.000000 915840.000000 3067680.000000 
1
0.000000 24576.000000 0.000000 16128.000000 17376.000000 256.000000 512.000000 3584.000000 128.000000 0.000000 0.000000 6528.000000 9600.000000 4320.000000 0.000000 0.000000 0.000000 0.000000 0.000000 0.000000 1026432.000000 104064.000000 0.000000 0.000000 256.000000 576.000000 1792.000000 0.000000 0.000000 3072.000000 0.000000 0.000000 0.000000 9600.000000 0.000000 4320.000000 7936.000000 0.000000 0.000000 64.000000 1536.000000 0.000000 0.000000 0.000000 0.000000 16128.000000 0.000000 0.000000 0.000000 0.000000 2112.000000 24576.000000 0.000000 0.000000 17376.000000 0.000000 256.000000 512.000000 40.000000 915840.000000 3067680.000000 
2
0.000000 24576.000000 0.000000 16128.000000 17376.000000 256.000000 512.000000 3584.000000 128.000000 0.000000 0.000000 6528.000000 9600.000000 4320.000000 0.000000 0.000000 0.000000 0.000000 0.000000 0.000000 1026432.000000 104064.000000 0.000000 0.000000 256.000000 576.000000 1792.000000 0.000000 0.000000 3072.000000 0.000000 0.000000 0.000000 9600.000000 0.000000 4320.000000 7936.000000 0.000000 0.000000 64.000000 1536.000000 0.000000 0.000000 0.000000 0.000000 16128.000000 0.000000 0.000000 0.000000 0.000000 2112.000000 24576.000000 0.000000 0.000000 17376.000000 0.000000 256.000000 512.000000 40.000000 915840.000000 3067680.000000 
3
0.000000 24576.000000 0.000000 16128.000000 17376.000000 256.000000 512.000000 3584.000000 128.000000 0.000000 0.000000 6528.000000 9600.000000 4320.000000 0.000000 0.000000 0.000000 0.000000 0.000000 0.000000 1026432.000000 104064.000000 0.000000 0.000000 256.000000 576.000000 1792.000000 0.000000 0.000000 3072.000000 0.000000 0.000000 0.000000 9600.000000 0.000000 4320.000000 7936.000000 0.000000 0.000000 64.000000 1536.000000 0.000000 0.000000 0.000000 0.000000 16128.000000 0.000000 0.000000 0.000000 0.000000 2112.000000 24576.000000 0.000000 0.000000 17376.000000 0.000000 256.000000 512.000000 40.000000 915840.000000 3067680.000000 
4
0.000000 24576.000000 0.000000 16128.000000 17376.000000 256.000000 512.000000 3584.000000 128.000000 0.000000 0.000000 6528.000000 9600.000000 4320.000000 0.000000 0.000000 0.000000 0.000000 0.000000 0.000000 1026432.000000 104128.000000 0.000000 0.000000 768.000000 576.000000 2048.000000 1024.000000 0.000000 3072.000000 0.000000 0.000000 0.000000 9600.000000 0.000000 4320.000000 7936.000000 256.000000 1536.000000 64.000000 1536.000000 0.000000 0.000000 0.000000 0.000000 16128.000000 0.000000 0.000000 0.000000 0.000000 2112.000000 24576.000000 0.000000 0.000000 17376.000000 0.000000 256.000000 512.000000 552.000000 909952.000000 5987025.000000 
5
0.000000 24576.000000 0.000000 16128.000000 17376.000000 256.000000 512.000000 3584.000000 128.000000 0.000000 0.000000 6528.000000 9600.000000 4320.000000 0.000000 0.000000 0.000000 0.000000 0.000000 0.000000 1026432.000000 104128.000000 0.000000 0.000000 768.000000 576.000000 2048.000000 1024.000000 0.000000 3072.000000 0.000000 0.000000 0.000000 9600.000000 0.000000 4320.000000 7936.000000 256.000000 1536.000000 64.000000 1536.000000 0.000000 0.000000 0.000000 0.000000 16128.000000 0.000000 0.000000 0.000000 0.000000 2112.000000 24576.000000 0.000000 0.000000 17376.000000 0.000000 256.000000 512.000000 552.000000 909952.000000 5987025.000000 
6
0.000000 24576.000000 0.000000 16128.000000 17376.000000 256.000000 512.000000 3584.000000 128.000000 0.000000 0.000000 6528.000000 9600.000000 4320.000000 0.000000 0.000000 0.000000 0.000000 0.000000 0.000000 1026432.000000 104128.000000 0.000000 0.000000 768.000000 576.000000 2048.000000 1024.000000 0.000000 3072.000000 0.000000 0.000000 0.000000 9600.000000 0.000000 4320.000000 7936.000000 256.000000 1536.000000 64.000000 1536.000000 0.000000 0.000000 0.000000 0.000000 16128.000000 0.000000 0.000000 0.000000 0.000000 2112.000000 24576.000000 0.000000 0.000000 17376.000000 0.000000 256.000000 512.000000 552.000000 909952.000000 5987025.000000 
7
0.000000 24576.000000 0.000000 16128.000000 17376.000000 256.000000 512.000000 3584.000000 128.000000 0.000000 0.000000 6528.000000 9600.000000 4320.000000 0.000000 0.000000 0.000000 0.000000 0.000000 0.000000 1026432.000000 104128.000000 0.000000 0.000000 768.000000 576.000000 2048.000000 1024.000000 0.000000 3072.000000 0.000000 0.000000 0.000000 9600.000000 0.000000 4320.000000 7936.000000 256.000000 1536.000000 64.000000 1536.000000 0.000000 0.000000 0.000000 0.000000 16128.000000 0.000000 0.000000 0.000000 0.000000 2112.000000 24576.000000 0.000000 0.000000 17376.000000 0.000000 256.000000 512.000000 552.000000 909952.000000 5987025.000000 
8
0.000000 24576.000000 0.000000 16128.000000 17376.000000 256.000000 512.000000 3584.000000 128.000000 0.000000 0.000000 6528.000000 9600.000000 4320.000000 0.000000 0.000000 0.000000 0.000000 0.000000 0.000000 1026432.000000 104128.000000 0.000000 0.000000 768.000000 576.000000 2048.000000 1024.000000 0.000000 3072.000000 0.000000 0.000000 0.000000 9600.000000 0.000000 4320.000000 7936.000000 256.000000 1536.000000 64.000000 1536.000000 0.000000 0.000000 0.000000 0.000000 16128.000000 0.000000 0.000000 0.000000 0.000000 2112.000000 24576.000000 0.000000 0.000000 17376.000000 0.000000 256.000000 2304.000000 552.000000 909440.000000 5987025.000000 
9
0.000000 24576.000000 0.000000 16128.000000 17376.000000 256.000000 512.000000 3584.000000 128.000000 0.000000 0.000000 6528.000000 9600.000000 4320.000000 0.000000 0.000000 0.000000 0.000000 0.000000 0.000000 1026432.000000 104128.000000 0.000000 0.000000 768.000000 576.000000 2048.000000 1024.000000 0.000000 3072.000000 0.000000 0.000000 0.000000 9600.000000 0.000000 4320.000000 7936.000000 256.000000 1536.000000 64.000000 1536.000000 0.000000 0.000000 0.000000 0.000000 16128.000000 0.000000 0.000000 0.000000 0.000000 2112.000000 24576.000000 0.000000 0.000000 17376.000000 0.000000 256.000000 2304.000000 552.000000 909440.000000 5987025.000000 
10
0.000000 24576.000000 0.000000 16128.000000 17376.000000 256.000000 512.000000 3584.000000 128.000000 0.000000 0.000000 6528.000000 9600.000000 4320.000000 0.000000 0.000000 0.000000 0.000000 0.000000 0.000000 1026432.000000 104128.000000 0.000000 0.000000 768.000000 576.000000 2048.000000 1024.000000 0.000000 3072.000000 0.000000 0.000000 0.000000 9600.000000 0.000000 4320.000000 7936.000000 256.000000 1536.000000 64.000000 1536.000000 0.000000 0.000000 0.000000 0.000000 16128.000000 0.000000 0.000000 0.000000 0.000000 2112.000000 24576.000000 0.000000 0.000000 17376.000000 0.000000 256.000000 2304.000000 552.000000 909440.000000 5987025.000000 
11
0.000000 24576.000000 0.000000 16128.000000 17376.000000 256.000000 512.000000 3584.000000 128.000000 0.000000 0.000000 6528.000000 9600.000000 4320.000000 0.000000 0.000000 0.000000 0.000000 0.000000 0.000000 1026432.000000 104128.000000 0.000000 0.000000 768.000000 576.000000 2048.000000 1024.000000 0.000000 3072.000000 0.000000 0.000000 0.000000 9600.000000 0.000000 4320.000000 7936.000000 256.000000 1536.000000 64.000000 1536.000000 0.000000 0.000000 0.000000 0.000000 16128.000000 0.000000 0.000000 0.000000 0.000000 2112.000000 24576.000000 0.000000 0.000000 17376.000000 0.000000 256.000000 2304.000000 552.000000 909440.000000 5987025.000000 
12
0.000000 24576.000000 0.000000 16128.000000 17376.000000 256.000000 512.000000 3584.000000 128.000000 0.000000 0.000000 6528.000000 9600.000000 4320.000000 0.000000 0.000000 0.000000 0.000000 0.000000 0.000000 1026432.000000 104128.000000 0.000000 0.000000 768.000000 576.000000 2048.000000 1024.000000 0.000000 3072.000000 0.000000 0.000000 0.000000 9600.000000 0.000000 4320.000000 7936.000000 256.000000 1536.000000 64.000000 1536.000000 0.000000 0.000000 0.000000 0.000000 16128.000000 0.000000 0.000000 0.000000 0.000000 2112.000000 24576.000000 0.000000 0.000000 17376.000000 0.000000 256.000000 2304.000000 552.000000 909952.000000 5983569.000000 
13
0.000000 24576.000000 0.000000 16128.000000 17376.000000 256.000000 512.000000 3584.000000 128.000000 0.000000 0.000000 6528.000000 9600.000000 4320.000000 0.000000 0.000000 0.000000 0.000000 0.000000 0.000000 1026432.000000 104128.000000 0.000000 0.000000 768.000000 576.000000 2048.000000 1024.000000 0.000000 3072.000000 0.000000 0.000000 0.000000 9600.000000 0.000000 4320.000000 7936.000000 256.000000 1536.000000 64.000000 1536.000000 0.000000 0.000000 0.000000 0.000000 16128.000000 0.000000 0.000000 0.000000 0.000000 2112.000000 24576.000000 0.000000 0.000000 17376.000000 0.000000 256.000000 2304.000000 552.000000 909952.000000 5983569.000000 
14
0.000000 24576.000000 0.000000 16128.000000 17376.000000 256.000000 512.000000 3584.000000 128.000000 0.000000 0.000000 6528.000000 9600.000000 4320.000000 0.000000 0.000000 0.000000 0.000000 0.000000 0.000000 1026432.000000 104128.000000 0.000000 0.000000 768.000000 576.000000 2048.000000 1024.000000 0.000000 3072.000000 0.000000 0.000000 0.000000 9600.000000 0.000000 4320.000000 7936.000000 256.000000 1536.000000 64.000000 1536.000000 0.000000 0.000000 0.000000 0.000000 16128.000000 0.000000 0.000000 0.000000 0.000000 2112.000000 24576.000000 0.000000 0.000000 17376.000000 0.000000 256.000000 2304.000000 552.000000 909952.000000 5983569.000000 
15
0.000000 24576.000000 0.000000 16128.000000 17376.000000 256.000000 512.000000 3584.000000 128.000000 0.000000 0.000000 6528.000000 9600.000000 4320.000000 0.000000 0.000000 0.000000 0.000000 0.000000 0.000000 1026432.000000 104128.000000 0.000000 0.000000 768.000000 576.000000 2048.000000 1024.000000 0.000000 3072.000000 0.000000 0.000000 0.000000 9600.000000 0.000000 4320.000000 7936.000000 256.000000 1536.000000 64.000000 1536.000000 0.000000 0.000000 0.000000 0.000000 16128.000000 0.000000 0.000000 0.000000 0.000000 2112.000000 24576.000000 0.000000 0.000000 17376.000000 0.000000 256.000000 2304.000000 552.000000 909952.000000 5983569.000000 
16
0.000000 24576.000000 0.000000 16128.000000 17376.000000 256.000000 512.000000 3072.000000 128.000000 0.000000 0.000000 6528.000000 9600.000000 4320.000000 0.000000 0.000000 0.000000 0.000000 0.000000 0.000000 1026432.000000 112000.000000 0.000000 0.000000 17376.000000 0.000000 0.000000 0.000000 0.000000 1536.000000 0.000000 16448.000000 0.000000 0.000000 0.000000 0.000000 0.000000 0.000000 0.000000 0.000000 1536.000000 24576.000000 0.000000 0.000000 0.000000 16128.000000 4320.000000 0.000000 0.000000 0.000000 0.000000 32512.000000 0.000000 0.000000 12256.000000 0.000000 0.000000 0.000000 0.000000 870912.000000 2891424.000000 
17
0.000000 24576.000000 0.000000 16128.000000 17376.000000 256.000000 512.000000 3072.000000 128.000000 0.000000 0.000000 6528.000000 9600.000000 4320.000000 0.000000 0.000000 0.000000 0.000000 0.000000 0.000000 1026432.000000 112000.000000 0.000000 0.000000 17376.000000 0.000000 0.000000 0.000000 0.000000 1536.000000 0.000000 16448.000000 0.000000 0.000000 0.000000 0.000000 0.000000 0.000000 0.000000 0.000000 1536.000000 24576.000000 0.000000 0.000000 0.000000 16128.000000 4320.000000 0.000000 0.000000 0.000000 0.000000 32512.000000 0.000000 0.000000 12256.000000 0.000000 0.000000 0.000000 0.000000 870912.000000 2891424.000000 
18
0.000000 24576.000000 0.000000 16128.000000 17376.000000 256.000000 512.000000 3072.000000 128.000000 0.000000 0.000000 6528.000000 9600.000000 4320.000000 0.000000 0.000000 0.000000 0.000000 0.000000 0.000000 1026432.000000 112000.000000 0.000000 0.000000 17376.000000 0.000000 0.000000 0.000000 0.000000 1536.000000 0.000000 16448.000000 0.000000 0.000000 0.000000 0.000000 0.000000 0.000000 0.000000 0.000000 1536.000000 24576.000000 0.000000 0.000000 0.000000 16128.000000 4320.000000 0.000000 0.000000 0.000000 0.000000 32512.000000 0.000000 0.000000 12256.000000 0.000000 0.000000 0.000000 0.000000 870912.000000 2891424.000000 
19
0.000000 24576.000000 0.000000 16128.000000 17376.000000 256.000000 512.000000 3072.000000 128.000000 0.000000 0.000000 6528.000000 9600.000000 4320.000000 0.000000 0.000000 0.000000 0.000000 0.000000 0.000000 1026432.000000 112000.000000 0.000000 0.000000 17376.000000 0.000000 0.000000 0.000000 0.000000 1536.000000 0.000000 16448.000000 0.000000 0.000000 0.000000 0.000000 0.000000 0.000000 0.000000 0.000000 1536.000000 24576.000000 0.000000 0.000000 0.000000 16128.000000 4320.000000 0.000000 0.000000 0.000000 0.000000 32512.000000 0.000000 0.000000 12256.000000 0.000000 0.000000 0.000000 0.000000 870912.000000 2891424.000000 
20
0.000000 24576.000000 0.000000 16128.000000 17376.000000 256.000000 512.000000 3584.000000 128.000000 0.000000 0.000000 6528.000000 9600.000000 4320.000000 0.000000 0.000000 0.000000 0.000000 0.000000 0.000000 1026432.000000 112000.000000 0.000000 0.000000 17376.000000 0.000000 0.000000 0.000000 0.000000 1536.000000 0.000000 16448.000000 0.000000 0.000000 0.000000 0.000000 0.000000 0.000000 0.000000 0.000000 1536.000000 24576.000000 0.000000 0.000000 0.000000 16128.000000 4320.000000 0.000000 0.000000 0.000000 0.000000 32512.000000 0.000000 0.000000 10464.000000 64.000000 0.000000 256.000000 0.000000 870912.000000 2891424.000000 
21
0.000000 24576.000000 0.000000 16128.000000 17376.000000 256.000000 512.000000 3584.000000 128.000000 0.000000 0.000000 6528.000000 9600.000000 4320.000000 0.000000 0.000000 0.000000 0.000000 0.000000 0.000000 1026432.000000 112000.000000 0.000000 0.000000 17376.000000 0.000000 0.000000 0.000000 0.000000 1536.000000 0.000000 16448.000000 0.000000 0.000000 0.000000 0.000000 0.000000 0.000000 0.000000 0.000000 1536.000000 24576.000000 0.000000 0.000000 0.000000 16128.000000 4320.000000 0.000000 0.000000 0.000000 0.000000 32512.000000 0.000000 0.000000 10464.000000 64.000000 0.000000 256.000000 0.000000 870912.000000 2891424.000000 
22
0.000000 24576.000000 0.000000 16128.000000 17376.000000 256.000000 512.000000 3584.000000 128.000000 0.000000 0.000000 6528.000000 9600.000000 4320.000000 0.000000 0.000000 0.000000 0.000000 0.000000 0.000000 1026432.000000 112000.000000 0.000000 0.000000 17376.000000 0.000000 0.000000 0.000000 0.000000 1536.000000 0.000000 16448.000000 0.000000 0.000000 0.000000 0.000000 0.000000 0.000000 0.000000 0.000000 1536.000000 24576.000000 0.000000 0.000000 0.000000 16128.000000 4320.000000 0.000000 0.000000 0.000000 0.000000 32512.000000 0.000000 0.000000 10464.000000 64.000000 0.000000 256.000000 0.000000 870912.000000 2891424.000000 
23
0.000000 24576.000000 0.000000 16128.000000 17376.000000 256.000000 512.000000 3584.000000 128.000000 0.000000 0.000000 6528.000000 9600.000000 4320.000000 0.000000 0.000000 0.000000 0.000000 0.000000 0.000000 1026432.000000 112000.000000 0.000000 0.000000 17376.000000 0.000000 0.000000 0.000000 0.000000 1536.000000 0.000000 16448.000000 0.000000 0.000000 0.000000 0.000000 0.000000 0.000000 0.000000 0.000000 1536.000000 24576.000000 0.000000 0.000000 0.000000 16128.000000 4320.000000 0.000000 0.000000 0.000000 0.000000 32512.000000 0.000000 0.000000 10464.000000 64.000000 0.000000 256.000000 0.000000 870912.000000 2891424.000000 
24
0.000000 24576.000000 0.000000 16128.000000 17376.000000 256.000000 512.000000 3584.000000 128.000000 0.000000 0.000000 6528.000000 9600.000000 4320.000000 0.000000 0.000000 0.000000 0.000000 0.000000 0.000000 1026432.000000 112000.000000 0.000000 0.000000 17376.000000 0.000000 0.000000 0.000000 0.000000 1536.000000 0.000000 16448.000000 0.000000 0.000000 0.000000 0.000000 0.000000 0.000000 0.000000 0.000000 1536.000000 24576.000000 0.000000 0.000000 0.000000 16128.000000 4320.000000 0.000000 0.000000 0.000000 0.000000 32512.000000 0.000000 0.000000 10464.000000 64.000000 0.000000 256.000000 0.000000 870912.000000 2891424.000000 
25
0.000000 24576.000000 0.000000 16128.000000 17376.000000 256.000000 512.000000 3584.000000 128.000000 0.000000 0.000000 6528.000000 9600.000000 4320.000000 0.000000 0.000000 0.000000 0.000000 0.000000 0.000000 1026432.000000 112000.000000 0.000000 0.000000 17376.000000 0.000000 0.000000 0.000000 0.000000 1536.000000 0.000000 16448.000000 0.000000 0.000000 0.000000 0.000000 0.000000 0.000000 0.000000 0.000000 1536.000000 24576.000000 0.000000 0.000000 0.000000 16128.000000 4320.000000 0.000000 0.000000 0.000000 0.000000 32512.000000 0.000000 0.000000 10464.000000 64.000000 0.000000 256.000000 0.000000 870912.000000 2891424.000000 
26
0.000000 24576.000000 0.000000 16128.000000 17376.000000 256.000000 512.000000 3584.000000 128.000000 0.000000 0.000000 6528.000000 9600.000000 4320.000000 0.000000 0.000000 0.000000 0.000000 0.000000 0.000000 1026432.000000 112000.000000 0.000000 0.000000 17376.000000 0.000000 0.000000 0.000000 0.000000 1536.000000 0.000000 16448.000000 0.000000 0.000000 0.000000 0.000000 0.000000 0.000000 0.000000 0.000000 1536.000000 24576.000000 0.000000 0.000000 0.000000 16128.000000 4320.000000 0.000000 0.000000 0.000000 0.000000 32512.000000 0.000000 0.000000 10464.000000 64.000000 0.000000 256.000000 0.000000 870912.000000 2891424.000000 
27
0.000000 24576.000000 0.000000 16128.000000 17376.000000 256.000000 512.000000 3584.000000 128.000000 0.000000 0.000000 6528.000000 9600.000000 4320.000000 0.000000 0.000000 0.000000 0.000000 0.000000 0.000000 1026432.000000 112000.000000 0.000000 0.000000 17376.000000 0.000000 0.000000 0.000000 0.000000 1536.000000 0.000000 16448.000000 0.000000 0.000000 0.000000 0.000000 0.000000 0.000000 0.000000 0.000000 1536.000000 24576.000000 0.000000 0.000000 0.000000 16128.000000 4320.000000 0.000000 0.000000 0.000000 0.000000 32512.000000 0.000000 0.000000 10464.000000 64.000000 0.000000 256.000000 0.000000 870912.000000 2891424.000000 
28
0.000000 24576.000000 0.000000 16128.000000 17376.000000 256.000000 512.000000 3584.000000 128.000000 0.000000 0.000000 6528.000000 9600.000000 4320.000000 0.000000 0.000000 0.000000 0.000000 0.000000 0.000000 1026432.000000 112000.000000 0.000000 0.000000 17376.000000 0.000000 0.000000 0.000000 0.000000 1536.000000 0.000000 16448.000000 0.000000 0.000000 0.000000 0.000000 0.000000 0.000000 0.000000 0.000000 1536.000000 24576.000000 0.000000 0.000000 0.000000 16128.000000 4320.000000 0.000000 0.000000 0.000000 0.000000 32512.000000 0.000000 0.000000 10464.000000 64.000000 0.000000 256.000000 0.000000 870912.000000 2891424.000000 
29
0.000000 24576.000000 0.000000 16128.000000 17376.000000 256.000000 512.000000 3584.000000 128.000000 0.000000 0.000000 6528.000000 9600.000000 4320.000000 0.000000 0.000000 0.000000 0.000000 0.000000 0.000000 1026432.000000 112000.000000 0.000000 0.000000 17376.000000 0.000000 0.000000 0.000000 0.000000 1536.000000 0.000000 16448.000000 0.000000 0.000000 0.000000 0.000000 0.000000 0.000000 0.000000 0.000000 1536.000000 24576.000000 0.000000 0.000000 0.000000 16128.000000 4320.000000 0.000000 0.000000 0.000000 0.000000 32512.000000 0.000000 0.000000 10464.000000 64.000000 0.000000 256.000000 0.000000 870912.000000 2891424.000000 
30
0.000000 24576.000000 0.000000 16128.000000 17376.000000 256.000000 512.000000 3584.000000 128.000000 0.000000 0.000000 6528.000000 9600.000000 4320.000000 0.000000 0.000000 0.000000 0.000000 0.000000 0.000000 1026432.000000 112000.000000 0.000000 0.000000 17376.000000 0.000000 0.000000 0.000000 0.000000 1536.000000 0.000000 16448.000000 0.000000 0.000000 0.000000 0.000000 0.000000 0.000000 0.000000 0.000000 1536.000000 24576.000000 0.000000 0.000000 0.000000 16128.000000 4320.000000 0.000000 0.000000 0.000000 0.000000 32512.000000 0.000000 0.000000 10464.000000 64.000000 0.000000 256.000000 0.000000 870912.000000 2891424.000000 
31
0.000000 24576.000000 0.000000 16128.000000 17376.000000 256.000000 512.000000 3584.000000 128.000000 0.000000 0.000000 6528.000000 9600.000000 4320.000000 0.000000 0.000000 0.000000 0.000000 0.000000 0.000000 1026432.000000 112000.000000 0.000000 0.000000 17376.000000 0.000000 0.000000 0.000000 0.000000 1536.000000 0.000000 16448.000000 0.000000 0.000000 0.000000 0.000000 0.000000 0.000000 0.000000 0.000000 1536.000000 24576.000000 0.000000 0.000000 0.000000 16128.000000 4320.000000 0.000000 0.000000 0.000000 0.000000 32512.000000 0.000000 0.000000 10464.000000 64.000000 0.000000 256.000000 0.000000 870912.000000 2891424.000000 
32
0.000000 24640.000000 0.000000 9600.000000 17440.000000 256.000000 512.000000 3584.000000 0.000000 0.000000 0.000000 6528.000000 9600.000000 4320.000000 0.000000 0.000000 0.000000 0.000000 0.000000 0.000000 1033344.000000 97152.000000 0.000000 0.000000 768.000000 512.000000 2048.000000 1536.000000 0.000000 3072.000000 0.000000 0.000000 0.000000 9600.000000 0.000000 4320.000000 7936.000000 256.000000 1536.000000 64.000000 1536.000000 0.000000 0.000000 0.000000 0.000000 16128.000000 0.000000 0.000000 0.000000 0.000000 2112.000000 24576.000000 0.000000 0.000000 17376.000000 0.000000 256.000000 2304.000000 552.000000 916864.000000 5983569.000000 
33
0.000000 24640.000000 0.000000 9600.000000 17440.000000 256.000000 512.000000 3584.000000 0.000000 0.000000 0.000000 6528.000000 9600.000000 4320.000000 0.000000 0.000000 0.000000 0.000000 0.000000 0.000000 1033344.000000 97152.000000 0.000000 0.000000 768.000000 512.000000 2048.000000 1536.000000 0.000000 3072.000000 0.000000 0.000000 0.000000 9600.000000 0.000000 4320.000000 7936.000000 256.000000 1536.000000 64.000000 1536.000000 0.000000 0.000000 0.000000 0.000000 16128.000000 0.000000 0.000000 0.000000 0.000000 2112.000000 24576.000000 0.000000 0.000000 17376.000000 0.000000 256.000000 2304.000000 552.000000 916864.000000 5983569.000000 
34
0.000000 24640.000000 0.000000 9600.000000 17440.000000 256.000000 512.000000 3584.000000 0.000000 0.000000 0.000000 6528.000000 9600.000000 4320.000000 0.000000 0.000000 0.000000 0.000000 0.000000 0.000000 1033344.000000 97152.000000 0.000000 0.000000 768.000000 512.000000 2048.000000 1536.000000 0.000000 3072.000000 0.000000 0.000000 0.000000 9600.000000 0.000000 4320.000000 7936.000000 256.000000 1536.000000 64.000000 1536.000000 0.000000 0.000000 0.000000 0.000000 16128.000000 0.000000 0.000000 0.000000 0.000000 2112.000000 24576.000000 0.000000 0.000000 17376.000000 0.000000 256.000000 2304.000000 552.000000 916864.000000 5983569.000000 
35
0.000000 24640.000000 0.000000 9600.000000 17440.000000 256.000000 512.000000 3584.000000 0.000000 0.000000 0.000000 6528.000000 9600.000000 4320.000000 0.000000 0.000000 0.000000 0.000000 0.000000 0.000000 1033344.000000 97152.000000 0.000000 0.000000 768.000000 512.000000 2048.000000 1536.000000 0.000000 3072.000000 0.000000 0.000000 0.000000 9600.000000 0.000000 4320.000000 7936.000000 256.000000 1536.000000 64.000000 1536.000000 0.000000 0.000000 0.000000 0.000000 16128.000000 0.000000 0.000000 0.000000 0.000000 2112.000000 24576.000000 0.000000 0.000000 17376.000000 0.000000 256.000000 2304.000000 552.000000 916864.000000 5983569.000000 
36
0.000000 24640.000000 0.000000 9600.000000 17440.000000 256.000000 1024.000000 3584.000000 640.000000 0.000000 0.000000 6528.000000 0.000000 4320.000000 0.000000 0.000000 0.000000 0.000000 0.000000 0.000000 1043712.000000 86784.000000 0.000000 1792.000000 512.000000 1024.000000 2048.000000 1536.000000 0.000000 3840.000000 0.000000 0.000000 0.000000 9600.000000 0.000000 4320.000000 6144.000000 0.000000 1536.000000 64.000000 1536.000000 0.000000 0.000000 0.000000 0.000000 16128.000000 0.000000 0.000000 0.000000 0.000000 2112.000000 24640.000000 0.000000 0.000000 17376.000000 0.000000 256.000000 2304.000000 552.000000 923776.000000 5986257.000000 
37
0.000000 24640.000000 0.000000 9600.000000 17440.000000 256.000000 1024.000000 3584.000000 640.000000 0.000000 0.000000 6528.000000 0.000000 4320.000000 0.000000 0.000000 0.000000 0.000000 0.000000 0.000000 1043712.000000 86784.000000 0.000000 1792.000000 512.000000 1024.000000 2048.000000 1536.000000 0.000000 3840.000000 0.000000 0.000000 0.000000 9600.000000 0.000000 4320.000000 6144.000000 0.000000 1536.000000 64.000000 1536.000000 0.000000 0.000000 0.000000 0.000000 16128.000000 0.000000 0.000000 0.000000 0.000000 2112.000000 24640.000000 0.000000 0.000000 17376.000000 0.000000 256.000000 2304.000000 552.000000 923776.000000 5986257.000000 
38
0.000000 24640.000000 0.000000 9600.000000 17440.000000 256.000000 1024.000000 3584.000000 640.000000 0.000000 0.000000 6528.000000 0.000000 4320.000000 0.000000 0.000000 0.000000 0.000000 0.000000 0.000000 1043712.000000 86784.000000 0.000000 1792.000000 512.000000 1024.000000 2048.000000 1536.000000 0.000000 3840.000000 0.000000 0.000000 0.000000 9600.000000 0.000000 4320.000000 6144.000000 0.000000 1536.000000 64.000000 1536.000000 0.000000 0.000000 0.000000 0.000000 16128.000000 0.000000 0.000000 0.000000 0.000000 2112.000000 24640.000000 0.000000 0.000000 17376.000000 0.000000 256.000000 2304.000000 552.000000 923776.000000 5986257.000000 
39
0.000000 24640.000000 0.000000 9600.000000 17440.000000 256.000000 1024.000000 3584.000000 640.000000 0.000000 0.000000 6528.000000 0.000000 4320.000000 0.000000 0.000000 0.000000 0.000000 0.000000 0.000000 1043712.000000 86784.000000 0.000000 1792.000000 512.000000 1024.000000 2048.000000 1536.000000 0.000000 3840.000000 0.000000 0.000000 0.000000 9600.000000 0.000000 4320.000000 6144.000000 0.000000 1536.000000 64.000000 1536.000000 0.000000 0.000000 0.000000 0.000000 16128.000000 0.000000 0.000000 0.000000 0.000000 2112.000000 24640.000000 0.000000 0.000000 17376.000000 0.000000 256.000000 2304.000000 552.000000 923776.000000 5986257.000000 
40
0.000000 24640.000000 0.000000 9600.000000 19168.000000 0.000000 512.000000 3584.000000 640.000000 0.000000 0.000000 6528.000000 0.000000 4320.000000 0.000000 0.000000 0.000000 0.000000 0.000000 0.000000 1040256.000000 90240.000000 0.000000 1792.000000 768.000000 1024.000000 2048.000000 1536.000000 0.000000 3072.000000 0.000000 0.000000 0.000000 9600.000000 0.000000 4320.000000 7936.000000 256.000000 1536.000000 64.000000 1536.000000 0.000000 0.000000 0.000000 0.000000 16128.000000 0.000000 0.000000 0.000000 0.000000 2112.000000 24576.000000 0.000000 0.000000 17376.000000 0.000000 256.000000 2304.000000 552.000000 920320.000000 5986257.000000 
41
0.000000 24640.000000 0.000000 9600.000000 19168.000000 0.000000 512.000000 3584.000000 640.000000 0.000000 0.000000 6528.000000 0.000000 4320.000000 0.000000 0.000000 0.000000 0.000000 0.000000 0.000000 1040256.000000 90240.000000 0.000000 1792.000000 768.000000 1024.000000 2048.000000 1536.000000 0.000000 3072.000000 0.000000 0.000000 0.000000 9600.000000 0.000000 4320.000000 7936.000000 256.000000 1536.000000 64.000000 1536.000000 0.000000 0.000000 0.000000 0.000000 16128.000000 0.000000 0.000000 0.000000 0.000000 2112.000000 24576.000000 0.000000 0.000000 17376.000000 0.000000 256.000000 2304.000000 552.000000 920320.000000 5986257.000000 
42
0.000000 24640.000000 0.000000 9600.000000 19168.000000 0.000000 512.000000 3584.000000 640.000000 0.000000 0.000000 6528.000000 0.000000 4320.000000 0.000000 0.000000 0.000000 0.000000 0.000000 0.000000 1040256.000000 90240.000000 0.000000 1792.000000 768.000000 1024.000000 2048.000000 1536.000000 0.000000 3072.000000 0.000000 0.000000 0.000000 9600.000000 0.000000 4320.000000 7936.000000 256.000000 1536.000000 64.000000 1536.000000 0.000000 0.000000 0.000000 0.000000 16128.000000 0.000000 0.000000 0.000000 0.000000 2112.000000 24576.000000 0.000000 0.000000 17376.000000 0.000000 256.000000 2304.000000 552.000000 920320.000000 5986257.000000 
43
0.000000 24640.000000 0.000000 9600.000000 19168.000000 0.000000 512.000000 3584.000000 640.000000 0.000000 0.000000 6528.000000 0.000000 4320.000000 0.000000 0.000000 0.000000 0.000000 0.000000 0.000000 1040256.000000 90240.000000 0.000000 1792.000000 768.000000 1024.000000 2048.000000 1536.000000 0.000000 3072.000000 0.000000 0.000000 0.000000 9600.000000 0.000000 4320.000000 7936.000000 256.000000 1536.000000 64.000000 1536.000000 0.000000 0.000000 0.000000 0.000000 16128.000000 0.000000 0.000000 0.000000 0.000000 2112.000000 24576.000000 0.000000 0.000000 17376.000000 0.000000 256.000000 2304.000000 552.000000 920320.000000 5986257.000000 
44
0.000000 24640.000000 0.000000 9600.000000 19168.000000 0.000000 512.000000 3584.000000 640.000000 0.000000 0.000000 6528.000000 0.000000 4320.000000 0.000000 0.000000 0.000000 0.000000 0.000000 0.000000 1040256.000000 90240.000000 0.000000 1792.000000 768.000000 1024.000000 2048.000000 1536.000000 0.000000 3840.000000 0.000000 0.000000 0.000000 9600.000000 0.000000 4320.000000 7936.000000 256.000000 1536.000000 64.000000 1536.000000 0.000000 0.000000 0.000000 0.000000 16128.000000 0.000000 0.000000 0.000000 0.000000 2112.000000 24576.000000 0.000000 0.000000 17376.000000 0.000000 256.000000 2304.000000 552.000000 920320.000000 5986257.000000 
45
0.000000 24640.000000 0.000000 9600.000000 19168.000000 0.000000 512.000000 3584.000000 640.000000 0.000000 0.000000 6528.000000 0.000000 4320.000000 0.000000 0.000000 0.000000 0.000000 0.000000 0.000000 1040256.000000 90240.000000 0.000000 1792.000000 768.000000 1024.000000 2048.000000 1536.000000 0.000000 3840.000000 0.000000 0.000000 0.000000 9600.000000 0.000000 4320.000000 7936.000000 256.000000 1536.000000 64.000000 1536.000000 0.000000 0.000000 0.000000 0.000000 16128.000000 0.000000 0.000000 0.000000 0.000000 2112.000000 24576.000000 0.000000 0.000000 17376.000000 0.000000 256.000000 2304.000000 552.000000 920320.000000 5986257.000000 
46
0.000000 24640.000000 0.000000 9600.000000 19168.000000 0.000000 512.000000 3584.000000 640.000000 0.000000 0.000000 6528.000000 0.000000 4320.000000 0.000000 0.000000 0.000000 0.000000 0.000000 0.000000 1040256.000000 90240.000000 0.000000 1792.000000 768.000000 1024.000000 2048.000000 1536.000000 0.000000 3840.000000 0.000000 0.000000 0.000000 9600.000000 0.000000 4320.000000 7936.000000 256.000000 1536.000000 64.000000 1536.000000 0.000000 0.000000 0.000000 0.000000 16128.000000 0.000000 0.000000 0.000000 0.000000 2112.000000 24576.000000 0.000000 0.000000 17376.000000 0.000000 256.000000 2304.000000 552.000000 920320.000000 5986257.000000 
47
0.000000 24640.000000 0.000000 9600.000000 19168.000000 0.000000 512.000000 3584.000000 640.000000 0.000000 0.000000 6528.000000 0.000000 4320.000000 0.000000 0.000000 0.000000 0.000000 0.000000 0.000000 1040256.000000 90240.000000 0.000000 1792.000000 768.000000 1024.000000 2048.000000 1536.000000 0.000000 3840.000000 0.000000 0.000000 0.000000 9600.000000 0.000000 4320.000000 7936.000000 256.000000 1536.000000 64.000000 1536.000000 0.000000 0.000000 0.000000 0.000000 16128.000000 0.000000 0.000000 0.000000 0.000000 2112.000000 24576.000000 0.000000 0.000000 17376.000000 0.000000 256.000000 2304.000000 552.000000 920320.000000 5986257.000000 
48
0.000000 33792.000000 0.000000 0.000000 6207556.000000 7776.000000 0.000000 0.000000 512.000000 3072.000000 0.000000 24576.000000 0.000000 0.000000 0.000000 0.000000 0.000000 0.000000 0.000000 0.000000 1040256.000000 4088121.000000 16.000000 36864.000000 4299264.000000 1895121.000000 0.000000 12595.000000 0.000000 0.000000 512.000000 22912.000000 0.000000 8544.000000 0.000000 4320.000000 13056.000000 0.000000 0.000000 0.000000 0.000000 16448.000000 0.000000 0.000000 0.000000 0.000000 0.000000 0.000000 0.000000 0.000000 13056.000000 34944.000000 256.000000 0.000000 0.000000 0.000000 0.000000 72.000000 13824.000000 1067904.000000 3220531.000000 
49
0.000000 33792.000000 0.000000 0.000000 6207556.000000 7776.000000 0.000000 0.000000 512.000000 3072.000000 0.000000 24576.000000 0.000000 0.000000 0.000000 0.000000 0.000000 0.000000 0.000000 0.000000 1040256.000000 4088121.000000 16.000000 36864.000000 4299264.000000 1895121.000000 0.000000 12595.000000 0.000000 0.000000 512.000000 22912.000000 0.000000 8544.000000 0.000000 4320.000000 13056.000000 0.000000 0.000000 0.000000 0.000000 16448.000000 0.000000 0.000000 0.000000 0.000000 0.000000 0.000000 0.000000 0.000000 13056.000000 34944.000000 256.000000 0.000000 0.000000 0.000000 0.000000 72.000000 13824.000000 1067904.000000 3220531.000000 
50
0.000000 33792.000000 0.000000 0.000000 6207556.000000 7776.000000 0.000000 0.000000 512.000000 3072.000000 0.000000 24576.000000 0.000000 0.000000 0.000000 0.000000 0.000000 0.000000 0.000000 0.000000 1040256.000000 4088121.000000 16.000000 36864.000000 4299264.000000 1895121.000000 0.000000 12595.000000 0.000000 0.000000 512.000000 22912.000000 0.000000 8544.000000 0.000000 4320.000000 13056.000000 0.000000 0.000000 0.000000 0.000000 16448.000000 0.000000 0.000000 0.000000 0.000000 0.000000 0.000000 0.000000 0.000000 13056.000000 34944.000000 256.000000 0.000000 0.000000 0.000000 0.000000 72.000000 13824.000000 1067904.000000 3220531.000000 
51
0.000000 33792.000000 0.000000 0.000000 6207556.000000 7776.000000 0.000000 0.000000 512.000000 3072.000000 0.000000 24576.000000 0.000000 0.000000 0.000000 0.000000 0.000000 0.000000 0.000000 0.000000 1040256.000000 4088121.000000 16.000000 36864.000000 4299264.000000 1895121.000000 0.000000 12595.000000 0.000000 0.000000 512.000000 22912.000000 0.000000 8544.000000 0.000000 4320.000000 13056.000000 0.000000 0.000000 0.000000 0.000000 16448.000000 0.000000 0.000000 0.000000 0.000000 0.000000 0.000000 0.000000 0.000000 13056.000000 34944.000000 256.000000 0.000000 0.000000 0.000000 0.000000 72.000000 13824.000000 1067904.000000 3220531.000000 
52
0.000000 33792.000000 0.000000 0.000000 6207556.000000 7808.000000 0.000000 1536.000000 512.000000 4608.000000 0.000000 24576.000000 0.000000 0.000000 0.000000 0.000000 0.000000 0.000000 0.000000 0.000000 1036800.000000 3649273.000000 16.000000 36864.000000 4296320.000000 1898577.000000 0.000000 22515.000000 0.000000 512.000000 128.000000 70656.000000 2176.000000 0.000000 0.000000 0.000000 3103488.000000 3990964.000000 784.000000 0.000000 0.000000 0.000000 0.000000 0.000000 0.000000 0.000000 0.000000 0.000000 0.000000 0.000000 13056.000000 34944.000000 256.000000 0.000000 0.000000 0.000000 0.000000 72.000000 13824.000000 512.000000 7680.000000 
53
0.000000 33792.000000 0.000000 0.000000 6207556.000000 7808.000000 0.000000 1536.000000 512.000000 4608.000000 0.000000 24576.000000 0.000000 0.000000 0.000000 0.000000 0.000000 0.000000 0.000000 0.000000 1036800.000000 3649273.000000 16.000000 36864.000000 4296320.000000 1898577.000000 0.000000 22515.000000 0.000000 512.000000 128.000000 70656.000000 2176.000000 0.000000 0.000000 0.000000 3103488.000000 3990964.000000 784.000000 0.000000 0.000000 0.000000 0.000000 0.000000 0.000000 0.000000 0.000000 0.000000 0.000000 0.000000 13056.000000 34944.000000 256.000000 0.000000 0.000000 0.000000 0.000000 72.000000 13824.000000 512.000000 7680.000000 
54
0.000000 33792.000000 0.000000 0.000000 6207556.000000 7808.000000 0.000000 1536.000000 512.000000 4608.000000 0.000000 24576.000000 0.000000 0.000000 0.000000 0.000000 0.000000 0.000000 0.000000 0.000000 1036800.000000 3649273.000000 16.000000 36864.000000 4296320.000000 1898577.000000 0.000000 22515.000000 0.000000 512.000000 128.000000 70656.000000 2176.000000 0.000000 0.000000 0.000000 3103488.000000 3990964.000000 784.000000 0.000000 0.000000 0.000000 0.000000 0.000000 0.000000 0.000000 0.000000 0.000000 0.000000 0.000000 13056.000000 34944.000000 256.000000 0.000000 0.000000 0.000000 0.000000 72.000000 13824.000000 512.000000 7680.000000 
55
0.000000 33792.000000 0.000000 0.000000 6207556.000000 7808.000000 0.000000 1536.000000 512.000000 4608.000000 0.000000 24576.000000 0.000000 0.000000 0.000000 0.000000 0.000000 0.000000 0.000000 0.000000 1036800.000000 3649273.000000 16.000000 36864.000000 4296320.000000 1898577.000000 0.000000 22515.000000 0.000000 512.000000 128.000000 70656.000000 2176.000000 0.000000 0.000000 0.000000 3103488.000000 3990964.000000 784.000000 0.000000 0.000000 0.000000 0.000000 0.000000 0.000000 0.000000 0.000000 0.000000 0.000000 0.000000 13056.000000 34944.000000 256.000000 0.000000 0.000000 0.000000 0.000000 72.000000 13824.000000 512.000000 7680.000000 
56
0.000000 0.000000 0.000000 0.000000 6206020.000000 1664.000000 0.000000 2048.000000 1536.000000 7492.000000 0.000000 24640.000000 0.000000 0.000000 0.000000 0.000000 0.000000 0.000000 0.000000 0.000000 1074816.000000 3610008.000000 16.000000 36864.000000 4334336.000000 1860561.000000 0.000000 22515.000000 0.000000 64.000000 640.000000 36864.000000 3712.000000 0.000000 0.000000 0.000000 3172608.000000 3929524.000000 768.000000 0.000000 0.000000 0.000000 0.000000 0.000000 0.000000 0.000000 0.000000 0.000000 0.000000 0.000000 13056.000000 1152.000000 256.000000 0.000000 0.000000 0.000000 0.000000 72.000000 13824.000000 512.000000 12611.000000 
57
0.000000 0.000000 0.000000 0.000000 6206020.000000 1664.000000 0.000000 2048.000000 1536.000000 7492.000000 0.000000 24640.000000 0.000000 0.000000 0.000000 0.000000 0.000000 0.000000 0.000000 0.000000 1074816.000000 3610008.000000 16.000000 36864.000000 4334336.000000 1860561.000000 0.000000 22515.000000 0.000000 64.000000 640.000000 36864.000000 3712.000000 0.000000 0.000000 0.000000 3172608.000000 3929524.000000 768.000000 0.000000 0.000000 0.000000 0.000000 0.000000 0.000000 0.000000 0.000000 0.000000 0.000000 0.000000 13056.000000 1152.000000 256.000000 0.000000 0.000000 0.000000 0.000000 72.000000 13824.000000 512.000000 12611.000000 
58
0.000000 0.000000 0.000000 0.000000 6206020.000000 1664.000000 0.000000 2048.000000 1536.000000 7492.000000 0.000000 24640.000000 0.000000 0.000000 0.000000 0.000000 0.000000 0.000000 0.000000 0.000000 1074816.000000 3610008.000000 16.000000 36864.000000 4334336.000000 1860561.000000 0.000000 22515.000000 0.000000 64.000000 640.000000 36864.000000 3712.000000 0.000000 0.000000 0.000000 3172608.000000 3929524.000000 768.000000 0.000000 0.000000 0.000000 0.000000 0.000000 0.000000 0.000000 0.000000 0.000000 0.000000 0.000000 13056.000000 1152.000000 256.000000 0.000000 0.000000 0.000000 0.000000 72.000000 13824.000000 512.000000 12611.000000 
59
0.000000 0.000000 0.000000 0.000000 6206020.000000 1664.000000 0.000000 2048.000000 1536.000000 7492.000000 0.000000 24640.000000 0.000000 0.000000 0.000000 0.000000 0.000000 0.000000 0.000000 0.000000 1074816.000000 3610008.000000 16.000000 36864.000000 4334336.000000 1860561.000000 0.000000 22515.000000 0.000000 64.000000 640.000000 36864.000000 3712.000000 0.000000 0.000000 0.000000 3172608.000000 3929524.000000 768.000000 0.000000 0.000000 0.000000 0.000000 0.000000 0.000000 0.000000 0.000000 0.000000 0.000000 0.000000 13056.000000 1152.000000 256.000000 0.000000 0.000000 0.000000 0.000000 72.000000 13824.000000 512.000000 12611.000000 
60
0.000000 33792.000000 0.000000 0.000000 6207556.000000 7808.000000 0.000000 1536.000000 512.000000 5952.000000 0.000000 35840.000000 0.000000 0.000000 0.000000 0.000000 0.000000 0.000000 0.000000 0.000000 1022976.000000 3663017.000000 16.000000 3072.000000 4317056.000000 1877841.000000 0.000000 22515.000000 0.000000 0.000000 512.000000 3072.000000 3712.000000 0.000000 0.000000 0.000000 3189888.000000 3901185.000000 1552.000000 0.000000 0.000000 18832.000000 40672.000000 1664.000000 0.000000 0.000000 0.000000 0.000000 0.000000 0.000000 0.000000 34944.000000 0.000000 0.000000 0.000000 0.000000 0.000000 72.000000 13824.000000 0.000000 0.000000 
61
0.000000 33792.000000 0.000000 0.000000 6207556.000000 7808.000000 0.000000 1536.000000 512.000000 5952.000000 0.000000 35840.000000 0.000000 0.000000 0.000000 0.000000 0.000000 0.000000 0.000000 0.000000 1022976.000000 3663017.000000 16.000000 3072.000000 4317056.000000 1877841.000000 0.000000 22515.000000 0.000000 0.000000 512.000000 3072.000000 3712.000000 0.000000 0.000000 0.000000 3189888.000000 3901185.000000 1552.000000 0.000000 0.000000 18832.000000 40672.000000 1664.000000 0.000000 0.000000 0.000000 0.000000 0.000000 0.000000 0.000000 34944.000000 0.000000 0.000000 0.000000 0.000000 0.000000 72.000000 13824.000000 0.000000 0.000000 
62
0.000000 33792.000000 0.000000 0.000000 6207556.000000 7808.000000 0.000000 1536.000000 512.000000 5952.000000 0.000000 35840.000000 0.000000 0.000000 0.000000 0.000000 0.000000 0.000000 0.000000 0.000000 1022976.000000 3663017.000000 16.000000 3072.000000 4317056.000000 1877841.000000 0.000000 22515.000000 0.000000 0.000000 512.000000 3072.000000 3712.000000 0.000000 0.000000 0.000000 3189888.000000 3901185.000000 1552.000000 0.000000 0.000000 18832.000000 40672.000000 1664.000000 0.000000 0.000000 0.000000 0.000000 0.000000 0.000000 0.000000 34944.000000 0.000000 0.000000 0.000000 0.000000 0.000000 72.000000 13824.000000 0.000000 0.000000 
63
0.000000 33792.000000 0.000000 0.000000 6207556.000000 7808.000000 0.000000 1536.000000 512.000000 5952.000000 0.000000 35840.000000 0.000000 0.000000 0.000000 0.000000 0.000000 0.000000 0.000000 0.000000 1022976.000000 3663017.000000 16.000000 3072.000000 4317056.000000 1877841.000000 0.000000 22515.000000 0.000000 0.000000 512.000000 3072.000000 3712.000000 0.000000 0.000000 0.000000 3189888.000000 3901185.000000 1552.000000 0.000000 0.000000 18832.000000 40672.000000 1664.000000 0.000000 0.000000 0.000000 0.000000 0.000000 0.000000 0.000000 34944.000000 0.000000 0.000000 0.000000 0.000000 0.000000 72.000000 13824.000000 0.000000 0.000000 
64
0.000000 33792.000000 0.000000 0.000000 6207556.000000 7808.000000 0.000000 1536.000000 512.000000 5952.000000 0.000000 35840.000000 0.000000 0.000000 0.000000 0.000000 0.000000 0.000000 0.000000 0.000000 1022976.000000 3443082.000000 0.000000 36864.000000 4282496.000000 1912401.000000 0.000000 22515.000000 0.000000 0.000000 128.000000 36864.000000 3712.000000 0.000000 0.000000 0.000000 3120768.000000 3981364.000000 1552.000000 0.000000 0.000000 18832.000000 62944.000000 1664.000000 0.000000 0.000000 0.000000 0.000000 0.000000 0.000000 0.000000 34944.000000 256.000000 0.000000 0.000000 0.000000 0.000000 72.000000 13824.000000 0.000000 0.000000 
65
0.000000 33792.000000 0.000000 0.000000 6207556.000000 7808.000000 0.000000 1536.000000 512.000000 5952.000000 0.000000 35840.000000 0.000000 0.000000 0.000000 0.000000 0.000000 0.000000 0.000000 0.000000 1022976.000000 3443082.000000 0.000000 36864.000000 4282496.000000 1912401.000000 0.000000 22515.000000 0.000000 0.000000 128.000000 36864.000000 3712.000000 0.000000 0.000000 0.000000 3120768.000000 3981364.000000 1552.000000 0.000000 0.000000 18832.000000 62944.000000 1664.000000 0.000000 0.000000 0.000000 0.000000 0.000000 0.000000 0.000000 34944.000000 256.000000 0.000000 0.000000 0.000000 0.000000 72.000000 13824.000000 0.000000 0.000000 
66
0.000000 33792.000000 0.000000 0.000000 6207556.000000 7808.000000 0.000000 1536.000000 512.000000 5952.000000 0.000000 35840.000000 0.000000 0.000000 0.000000 0.000000 0.000000 0.000000 0.000000 0.000000 1022976.000000 3443082.000000 0.000000 36864.000000 4282496.000000 1912401.000000 0.000000 22515.000000 0.000000 0.000000 128.000000 36864.000000 3712.000000 0.000000 0.000000 0.000000 3120768.000000 3981364.000000 1552.000000 0.000000 0.000000 18832.000000 62944.000000 1664.000000 0.000000 0.000000 0.000000 0.000000 0.000000 0.000000 0.000000 34944.000000 256.000000 0.000000 0.000000 0.000000 0.000000 72.000000 13824.000000 0.000000 0.000000 
67
0.000000 33792.000000 0.000000 0.000000 6207556.000000 7808.000000 0.000000 1536.000000 512.000000 5952.000000 0.000000 35840.000000 0.000000 0.000000 0.000000 0.000000 0.000000 0.000000 0.000000 0.000000 1022976.000000 3443082.000000 0.000000 36864.000000 4282496.000000 1912401.000000 0.000000 22515.000000 0.000000 0.000000 128.000000 36864.000000 3712.000000 0.000000 0.000000 0.000000 3120768.000000 3981364.000000 1552.000000 0.000000 0.000000 18832.000000 62944.000000 1664.000000 0.000000 0.000000 0.000000 0.000000 0.000000 0.000000 0.000000 34944.000000 256.000000 0.000000 0.000000 0.000000 0.000000 72.000000 13824.000000 0.000000 0.000000 
68
0.000000 33792.000000 0.000000 0.000000 6207556.000000 7808.000000 0.000000 1536.000000 512.000000 5952.000000 0.000000 35840.000000 0.000000 0.000000 0.000000 0.000000 0.000000 0.000000 0.000000 0.000000 1022976.000000 3218423.000000 16.000000 36864.000000 4282496.000000 1912401.000000 0.000000 22515.000000 0.000000 0.000000 128.000000 36864.000000 3712.000000 0.000000 0.000000 0.000000 3124224.000000 3977908.000000 1552.000000 0.000000 0.000000 18832.000000 44640.000000 1664.000000 0.000000 0.000000 0.000000 0.000000 0.000000 0.000000 0.000000 34944.000000 256.000000 0.000000 0.000000 0.000000 0.000000 72.000000 13824.000000 0.000000 0.000000 
69
0.000000 33792.000000 0.000000 0.000000 6207556.000000 7808.000000 0.000000 1536.000000 512.000000 5952.000000 0.000000 35840.000000 0.000000 0.000000 0.000000 0.000000 0.000000 0.000000 0.000000 0.000000 1022976.000000 3218423.000000 16.000000 36864.000000 4282496.000000 1912401.000000 0.000000 22515.000000 0.000000 0.000000 128.000000 36864.000000 3712.000000 0.000000 0.000000 0.000000 3124224.000000 3977908.000000 1552.000000 0.000000 0.000000 18832.000000 44640.000000 1664.000000 0.000000 0.000000 0.000000 0.000000 0.000000 0.000000 0.000000 34944.000000 256.000000 0.000000 0.000000 0.000000 0.000000 72.000000 13824.000000 0.000000 0.000000 
70
0.000000 33792.000000 0.000000 0.000000 6207556.000000 7808.000000 0.000000 1536.000000 512.000000 5952.000000 0.000000 35840.000000 0.000000 0.000000 0.000000 0.000000 0.000000 0.000000 0.000000 0.000000 1022976.000000 3218423.000000 16.000000 36864.000000 4282496.000000 1912401.000000 0.000000 22515.000000 0.000000 0.000000 128.000000 36864.000000 3712.000000 0.000000 0.000000 0.000000 3124224.000000 3977908.000000 1552.000000 0.000000 0.000000 18832.000000 44640.000000 1664.000000 0.000000 0.000000 0.000000 0.000000 0.000000 0.000000 0.000000 34944.000000 256.000000 0.000000 0.000000 0.000000 0.000000 72.000000 13824.000000 0.000000 0.000000 
71
0.000000 33792.000000 0.000000 0.000000 6207556.000000 7808.000000 0.000000 1536.000000 512.000000 5952.000000 0.000000 35840.000000 0.000000 0.000000 0.000000 0.000000 0.000000 0.000000 0.000000 0.000000 1022976.000000 3218423.000000 16.000000 36864.000000 4282496.000000 1912401.000000 0.000000 22515.000000 0.000000 0.000000 128.000000 36864.000000 3712.000000 0.000000 0.000000 0.000000 3124224.000000 3977908.000000 1552.000000 0.000000 0.000000 18832.000000 44640.000000 1664.000000 0.000000 0.000000 0.000000 0.000000 0.000000 0.000000 0.000000 34944.000000 256.000000 0.000000 0.000000 0.000000 0.000000 72.000000 13824.000000 0.000000 0.000000 
72
0.000000 33792.000000 0.000000 0.000000 6207556.000000 7808.000000 0.000000 1536.000000 512.000000 5952.000000 0.000000 35840.000000 0.000000 0.000000 0.000000 0.000000 0.000000 0.000000 0.000000 0.000000 1022976.000000 3443018.000000 16.000000 36864.000000 4282496.000000 1912401.000000 0.000000 22515.000000 0.000000 0.000000 128.000000 36864.000000 3712.000000 0.000000 0.000000 0.000000 3120768.000000 3981364.000000 1552.000000 0.000000 0.000000 18832.000000 42336.000000 1664.000000 0.000000 0.000000 0.000000 0.000000 0.000000 0.000000 0.000000 34944.000000 256.000000 0.000000 0.000000 0.000000 0.000000 72.000000 13824.000000 0.000000 0.000000 
73
0.000000 33792.000000 0.000000 0.000000 6207556.000000 7808.000000 0.000000 1536.000000 512.000000 5952.000000 0.000000 35840.000000 0.000000 0.000000 0.000000 0.000000 0.000000 0.000000 0.000000 0.000000 1022976.000000 3443018.000000 16.000000 36864.000000 4282496.000000 1912401.000000 0.000000 22515.000000 0.000000 0.000000 128.000000 36864.000000 3712.000000 0.000000 0.000000 0.000000 3120768.000000 3981364.000000 1552.000000 0.000000 0.000000 18832.000000 42336.000000 1664.000000 0.000000 0.000000 0.000000 0.000000 0.000000 0.000000 0.000000 34944.000000 256.000000 0.000000 0.000000 0.000000 0.000000 72.000000 13824.000000 0.000000 0.000000 
74
0.000000 33792.000000 0.000000 0.000000 6207556.000000 7808.000000 0.000000 1536.000000 512.000000 5952.000000 0.000000 35840.000000 0.000000 0.000000 0.000000 0.000000 0.000000 0.000000 0.000000 0.000000 1022976.000000 3443018.000000 16.000000 36864.000000 4282496.000000 1912401.000000 0.000000 22515.000000 0.000000 0.000000 128.000000 36864.000000 3712.000000 0.000000 0.000000 0.000000 3120768.000000 3981364.000000 1552.000000 0.000000 0.000000 18832.000000 42336.000000 1664.000000 0.000000 0.000000 0.000000 0.000000 0.000000 0.000000 0.000000 34944.000000 256.000000 0.000000 0.000000 0.000000 0.000000 72.000000 13824.000000 0.000000 0.000000 
75
0.000000 33792.000000 0.000000 0.000000 6207556.000000 7808.000000 0.000000 1536.000000 512.000000 5952.000000 0.000000 35840.000000 0.000000 0.000000 0.000000 0.000000 0.000000 0.000000 0.000000 0.000000 1022976.000000 3443018.000000 16.000000 36864.000000 4282496.000000 1912401.000000 0.000000 22515.000000 0.000000 0.000000 128.000000 36864.000000 3712.000000 0.000000 0.000000 0.000000 3120768.000000 3981364.000000 1552.000000 0.000000 0.000000 18832.000000 42336.000000 1664.000000 0.000000 0.000000 0.000000 0.000000 0.000000 0.000000 0.000000 34944.000000 256.000000 0.000000 0.000000 0.000000 0.000000 72.000000 13824.000000 0.000000 0.000000 
76
0.000000 67584.000000 0.000000 0.000000 6207556.000000 7808.000000 0.000000 1536.000000 128.000000 0.000000 0.000000 35840.000000 0.000000 0.000000 0.000000 0.000000 0.000000 0.000000 0.000000 0.000000 998784.000000 3235992.000000 16.000000 70656.000000 4230656.000000 1964241.000000 0.000000 22515.000000 0.000000 0.000000 1536.000000 36864.000000 3712.000000 0.000000 0.000000 0.000000 3290112.000000 3800961.000000 1552.000000 0.000000 512.000000 18704.000000 42336.000000 1536.000000 0.000000 0.000000 0.000000 0.000000 0.000000 0.000000 0.000000 68736.000000 256.000000 0.000000 0.000000 0.000000 0.000000 72.000000 13824.000000 0.000000 0.000000 
77
0.000000 67584.000000 0.000000 0.000000 6207556.000000 7808.000000 0.000000 1536.000000 128.000000 0.000000 0.000000 35840.000000 0.000000 0.000000 0.000000 0.000000 0.000000 0.000000 0.000000 0.000000 998784.000000 3235992.000000 16.000000 70656.000000 4230656.000000 1964241.000000 0.000000 22515.000000 0.000000 0.000000 1536.000000 36864.000000 3712.000000 0.000000 0.000000 0.000000 3290112.000000 3800961.000000 1552.000000 0.000000 512.000000 18704.000000 42336.000000 1536.000000 0.000000 0.000000 0.000000 0.000000 0.000000 0.000000 0.000000 68736.000000 256.000000 0.000000 0.000000 0.000000 0.000000 72.000000 13824.000000 0.000000 0.000000 
78
0.000000 67584.000000 0.000000 0.000000 6207556.000000 7808.000000 0.000000 1536.000000 128.000000 0.000000 0.000000 35840.000000 0.000000 0.000000 0.000000 0.000000 0.000000 0.000000 0.000000 0.000000 998784.000000 3235992.000000 16.000000 70656.000000 4230656.000000 1964241.000000 0.000000 22515.000000 0.000000 0.000000 1536.000000 36864.000000 3712.000000 0.000000 0.000000 0.000000 3290112.000000 3800961.000000 1552.000000 0.000000 512.000000 18704.000000 42336.000000 1536.000000 0.000000 0.000000 0.000000 0.000000 0.000000 0.000000 0.000000 68736.000000 256.000000 0.000000 0.000000 0.000000 0.000000 72.000000 13824.000000 0.000000 0.000000 
79
0.000000 67584.000000 0.000000 0.000000 6207556.000000 7808.000000 0.000000 1536.000000 128.000000 0.000000 0.000000 35840.000000 0.000000 0.000000 0.000000 0.000000 0.000000 0.000000 0.000000 0.000000 998784.000000 3235992.000000 16.000000 70656.000000 4230656.000000 1964241.000000 0.000000 22515.000000 0.000000 0.000000 1536.000000 36864.000000 3712.000000 0.000000 0.000000 0.000000 3290112.000000 3800961.000000 1552.000000 0.000000 512.000000 18704.000000 42336.000000 1536.000000 0.000000 0.000000 0.000000 0.000000 0.000000 0.000000 0.000000 68736.000000 256.000000 0.000000 0.000000 0.000000 0.000000 72.000000 13824.000000 0.000000 0.000000 
