0
1.000000 0.760000 1.000000 0.904000 0.886000 0.684000 0.580000 0.762000 0.782000 1.000000 1.000000 1.000000 0.868000 0.824000 -0.000000 -0.000000 -0.000000 -0.000000 -0.000000 -0.000000 0.002000 0.892000 1.000000 1.000000 0.760000 0.406000 0.648000 0.948000 0.056000 0.450000 1.000000 1.000000 0.058000 0.310000 1.000000 0.062000 0.280000 0.984000 0.702000 0.040000 0.908000 1.000000 0.600000 -0.000000 -0.000000 0.672000 0.580000 -0.000000 -0.000000 -0.000000 0.014000 0.820000 1.000000 0.952000 0.282000 0.976000 0.482000 0.738000 0.862000 0.494000 0.692000 
1
1.000000 0.760000 1.000000 0.948000 0.884000 0.684000 0.538000 0.754000 0.778000 1.000000 1.000000 1.000000 0.834000 0.822000 -0.000000 -0.000000 -0.000000 -0.000000 -0.000000 -0.000000 -0.000000 0.892000 1.000000 1.000000 0.758000 0.406000 0.648000 0.948000 0.024000 0.450000 1.000000 1.000000 0.064000 0.308000 1.000000 0.062000 0.282000 0.846000 0.658000 0.042000 0.908000 1.000000 0.604000 -0.000000 -0.000000 0.674000 0.532000 -0.000000 -0.000000 -0.000000 0.014000 0.820000 1.000000 0.952000 0.282000 0.976000 0.482000 0.738000 0.862000 0.492000 0.680000 
2
1.000000 0.760000 1.000000 0.948000 0.884000 0.684000 0.538000 0.754000 0.778000 1.000000 1.000000 1.000000 0.834000 0.776000 -0.000000 -0.000000 -0.000000 -0.000000 -0.000000 -0.000000 -0.000000 0.892000 1.000000 0.938000 0.592000 0.328000 0.606000 0.804000 0.024000 0.450000 1.000000 1.000000 0.052000 0.310000 1.000000 0.062000 0.280000 0.848000 0.618000 0.032000 0.908000 1.000000 0.594000 -0.000000 -0.000000 0.672000 0.534000 -0.000000 -0.000000 -0.000000 0.014000 0.812000 1.000000 0.954000 0.282000 0.982000 0.482000 0.602000 0.830000 0.482000 0.682000 
3
1.000000 0.758000 1.000000 0.944000 0.886000 0.684000 0.436000 0.756000 0.772000 1.000000 1.000000 1.000000 0.830000 0.776000 -0.000000 -0.000000 -0.000000 -0.000000 -0.000000 -0.000000 -0.000000 0.892000 1.000000 1.000000 0.622000 0.328000 0.606000 0.804000 0.024000 0.450000 1.000000 1.000000 0.052000 0.310000 1.000000 0.062000 0.280000 0.848000 0.618000 0.032000 0.908000 1.000000 0.594000 -0.000000 -0.000000 0.672000 0.534000 -0.000000 -0.000000 -0.000000 0.014000 0.812000 1.000000 0.952000 0.284000 0.974000 0.484000 0.600000 0.830000 0.484000 0.680000 
4
1.000000 0.760000 1.000000 0.904000 0.856000 0.214000 0.582000 0.760000 0.784000 1.000000 1.000000 1.000000 0.868000 0.822000 -0.000000 -0.000000 -0.000000 -0.000000 -0.000000 -0.000000 0.004000 0.892000 1.000000 1.000000 0.860000 0.406000 0.648000 0.738000 -0.000000 0.450000 1.000000 1.000000 0.058000 0.310000 1.000000 0.060000 0.282000 0.982000 0.702000 0.040000 0.908000 1.000000 0.600000 -0.000000 -0.000000 0.672000 0.582000 -0.000000 -0.000000 -0.000000 0.014000 0.820000 1.000000 0.766000 0.284000 0.504000 0.482000 0.738000 0.862000 0.494000 0.424000 
5
1.000000 0.760000 1.000000 0.948000 0.856000 0.214000 0.536000 0.756000 0.776000 1.000000 1.000000 1.000000 0.836000 0.822000 -0.000000 -0.000000 -0.000000 -0.000000 -0.000000 -0.000000 -0.000000 0.892000 1.000000 1.000000 0.856000 0.406000 0.648000 0.738000 -0.000000 0.450000 1.000000 1.000000 0.064000 0.308000 1.000000 0.062000 0.282000 0.848000 0.658000 0.040000 0.908000 1.000000 0.606000 -0.000000 -0.000000 0.672000 0.532000 -0.000000 -0.000000 -0.000000 0.014000 0.820000 1.000000 0.858000 0.282000 0.506000 0.482000 0.736000 0.864000 0.490000 0.394000 
6
1.000000 0.760000 1.000000 0.948000 0.856000 0.214000 0.536000 0.756000 0.776000 1.000000 1.000000 1.000000 0.836000 0.776000 -0.000000 -0.000000 -0.000000 -0.000000 -0.000000 -0.000000 -0.000000 0.892000 1.000000 1.000000 0.722000 0.328000 0.604000 0.596000 -0.000000 0.450000 1.000000 1.000000 0.052000 0.310000 1.000000 0.060000 0.282000 0.848000 0.616000 0.032000 0.908000 1.000000 0.594000 0.002000 -0.000000 0.672000 0.532000 -0.000000 -0.000000 -0.000000 0.014000 0.812000 1.000000 0.856000 0.284000 0.512000 0.482000 0.600000 0.830000 0.484000 0.394000 
7
1.000000 0.758000 1.000000 0.944000 0.856000 0.214000 0.438000 0.754000 0.774000 1.000000 1.000000 1.000000 0.830000 0.776000 -0.000000 -0.000000 -0.000000 -0.000000 -0.000000 -0.000000 -0.000000 0.892000 1.000000 1.000000 0.722000 0.328000 0.606000 0.594000 -0.000000 0.450000 1.000000 1.000000 0.052000 0.310000 1.000000 0.062000 0.280000 0.848000 0.618000 0.032000 0.908000 1.000000 0.594000 -0.000000 -0.000000 0.672000 0.534000 -0.000000 -0.000000 -0.000000 0.014000 0.810000 1.000000 0.858000 0.282000 0.396000 0.482000 0.600000 0.830000 0.484000 0.394000 
8
1.000000 0.760000 1.000000 0.904000 0.856000 0.214000 0.582000 0.760000 0.784000 1.000000 1.000000 1.000000 0.868000 0.822000 -0.000000 -0.000000 -0.000000 -0.000000 -0.000000 -0.000000 0.004000 0.892000 1.000000 1.000000 0.860000 0.406000 0.648000 0.738000 -0.000000 0.450000 1.000000 1.000000 0.058000 0.310000 1.000000 0.060000 0.282000 0.982000 0.702000 0.040000 0.908000 1.000000 0.600000 -0.000000 -0.000000 0.674000 0.580000 -0.000000 -0.000000 -0.000000 0.014000 0.820000 1.000000 0.766000 0.282000 0.506000 0.482000 0.714000 0.232000 0.494000 0.424000 
9
1.000000 0.760000 1.000000 0.948000 0.856000 0.214000 0.536000 0.756000 0.776000 1.000000 1.000000 1.000000 0.836000 0.822000 -0.000000 -0.000000 -0.000000 -0.000000 -0.000000 -0.000000 -0.000000 0.892000 1.000000 1.000000 0.856000 0.406000 0.648000 0.738000 -0.000000 0.450000 1.000000 1.000000 0.064000 0.308000 1.000000 0.062000 0.282000 0.848000 0.658000 0.040000 0.908000 1.000000 0.606000 -0.000000 -0.000000 0.672000 0.534000 -0.000000 -0.000000 -0.000000 0.012000 0.820000 1.000000 0.858000 0.282000 0.506000 0.482000 0.716000 0.230000 0.492000 0.392000 
10
1.000000 0.760000 1.000000 0.948000 0.856000 0.214000 0.536000 0.756000 0.776000 1.000000 1.000000 1.000000 0.836000 0.776000 -0.000000 -0.000000 -0.000000 -0.000000 -0.000000 -0.000000 -0.000000 0.892000 1.000000 1.000000 0.722000 0.328000 0.604000 0.596000 -0.000000 0.450000 1.000000 1.000000 0.052000 0.310000 1.000000 0.060000 0.282000 0.848000 0.616000 0.032000 0.908000 1.000000 0.594000 0.002000 -0.000000 0.672000 0.532000 -0.000000 -0.000000 -0.000000 0.014000 0.812000 1.000000 0.858000 0.282000 0.512000 0.482000 0.580000 0.198000 0.482000 0.396000 
11
1.000000 0.758000 1.000000 0.944000 0.856000 0.214000 0.438000 0.754000 0.774000 1.000000 1.000000 1.000000 0.830000 0.776000 -0.000000 -0.000000 -0.000000 -0.000000 -0.000000 -0.000000 -0.000000 0.892000 1.000000 1.000000 0.722000 0.328000 0.606000 0.594000 -0.000000 0.450000 1.000000 1.000000 0.052000 0.310000 1.000000 0.014000 0.282000 0.846000 0.618000 0.032000 0.908000 1.000000 0.594000 -0.000000 -0.000000 0.672000 0.534000 -0.000000 -0.000000 -0.000000 0.014000 0.812000 1.000000 0.858000 0.282000 0.396000 0.482000 0.580000 0.198000 0.484000 0.404000 
12
1.000000 0.760000 1.000000 0.904000 0.856000 0.214000 0.582000 0.760000 0.784000 1.000000 1.000000 1.000000 0.868000 0.822000 -0.000000 -0.000000 -0.000000 -0.000000 -0.000000 -0.000000 0.004000 0.892000 1.000000 1.000000 0.856000 0.406000 0.648000 0.738000 -0.000000 0.450000 1.000000 1.000000 0.058000 0.310000 1.000000 0.060000 0.282000 0.982000 0.702000 0.042000 0.906000 1.000000 0.600000 -0.000000 -0.000000 0.674000 0.580000 -0.000000 -0.000000 -0.000000 0.014000 0.820000 1.000000 0.766000 0.282000 0.506000 0.482000 0.714000 0.232000 0.494000 0.408000 
13
1.000000 0.760000 1.000000 0.948000 0.856000 0.214000 0.536000 0.756000 0.776000 1.000000 1.000000 1.000000 0.836000 0.822000 -0.000000 -0.000000 -0.000000 -0.000000 -0.000000 -0.000000 -0.000000 0.892000 1.000000 1.000000 0.856000 0.406000 0.648000 0.738000 -0.000000 0.450000 1.000000 1.000000 0.064000 0.308000 1.000000 0.062000 0.282000 0.848000 0.658000 0.040000 0.908000 1.000000 0.606000 -0.000000 -0.000000 0.672000 0.534000 -0.000000 -0.000000 -0.000000 0.012000 0.820000 1.000000 0.858000 0.282000 0.506000 0.482000 0.716000 0.230000 0.492000 0.398000 
14
1.000000 0.760000 1.000000 0.948000 0.856000 0.214000 0.536000 0.756000 0.776000 1.000000 1.000000 1.000000 0.836000 0.776000 -0.000000 -0.000000 -0.000000 -0.000000 -0.000000 -0.000000 -0.000000 0.892000 1.000000 1.000000 0.722000 0.328000 0.604000 0.596000 -0.000000 0.450000 1.000000 1.000000 0.052000 0.310000 1.000000 0.060000 0.282000 0.848000 0.616000 0.032000 0.908000 1.000000 0.594000 0.002000 -0.000000 0.672000 0.532000 -0.000000 -0.000000 -0.000000 0.014000 0.812000 1.000000 0.858000 0.282000 0.512000 0.482000 0.580000 0.198000 0.482000 0.388000 
15
1.000000 0.758000 1.000000 0.944000 0.856000 0.214000 0.438000 0.754000 0.774000 1.000000 1.000000 1.000000 0.830000 0.776000 -0.000000 -0.000000 -0.000000 -0.000000 -0.000000 -0.000000 -0.000000 0.892000 1.000000 1.000000 0.722000 0.328000 0.606000 0.594000 -0.000000 0.450000 1.000000 1.000000 0.052000 0.310000 1.000000 0.014000 0.282000 0.846000 0.618000 0.032000 0.908000 1.000000 0.594000 -0.000000 -0.000000 0.672000 0.534000 -0.000000 -0.000000 -0.000000 0.014000 0.812000 1.000000 0.858000 0.282000 0.396000 0.482000 0.580000 0.198000 0.484000 0.386000 
16
1.000000 0.760000 1.000000 0.904000 0.856000 0.214000 0.582000 0.760000 0.784000 1.000000 1.000000 1.000000 0.850000 0.824000 -0.000000 -0.000000 -0.000000 -0.000000 -0.000000 -0.000000 0.002000 0.854000 1.000000 1.000000 0.914000 1.000000 0.808000 -0.000000 -0.000000 0.448000 1.000000 0.890000 1.000000 1.000000 1.000000 1.000000 0.630000 -0.000000 -0.000000 -0.000000 0.906000 0.920000 1.000000 1.000000 1.000000 0.888000 0.206000 -0.000000 -0.000000 -0.000000 -0.000000 0.720000 1.000000 1.000000 0.948000 1.000000 0.514000 0.180000 1.000000 0.042000 0.620000 
17
1.000000 0.760000 1.000000 0.948000 0.856000 0.214000 0.536000 0.756000 0.776000 1.000000 1.000000 1.000000 0.844000 0.822000 -0.000000 -0.000000 -0.000000 -0.000000 -0.000000 -0.000000 -0.000000 0.852000 1.000000 1.000000 0.916000 1.000000 0.808000 -0.000000 -0.000000 0.448000 1.000000 0.878000 1.000000 1.000000 1.000000 1.000000 0.630000 -0.000000 -0.000000 -0.000000 0.906000 0.908000 1.000000 1.000000 1.000000 0.888000 0.206000 -0.000000 -0.000000 -0.000000 -0.000000 0.722000 1.000000 1.000000 0.946000 1.000000 0.516000 0.178000 1.000000 0.040000 0.610000 
18
1.000000 0.760000 1.000000 0.946000 0.856000 0.214000 0.438000 0.754000 0.778000 1.000000 1.000000 1.000000 0.842000 0.776000 -0.000000 -0.000000 -0.000000 -0.000000 -0.000000 -0.000000 -0.000000 0.844000 1.000000 1.000000 0.868000 1.000000 0.808000 -0.000000 -0.000000 0.448000 1.000000 0.884000 1.000000 1.000000 1.000000 1.000000 0.630000 -0.000000 -0.000000 -0.000000 0.906000 0.914000 1.000000 1.000000 1.000000 0.888000 0.206000 -0.000000 -0.000000 -0.000000 -0.000000 0.718000 1.000000 1.000000 0.784000 1.000000 0.516000 0.178000 1.000000 0.040000 0.610000 
19
1.000000 0.758000 1.000000 0.944000 0.808000 0.216000 0.436000 0.756000 0.774000 1.000000 1.000000 1.000000 0.844000 0.776000 -0.000000 -0.000000 -0.000000 -0.000000 -0.000000 -0.000000 -0.000000 0.852000 1.000000 1.000000 0.866000 1.000000 0.810000 -0.000000 -0.000000 0.448000 1.000000 0.880000 1.000000 1.000000 1.000000 1.000000 0.630000 -0.000000 -0.000000 -0.000000 0.906000 0.914000 1.000000 1.000000 1.000000 0.886000 0.206000 -0.000000 -0.000000 -0.000000 -0.000000 0.720000 1.000000 1.000000 0.784000 1.000000 0.514000 0.178000 1.000000 0.040000 0.610000 
20
1.000000 0.760000 1.000000 0.904000 0.856000 0.214000 0.582000 0.760000 0.784000 1.000000 1.000000 1.000000 0.850000 0.824000 -0.000000 -0.000000 -0.000000 -0.000000 -0.000000 -0.000000 0.002000 0.854000 1.000000 1.000000 0.914000 1.000000 0.310000 -0.000000 -0.000000 0.448000 1.000000 0.890000 1.000000 1.000000 1.000000 1.000000 0.630000 -0.000000 -0.000000 -0.000000 0.906000 0.920000 1.000000 1.000000 1.000000 0.888000 0.206000 -0.000000 -0.000000 -0.000000 -0.000000 0.720000 1.000000 1.000000 0.890000 0.096000 -0.000000 0.180000 1.000000 0.042000 0.620000 
21
1.000000 0.760000 1.000000 0.948000 0.856000 0.214000 0.536000 0.756000 0.776000 1.000000 1.000000 1.000000 0.844000 0.822000 -0.000000 -0.000000 -0.000000 -0.000000 -0.000000 -0.000000 -0.000000 0.852000 1.000000 1.000000 0.916000 1.000000 0.310000 -0.000000 -0.000000 0.448000 1.000000 0.878000 1.000000 1.000000 1.000000 1.000000 0.630000 -0.000000 -0.000000 -0.000000 0.906000 0.908000 1.000000 1.000000 1.000000 0.888000 0.206000 -0.000000 -0.000000 -0.000000 -0.000000 0.720000 1.000000 1.000000 0.890000 0.098000 -0.000000 0.178000 1.000000 0.040000 0.610000 
22
1.000000 0.760000 1.000000 0.946000 0.856000 0.214000 0.438000 0.754000 0.778000 1.000000 1.000000 1.000000 0.842000 0.776000 -0.000000 -0.000000 -0.000000 -0.000000 -0.000000 -0.000000 -0.000000 0.844000 1.000000 1.000000 0.868000 1.000000 0.310000 -0.000000 -0.000000 0.448000 1.000000 0.884000 1.000000 1.000000 1.000000 1.000000 0.630000 -0.000000 -0.000000 -0.000000 0.906000 0.914000 1.000000 1.000000 1.000000 0.886000 0.206000 -0.000000 -0.000000 -0.000000 -0.000000 0.718000 1.000000 1.000000 0.726000 0.098000 -0.000000 0.178000 1.000000 0.040000 0.610000 
23
1.000000 0.758000 1.000000 0.944000 0.808000 0.216000 0.436000 0.756000 0.774000 1.000000 1.000000 1.000000 0.844000 0.776000 -0.000000 -0.000000 -0.000000 -0.000000 -0.000000 -0.000000 -0.000000 0.852000 1.000000 1.000000 0.866000 1.000000 0.310000 -0.000000 -0.000000 0.448000 1.000000 0.882000 1.000000 1.000000 1.000000 1.000000 0.630000 -0.000000 -0.000000 -0.000000 0.906000 0.914000 1.000000 1.000000 1.000000 0.886000 0.206000 -0.000000 -0.000000 -0.000000 -0.000000 0.718000 1.000000 1.000000 0.726000 0.098000 -0.000000 0.178000 1.000000 0.040000 0.610000 
24
1.000000 0.760000 1.000000 0.904000 0.856000 0.214000 0.582000 0.760000 0.784000 1.000000 1.000000 1.000000 0.960000 0.824000 -0.000000 -0.000000 -0.000000 -0.000000 -0.000000 -0.000000 0.002000 0.854000 1.000000 1.000000 0.914000 1.000000 0.310000 -0.000000 -0.000000 0.448000 1.000000 0.890000 1.000000 1.000000 1.000000 1.000000 0.630000 -0.000000 -0.000000 -0.000000 0.906000 0.920000 1.000000 1.000000 1.000000 0.888000 0.206000 -0.000000 -0.000000 -0.000000 -0.000000 0.720000 1.000000 1.000000 0.890000 0.098000 -0.000000 0.178000 1.000000 0.042000 0.620000 
25
1.000000 0.760000 1.000000 0.948000 0.856000 0.214000 0.536000 0.756000 0.776000 1.000000 1.000000 1.000000 0.962000 0.822000 -0.000000 -0.000000 -0.000000 -0.000000 -0.000000 -0.000000 -0.000000 0.860000 1.000000 1.000000 0.916000 1.000000 0.310000 -0.000000 -0.000000 0.448000 1.000000 0.878000 1.000000 1.000000 1.000000 1.000000 0.630000 -0.000000 -0.000000 -0.000000 0.906000 0.908000 1.000000 1.000000 1.000000 0.888000 0.206000 -0.000000 -0.000000 -0.000000 -0.000000 0.720000 1.000000 1.000000 0.890000 0.098000 -0.000000 0.178000 1.000000 0.040000 0.610000 
26
1.000000 0.760000 1.000000 0.946000 0.856000 0.214000 0.438000 0.754000 0.778000 1.000000 1.000000 1.000000 0.954000 0.776000 -0.000000 -0.000000 -0.000000 -0.000000 -0.000000 -0.000000 -0.000000 0.852000 1.000000 1.000000 0.868000 1.000000 0.310000 -0.000000 -0.000000 0.448000 1.000000 0.884000 1.000000 1.000000 1.000000 1.000000 0.630000 -0.000000 -0.000000 -0.000000 0.908000 0.912000 1.000000 1.000000 1.000000 0.886000 0.208000 -0.000000 -0.000000 -0.000000 -0.000000 0.718000 1.000000 1.000000 0.726000 0.096000 -0.000000 0.180000 1.000000 0.040000 0.610000 
27
1.000000 0.758000 1.000000 0.944000 0.808000 0.216000 0.436000 0.756000 0.774000 1.000000 1.000000 1.000000 0.954000 0.776000 -0.000000 -0.000000 -0.000000 -0.000000 -0.000000 -0.000000 -0.000000 0.852000 1.000000 1.000000 0.866000 1.000000 0.310000 -0.000000 -0.000000 0.448000 1.000000 0.880000 1.000000 1.000000 1.000000 1.000000 0.628000 -0.000000 -0.000000 -0.000000 0.906000 0.914000 1.000000 1.000000 1.000000 0.886000 0.206000 -0.000000 -0.000000 -0.000000 -0.000000 0.718000 1.000000 1.000000 0.726000 0.098000 -0.000000 0.178000 1.000000 0.040000 0.610000 
28
1.000000 0.760000 1.000000 0.904000 0.856000 0.214000 0.582000 0.760000 0.784000 1.000000 1.000000 1.000000 0.960000 0.824000 -0.000000 -0.000000 -0.000000 -0.000000 -0.000000 -0.000000 0.002000 0.854000 1.000000 1.000000 0.914000 1.000000 0.310000 -0.000000 -0.000000 0.448000 1.000000 0.890000 1.000000 1.000000 1.000000 1.000000 0.630000 -0.000000 -0.000000 -0.000000 0.906000 0.920000 1.000000 1.000000 1.000000 0.888000 0.206000 -0.000000 -0.000000 -0.000000 -0.000000 0.720000 1.000000 1.000000 0.890000 0.098000 -0.000000 0.178000 1.000000 0.042000 0.620000 
29
1.000000 0.760000 1.000000 0.948000 0.856000 0.214000 0.536000 0.756000 0.776000 1.000000 1.000000 1.000000 0.962000 0.776000 -0.000000 -0.000000 -0.000000 -0.000000 -0.000000 -0.000000 -0.000000 0.852000 1.000000 1.000000 0.914000 1.000000 0.310000 -0.000000 -0.000000 0.448000 1.000000 0.878000 1.000000 1.000000 1.000000 1.000000 0.630000 -0.000000 -0.000000 -0.000000 0.908000 0.906000 1.000000 1.000000 1.000000 0.888000 0.206000 -0.000000 -0.000000 -0.000000 -0.000000 0.722000 1.000000 1.000000 0.888000 0.098000 -0.000000 0.178000 1.000000 0.040000 0.610000 
30
1.000000 0.760000 1.000000 0.946000 0.856000 0.214000 0.438000 0.754000 0.778000 1.000000 1.000000 1.000000 0.954000 0.776000 -0.000000 -0.000000 -0.000000 -0.000000 -0.000000 -0.000000 -0.000000 0.852000 1.000000 1.000000 0.868000 1.000000 0.310000 -0.000000 -0.000000 0.448000 1.000000 0.884000 1.000000 1.000000 1.000000 1.000000 0.630000 -0.000000 -0.000000 -0.000000 0.908000 0.912000 1.000000 1.000000 1.000000 0.886000 0.208000 -0.000000 -0.000000 -0.000000 -0.000000 0.718000 1.000000 1.000000 0.726000 0.096000 -0.000000 0.180000 1.000000 0.040000 0.610000 
31
1.000000 0.758000 1.000000 0.944000 0.808000 0.216000 0.436000 0.756000 0.774000 1.000000 1.000000 1.000000 0.954000 0.776000 -0.000000 -0.000000 -0.000000 -0.000000 -0.000000 -0.000000 -0.000000 0.860000 1.000000 1.000000 0.866000 1.000000 0.310000 -0.000000 -0.000000 0.448000 1.000000 0.880000 1.000000 1.000000 1.000000 1.000000 0.628000 -0.000000 -0.000000 -0.000000 0.906000 0.914000 1.000000 1.000000 1.000000 0.886000 0.206000 -0.000000 -0.000000 -0.000000 -0.000000 0.718000 1.000000 1.000000 0.726000 0.098000 -0.000000 0.178000 1.000000 0.040000 0.610000 
32
1.000000 0.762000 1.000000 0.852000 0.884000 0.332000 0.924000 0.756000 0.982000 1.000000 1.000000 1.000000 0.960000 0.822000 -0.000000 -0.000000 -0.000000 -0.000000 -0.000000 -0.000000 0.004000 0.894000 1.000000 0.752000 0.728000 0.918000 0.648000 0.948000 0.056000 0.452000 1.000000 1.000000 0.056000 0.310000 1.000000 0.062000 0.282000 0.846000 0.658000 0.042000 0.908000 1.000000 0.600000 -0.000000 -0.000000 0.672000 0.580000 -0.000000 -0.000000 -0.000000 0.014000 0.820000 1.000000 0.952000 0.284000 0.504000 0.484000 0.714000 0.232000 0.494000 0.428000 
33
1.000000 0.762000 1.000000 0.852000 0.884000 0.332000 0.924000 0.756000 0.982000 1.000000 1.000000 1.000000 0.952000 0.776000 -0.000000 -0.000000 -0.000000 -0.000000 -0.000000 -0.000000 -0.000000 0.892000 1.000000 0.750000 0.728000 0.918000 0.648000 0.948000 0.024000 0.450000 1.000000 1.000000 0.052000 0.310000 1.000000 0.060000 0.282000 0.848000 0.658000 0.040000 0.908000 1.000000 0.594000 -0.000000 -0.000000 0.672000 0.534000 -0.000000 -0.000000 -0.000000 0.014000 0.820000 1.000000 0.952000 0.284000 0.504000 0.484000 0.714000 0.232000 0.490000 0.400000 
34
1.000000 0.758000 1.000000 0.818000 0.884000 0.332000 0.824000 0.756000 0.982000 1.000000 1.000000 1.000000 0.956000 0.774000 -0.000000 -0.000000 -0.000000 -0.000000 -0.000000 -0.000000 -0.000000 0.894000 1.000000 0.752000 0.592000 0.842000 0.606000 0.804000 0.024000 0.450000 1.000000 1.000000 0.052000 0.310000 1.000000 0.060000 0.282000 0.848000 0.616000 0.032000 0.908000 1.000000 0.594000 -0.000000 -0.000000 0.674000 0.532000 -0.000000 -0.000000 -0.000000 0.014000 0.812000 1.000000 0.858000 0.284000 0.510000 0.484000 0.578000 0.198000 0.484000 0.400000 
35
1.000000 0.758000 1.000000 0.816000 0.838000 0.332000 0.824000 0.754000 0.980000 1.000000 1.000000 1.000000 0.954000 0.776000 -0.000000 -0.000000 -0.000000 -0.000000 -0.000000 -0.000000 -0.000000 0.892000 1.000000 0.748000 0.594000 0.840000 0.606000 0.804000 0.024000 0.450000 1.000000 1.000000 0.052000 0.310000 1.000000 0.014000 0.282000 0.846000 0.618000 0.032000 0.908000 1.000000 0.594000 -0.000000 -0.000000 0.672000 0.534000 -0.000000 -0.000000 -0.000000 0.014000 0.812000 1.000000 0.950000 0.284000 0.394000 0.482000 0.580000 0.198000 0.484000 0.400000 
36
1.000000 0.762000 1.000000 0.852000 0.884000 0.332000 0.924000 0.756000 0.982000 1.000000 1.000000 1.000000 0.546000 -0.000000 -0.000000 -0.000000 -0.000000 -0.000000 -0.000000 -0.000000 0.002000 0.894000 1.000000 0.930000 0.980000 0.918000 0.650000 0.948000 0.056000 0.450000 1.000000 1.000000 0.058000 0.310000 1.000000 0.060000 0.290000 0.414000 0.658000 0.040000 0.910000 1.000000 0.598000 -0.000000 -0.000000 0.674000 0.580000 -0.000000 -0.000000 -0.000000 0.014000 0.820000 1.000000 1.000000 0.532000 0.504000 0.484000 0.714000 0.230000 0.494000 0.420000 
37
1.000000 0.762000 1.000000 0.852000 0.884000 0.332000 0.924000 0.756000 0.982000 1.000000 1.000000 1.000000 0.548000 -0.000000 -0.000000 -0.000000 -0.000000 -0.000000 -0.000000 -0.000000 -0.000000 0.894000 1.000000 0.838000 0.980000 0.918000 0.650000 0.948000 0.022000 0.452000 1.000000 1.000000 0.050000 0.310000 1.000000 0.062000 0.288000 0.416000 0.658000 0.040000 0.908000 1.000000 0.594000 -0.000000 -0.000000 0.674000 0.532000 -0.000000 -0.000000 -0.000000 0.014000 0.820000 1.000000 1.000000 0.534000 0.504000 0.484000 0.714000 0.232000 0.490000 0.400000 
38
1.000000 0.758000 1.000000 0.818000 0.884000 0.332000 0.824000 0.756000 0.970000 1.000000 1.000000 1.000000 0.540000 -0.000000 -0.000000 -0.000000 -0.000000 -0.000000 -0.000000 -0.000000 -0.000000 0.894000 1.000000 0.928000 0.846000 0.840000 0.606000 0.806000 0.022000 0.450000 1.000000 1.000000 0.052000 0.310000 1.000000 0.060000 0.290000 0.414000 0.618000 0.032000 0.910000 1.000000 0.592000 -0.000000 -0.000000 0.674000 0.532000 -0.000000 -0.000000 -0.000000 0.016000 0.812000 1.000000 1.000000 0.532000 0.510000 0.484000 0.578000 0.198000 0.484000 0.410000 
39
1.000000 0.758000 1.000000 0.816000 0.838000 0.332000 0.824000 0.754000 0.980000 1.000000 1.000000 1.000000 0.546000 -0.000000 -0.000000 -0.000000 -0.000000 -0.000000 -0.000000 -0.000000 -0.000000 0.894000 1.000000 0.928000 0.846000 0.840000 0.606000 0.806000 0.022000 0.450000 1.000000 1.000000 0.052000 0.310000 1.000000 0.014000 0.288000 0.410000 0.616000 0.034000 0.908000 1.000000 0.594000 -0.000000 -0.000000 0.672000 0.534000 -0.000000 -0.000000 -0.000000 0.014000 0.812000 1.000000 1.000000 0.438000 0.394000 0.484000 0.578000 0.198000 0.484000 0.398000 
40
1.000000 0.762000 1.000000 0.852000 0.870000 0.772000 0.386000 0.756000 0.982000 1.000000 1.000000 1.000000 0.546000 -0.000000 -0.000000 -0.000000 -0.000000 -0.000000 -0.000000 -0.000000 0.002000 0.894000 1.000000 0.834000 0.980000 0.918000 0.650000 0.948000 0.056000 0.450000 1.000000 1.000000 0.058000 0.310000 1.000000 0.060000 0.282000 0.848000 0.658000 0.040000 0.908000 1.000000 0.600000 -0.000000 -0.000000 0.672000 0.580000 -0.000000 -0.000000 -0.000000 0.016000 0.820000 1.000000 1.000000 0.332000 0.504000 0.482000 0.716000 0.230000 0.494000 0.418000 
41
1.000000 0.762000 1.000000 0.818000 0.870000 0.770000 0.388000 0.756000 0.980000 1.000000 1.000000 1.000000 0.550000 -0.000000 -0.000000 -0.000000 -0.000000 -0.000000 -0.000000 -0.000000 -0.000000 0.894000 1.000000 0.740000 0.982000 0.918000 0.650000 0.946000 0.024000 0.450000 1.000000 1.000000 0.052000 0.310000 1.000000 0.060000 0.282000 0.848000 0.658000 0.040000 0.908000 1.000000 0.594000 -0.000000 -0.000000 0.674000 0.532000 -0.000000 -0.000000 -0.000000 0.014000 0.820000 1.000000 1.000000 0.424000 0.504000 0.482000 0.716000 0.230000 0.492000 0.400000 
42
1.000000 0.758000 1.000000 0.816000 0.870000 0.772000 0.388000 0.754000 0.970000 1.000000 1.000000 1.000000 0.542000 -0.000000 -0.000000 -0.000000 -0.000000 -0.000000 -0.000000 -0.000000 -0.000000 0.892000 1.000000 0.740000 0.844000 0.842000 0.606000 0.804000 0.024000 0.450000 1.000000 1.000000 0.052000 0.310000 1.000000 0.060000 0.282000 0.848000 0.616000 0.032000 0.910000 1.000000 0.592000 -0.000000 -0.000000 0.674000 0.532000 -0.000000 -0.000000 -0.000000 0.016000 0.812000 1.000000 1.000000 0.330000 0.512000 0.482000 0.580000 0.198000 0.482000 0.410000 
43
1.000000 0.758000 1.000000 0.848000 0.824000 0.770000 0.388000 0.756000 0.962000 1.000000 1.000000 1.000000 0.548000 -0.000000 -0.000000 -0.000000 -0.000000 -0.000000 -0.000000 -0.000000 -0.000000 0.894000 1.000000 0.740000 0.846000 0.842000 0.606000 0.804000 0.022000 0.452000 1.000000 1.000000 0.050000 0.312000 1.000000 0.012000 0.166000 0.846000 0.618000 0.032000 0.908000 1.000000 0.594000 -0.000000 -0.000000 0.674000 0.532000 -0.000000 -0.000000 -0.000000 0.016000 0.810000 1.000000 1.000000 0.422000 0.394000 0.484000 0.578000 0.198000 0.484000 0.398000 
44
1.000000 0.762000 1.000000 0.852000 0.870000 0.772000 0.386000 0.756000 0.982000 1.000000 1.000000 1.000000 0.546000 -0.000000 -0.000000 -0.000000 -0.000000 -0.000000 -0.000000 -0.000000 0.002000 0.894000 1.000000 0.834000 0.980000 0.918000 0.650000 0.948000 0.022000 0.452000 1.000000 1.000000 0.056000 0.310000 1.000000 0.062000 0.282000 0.846000 0.658000 0.040000 0.908000 1.000000 0.600000 -0.000000 -0.000000 0.674000 0.580000 -0.000000 -0.000000 -0.000000 0.014000 0.820000 1.000000 0.860000 0.284000 0.504000 0.484000 0.714000 0.232000 0.494000 0.418000 
45
1.000000 0.762000 1.000000 0.818000 0.870000 0.770000 0.388000 0.756000 0.980000 1.000000 1.000000 1.000000 0.550000 -0.000000 -0.000000 -0.000000 -0.000000 -0.000000 -0.000000 -0.000000 -0.000000 0.894000 1.000000 0.740000 0.982000 0.918000 0.650000 0.946000 0.024000 0.450000 1.000000 1.000000 0.052000 0.310000 1.000000 0.060000 0.282000 0.848000 0.658000 0.040000 0.908000 1.000000 0.594000 -0.000000 -0.000000 0.674000 0.532000 -0.000000 -0.000000 -0.000000 0.014000 0.820000 1.000000 0.950000 0.284000 0.504000 0.484000 0.714000 0.232000 0.490000 0.402000 
46
1.000000 0.758000 1.000000 0.816000 0.870000 0.772000 0.388000 0.754000 0.970000 1.000000 1.000000 1.000000 0.542000 -0.000000 -0.000000 -0.000000 -0.000000 -0.000000 -0.000000 -0.000000 -0.000000 0.892000 1.000000 0.740000 0.844000 0.842000 0.606000 0.804000 0.024000 0.450000 1.000000 1.000000 0.052000 0.310000 1.000000 0.060000 0.282000 0.848000 0.616000 0.032000 0.910000 1.000000 0.592000 -0.000000 -0.000000 0.674000 0.532000 -0.000000 -0.000000 -0.000000 0.016000 0.810000 1.000000 0.952000 0.282000 0.512000 0.482000 0.580000 0.198000 0.484000 0.408000 
47
1.000000 0.758000 1.000000 0.848000 0.824000 0.770000 0.388000 0.756000 0.962000 1.000000 1.000000 1.000000 0.548000 -0.000000 -0.000000 -0.000000 -0.000000 -0.000000 -0.000000 -0.000000 -0.000000 0.894000 1.000000 0.740000 0.846000 0.842000 0.606000 0.804000 0.022000 0.452000 1.000000 1.000000 0.050000 0.312000 1.000000 0.012000 0.166000 0.846000 0.618000 0.032000 0.908000 1.000000 0.594000 -0.000000 -0.000000 0.674000 0.532000 -0.000000 -0.000000 -0.000000 0.014000 0.812000 1.000000 0.950000 0.284000 0.394000 0.484000 0.578000 0.198000 0.484000 0.400000 
48
1.000000 -0.000000 -0.000000 -0.000000 0.058000 1.000000 1.000000 0.978000 0.926000 0.296000 -0.000000 0.884000 1.000000 1.000000 1.000000 1.000000 1.000000 0.454000 -0.000000 -0.000000 0.004000 0.878000 1.000000 1.000000 1.000000 1.000000 1.000000 1.000000 1.000000 1.000000 0.854000 0.760000 1.000000 0.984000 0.008000 -0.000000 0.284000 1.000000 1.000000 1.000000 1.000000 0.846000 1.000000 1.000000 1.000000 1.000000 1.000000 1.000000 1.000000 1.000000 0.922000 1.000000 1.000000 1.000000 1.000000 1.000000 1.000000 1.000000 1.000000 0.994000 0.696000 
49
1.000000 -0.000000 -0.000000 -0.000000 0.038000 1.000000 1.000000 0.978000 0.926000 0.278000 -0.000000 0.884000 1.000000 1.000000 1.000000 1.000000 1.000000 0.454000 -0.000000 -0.000000 -0.000000 0.876000 1.000000 1.000000 1.000000 1.000000 1.000000 1.000000 1.000000 1.000000 0.854000 0.760000 1.000000 0.984000 0.054000 -0.000000 0.284000 1.000000 1.000000 1.000000 1.000000 0.846000 1.000000 1.000000 1.000000 1.000000 1.000000 1.000000 1.000000 1.000000 0.920000 1.000000 1.000000 1.000000 1.000000 1.000000 1.000000 1.000000 1.000000 0.876000 0.686000 
50
1.000000 -0.000000 -0.000000 -0.002000 0.040000 1.000000 1.000000 0.978000 0.914000 0.280000 -0.000000 0.882000 1.000000 1.000000 1.000000 1.000000 1.000000 0.362000 -0.000000 -0.000000 -0.000000 0.874000 1.000000 1.000000 1.000000 1.000000 1.000000 1.000000 1.000000 1.000000 0.856000 0.760000 1.000000 0.984000 0.008000 -0.000000 0.284000 1.000000 1.000000 1.000000 1.000000 0.846000 1.000000 1.000000 1.000000 1.000000 1.000000 1.000000 1.000000 1.000000 0.920000 1.000000 1.000000 1.000000 1.000000 1.000000 1.000000 1.000000 1.000000 0.874000 0.696000 
51
1.000000 -0.000000 -0.000000 -0.002000 0.040000 1.000000 1.000000 0.978000 0.906000 0.270000 -0.000000 0.880000 1.000000 1.000000 1.000000 1.000000 1.000000 0.360000 -0.000000 -0.000000 -0.000000 0.874000 1.000000 1.000000 1.000000 1.000000 1.000000 1.000000 1.000000 1.000000 0.850000 0.760000 1.000000 0.984000 0.054000 -0.000000 0.284000 1.000000 1.000000 1.000000 1.000000 0.730000 1.000000 1.000000 1.000000 1.000000 1.000000 1.000000 1.000000 1.000000 0.920000 1.000000 1.000000 1.000000 1.000000 1.000000 1.000000 1.000000 1.000000 0.872000 0.694000 
52
1.000000 -0.000000 -0.000000 -0.000000 0.058000 1.000000 1.000000 0.978000 0.926000 0.296000 -0.000000 0.884000 1.000000 1.000000 1.000000 1.000000 1.000000 0.454000 -0.000000 -0.000000 0.004000 0.878000 1.000000 1.000000 1.000000 1.000000 1.000000 1.000000 1.000000 0.948000 0.608000 1.000000 1.000000 1.000000 1.000000 1.000000 1.000000 1.000000 1.000000 1.000000 1.000000 1.000000 1.000000 1.000000 1.000000 1.000000 1.000000 1.000000 1.000000 0.630000 0.880000 1.000000 1.000000 1.000000 1.000000 1.000000 1.000000 0.994000 1.000000 0.938000 0.916000 
53
1.000000 -0.000000 -0.000000 -0.000000 0.038000 1.000000 1.000000 0.978000 0.926000 0.278000 -0.000000 0.884000 1.000000 1.000000 1.000000 1.000000 1.000000 0.362000 -0.000000 -0.000000 -0.000000 0.874000 1.000000 1.000000 1.000000 1.000000 1.000000 1.000000 1.000000 0.954000 0.608000 1.000000 1.000000 1.000000 1.000000 1.000000 1.000000 1.000000 1.000000 1.000000 1.000000 1.000000 1.000000 1.000000 1.000000 1.000000 1.000000 1.000000 1.000000 0.628000 0.880000 1.000000 1.000000 1.000000 1.000000 1.000000 1.000000 0.946000 1.000000 0.812000 0.914000 
54
1.000000 -0.000000 -0.000000 -0.002000 0.040000 1.000000 1.000000 0.978000 0.914000 0.278000 -0.000000 0.884000 1.000000 1.000000 1.000000 1.000000 1.000000 0.454000 -0.000000 -0.000000 -0.000000 0.874000 1.000000 1.000000 1.000000 1.000000 1.000000 1.000000 1.000000 0.948000 0.608000 1.000000 1.000000 1.000000 1.000000 1.000000 1.000000 1.000000 1.000000 1.000000 1.000000 1.000000 1.000000 1.000000 1.000000 1.000000 1.000000 1.000000 1.000000 0.646000 0.880000 1.000000 1.000000 1.000000 1.000000 1.000000 1.000000 0.946000 1.000000 0.810000 0.916000 
55
1.000000 -0.000000 -0.000000 -0.002000 0.040000 1.000000 1.000000 0.978000 0.906000 0.270000 -0.000000 0.880000 1.000000 1.000000 1.000000 1.000000 1.000000 0.360000 -0.000000 -0.000000 -0.000000 0.874000 1.000000 1.000000 1.000000 1.000000 1.000000 1.000000 1.000000 0.954000 0.608000 1.000000 1.000000 1.000000 1.000000 1.000000 1.000000 1.000000 1.000000 1.000000 1.000000 1.000000 1.000000 1.000000 1.000000 1.000000 1.000000 1.000000 1.000000 0.614000 0.880000 1.000000 1.000000 1.000000 1.000000 1.000000 1.000000 0.948000 1.000000 0.810000 0.914000 
56
1.000000 -0.000000 -0.000000 -0.000000 0.040000 1.000000 1.000000 0.942000 0.528000 0.852000 -0.000000 0.880000 1.000000 1.000000 1.000000 1.000000 1.000000 1.000000 1.000000 1.000000 0.848000 0.882000 1.000000 0.992000 1.000000 1.000000 1.000000 1.000000 1.000000 1.000000 0.696000 1.000000 1.000000 1.000000 1.000000 1.000000 1.000000 1.000000 1.000000 1.000000 1.000000 1.000000 1.000000 1.000000 1.000000 1.000000 1.000000 1.000000 1.000000 0.760000 0.884000 1.000000 1.000000 1.000000 1.000000 1.000000 1.000000 0.978000 1.000000 0.958000 0.710000 
57
1.000000 -0.000000 -0.000000 -0.000000 0.020000 1.000000 1.000000 0.942000 0.528000 0.854000 -0.000000 0.878000 1.000000 1.000000 1.000000 1.000000 1.000000 1.000000 1.000000 1.000000 0.846000 0.876000 1.000000 0.976000 1.000000 1.000000 1.000000 1.000000 1.000000 1.000000 0.696000 1.000000 1.000000 1.000000 1.000000 1.000000 1.000000 1.000000 1.000000 1.000000 1.000000 1.000000 1.000000 1.000000 1.000000 1.000000 1.000000 1.000000 1.000000 0.762000 0.886000 1.000000 1.000000 1.000000 1.000000 1.000000 1.000000 0.930000 1.000000 0.830000 0.710000 
58
1.000000 -0.000000 -0.000000 -0.002000 0.022000 1.000000 1.000000 0.930000 0.530000 0.834000 -0.000000 0.878000 1.000000 1.000000 1.000000 1.000000 1.000000 1.000000 1.000000 1.000000 0.842000 0.878000 1.000000 0.984000 1.000000 1.000000 1.000000 1.000000 1.000000 1.000000 0.696000 1.000000 1.000000 1.000000 1.000000 1.000000 1.000000 1.000000 1.000000 1.000000 1.000000 1.000000 1.000000 1.000000 1.000000 1.000000 1.000000 1.000000 1.000000 0.764000 0.884000 1.000000 1.000000 1.000000 1.000000 1.000000 1.000000 0.932000 1.000000 0.830000 0.698000 
59
1.000000 -0.000000 -0.000000 -0.002000 0.022000 1.000000 1.000000 0.930000 0.528000 0.826000 -0.000000 0.878000 1.000000 1.000000 1.000000 1.000000 1.000000 1.000000 1.000000 1.000000 0.842000 0.878000 1.000000 0.974000 1.000000 1.000000 1.000000 1.000000 1.000000 1.000000 0.678000 1.000000 1.000000 1.000000 1.000000 1.000000 1.000000 1.000000 1.000000 1.000000 1.000000 1.000000 1.000000 1.000000 1.000000 1.000000 1.000000 1.000000 1.000000 0.764000 0.884000 1.000000 1.000000 1.000000 1.000000 1.000000 1.000000 0.930000 1.000000 0.830000 0.700000 
60
1.000000 -0.000000 -0.000000 -0.000000 0.058000 1.000000 1.000000 0.978000 0.926000 0.462000 -0.000000 0.016000 -0.000000 -0.000000 -0.000000 -0.000000 -0.000000 -0.000000 -0.000000 -0.000000 0.002000 0.878000 1.000000 1.000000 1.000000 1.000000 1.000000 1.000000 1.000000 0.914000 0.678000 0.276000 0.986000 1.000000 1.000000 1.000000 1.000000 1.000000 1.000000 1.000000 1.000000 1.000000 1.000000 1.000000 1.000000 1.000000 1.000000 1.000000 1.000000 1.000000 1.000000 1.000000 1.000000 1.000000 1.000000 1.000000 1.000000 1.000000 1.000000 1.000000 1.000000 
61
1.000000 -0.000000 -0.000000 -0.000000 0.038000 1.000000 1.000000 0.978000 0.926000 0.444000 -0.000000 0.016000 -0.000000 -0.000000 -0.000000 -0.000000 -0.000000 -0.000000 -0.000000 -0.000000 -0.000000 0.872000 1.000000 1.000000 1.000000 1.000000 1.000000 1.000000 1.000000 0.924000 0.678000 0.276000 0.986000 1.000000 1.000000 1.000000 1.000000 1.000000 1.000000 1.000000 1.000000 1.000000 1.000000 1.000000 1.000000 1.000000 1.000000 1.000000 1.000000 1.000000 1.000000 1.000000 1.000000 1.000000 1.000000 1.000000 1.000000 1.000000 1.000000 1.000000 1.000000 
62
1.000000 -0.000000 -0.000000 -0.002000 0.040000 1.000000 1.000000 0.978000 0.914000 0.444000 -0.000000 0.016000 -0.000000 -0.000000 -0.000000 -0.000000 -0.000000 -0.000000 -0.000000 -0.000000 -0.000000 0.872000 1.000000 1.000000 1.000000 1.000000 1.000000 1.000000 1.000000 0.926000 0.662000 0.276000 0.986000 1.000000 1.000000 1.000000 1.000000 1.000000 1.000000 1.000000 1.000000 1.000000 1.000000 1.000000 1.000000 1.000000 1.000000 1.000000 1.000000 1.000000 1.000000 1.000000 1.000000 1.000000 1.000000 1.000000 1.000000 1.000000 1.000000 1.000000 1.000000 
63
1.000000 -0.000000 -0.000000 -0.002000 0.040000 1.000000 1.000000 0.978000 0.906000 0.436000 -0.000000 0.008000 -0.000000 -0.000000 -0.000000 -0.000000 -0.000000 -0.000000 -0.000000 -0.000000 -0.000000 0.872000 1.000000 1.000000 1.000000 1.000000 1.000000 1.000000 1.000000 0.924000 0.662000 0.258000 0.980000 1.000000 1.000000 1.000000 1.000000 1.000000 1.000000 1.000000 1.000000 1.000000 1.000000 1.000000 1.000000 1.000000 1.000000 1.000000 1.000000 1.000000 1.000000 1.000000 1.000000 1.000000 1.000000 1.000000 1.000000 1.000000 1.000000 1.000000 1.000000 
64
1.000000 -0.000000 -0.000000 -0.000000 0.058000 1.000000 1.000000 0.978000 0.926000 0.462000 -0.000000 0.016000 -0.000000 -0.000000 -0.000000 -0.000000 -0.000000 -0.000000 -0.000000 -0.000000 0.002000 0.878000 1.000000 1.000000 1.000000 1.000000 1.000000 1.000000 1.000000 1.000000 0.592000 1.000000 1.000000 1.000000 1.000000 1.000000 1.000000 1.000000 1.000000 1.000000 1.000000 1.000000 1.000000 1.000000 1.000000 1.000000 1.000000 1.000000 1.000000 1.000000 1.000000 1.000000 1.000000 1.000000 1.000000 1.000000 1.000000 1.000000 1.000000 1.000000 1.000000 
65
1.000000 -0.000000 -0.000000 -0.002000 0.040000 1.000000 1.000000 0.978000 0.926000 0.444000 -0.000000 0.016000 -0.000000 -0.000000 -0.000000 -0.000000 -0.000000 -0.000000 -0.000000 -0.000000 -0.000000 0.872000 1.000000 1.000000 1.000000 1.000000 1.000000 1.000000 1.000000 1.000000 0.592000 1.000000 1.000000 1.000000 1.000000 1.000000 1.000000 1.000000 1.000000 1.000000 1.000000 1.000000 1.000000 1.000000 1.000000 1.000000 1.000000 1.000000 1.000000 1.000000 1.000000 1.000000 1.000000 1.000000 1.000000 1.000000 1.000000 1.000000 1.000000 1.000000 1.000000 
66
1.000000 -0.000000 -0.000000 -0.002000 0.040000 1.000000 1.000000 0.978000 0.914000 0.444000 -0.000000 0.016000 -0.000000 -0.000000 -0.000000 -0.000000 -0.000000 -0.000000 -0.000000 -0.000000 -0.000000 0.872000 1.000000 1.000000 1.000000 1.000000 1.000000 1.000000 1.000000 1.000000 0.592000 1.000000 1.000000 1.000000 1.000000 1.000000 1.000000 1.000000 1.000000 1.000000 1.000000 1.000000 1.000000 1.000000 1.000000 1.000000 1.000000 1.000000 1.000000 1.000000 1.000000 1.000000 1.000000 1.000000 1.000000 1.000000 1.000000 1.000000 1.000000 1.000000 1.000000 
67
1.000000 -0.000000 -0.000000 -0.002000 0.040000 1.000000 1.000000 0.978000 0.906000 0.436000 -0.000000 0.008000 -0.000000 -0.000000 -0.000000 -0.000000 -0.000000 -0.000000 -0.000000 -0.000000 -0.000000 0.872000 1.000000 1.000000 1.000000 1.000000 1.000000 1.000000 1.000000 1.000000 0.598000 1.000000 1.000000 1.000000 1.000000 1.000000 1.000000 1.000000 1.000000 1.000000 1.000000 1.000000 1.000000 1.000000 1.000000 1.000000 1.000000 1.000000 1.000000 1.000000 1.000000 1.000000 1.000000 1.000000 1.000000 1.000000 1.000000 1.000000 1.000000 1.000000 1.000000 
68
1.000000 -0.000000 -0.000000 -0.000000 0.058000 1.000000 1.000000 0.978000 0.926000 0.462000 -0.000000 0.016000 -0.000000 -0.000000 -0.000000 -0.000000 -0.000000 -0.000000 -0.000000 -0.000000 0.002000 0.878000 1.000000 1.000000 1.000000 1.000000 1.000000 1.000000 1.000000 1.000000 0.462000 1.000000 1.000000 1.000000 1.000000 1.000000 1.000000 1.000000 1.000000 1.000000 1.000000 1.000000 1.000000 1.000000 1.000000 1.000000 1.000000 1.000000 1.000000 1.000000 1.000000 1.000000 1.000000 1.000000 1.000000 1.000000 1.000000 1.000000 1.000000 1.000000 1.000000 
69
1.000000 -0.000000 -0.000000 -0.002000 0.040000 1.000000 1.000000 0.978000 0.926000 0.444000 -0.000000 0.016000 -0.000000 -0.000000 -0.000000 -0.000000 -0.000000 -0.000000 -0.000000 -0.000000 -0.000000 0.872000 1.000000 1.000000 1.000000 1.000000 1.000000 1.000000 1.000000 1.000000 0.464000 1.000000 1.000000 1.000000 1.000000 1.000000 1.000000 1.000000 1.000000 1.000000 1.000000 1.000000 1.000000 1.000000 1.000000 1.000000 1.000000 1.000000 1.000000 1.000000 1.000000 1.000000 1.000000 1.000000 1.000000 1.000000 1.000000 1.000000 1.000000 1.000000 1.000000 
70
1.000000 -0.000000 -0.000000 -0.002000 0.040000 1.000000 1.000000 0.978000 0.914000 0.444000 -0.000000 0.008000 -0.000000 -0.000000 -0.000000 -0.000000 -0.000000 -0.000000 -0.000000 -0.000000 -0.000000 0.872000 1.000000 1.000000 1.000000 1.000000 1.000000 1.000000 1.000000 1.000000 0.464000 1.000000 1.000000 1.000000 1.000000 1.000000 1.000000 1.000000 1.000000 1.000000 1.000000 1.000000 1.000000 1.000000 1.000000 1.000000 1.000000 1.000000 1.000000 1.000000 1.000000 1.000000 1.000000 1.000000 1.000000 1.000000 1.000000 1.000000 1.000000 1.000000 1.000000 
71
1.000000 -0.000000 -0.000000 -0.002000 0.040000 1.000000 1.000000 0.978000 0.906000 0.436000 -0.000000 0.008000 -0.000000 -0.000000 -0.000000 -0.000000 -0.000000 -0.000000 -0.000000 -0.000000 -0.000000 0.872000 1.000000 1.000000 1.000000 1.000000 1.000000 1.000000 1.000000 1.000000 0.462000 1.000000 1.000000 1.000000 1.000000 1.000000 1.000000 1.000000 1.000000 1.000000 1.000000 1.000000 1.000000 1.000000 1.000000 1.000000 1.000000 1.000000 1.000000 1.000000 1.000000 1.000000 1.000000 1.000000 1.000000 1.000000 1.000000 1.000000 1.000000 1.000000 1.000000 
72
1.000000 -0.000000 -0.000000 -0.000000 0.058000 1.000000 1.000000 0.978000 0.926000 0.462000 -0.000000 0.016000 -0.000000 -0.000000 -0.000000 -0.000000 -0.000000 -0.000000 -0.000000 -0.000000 0.002000 0.878000 1.000000 1.000000 1.000000 1.000000 1.000000 1.000000 1.000000 1.000000 0.528000 1.000000 1.000000 1.000000 1.000000 1.000000 1.000000 1.000000 1.000000 1.000000 1.000000 1.000000 1.000000 1.000000 1.000000 1.000000 1.000000 1.000000 1.000000 1.000000 1.000000 1.000000 1.000000 1.000000 1.000000 1.000000 1.000000 1.000000 1.000000 1.000000 1.000000 
73
1.000000 -0.000000 -0.000000 -0.002000 0.040000 1.000000 1.000000 0.978000 0.926000 0.444000 -0.000000 0.016000 -0.000000 -0.000000 -0.000000 -0.000000 -0.000000 -0.000000 -0.000000 -0.000000 -0.000000 0.872000 1.000000 1.000000 1.000000 1.000000 1.000000 1.000000 1.000000 1.000000 0.526000 1.000000 1.000000 1.000000 1.000000 1.000000 1.000000 1.000000 1.000000 1.000000 1.000000 1.000000 1.000000 1.000000 1.000000 1.000000 1.000000 1.000000 1.000000 1.000000 1.000000 1.000000 1.000000 1.000000 1.000000 1.000000 1.000000 1.000000 1.000000 1.000000 1.000000 
74
1.000000 -0.000000 -0.000000 -0.002000 0.040000 1.000000 1.000000 0.978000 0.914000 0.434000 -0.000000 0.008000 -0.000000 -0.000000 -0.000000 -0.000000 -0.000000 -0.000000 -0.000000 -0.000000 -0.000000 0.874000 1.000000 1.000000 1.000000 1.000000 1.000000 1.000000 1.000000 1.000000 0.528000 1.000000 1.000000 1.000000 1.000000 1.000000 1.000000 1.000000 1.000000 1.000000 1.000000 1.000000 1.000000 1.000000 1.000000 1.000000 1.000000 1.000000 1.000000 1.000000 1.000000 1.000000 1.000000 1.000000 1.000000 1.000000 1.000000 1.000000 1.000000 1.000000 1.000000 
75
1.000000 -0.000000 -0.000000 -0.002000 0.040000 1.000000 1.000000 0.978000 0.906000 0.436000 -0.000000 0.008000 -0.000000 -0.000000 -0.000000 -0.000000 -0.000000 -0.000000 -0.000000 -0.000000 -0.000000 0.872000 1.000000 1.000000 1.000000 1.000000 1.000000 1.000000 1.000000 1.000000 0.520000 1.000000 1.000000 1.000000 1.000000 1.000000 1.000000 1.000000 1.000000 1.000000 1.000000 1.000000 1.000000 1.000000 1.000000 1.000000 1.000000 1.000000 1.000000 1.000000 1.000000 1.000000 1.000000 1.000000 1.000000 1.000000 1.000000 1.000000 1.000000 1.000000 1.000000 
76
1.000000 -0.000000 -0.000000 -0.000000 0.054000 1.000000 1.000000 0.978000 0.776000 1.000000 1.000000 1.000000 0.328000 -0.000000 -0.000000 -0.000000 -0.000000 -0.000000 -0.000000 -0.000000 0.002000 0.876000 1.000000 1.000000 1.000000 1.000000 1.000000 1.000000 1.000000 1.000000 0.992000 0.580000 0.946000 1.000000 1.000000 1.000000 1.000000 1.000000 1.000000 1.000000 1.000000 1.000000 1.000000 1.000000 1.000000 1.000000 1.000000 1.000000 1.000000 1.000000 1.000000 1.000000 1.000000 1.000000 1.000000 1.000000 1.000000 1.000000 1.000000 1.000000 1.000000 
77
1.000000 -0.000000 -0.000000 -0.002000 0.036000 1.000000 1.000000 0.978000 0.766000 1.000000 1.000000 1.000000 0.314000 -0.000000 -0.000000 -0.000000 -0.000000 -0.000000 -0.000000 -0.000000 -0.000000 0.870000 1.000000 1.000000 1.000000 1.000000 1.000000 1.000000 1.000000 1.000000 0.996000 0.582000 0.938000 1.000000 1.000000 1.000000 1.000000 1.000000 1.000000 1.000000 1.000000 1.000000 1.000000 1.000000 1.000000 1.000000 1.000000 1.000000 1.000000 1.000000 1.000000 1.000000 1.000000 1.000000 1.000000 1.000000 1.000000 1.000000 1.000000 1.000000 1.000000 
78
1.000000 -0.000000 -0.000000 -0.002000 0.036000 1.000000 1.000000 0.978000 0.774000 1.000000 1.000000 1.000000 0.314000 -0.000000 -0.000000 -0.000000 -0.000000 -0.000000 -0.000000 -0.000000 -0.000000 0.870000 1.000000 1.000000 1.000000 1.000000 1.000000 1.000000 1.000000 1.000000 1.000000 0.566000 0.932000 1.000000 1.000000 1.000000 1.000000 1.000000 1.000000 1.000000 1.000000 1.000000 1.000000 1.000000 1.000000 1.000000 1.000000 1.000000 1.000000 1.000000 1.000000 1.000000 1.000000 1.000000 1.000000 1.000000 1.000000 1.000000 1.000000 1.000000 1.000000 
79
1.000000 -0.000000 -0.000000 -0.002000 0.036000 1.000000 1.000000 0.978000 0.774000 1.000000 1.000000 1.000000 0.314000 -0.000000 -0.000000 -0.000000 -0.000000 -0.000000 -0.000000 -0.000000 -0.000000 0.870000 1.000000 1.000000 1.000000 1.000000 1.000000 1.000000 1.000000 1.000000 1.000000 0.566000 0.924000 1.000000 1.000000 1.000000 1.000000 1.000000 1.000000 1.000000 1.000000 1.000000 1.000000 1.000000 1.000000 1.000000 1.000000 1.000000 1.000000 1.000000 1.000000 1.000000 1.000000 1.000000 1.000000 1.000000 1.000000 1.000000 1.000000 1.000000 1.000000 
