task94
0.012000 0.012000 1.001464 1.001598 2.000760 2.000935 3.010908 3.010992 4.011737 4.014549 5.011136 5.011315 
task19
0.022000 0.026188 1.010203 1.016337 2.010450 2.015962 3.020402 3.027035 4.021235 4.085875 5.020323 5.029565 
task16
0.023626 0.025855 1.012972 1.015169 2.013054 2.015223 3.024046 3.026543 4.024827 4.085297 5.024119 5.028271 
task13
0.023626 0.025857 1.012972 1.015171 2.013054 2.015225 3.024046 3.026545 4.024827 4.085298 5.024119 5.028272 
task10
0.023626 0.025857 1.012972 1.015140 2.013054 2.015226 3.024046 3.026614 4.024827 4.085300 5.024119 5.028129 
task0
0.023626 0.025857 1.012972 1.015002 2.013054 2.015228 3.024046 3.026423 4.024827 4.085302 5.024119 5.028274 
task15
0.023626 0.025857 1.012972 1.015172 2.013054 2.015229 3.024046 3.026546 4.024827 4.085303 5.024119 5.028131 
task17
0.027626 0.141483 1.015200 1.129534 2.016187 2.139869 3.026867 3.151578 4.086487 4.323131 5.028430 5.276140 
task18
0.030915 0.133923 1.014535 1.057708 2.019393 2.096417 3.030710 3.153675 4.092763 4.309737 5.031277 5.269274 
task20
0.031099 0.141877 1.018821 1.129708 2.019393 2.103480 3.031079 3.161034 4.093655 4.314648 5.037375 5.277758 
task3
0.033871 0.133426 1.020977 1.123983 2.023073 2.136702 3.026797 3.027288 4.100092 4.290700 5.045453 5.268660 
task12
0.034055 0.143142 1.020977 1.123982 2.023750 2.096094 3.035015 3.152463 4.099826 4.290626 5.045429 5.287606 
task1
0.034129 0.143174 1.020672 1.123980 2.023236 2.086489 3.034626 3.152232 4.099469 4.289028 5.045058 5.287403 
task14
0.034129 0.143174 1.021253 1.133952 2.024000 2.106306 3.034902 3.152505 4.099340 4.279760 5.045578 5.266994 
task11
0.034129 0.143340 1.021558 1.133954 2.024006 2.096389 3.034771 3.152269 4.099787 4.290625 5.034078 5.237797 
task2
0.034166 0.133592 1.021287 1.132431 2.023480 2.137432 3.026636 3.027115 4.099774 4.289149 5.045866 5.278217 
task9
0.034166 0.133592 1.020965 1.139671 2.023502 2.137558 3.034686 3.152297 4.099645 4.279954 5.040736 5.098575 
task6
0.034166 0.133592 1.020965 1.139671 2.023284 2.137251 3.026643 3.027052 4.100131 4.290663 5.034416 5.217871 
task4
0.034166 0.133592 1.021032 1.133529 2.023402 2.137443 3.034872 3.152366 4.100278 4.311598 5.045955 5.269174 
task7
0.034166 0.133592 1.021558 1.133955 2.023369 2.137406 3.035546 3.153155 4.099774 4.289323 5.045860 5.269100 
task5
0.034166 0.133592 1.021592 1.132368 2.023420 2.137423 3.036097 3.153583 4.099989 4.318837 5.045363 5.287405 
task8
0.034166 0.133592 1.020800 1.130665 2.023408 2.137422 3.036009 3.153614 4.100127 4.319051 5.045883 5.266960 
task21
0.134176 0.145886 1.057551 1.135674 2.097541 2.178182 3.153804 3.168686 4.280298 4.370175 5.269758 5.507840 
task22
0.146360 0.193054 1.108393 1.136348 2.178543 2.239948 3.169004 3.215465 4.370029 5.090360 5.313656 5.449469 
task23
0.150401 0.218363 1.136578 1.327414 2.183205 2.246498 3.172802 3.255274 4.395218 4.501722 5.321816 5.470315 
task24
0.219068 0.219597 0.220124 0.220363 1.325957 1.326092 1.326280 1.326586 1.326716 1.326920 1.327105 1.327818 2.245485 2.246043 2.246351 2.246640 2.246648 2.247086 2.247310 2.247762 3.255429 3.255589 3.255883 3.256669 3.256766 3.257038 3.257226 3.257475 4.440732 4.441969 4.442147 4.442806 5.469681 5.469794 5.469838 5.470038 5.470230 5.471428 5.471435 5.471755 
task86
0.230217 0.254858 1.330220 1.355686 2.250414 2.275508 3.260269 3.297334 5.101041 5.172100 5.510104 5.650378 
task84
0.230411 0.262735 1.330414 1.363457 2.250636 2.283265 3.260519 3.297380 5.101706 5.195546 5.511434 5.697271 
task83
0.230467 0.265382 1.330469 1.366765 2.250678 2.289338 3.260567 3.303383 5.101873 5.215392 5.510576 5.720271 
task26
0.230473 0.274486 1.330476 1.375208 2.250735 2.304542 3.261635 3.396555 5.101893 5.238506 5.511790 5.764597 
task30
0.230473 0.273966 1.330476 1.374800 2.250736 2.303911 3.261637 3.396703 5.101894 5.237974 5.511791 5.765160 
task28
0.230474 0.281203 1.330476 1.382037 2.250737 2.318435 3.261640 3.434309 5.101896 5.257346 5.510582 5.798123 
task27
0.230475 0.282385 1.330478 1.383218 2.250740 2.320798 3.260574 3.304186 5.101900 5.260365 5.510583 5.799868 
task31
0.230475 0.283011 1.330478 1.383943 2.250740 2.322054 3.260575 3.305285 5.101900 5.262263 5.510583 5.800652 
task25
0.230480 0.283232 1.330482 1.383963 2.250684 2.287015 3.260583 3.305595 5.101912 5.262928 5.510072 5.800932 
task33
0.230823 0.407188 1.330825 1.384137 2.251027 2.286240 3.260988 3.305534 5.103066 5.261857 5.511088 5.522703 
task54
0.230994 0.407125 1.330997 1.384032 2.251693 2.286252 3.261762 3.300652 5.103731 5.261932 5.511868 5.522740 
task90
0.231671 0.315889 1.331977 1.416111 2.250980 2.336452 3.261839 3.351374 5.102699 5.265234 5.511880 5.770208 
task87
0.255872 0.415740 1.355866 1.515708 2.275192 2.295714 3.297372 3.378985 5.173129 5.330617 5.651725 5.674154 
task85
0.262167 0.275191 1.364152 1.379986 2.283390 2.301537 3.300003 3.410266 5.196383 5.228343 5.698218 5.721577 
task45
0.274194 0.388948 1.374839 1.621848 2.305429 2.428926 3.348265 3.420338 5.238466 5.362289 5.764626 5.795486 
task29
0.274214 0.400829 1.374913 1.659854 2.308658 2.456446 3.348283 3.428689 5.238503 5.381292 5.764634 5.798437 
task32
0.274239 0.361240 1.374913 1.678758 2.303940 2.461172 3.398092 3.405129 5.238503 5.390745 5.816427 5.867452 
task34
0.282995 0.286778 1.383622 1.386428 2.305713 3.307977 5.264524 5.275914 5.513623 5.528182 
task55
0.283973 0.286652 1.382998 1.387629 2.305465 2.437443 3.301197 3.306094 5.262155 5.270258 5.523367 5.527503 
task56
0.287499 0.317218 1.387896 1.436606 2.437820 2.485980 3.306861 3.364426 5.270001 5.383686 5.528208 5.566877 
task35
0.287942 0.374878 1.386204 1.501943 2.314167 2.634405 3.308642 3.465686 5.384605 5.389449 5.389464 5.389478 5.389493 5.389508 5.389523 5.389537 5.389552 5.389567 5.389582 5.389596 5.389611 5.389626 5.389640 5.389655 5.389670 5.389685 5.389699 5.389714 5.389729 5.389743 5.389758 5.389773 5.389788 5.389802 5.389817 5.389832 5.389847 5.389861 5.389876 5.389891 5.389905 5.389920 5.389935 5.389950 5.389964 5.389979 5.389994 5.390009 5.390023 5.390038 5.390053 5.390067 5.390082 5.390097 5.390112 5.390126 5.390141 5.390156 5.390170 5.390185 5.390200 5.390215 5.390229 5.390244 5.390259 5.390274 5.390288 5.390303 5.390318 5.390332 5.390347 5.390362 5.390377 5.390391 5.390406 5.390421 5.390435 5.390450 5.390465 5.390480 5.390494 5.390509 5.390524 5.390539 5.390553 5.390568 5.390583 5.390597 5.390612 5.390627 5.390642 5.390656 5.390671 5.390686 5.390700 5.390715 5.390730 5.390745 5.390759 5.390774 5.390789 5.390804 5.390818 5.390833 5.390848 5.390862 5.390877 5.390892 5.390907 5.390921 5.390936 5.390951 5.390965 5.390980 5.390995 5.391010 5.391024 5.391039 5.391054 5.391069 5.391083 5.391098 5.391113 5.391127 5.391142 5.391157 5.391172 5.391186 5.391201 5.391216 5.391231 5.391245 5.391260 5.391275 5.391289 5.391304 5.391319 5.391334 5.391348 5.391363 5.391378 5.391392 5.391407 5.391422 5.391437 5.391451 5.391466 5.391481 5.391496 5.391510 5.391525 5.391540 5.391554 5.391569 5.391584 5.391599 5.391613 5.391628 5.391643 5.391657 5.391672 5.391687 5.391702 5.391716 5.391731 5.391746 5.391761 5.391775 5.391790 5.391805 5.391819 5.391834 5.391849 5.391864 5.391878 5.391893 5.391908 5.391922 5.391937 5.391952 5.391967 5.391981 5.391996 5.392011 5.392026 5.392040 5.392055 5.392070 5.392084 5.392099 5.392114 5.392129 5.528283 5.715077 
task57
0.318052 0.333018 1.436358 1.436514 1.436838 1.437035 1.437089 1.437448 2.486075 2.486294 2.486374 2.486422 2.486643 2.486862 2.486933 2.487003 2.487018 2.487108 2.487149 2.487369 2.487830 2.487878 2.487932 2.488034 3.364614 3.364854 3.366080 3.366328 5.384508 5.384529 5.384651 5.384536 5.384632 5.384543 5.384550 5.384557 5.384634 5.384564 5.384571 5.384578 5.384635 5.384584 5.384591 5.384598 5.392143 5.392150 5.392157 5.392164 5.392171 5.392178 5.392185 5.392192 5.392199 5.392206 5.392213 5.392220 5.392226 5.392233 5.392240 5.392247 5.392254 5.392261 5.392268 5.392275 5.392282 5.392289 5.392296 5.392303 5.392310 5.392317 5.392323 5.392330 5.392337 5.392344 5.392351 5.392358 5.392365 5.392372 5.392379 5.392386 5.392393 5.392400 5.392407 5.392414 5.392420 5.392427 5.392434 5.392441 5.392448 5.392455 5.392462 5.392469 5.392476 5.392483 5.567615 5.633365 
task36
0.356495 0.375585 1.660294 1.662958 2.457191 2.470749 3.428857 3.433915 5.381457 5.391512 5.798441 5.894560 
task47
0.375647 0.501505 1.662298 1.666792 2.471191 3.714109 5.391905 5.802573 5.912008 5.802573 5.860218 5.802573 5.825775 5.802574 5.920535 5.802574 5.802574 5.802575 5.912032 5.802575 5.860103 5.802575 5.825665 5.802575 5.923428 5.802575 5.802575 5.802576 5.914886 5.802576 5.863097 5.802577 5.828654 5.802577 5.923414 5.802577 5.802577 5.802578 5.914911 5.802578 5.862982 5.802579 5.828543 5.802579 5.926306 5.802579 5.802579 5.802580 5.917765 5.802580 5.865975 5.802580 5.831532 5.802580 5.926292 5.802581 5.802581 5.802582 5.917789 5.802582 5.865860 5.802582 5.831422 5.802582 5.929185 5.802582 5.802582 5.802583 5.920643 5.802583 5.868854 5.802584 5.834411 5.802584 5.929171 5.802584 5.802584 5.802585 5.920668 5.802585 5.868738 5.802586 5.834300 5.802586 5.932063 5.802586 5.802586 5.802587 5.923522 5.802587 5.871732 5.802587 5.837289 5.802587 5.932049 5.802588 5.802588 5.802588 5.923546 5.802588 5.871617 5.802589 5.837178 5.802589 5.934942 5.802589 5.802589 5.802590 5.926400 5.802590 5.874611 5.802591 5.840168 5.802591 5.934928 5.802591 5.802591 5.802592 5.926425 5.802592 5.874495 5.802592 5.840057 5.802593 5.937820 5.802593 5.802593 5.802594 5.929278 5.802594 5.877489 5.802594 5.843046 5.802594 5.937806 5.802594 5.802595 5.802595 5.929303 5.802595 5.877374 5.802596 5.842935 5.802596 5.940698 5.802596 5.802596 5.802597 5.932157 5.802597 5.880368 5.802598 5.845925 5.802598 5.940685 5.802598 5.802598 5.802599 5.932182 5.802599 5.880252 5.802599 5.845814 5.802600 5.943577 5.802600 5.802600 5.802601 5.935035 5.802601 5.883246 5.802601 5.848803 5.802601 5.943563 5.802601 5.802601 5.802602 5.935060 5.802602 5.883131 5.802603 5.848692 5.802603 5.946455 5.802603 5.802603 5.802604 5.937914 5.802604 5.886125 5.802605 5.851682 5.802605 5.946442 5.802605 5.802605 5.802606 5.937938 5.802606 5.886009 5.802606 5.851571 5.802606 5.949334 5.802607 5.802607 5.802608 5.940792 5.802608 5.889003 5.802608 5.854560 5.802608 5.949320 5.802608 5.802608 5.802609 5.940817 5.802609 5.888888 5.802610 5.854449 5.802610 5.952212 5.802610 5.802610 5.802611 5.943671 5.802611 5.891882 5.802612 5.857438 5.802612 5.952198 5.802612 5.802612 5.802613 5.943695 5.802613 5.891766 5.802613 5.857328 5.802613 5.955091 5.802614 5.802614 5.802614 5.946549 5.802614 5.894760 5.802615 5.860317 5.802615 5.955077 5.802615 5.802615 5.802616 5.946574 5.802616 5.894645 5.802617 5.860206 5.802617 5.957969 5.802617 5.802617 5.802618 5.949428 5.802618 5.897638 5.802618 5.863195 5.802619 5.957955 5.802619 5.802619 5.802620 5.949452 5.802620 5.897523 5.802620 5.863085 5.802620 5.960848 5.802620 5.802621 5.802621 5.952306 5.802621 5.900517 5.802622 5.866074 5.802622 5.960834 5.802622 5.802622 5.802623 5.952331 5.802623 5.900402 5.802624 5.865963 5.802624 5.963726 5.802624 5.802624 5.802625 5.955185 5.802625 5.903395 5.802625 5.868952 5.802625 5.963712 5.802626 5.802626 5.802627 5.955209 5.802627 5.903280 5.802627 5.868842 5.802627 5.966605 5.802627 5.802627 5.802628 5.958063 5.802628 5.906274 5.802629 5.871831 5.802629 5.966591 5.802629 5.802629 5.802630 5.958088 5.802630 5.906158 5.802631 5.871720 5.802631 5.969483 5.802631 5.802631 5.802632 5.960942 5.802632 5.909152 5.802632 5.874709 5.802632 5.969469 5.802633 5.960926 5.802633 5.909017 5.802633 5.874675 5.802633 5.972377 5.802634 5.960966 5.802634 5.909037 5.802634 5.874598 5.802634 5.972362 5.802634 5.963838 5.802634 5.912018 5.802635 5.877398 5.802635 5.972388 5.802635 5.963820 5.802635 5.912031 5.802636 5.877588 5.802636 5.972348 5.802636 5.963805 5.802636 5.911895 5.802637 5.877554 5.802637 5.975255 5.802637 5.963845 5.802637 5.911915 5.802637 5.877477 5.802638 5.975240 5.802638 5.966717 5.802638 5.914897 5.802638 5.880277 5.802638 5.975266 5.802639 5.966698 5.802639 5.914909 5.802639 5.880466 5.802639 5.975226 5.802640 5.966683 5.802640 5.914774 5.802640 5.880432 5.802640 5.978134 5.802640 5.966723 5.802640 5.914794 5.802641 5.880355 5.802641 5.978118 5.802641 5.969595 5.802641 5.917775 5.802642 5.883155 5.802642 5.978145 5.802642 5.969577 5.802642 5.917788 5.802643 5.883345 5.802643 5.978105 5.802643 5.969562 5.802643 5.917652 5.802644 5.883311 5.802644 5.981012 5.802644 5.969602 5.802644 5.917672 5.802644 5.883234 5.802645 5.980997 5.802645 5.972474 5.802645 5.920654 5.802645 5.886034 5.802645 5.981023 5.802646 5.972455 5.802646 5.920666 5.802646 5.886223 5.802646 5.980983 5.802646 5.972440 5.802647 5.920531 5.802647 5.886189 5.802647 5.983891 5.802647 5.972480 5.802647 5.920551 5.802648 5.886112 5.802648 5.983875 5.802648 5.975352 5.802648 5.923532 5.802649 5.888912 5.802649 5.983902 5.802649 5.975334 5.802649 5.923545 5.802650 5.889102 5.802650 5.983862 5.802650 5.975318 5.802650 5.923409 5.802650 5.889068 5.802651 5.986769 5.802651 5.975358 5.802651 5.923429 5.802651 5.888991 5.802651 5.986754 5.802652 5.978231 5.802652 5.805691 5.802652 5.926411 5.802652 5.891791 5.802652 5.986780 5.802653 5.978212 5.802653 5.805569 5.802653 5.926423 5.802653 5.891980 5.802653 5.986740 5.802653 5.978197 5.802653 5.805609 5.802653 5.926288 5.802654 5.891946 5.802654 5.989648 5.802654 5.978237 5.802654 5.805731 5.802654 5.926308 5.802655 5.891869 5.802655 5.989632 5.802655 5.981109 5.802655 5.808569 5.802655 5.929289 5.802656 5.894669 5.802656 5.989658 5.802656 5.981091 5.802656 5.808448 5.802656 5.929302 5.802657 5.894858 5.802657 5.989618 5.802657 5.981075 5.802657 5.808488 5.802657 5.929166 5.802657 5.894825 5.802658 5.992526 5.802658 5.981115 5.802658 5.808609 5.802658 5.929186 5.802658 5.894748 5.802658 5.992511 5.802659 5.983988 5.802659 5.811448 5.802659 5.932168 5.802659 5.897548 5.802659 5.992537 5.802659 5.983969 5.802659 5.811326 5.802660 5.932180 5.802660 5.897737 5.802660 5.992497 5.802660 5.983954 5.802660 5.811366 5.802660 5.932045 5.802661 5.897703 5.802661 5.995405 5.802661 5.983994 5.802661 5.811488 5.802661 5.814326 5.802661 5.932065 5.802662 5.897626 5.802662 5.995389 5.802662 5.986866 5.802662 5.814205 5.802662 5.935046 5.802663 5.900426 5.802663 5.995415 5.802663 5.986848 5.802663 5.814245 5.802663 5.935058 5.802663 5.805548 5.802663 5.900615 5.802664 5.995375 5.802664 5.986832 5.802664 5.814366 5.802664 5.934923 5.802664 5.805555 5.802664 5.900582 5.802664 5.998283 5.802665 5.986872 5.802665 5.817205 5.802665 5.934943 5.802665 5.805677 5.802665 5.900505 5.802665 5.998268 5.802666 5.989745 5.802666 5.817083 5.802666 5.937925 5.802666 5.805674 5.802666 5.903305 5.802666 5.998294 5.802666 5.989726 5.802666 5.817123 5.802666 5.817245 5.802666 5.937937 5.802666 5.808426 5.802667 5.903494 5.802667 5.998254 5.802667 5.989711 5.802667 5.820083 5.802667 5.937802 5.802667 5.808434 5.802668 5.903460 5.802668 5.802668 5.802669 5.992623 5.802669 5.820002 5.802669 5.940803 5.802669 5.808552 5.802670 5.906183 5.802670 5.802670 5.802671 5.992589 5.802671 5.822962 5.802671 5.940680 5.802671 5.811312 5.802671 5.906338 5.802671 5.802672 5.802672 5.995502 5.802672 5.823002 5.802672 5.943682 5.802673 5.811431 5.802673 5.814183 5.802673 5.909062 5.802673 5.802673 5.802674 5.995468 5.802674 5.825718 5.802674 5.943558 5.802674 5.814312 5.802675 5.909217 5.802675 5.802675 5.802676 5.998380 5.802676 5.825880 5.802676 5.946560 5.802676 5.817062 5.802676 5.911940 5.802677 5.802677 5.802678 5.998346 5.802678 5.828637 5.802678 5.946437 5.802678 5.817191 5.802678 5.817188 5.802678 5.912095 5.802678 5.802679 5.802679 5.802679 5.802680 5.802680 5.802681 5.802681 5.802682 5.802682 5.802683 5.802683 5.802684 5.802684 5.802685 5.802685 5.802685 5.802685 5.802686 5.802686 5.802687 5.802687 5.802688 5.802688 5.802689 5.802689 5.802690 5.802690 5.802691 5.802691 5.802692 5.802692 5.802692 5.802692 5.802693 5.802693 5.802694 5.802694 5.802695 5.802695 5.802696 5.802696 5.802697 5.802697 5.802698 5.802698 5.802698 5.802698 5.802699 5.802699 5.802700 5.802700 5.802701 5.802701 5.802702 5.802702 5.802703 5.802703 5.802704 5.802704 5.802705 5.802705 5.802705 5.802705 5.802706 5.802706 5.802707 5.802707 5.802708 5.802708 5.802709 5.802709 5.802710 5.802710 5.802711 5.802711 5.802711 5.802711 5.802712 5.802712 5.802713 5.802713 5.802714 5.802714 5.802715 5.802715 5.802716 5.802716 5.802717 5.802717 5.802718 5.802718 5.802718 5.802718 5.802719 5.802719 5.802720 5.802720 5.802721 5.802721 5.802722 5.802722 5.802723 5.802723 5.802724 5.802724 5.802724 5.802724 5.802725 5.802725 5.802726 5.802726 5.802727 5.802727 5.802728 5.874774 5.802728 5.989737 5.802728 5.863243 5.802728 5.955117 5.802729 5.802729 5.802730 5.874692 5.802730 5.989614 5.802730 5.866003 5.802730 5.955272 5.802731 5.802731 5.802731 5.877652 5.802731 5.992615 5.802731 5.866122 5.802732 5.957995 5.802732 5.802732 5.802733 5.877571 5.802733 5.992492 5.802733 5.868882 5.802734 5.958151 5.802734 5.802734 5.802735 5.880531 5.802735 5.995494 5.802735 5.869000 5.802735 5.960874 5.802736 5.802736 5.802737 5.880449 5.802737 5.995371 5.802737 5.871760 5.802737 5.961029 5.802737 5.802737 5.802738 5.883409 5.802738 5.998372 5.802738 5.871878 5.802739 5.963752 5.802739 5.883288 5.802739 5.998385 5.802739 5.874631 5.802740 5.963942 5.802740 5.883328 5.802740 5.998249 5.802740 5.874638 5.802741 5.963908 5.802741 5.883449 5.802741 5.998269 5.802741 5.874760 5.802741 5.963831 5.802742 5.886288 5.802742 5.802742 5.802743 5.877509 5.802743 5.966820 5.802744 5.886206 5.802744 5.802744 5.802744 5.877638 5.802745 5.966709 5.802745 5.889166 5.802745 5.802745 5.802746 5.880388 5.802747 5.969698 5.802747 5.889085 5.802747 5.802747 5.802748 5.880517 5.802748 5.969588 5.802749 5.892045 5.802749 5.802749 5.802750 5.883266 5.802750 5.972577 5.802750 5.891963 5.802750 5.802750 5.802751 5.883395 5.802752 5.972466 5.802752 5.894923 5.802752 5.802752 5.802753 5.886145 5.802754 5.975455 5.802754 5.894842 5.802754 5.802754 5.802755 5.886274 5.802755 5.975345 5.802756 5.897802 5.802756 5.802756 5.802757 5.889023 5.802757 5.978334 5.802757 5.897720 5.802757 5.802757 5.802758 5.889152 5.802759 5.978223 5.802759 5.900680 5.802759 5.802759 5.802760 5.891902 5.802760 5.981212 5.802761 5.900598 5.802761 5.802761 5.802762 5.892031 5.802762 5.981102 5.802763 5.903558 5.802763 5.802763 5.802763 5.894780 5.802764 5.984091 5.802764 5.903477 5.802764 5.802764 5.802765 5.894909 5.802766 5.983980 5.802766 5.906437 5.802766 5.802766 5.802767 5.897658 5.802767 5.986969 5.802768 5.906355 5.802768 5.802768 5.802769 5.897788 5.802769 5.986858 5.802769 5.909315 5.802769 5.802770 5.802770 5.900537 5.802771 5.989848 5.802771 5.909234 5.802771 5.802771 5.802772 5.900666 5.802773 5.989737 5.802773 5.912194 5.802773 5.802773 5.802774 5.903415 5.802774 5.992726 5.802775 5.912112 5.802775 5.802775 5.802776 5.903545 5.802776 5.992615 5.802776 5.915072 5.802776 5.802776 5.802777 5.906294 5.802778 5.995605 5.802778 5.914991 5.802778 5.802778 5.802779 5.906423 5.802780 5.995494 5.802780 5.917951 5.802780 5.802780 5.802781 5.909172 5.802781 5.998483 5.802782 5.917869 5.802782 5.802782 5.802783 5.909302 5.802783 5.998372 5.802783 5.920829 5.802783 5.802783 5.802784 5.920708 5.802784 5.802784 5.802785 5.920748 5.802785 5.802785 5.802786 5.920869 5.802786 5.802786 5.802787 5.923708 5.802787 5.802787 5.802788 5.923586 5.802788 5.802788 5.802789 5.923626 5.802789 5.802789 5.802789 5.923748 5.802789 5.802789 5.802790 5.926586 5.802790 5.802790 5.802791 5.926465 5.802791 5.802791 5.802792 5.926505 5.802792 5.802792 5.802793 5.926626 5.802793 5.802793 5.802794 5.929465 5.802794 5.802794 5.802795 5.929343 5.802795 5.802795 5.802795 5.929383 5.802795 5.802796 5.802796 5.929505 5.802796 5.802796 5.802797 5.932343 5.802797 5.802797 5.802798 5.932222 5.802798 5.802798 5.802799 5.932262 5.802799 5.802799 5.802800 5.932383 5.802800 5.802800 5.802801 5.935222 5.802801 5.802801 5.802802 5.935100 5.802802 5.926443 5.802802 5.802802 5.802803 5.935262 5.802803 5.926572 5.802804 5.802804 5.802805 5.937978 5.802805 5.929322 5.802806 5.802806 5.802807 5.938140 5.802807 5.929451 5.802807 5.802808 5.802808 5.940857 5.802809 5.932200 5.802809 5.802809 5.802810 5.941018 5.802810 5.932329 5.802811 5.802811 5.802812 5.943735 5.802812 5.935078 5.802812 5.802813 5.802814 5.943897 5.802814 5.935208 5.802814 5.802815 5.802815 5.946614 5.802815 5.937957 5.802816 5.802816 5.802817 5.946775 5.802817 5.938086 5.802818 5.802818 5.802819 5.949492 5.802819 5.940835 5.802819 5.802820 5.802821 5.949654 5.802821 5.940965 5.802821 5.802821 5.802822 5.952371 5.802822 5.943714 5.802823 5.802823 5.802824 5.952532 5.802824 5.943843 5.802825 5.802825 5.802826 5.955249 5.802826 5.946592 5.802826 5.802827 5.802828 5.955411 5.802828 5.946722 5.802828 5.802828 5.802829 5.958128 5.802829 5.949471 5.802830 5.802830 5.802831 5.958289 5.802831 5.949600 5.802831 5.802832 5.802833 5.961006 5.802833 5.952349 5.802833 5.802834 5.802834 5.961168 5.802835 5.952478 5.802835 5.802835 5.802836 5.963885 5.802836 5.955228 5.802837 5.802837 5.802838 5.964046 5.802838 5.955357 5.802838 5.802839 5.802840 5.966763 5.802840 5.958106 5.802840 5.802841 5.802841 5.966925 5.802841 5.958235 5.802842 5.802842 5.802843 5.969642 5.802843 5.960985 5.802844 5.802844 5.802880 5.989895 5.802881 5.802881 5.802882 5.992655 5.802883 5.802883 5.802884 5.992774 5.802885 5.802885 5.802886 5.995534 5.802886 5.802886 5.802887 5.995652 5.802888 5.802888 5.802889 5.998412 5.802890 5.802890 5.802891 5.998531 5.802892 5.802892 5.802892 5.802893 5.802893 5.802893 5.802894 5.802894 5.802895 5.802895 5.802896 5.802896 5.802897 5.802897 5.802898 5.802898 5.802899 5.802899 5.802899 5.802899 5.802900 5.802900 5.802901 5.802901 5.802902 5.802902 5.802903 5.802903 5.802904 5.802904 5.802905 5.802905 5.802905 5.802906 5.802906 5.802906 5.802907 5.802907 5.802908 5.802908 5.802909 5.802909 5.802910 5.802910 5.802911 5.802911 5.802912 5.802912 5.802912 5.802912 5.802913 5.802913 5.802914 5.802914 5.802915 5.802915 5.802916 5.802916 5.802917 5.802917 5.802918 5.802918 5.802918 5.802919 5.802919 5.802919 5.802920 5.802920 5.802921 5.802921 5.802922 5.802922 5.802923 5.802923 5.802924 5.802924 5.802925 5.802925 5.802925 5.802925 5.802926 5.802926 5.802927 5.802927 5.802928 5.802928 5.802929 5.802929 5.802930 5.802930 5.802931 5.802931 5.802931 5.802932 5.802932 5.802932 5.802933 5.802933 5.802934 5.802934 5.802935 5.802935 5.802936 5.802936 5.802937 5.802937 5.802937 5.802938 5.802938 5.802938 5.802939 5.802939 5.802940 5.802941 5.802942 5.802943 5.802944 5.802944 5.802945 5.802946 5.802947 5.802948 5.802949 5.802950 5.802951 5.803236 5.803465 5.803466 5.803467 5.803468 5.803469 5.803469 5.803470 5.803471 5.803472 5.803473 5.803474 5.803475 5.803475 5.803476 5.803477 5.803478 5.803479 5.803480 5.803481 5.803482 5.803482 5.803483 5.803484 5.803485 5.803486 5.803487 5.803488 5.803488 5.803489 5.803490 5.803491 5.803492 5.803493 5.803494 5.803495 5.803495 5.803496 5.803497 5.803498 5.803499 5.803500 5.803501 5.803501 5.803502 5.803503 5.803504 5.803505 5.803506 5.803507 5.803508 5.803508 5.803509 5.803510 5.803511 5.803512 5.803513 5.803514 5.803514 5.803781 5.806814 5.803782 5.806840 5.803783 5.806829 5.803784 5.806832 5.803785 5.809692 5.803785 5.809718 5.803786 5.809708 5.803787 5.809711 5.803788 5.812571 5.803789 5.812597 5.803790 5.812586 5.803791 5.812589 5.803791 5.815449 5.803792 5.815475 5.803793 5.815465 5.803794 5.815468 5.803795 5.818328 5.803796 5.818354 5.803797 5.818343 5.803798 5.818346 5.803798 5.821206 5.803799 5.821232 5.803800 5.821222 5.803801 5.821225 5.803802 5.824085 5.803803 5.824111 5.803804 5.824100 5.803804 5.824103 5.803805 5.826963 5.803806 5.826989 5.803807 5.826978 5.803808 5.826982 5.803809 5.829842 5.803810 5.829868 5.803811 5.829857 5.803811 5.829860 5.803812 5.832720 5.803813 5.832746 5.803814 5.832735 5.803815 5.832738 5.803816 5.835598 5.803817 5.835625 5.803817 5.835614 5.803818 5.835617 5.803819 5.838477 5.803820 5.838503 5.803821 5.838492 5.803822 5.838495 5.803823 5.841355 5.803824 5.841382 5.803824 5.841371 5.803825 5.841374 5.803826 5.844234 5.803827 5.844260 5.803828 5.844249 5.803829 5.844252 5.803830 5.847112 5.803830 5.847138 5.803831 5.847128 5.803832 5.847131 5.803833 5.849991 5.803834 5.850017 5.803835 5.850006 5.803836 5.850009 5.803837 5.852869 5.803837 5.852895 5.803838 5.852885 5.803839 5.852888 5.803840 5.855748 5.803841 5.855774 5.803842 5.855763 5.803843 5.855766 5.803843 5.858626 5.803844 5.858652 5.803845 5.858642 5.803846 5.858645 5.803847 5.861505 5.803848 5.861531 5.803849 5.861520 5.803850 5.861523 5.803850 5.864383 5.803851 5.864409 5.803852 5.864398 5.803853 5.864402 5.803854 5.867262 5.803855 5.867288 5.803856 5.867277 5.803856 5.867280 5.803857 5.870140 5.803858 5.870166 5.803859 5.870155 5.803860 5.870158 5.803861 5.873018 5.803862 5.873045 5.803862 5.873034 5.803863 5.873037 5.803864 5.875897 5.803865 5.875923 5.803866 5.875912 5.803867 5.875915 5.803868 5.878775 5.803869 5.878802 5.803869 5.878791 5.803870 5.878794 5.803871 5.881654 5.803872 5.881680 5.803873 5.881669 5.803874 5.881672 5.803875 5.884532 5.803875 5.884558 5.803876 5.884548 5.803877 5.884551 5.803878 5.887411 5.803879 5.887437 5.803880 5.887426 5.803881 5.887429 5.803882 5.890289 5.803882 5.890315 5.803883 5.890305 5.803884 5.890308 5.803885 5.893168 5.803886 5.893194 5.803887 5.893183 5.803888 5.893186 5.803888 5.896046 5.803889 5.896072 5.803890 5.896062 5.803891 5.896065 5.803892 5.898925 5.803893 5.898951 5.803894 5.898940 5.803895 5.898943 5.803895 5.901803 5.803896 5.901829 5.803897 5.901818 5.803898 5.901822 5.803899 5.904682 5.803900 5.904708 5.803901 5.904697 5.803901 5.904700 5.803902 5.907560 5.803903 5.907586 5.803904 5.907575 5.803905 5.907578 5.803906 5.910438 5.803907 5.910465 5.803908 5.910454 5.803908 5.910457 5.803909 5.913317 5.803910 5.913343 5.803911 5.913332 5.803912 5.913335 5.803913 5.916195 5.803914 5.916222 5.803914 5.916211 5.803915 5.916214 5.803916 5.919074 5.803917 5.919100 5.803918 5.919089 5.803919 5.919092 5.803920 5.921952 5.803921 5.921978 5.803921 5.921968 5.803922 5.921971 5.803923 5.924831 5.803924 5.924857 5.803925 5.924846 5.803926 5.924849 5.803927 5.927709 5.803927 5.927735 5.803928 5.927725 5.803929 5.927728 5.803930 5.930588 5.803931 5.930614 5.803932 5.930603 5.803933 5.930606 5.803934 5.933466 5.803934 5.933492 5.803935 5.933482 5.803936 5.933485 5.803937 5.936345 5.803938 5.936371 5.803939 5.936360 5.803940 5.936363 5.803940 5.939223 5.803941 5.939249 5.803942 5.939238 5.803943 5.939242 5.803944 5.942102 5.803945 5.942128 5.803946 5.942117 5.803947 5.942120 5.803947 5.944980 5.803948 5.945006 5.803949 5.944995 5.803950 5.944998 5.803951 5.947858 5.803952 5.947885 5.803953 5.947874 5.803953 5.947877 5.803954 5.950737 5.803955 5.950763 5.803956 5.950752 5.803956 
task37
0.375795 0.515897 1.662491 1.678432 2.472518 3.747371 5.392459 5.392462 5.392715 5.392719 5.392970 5.392974 5.394159 5.394163 5.802322 5.802633 5.802634 5.802635 5.802636 5.802637 5.802638 5.802639 5.802640 5.802640 5.802641 5.802642 5.802643 5.802644 5.802645 5.802645 5.802646 5.802646 5.802647 5.802648 5.802649 5.802650 5.802651 5.802651 5.802652 5.802652 5.802653 5.802654 5.802655 5.802656 5.802657 5.802657 5.802658 5.802659 5.802659 5.802660 5.802661 5.802662 5.802663 5.802663 5.802664 5.802665 5.802665 5.802666 5.802667 5.802668 5.802669 5.802728 5.802729 5.802729 5.802730 5.802731 5.802732 5.802733 5.802734 5.802735 5.802735 5.802736 5.802737 5.802738 5.802739 5.802739 5.802740 5.802740 5.802740 5.802741 5.802741 5.802742 5.802742 5.802742 5.802742 5.802743 5.802743 5.802743 5.802744 5.802744 5.802745 5.802745 5.802746 5.802746 5.802746 5.802747 5.802747 5.802747 5.802748 5.802748 5.802748 5.802749 5.802749 5.802750 5.802750 5.802751 5.802751 5.802751 5.802752 5.802752 5.802752 5.802753 5.802753 5.802754 5.802754 5.802755 5.802755 5.802755 5.802755 5.802756 5.802756 5.802757 5.802757 5.802758 5.802759 5.802759 5.802760 5.802760 5.802761 5.802761 5.802761 5.802762 5.802762 5.802763 5.802763 5.802763 5.802764 5.802764 5.802765 5.802765 5.802766 5.802767 5.802768 5.802769 5.802769 5.802802 5.802802 5.802803 5.802804 5.802805 5.802806 5.802807 5.802808 5.802808 5.802809 5.802810 5.802811 5.802812 5.802813 5.802815 5.802815 5.802816 5.802817 5.802818 5.802819 5.802821 5.802821 5.802822 5.802823 5.802824 5.802825 5.802827 5.802828 5.802828 5.802829 5.802830 5.802831 5.802833 5.802834 5.802834 5.802835 5.802836 5.802837 5.802838 5.802844 5.802845 5.802846 5.802847 5.802848 5.802849 5.802850 5.802851 5.802851 5.802852 5.802853 5.802854 5.802855 5.802855 5.802856 5.802857 5.802857 5.802858 5.802859 5.802860 5.802861 5.802861 5.802862 5.802863 5.802864 5.802864 5.802865 5.802866 5.802867 5.802867 5.802868 5.802869 5.802870 5.802870 5.802871 5.802872 5.802873 5.802873 5.802874 5.802875 5.802876 5.802877 5.802877 5.802878 5.802879 5.802940 5.802941 5.802942 5.802943 5.802943 5.802944 5.802944 5.802945 5.802946 5.802947 5.802949 5.802950 5.802951 5.802951 5.802952 5.802953 5.802953 5.802954 5.802955 5.802955 5.802956 5.802957 5.802957 5.802957 5.802957 5.802957 5.802958 5.802958 5.802959 5.802959 5.802959 5.802960 5.802960 5.802961 5.802961 5.802962 5.802963 5.802963 5.802963 5.802964 5.802964 5.802964 5.802964 5.802965 5.802965 5.802966 5.802966 5.802966 5.802967 5.802967 5.802967 5.802968 5.802969 5.802969 5.802970 5.802970 5.802970 5.802970 5.802971 5.802972 5.802973 5.802974 5.802975 5.802976 5.802977 5.802977 5.802977 5.802978 5.802979 5.802980 5.802981 5.802982 5.803515 5.803516 5.803517 5.803518 5.803519 5.803520 5.803520 5.803521 5.803521 5.803522 5.803525 5.803526 5.803527 5.803527 5.803528 5.803529 5.803530 5.803531 5.803532 5.803533 5.803534 5.803535 5.803536 5.803537 5.803538 5.803539 5.803540 5.803540 5.803541 5.803542 5.803545 5.803546 5.803957 5.949951 5.803958 5.952025 5.803959 5.952811 5.803959 5.952837 5.803960 5.952826 5.803961 5.954098 5.803961 5.954885 5.803962 5.954911 5.803963 5.954900 5.803964 5.956172 5.803965 5.956958 5.803966 5.956985 5.803966 5.956974 5.803966 5.958246 5.803967 5.959032 5.803968 5.959058 5.803969 5.959048 5.803970 5.960320 5.803971 5.961106 5.803972 5.961132 5.803972 5.961122 5.803972 5.962394 5.803973 5.963180 5.803974 5.963206 5.803975 5.963195 5.803976 5.964468 5.803977 5.965254 5.803977 5.965280 5.803978 5.965269 5.803979 5.966542 5.803979 5.967328 5.803980 5.967354 5.803981 5.967343 5.803982 5.968615 5.803982 5.969402 5.803983 5.969428 5.803984 5.969417 5.803985 5.970689 5.803985 5.971475 5.803986 5.971502 5.803987 5.971491 5.803987 5.972763 5.803988 5.973549 5.803989 5.973575 5.803990 5.973565 5.803991 5.974837 5.803991 
task39
0.375819 0.523952 1.662510 1.663296 1.663297 1.663298 1.663299 1.663300 1.663301 1.663302 1.663371 1.686382 2.472739 3.765026 5.392462 5.392462 5.392719 5.392719 5.392974 5.392974 5.394163 5.394163 5.802361 5.802670 5.802671 5.802672 5.802672 5.802675 5.802676 5.802677 5.802678 5.802678 5.802679 5.802681 5.802682 5.802683 5.802684 5.802685 5.802685 5.802687 5.802688 5.802689 5.802690 5.802691 5.802691 5.802693 5.802694 5.802695 5.802696 5.802697 5.802698 5.802699 5.802700 5.802701 5.802702 5.802703 5.802764 5.802765 5.802766 5.802767 5.802768 5.802770 5.802770 5.802770 5.802771 5.802771 5.802772 5.802772 5.802773 5.802773 5.802774 5.802774 5.802775 5.802775 5.802775 5.802775 5.802776 5.802776 5.802776 5.802777 5.802777 5.802778 5.802778 5.802779 5.802779 5.802780 5.802780 5.802781 5.802781 5.802782 5.802782 5.802782 5.802783 5.802783 5.802784 5.802785 5.802785 5.802785 5.802786 5.802786 5.802787 5.802787 5.802787 5.802787 5.802788 5.802788 5.802789 5.802789 5.802789 5.802789 5.802790 5.802791 5.802791 5.802792 5.802792 5.802793 5.802793 5.802793 5.802794 5.802794 5.802794 5.802794 5.802795 5.802795 5.802795 5.802795 5.802796 5.802796 5.802797 5.802798 5.802798 5.802799 5.802800 5.802838 5.802839 5.802840 5.802841 5.802841 5.802842 5.802842 5.802843 5.802843 5.802844 5.802845 5.802846 5.802847 5.802847 5.802848 5.802849 5.802849 5.802850 5.802851 5.802852 5.802853 5.802854 5.802854 5.802855 5.802855 5.802856 5.802857 5.802858 5.802859 5.802860 5.802860 5.802861 5.802861 5.802862 5.802863 5.802864 5.802865 5.802866 5.802866 5.802867 5.802867 5.802868 5.802869 5.802870 5.802871 5.802872 5.802873 5.802879 5.802880 5.802881 5.802882 5.802883 5.802885 5.802886 5.802887 5.802888 5.802889 5.802890 5.802891 5.802892 5.802893 5.802894 5.802895 5.802896 5.802897 5.802898 5.802899 5.802900 5.802901 5.802902 5.802903 5.802904 5.802905 5.802906 5.802907 5.802908 5.802909 5.802910 5.802911 5.802912 5.802913 5.802914 5.802972 5.802973 5.802974 5.802975 5.802975 5.802976 5.802976 5.802976 5.802977 5.802978 5.802979 5.802980 5.802981 5.802982 5.802983 5.802983 5.802983 5.802983 5.802983 5.802984 5.802984 5.802985 5.802985 5.802985 5.802987 5.802987 5.802987 5.802988 5.802988 5.802989 5.802989 5.802989 5.802989 5.802990 5.802990 5.802990 5.802991 5.802992 5.802992 5.802993 5.802993 5.802994 5.802994 5.802994 5.802995 5.802995 5.802996 5.802996 5.802997 5.802997 5.802997 5.802998 5.802998 5.802998 5.802999 5.802999 5.803000 5.803000 5.803001 5.803001 5.803001 5.803002 5.803003 5.803004 5.803006 5.803007 5.803009 5.803009 5.803009 5.803010 5.803011 5.803012 5.803546 5.803547 5.803548 5.803549 5.803549 5.803550 5.803551 5.803552 5.803553 5.803553 5.803556 5.803557 5.803558 5.803559 5.803559 5.803559 5.803561 5.803562 5.803564 5.803565 5.803566 5.803567 5.803567 5.803568 5.803569 5.803570 5.803572 5.803573 5.803574 5.803575 5.803992 5.974700 5.803992 5.974726 5.803993 5.974715 5.803994 5.975851 5.803994 5.975877 5.803995 5.975866 5.803996 5.975988 5.803997 5.977002 5.803998 5.977028 5.803998 5.977017 5.803999 5.977138 5.803999 5.978152 5.804000 5.978178 5.804001 5.978168 5.804002 5.978289 5.804003 5.979303 5.804004 5.979329 5.804005 5.979318 5.804005 5.979440 5.804005 5.980454 5.804006 5.980480 5.804007 5.980469 5.804008 5.980591 5.804009 5.981605 5.804010 5.981631 5.804010 5.981620 5.804011 5.981742 5.804011 5.982755 5.804012 5.982782 5.804013 5.982771 5.804014 5.982892 5.804015 5.983906 5.804015 5.983932 5.804016 5.983922 5.804017 5.984043 5.804018 5.985057 5.804018 5.985083 5.804019 5.985072 5.804020 5.985194 5.804020 5.986208 5.804021 5.986234 5.804022 5.986223 5.804023 5.986345 5.804024 5.987358 5.804024 5.987385 5.804025 5.987374 5.804025 
task88
0.416604 0.904109 1.516142 1.544874 2.296157 2.418585 3.380226 3.624589 5.331993 5.495237 5.674016 5.917803 
task48
0.502151 0.561425 1.827578 1.849465 3.579981 3.589302 3.716757 3.844589 5.946141 5.975742 
task38
0.517843 0.539578 1.833622 1.844222 3.714392 3.759391 5.883370 5.954875 
task40
0.524655 0.546349 1.817393 1.835360 3.786739 3.782986 
task43
0.545739 0.592306 1.835303 2.478849 3.988956 3.830460 
task46
0.545778 0.778031 1.835894 4.016300 
task41
0.546015 0.810885 1.838853 4.047597 
task42
0.546054 0.840035 1.839445 1.839445 3.989847 4.078232 
task49
0.561885 0.584040 1.849140 1.856325 3.590029 3.603194 3.845090 3.889854 5.976307 5.977748 5.978768 5.977749 5.999668 5.977762 5.977762 5.977776 5.978834 5.977776 5.999742 5.977790 5.977790 5.977803 5.977804 5.977817 5.977818 5.977831 5.977832 5.977845 5.977845 5.977859 5.977859 5.977873 5.977873 5.977887 5.977887 5.977900 5.977901 5.977914 5.977915 5.977928 5.977929 5.977942 5.977942 5.977956 5.977956 5.977970 5.977970 5.977983 5.977984 5.977997 5.977998 5.978011 5.978012 5.978025 5.978026 5.978039 5.978039 5.978053 5.978053 5.978067 5.978067 5.978081 5.984122 5.978081 5.978095 5.978109 5.984188 5.978109 5.978123 5.979079 5.979093 5.979106 5.979120 5.979134 5.979148 5.979162 5.979176 5.979190 5.979203 5.979217 5.979231 5.979245 5.979259 5.979273 5.979287 5.979300 5.979314 5.979328 5.979342 5.979356 5.979370 5.979384 5.979397 5.979411 5.979425 5.979439 5.979453 5.979467 5.979481 5.979494 
task50
0.585215 0.642063 1.855472 1.881131 3.604029 3.629606 3.891435 3.948646 
task44
0.593814 0.600142 2.479139 2.484166 4.150517 3.837223 
task51
0.642988 0.652803 1.880834 1.884726 3.630029 3.635975 3.949209 3.965346 
task52
0.652319 0.653346 1.884858 1.885068 1.885167 1.885372 1.885470 1.885634 1.886333 1.886826 3.636509 3.636786 3.638029 3.638062 3.965734 3.967043 3.967564 3.968568 
task53
0.654982 0.655383 1.886988 1.887202 1.887284 1.887458 3.638509 3.638740 3.968951 3.969009 3.970396 3.970548 3.970565 3.970771 
task89
0.904724 0.914832 1.544453 1.559203 2.418240 2.437486 3.624926 3.703932 5.495223 5.514335 5.918397 5.996015 
task91
0.914757 0.935503 1.558508 1.574975 2.437727 2.454683 3.702926 3.729920 5.514540 5.695960 5.996729 5.996729 5.996734 5.996734 5.996739 5.996739 5.996743 5.996743 5.996748 5.996748 5.996753 5.996753 5.996757 5.996757 5.996757 5.996757 5.996761 5.996761 5.996762 5.996762 5.996766 5.996766 5.996766 5.996766 5.996771 5.996771 5.996771 5.996771 5.996775 5.996775 5.996776 5.996776 5.996780 5.996780 5.996780 5.996780 5.996784 5.996784 5.996785 5.996785 5.996789 5.996789 5.996789 5.996789 5.996794 5.996794 5.996794 5.996794 5.996798 5.996798 5.996799 5.996799 5.996803 5.996803 5.996803 5.996803 5.996808 5.996808 5.996808 5.996808 5.996812 5.996812 5.996813 5.996813 5.996817 5.996817 5.996817 5.996817 5.996821 5.996821 5.996822 5.996822 5.996826 5.996826 5.996826 5.996826 5.996831 5.996831 5.996831 5.996831 5.996835 5.996835 5.996836 5.996836 5.996840 5.996840 5.996845 5.996845 5.996849 5.996849 5.996854 5.996854 5.996858 5.996858 5.996863 5.996863 5.998025 5.998030 5.998035 5.998039 5.998044 5.998048 5.998053 5.998058 5.998062 5.998067 5.998072 5.998076 5.998081 5.998085 5.998090 5.998095 5.998099 5.998104 5.998108 5.998113 5.998118 5.998122 5.998127 5.998132 5.998136 5.998141 5.998145 5.998150 5.998155 5.998159 5.998164 5.998169 5.998173 5.998178 5.998182 5.998187 5.998192 5.998196 5.998201 5.998205 5.998210 5.998215 5.998219 5.998224 5.998229 5.998233 5.998238 5.998242 
task93
0.914817 0.936988 1.558564 1.579429 2.437773 2.457652 3.703009 3.734374 5.515182 5.749406 5.996840 5.996845 5.996868 5.996868 5.996872 5.996872 5.996877 5.996877 5.998247 5.998252 5.998256 5.998261 5.998265 5.998265 
task92
0.936125 0.950951 1.574981 1.596317 2.454243 2.574462 3.731009 3.852355 5.696107 5.716703 
task73
4.010967 4.286763 
task69
4.011226 4.287111 
task62
4.011543 4.110100 
task72
4.011547 4.162837 
task58
4.011549 4.170162 
task59
4.011561 4.178345 
task64
4.011573 4.284548 
task74
4.011645 4.189975 
task61
4.012280 4.204549 
task60
4.182296 4.263297 
task65
4.190535 4.341215 
task71
4.192663 4.686028 
task63
4.193104 4.726200 
task67
4.264400 4.344794 
task75
4.288795 4.289062 
task76
4.289774 4.315154 
task77
4.316004 4.377965 
task80
4.316060 4.405177 
task66
4.342233 5.470234 
task82
4.346401 4.564534 
task70
4.346401 4.692140 
task68
4.346453 4.692349 
task78
4.394815 5.144805 
task81
4.406934 4.440454 
task79
5.145129 5.354177 
