5
0.000000 0.012300 1.000000 1.001065 2.000000 2.001671 3.000000 3.010404 4.000000 4.011166 5.000000 5.010207 
0
0.000000 0.024603 1.000000 1.013703 2.000000 2.013726 3.000000 3.022872 4.000000 4.040852 5.000000 5.022247 
4
0.000000 0.089634 1.000000 1.079897 2.000000 2.080769 3.000000 3.089724 4.000000 4.147401 5.000000 5.090470 
1
0.000000 0.283739 1.000000 1.591636 2.000000 2.278994 3.000000 3.601058 4.000000 4.664888 5.000000 5.489165 
2
0.000000 0.445529 1.000000 1.710123 2.000000 3.047476 3.000000 3.670859 4.000000 4.771400 5.000000 5.595627 
3
4.000000 4.591780 
