0
0.000000 7341212.000000 73181.000000 65693.000000 72113.000000 258859.000000 22145.000000 29265.000000 39873.000000 31339.000000 6640.000000 7341212.000000 73117.000000 68765.000000 38301.000000 251947.000000 0.000000 46144.000000 29883.000000 47819.000000 0.000000 7341212.000000 69981.000000 68765.000000 38301.000000 31794.000000 251947.000000 28992.000000 17024.000000 36099.000000 0.000000 7341212.000000 69981.000000 65693.000000 49053.000000 26753.000000 251946.000000 11648.000000 12960.000000 16252.000000 0.000000 7341212.000000 69981.000000 65693.000000 39453.000000 235051.000000 221227.000000 251946.000000 82839.000000 0.000000 0.000000 0.000000 0.000000 222336.000000 200652.000000 53240.000000 0.000000 0.000000 0.000000 0.000000 0.000000 
1
0.000000 65536.000000 79424.000000 59932.000000 221482.000000 224298.000000 18176.000000 29276.000000 28832.000000 73358.000000 0.000000 65536.000000 69697.000000 65308.000000 744562.000000 31024.000000 0.000000 42816.000000 65115.000000 38724.000000 0.000000 65536.000000 69697.000000 59932.000000 35712.000000 221226.000000 25328.000000 7424.000000 57339.000000 0.000000 0.000000 65536.000000 69697.000000 60316.000000 49052.000000 251946.000000 33008.000000 55499.000000 86891.000000 0.000000 0.000000 65568.000000 69729.000000 56892.000000 221258.000000 251978.000000 32625.000000 233546.000000 83675.000000 0.000000 0.000000 0.000000 0.000000 191520.000000 200588.000000 42528.000000 0.000000 0.000000 0.000000 0.000000 0.000000 
2
0.000000 65536.000000 77824.000000 56860.000000 251946.000000 28384.000000 29184.000000 43264.000000 43264.000000 65119.000000 0.000000 65536.000000 69697.000000 65308.000000 258026.000000 18496.000000 251946.000000 42816.000000 47819.000000 43803.000000 0.000000 65536.000000 69697.000000 65308.000000 34816.000000 251946.000000 26176.000000 7200.000000 47819.000000 0.000000 0.000000 65536.000000 69697.000000 56860.000000 373290.000000 30162.000000 29024.000000 128064.000000 20064.000000 0.000000 0.000000 65568.000000 69729.000000 56892.000000 221258.000000 251978.000000 27985.000000 227402.000000 77531.000000 0.000000 0.000000 0.000000 0.000000 185408.000000 178316.000000 78944.000000 0.000000 0.000000 0.000000 0.000000 0.000000 
3
0.000000 250864.000000 72786.000000 59949.000000 221243.000000 251947.000000 251947.000000 42689.000000 42689.000000 44175.000000 38343.000000 250864.000000 69713.000000 65325.000000 227387.000000 15981.000000 256718.000000 42688.000000 31323.000000 47819.000000 0.000000 250864.000000 69713.000000 59949.000000 37009.000000 251963.000000 21600.000000 18640.000000 47819.000000 0.000000 0.000000 250864.000000 69713.000000 60333.000000 320827.000000 221243.000000 29569.000000 43004.000000 72283.000000 0.000000 0.000000 250880.000000 70967.000000 58131.000000 37239.000000 224530.000000 256705.000000 93351.000000 80929.000000 0.000000 0.000000 0.000000 0.000000 230854.000000 202250.000000 43094.000000 0.000000 0.000000 0.000000 0.000000 0.000000 
4
0.000000 65578.000000 72811.000000 56902.000000 265962.000000 221242.000000 221242.000000 42746.000000 42746.000000 53943.000000 5800.000000 65578.000000 69739.000000 65350.000000 252330.000000 30106.000000 0.000000 42730.000000 63683.000000 37292.000000 0.000000 65578.000000 69739.000000 59974.000000 233915.000000 251946.000000 23594.000000 7200.000000 72279.000000 0.000000 0.000000 65578.000000 76203.000000 60358.000000 403882.000000 32124.000000 29024.000000 128072.000000 21704.000000 0.000000 0.000000 65578.000000 69739.000000 56902.000000 252346.000000 42666.000000 251946.000000 71242.000000 77541.000000 0.000000 0.000000 0.000000 0.000000 185376.000000 153716.000000 115168.000000 0.000000 0.000000 0.000000 0.000000 0.000000 
5
0.000000 65568.000000 82720.000000 59964.000000 260746.000000 221258.000000 221258.000000 42720.000000 42720.000000 54567.000000 8736.000000 65568.000000 69729.000000 65340.000000 380746.000000 251978.000000 0.000000 42720.000000 47819.000000 43803.000000 0.000000 65568.000000 69729.000000 65340.000000 252362.000000 253514.000000 29024.000000 29024.000000 17056.000000 36099.000000 0.000000 65568.000000 69729.000000 56892.000000 45628.000000 251978.000000 29408.000000 54239.000000 91775.000000 0.000000 0.000000 65568.000000 76193.000000 56892.000000 36000.000000 251978.000000 42592.000000 382538.000000 77499.000000 0.000000 0.000000 0.000000 0.000000 185408.000000 215876.000000 7496.000000 6696.000000 6696.000000 14488.000000 3624.000000 0.000000 
6
0.000000 65568.000000 77856.000000 59964.000000 260746.000000 222794.000000 221258.000000 43808.000000 42848.000000 63675.000000 0.000000 65568.000000 69729.000000 65340.000000 378954.000000 253514.000000 18720.000000 223178.000000 37479.000000 65127.000000 0.000000 65568.000000 69729.000000 65340.000000 252362.000000 29521.000000 31442.000000 29152.000000 18560.000000 36999.000000 0.000000 65568.000000 69729.000000 56892.000000 403914.000000 30194.000000 29056.000000 31419.000000 20577.000000 0.000000 0.000000 65568.000000 69729.000000 57053.000000 38977.000000 252139.000000 43521.000000 43521.000000 42753.000000 25633.000000 25633.000000 24865.000000 25505.000000 15649.000000 1697.000000 85341.000000 20831.000000 0.000000 0.000000 0.000000 0.000000 
7
0.000000 65568.000000 77856.000000 59964.000000 260746.000000 221226.000000 251946.000000 42752.000000 42816.000000 53943.000000 2556.000000 65568.000000 69729.000000 65340.000000 409546.000000 31410.000000 64236.000000 44160.000000 47819.000000 43803.000000 0.000000 65568.000000 69729.000000 59964.000000 230875.000000 251978.000000 26720.000000 7744.000000 64955.000000 0.000000 0.000000 65568.000000 69729.000000 56892.000000 403914.000000 28337.000000 29024.000000 29883.000000 15856.000000 0.000000 0.000000 65568.000000 69729.000000 56892.000000 252378.000000 251978.000000 32400.000000 87841.000000 77499.000000 0.000000 0.000000 0.000000 0.000000 185376.000000 210084.000000 1648.000000 496.000000 496.000000 14432.000000 4160.000000 0.000000 
8
0.000000 65536.000000 72896.000000 56860.000000 237002.000000 224298.000000 0.000000 44160.000000 42688.000000 53943.000000 3640.000000 65536.000000 69697.000000 65308.000000 733814.000000 29584.000000 0.000000 42688.000000 29883.000000 53943.000000 0.000000 65536.000000 69697.000000 65308.000000 252234.000000 27953.000000 29874.000000 29120.000000 18560.000000 36999.000000 0.000000 65536.000000 69697.000000 56860.000000 405674.000000 28337.000000 29760.000000 134444.000000 27884.000000 0.000000 0.000000 65536.000000 76161.000000 56860.000000 35872.000000 233514.000000 43840.000000 43840.000000 42560.000000 25472.000000 25472.000000 25472.000000 24704.000000 289763.000000 115534.000000 1032.000000 0.000000 0.000000 0.000000 0.000000 0.000000 
9
0.000000 65568.000000 77856.000000 292710.000000 37024.000000 252490.000000 0.000000 57747.000000 57747.000000 42423.000000 42735.000000 65568.000000 69729.000000 68796.000000 344970.000000 251978.000000 0.000000 57235.000000 63675.000000 48343.000000 0.000000 65568.000000 76193.000000 68796.000000 252362.000000 22624.000000 251978.000000 2732.000000 95071.000000 0.000000 0.000000 65568.000000 69729.000000 271466.000000 273258.000000 251994.000000 40099.000000 44251.000000 63979.000000 0.000000 0.000000 65568.000000 69729.000000 60348.000000 39456.000000 221258.000000 251978.000000 96884.000000 61551.000000 0.000000 0.000000 0.000000 0.000000 222240.000000 200556.000000 55552.000000 0.000000 0.000000 0.000000 0.000000 0.000000 
10
0.000000 65568.000000 77856.000000 56892.000000 260906.000000 17952.000000 17952.000000 17952.000000 21905.000000 251946.000000 9488.000000 65568.000000 74528.000000 65340.000000 259626.000000 251978.000000 0.000000 44128.000000 29883.000000 42735.000000 0.000000 65568.000000 77856.000000 65340.000000 35648.000000 251978.000000 25120.000000 8736.000000 75195.000000 0.000000 0.000000 65568.000000 77856.000000 271466.000000 273258.000000 251978.000000 29024.000000 42427.000000 63931.000000 0.000000 0.000000 65568.000000 77856.000000 275050.000000 273258.000000 232154.000000 221402.000000 28896.000000 252074.000000 0.000000 0.000000 0.000000 0.000000 185504.000000 200684.000000 42592.000000 0.000000 0.000000 0.000000 0.000000 0.000000 
11
0.000000 65568.000000 74528.000000 60348.000000 262474.000000 29744.000000 35648.000000 47744.000000 47744.000000 63707.000000 0.000000 65568.000000 77856.000000 68796.000000 404810.000000 31441.000000 33362.000000 46192.000000 29915.000000 47447.000000 0.000000 65568.000000 77856.000000 63420.000000 252362.000000 22112.000000 251978.000000 2732.000000 75227.000000 0.000000 0.000000 65568.000000 77856.000000 243050.000000 36928.000000 252490.000000 29152.000000 42587.000000 64091.000000 0.000000 0.000000 65568.000000 74528.000000 278886.000000 40480.000000 35856.000000 253514.000000 253514.000000 80987.000000 0.000000 0.000000 0.000000 0.000000 222240.000000 200556.000000 41712.000000 0.000000 0.000000 0.000000 0.000000 0.000000 
12
0.000000 65536.000000 77824.000000 56860.000000 253610.000000 47760.000000 233034.000000 44224.000000 44224.000000 63675.000000 0.000000 65536.000000 74496.000000 65308.000000 35616.000000 253610.000000 0.000000 42688.000000 63675.000000 37284.000000 0.000000 65536.000000 74496.000000 59932.000000 35616.000000 25649.000000 253626.000000 30672.000000 17024.000000 36099.000000 0.000000 65536.000000 74496.000000 56892.000000 37504.000000 253610.000000 253610.000000 13184.000000 12960.000000 16252.000000 0.000000 65536.000000 74496.000000 56860.000000 35872.000000 32384.000000 222842.000000 253498.000000 79035.000000 0.000000 0.000000 0.000000 0.000000 187040.000000 187176.000000 44072.000000 0.000000 0.000000 0.000000 0.000000 0.000000 
13
0.000000 65536.000000 77824.000000 60316.000000 253866.000000 31632.000000 36000.000000 48192.000000 48192.000000 53943.000000 2556.000000 65536.000000 74496.000000 68764.000000 344938.000000 253866.000000 0.000000 46144.000000 53631.000000 53943.000000 0.000000 65536.000000 77824.000000 292678.000000 41472.000000 253882.000000 253882.000000 29136.000000 17024.000000 36099.000000 0.000000 65536.000000 77824.000000 278854.000000 253882.000000 253866.000000 28992.000000 42427.000000 63931.000000 0.000000 0.000000 65536.000000 74496.000000 276906.000000 273322.000000 37744.000000 255406.000000 80293.000000 88431.000000 0.000000 0.000000 0.000000 0.000000 185376.000000 200556.000000 41328.000000 0.000000 0.000000 0.000000 0.000000 0.000000 
14
0.000000 73728.000000 77824.000000 292678.000000 34336.000000 251946.000000 221226.000000 42688.000000 42688.000000 57211.000000 9116.000000 73728.000000 77824.000000 65308.000000 229034.000000 349738.000000 0.000000 42816.000000 63675.000000 38364.000000 0.000000 73728.000000 77824.000000 59932.000000 35616.000000 221226.000000 23648.000000 7296.000000 58747.000000 0.000000 0.000000 73728.000000 77824.000000 278854.000000 251946.000000 251946.000000 28992.000000 42427.000000 63931.000000 0.000000 0.000000 73728.000000 84353.000000 278854.000000 36896.000000 32368.000000 251946.000000 27760.000000 231402.000000 0.000000 0.000000 0.000000 0.000000 228960.000000 200556.000000 43360.000000 0.000000 0.000000 0.000000 0.000000 0.000000 
