0
0.000000 25765.000000 12288.000000 41040.000000 80157.000000 16543.000000 156288.000000 92352.000000 26048.000000 0.000000 0.000000 36864.000000 0.000000 0.000000 0.000000 0.000000 0.000000 61970.000000 0.000000 0.000000 0.000000 30720.000000 30720.000000 27698.000000 0.000000 49910.000000 0.000000 0.000000 0.000000 0.000000 0.000000 38376.000000 18434.000000 5312.000000 149600.000000 88000.000000 17600.000000 2800.000000 29200.000000 32256.000000 704128.000000 638848.000000 575424.000000 509120.000000 445184.000000 378880.000000 314944.000000 248640.000000 184704.000000 120768.000000 54464.000000 0.000000 74239.000000 8413.000000 46080.000000 11200.000000 100180.000000 32810.000000 1536.000000 117354.000000 51869.000000 
1
0.000000 25764.000000 9216.000000 41038.000000 80157.000000 16543.000000 156288.000000 92352.000000 26048.000000 0.000000 0.000000 31692.000000 0.000000 0.000000 0.000000 0.000000 0.000000 61970.000000 0.000000 0.000000 0.000000 30720.000000 30720.000000 27698.000000 0.000000 49910.000000 0.000000 0.000000 0.000000 0.000000 0.000000 38269.000000 15401.000000 5267.000000 149600.000000 88000.000000 17600.000000 2800.000000 29200.000000 32256.000000 704128.000000 638848.000000 575424.000000 509120.000000 445184.000000 378880.000000 314944.000000 248640.000000 184704.000000 120768.000000 54464.000000 0.000000 74239.000000 8509.000000 43008.000000 11200.000000 100180.000000 32810.000000 1440.000000 117354.000000 51869.000000 
2
0.000000 25764.000000 9216.000000 41038.000000 79557.000000 15943.000000 156288.000000 92352.000000 26048.000000 0.000000 0.000000 31585.000000 0.000000 0.000000 0.000000 0.000000 0.000000 62047.000000 0.000000 0.000000 0.000000 30720.000000 30720.000000 29170.000000 0.000000 49910.000000 0.000000 0.000000 0.000000 0.000000 0.000000 38268.000000 18433.000000 5686.000000 149600.000000 88000.000000 17600.000000 2800.000000 29200.000000 32256.000000 704128.000000 638848.000000 575424.000000 509120.000000 445184.000000 378880.000000 314944.000000 248640.000000 184704.000000 120768.000000 54464.000000 0.000000 74239.000000 8427.000000 43008.000000 8400.000000 100180.000000 32810.000000 1344.000000 117354.000000 51869.000000 
3
0.000000 25764.000000 9216.000000 41038.000000 79634.000000 14672.000000 156288.000000 92352.000000 26048.000000 0.000000 0.000000 31584.000000 0.000000 0.000000 0.000000 0.000000 0.000000 61447.000000 0.000000 0.000000 0.000000 29221.000000 27648.000000 29170.000000 0.000000 49910.000000 0.000000 0.000000 0.000000 0.000000 0.000000 38268.000000 18433.000000 3536.000000 149600.000000 88000.000000 17600.000000 2800.000000 29200.000000 32256.000000 704128.000000 638848.000000 575424.000000 509120.000000 445184.000000 378880.000000 314944.000000 248640.000000 184704.000000 120768.000000 54464.000000 0.000000 74238.000000 8522.000000 43008.000000 8400.000000 100180.000000 32810.000000 1344.000000 116683.000000 51198.000000 
4
0.000000 25765.000000 12288.000000 40943.000000 80157.000000 16543.000000 156288.000000 92352.000000 28416.000000 0.000000 0.000000 36864.000000 0.000000 0.000000 24580.000000 0.000000 0.000000 95048.000000 31434.000000 0.000000 0.000000 6144.000000 30720.000000 79200.000000 17600.000000 0.000000 0.000000 0.000000 0.000000 0.000000 0.000000 38376.000000 36864.000000 2517.000000 149600.000000 88000.000000 17600.000000 2800.000000 35685.000000 32256.000000 707392.000000 642112.000000 575424.000000 511488.000000 445184.000000 381248.000000 314944.000000 251008.000000 184704.000000 120768.000000 56832.000000 0.000000 41839.000000 30210.000000 78592.000000 5120.000000 167430.000000 99050.000000 32392.000000 35640.000000 4640.000000 
5
0.000000 25764.000000 9216.000000 41038.000000 80157.000000 16543.000000 156288.000000 92352.000000 26048.000000 0.000000 0.000000 31692.000000 0.000000 0.000000 24580.000000 0.000000 0.000000 95125.000000 31511.000000 0.000000 0.000000 4608.000000 30720.000000 79200.000000 17600.000000 0.000000 0.000000 0.000000 0.000000 0.000000 0.000000 38269.000000 36864.000000 2574.000000 149600.000000 88000.000000 17600.000000 2800.000000 35685.000000 32256.000000 707392.000000 642112.000000 575424.000000 511488.000000 445184.000000 381248.000000 314944.000000 251008.000000 184704.000000 120768.000000 56832.000000 0.000000 41839.000000 30210.000000 78592.000000 5120.000000 167450.000000 99070.000000 32626.000000 36000.000000 4640.000000 
6
0.000000 25764.000000 9216.000000 41038.000000 79557.000000 15943.000000 156288.000000 92352.000000 26048.000000 0.000000 0.000000 31585.000000 0.000000 0.000000 24580.000000 0.000000 0.000000 94377.000000 30763.000000 0.000000 0.000000 4608.000000 30720.000000 79200.000000 17600.000000 0.000000 0.000000 0.000000 0.000000 0.000000 0.000000 38268.000000 33792.000000 3539.000000 149600.000000 88000.000000 17600.000000 2800.000000 34720.000000 32256.000000 707392.000000 642112.000000 575424.000000 511488.000000 445184.000000 381248.000000 314944.000000 251008.000000 184704.000000 120768.000000 56832.000000 0.000000 41839.000000 29186.000000 77568.000000 4608.000000 167402.000000 99022.000000 32578.000000 35280.000000 4640.000000 
7
0.000000 25764.000000 9216.000000 40942.000000 79634.000000 14672.000000 156288.000000 92352.000000 26048.000000 0.000000 0.000000 31584.000000 0.000000 0.000000 24580.000000 0.000000 0.000000 94377.000000 30763.000000 0.000000 0.000000 4608.000000 27648.000000 79200.000000 17600.000000 0.000000 0.000000 0.000000 0.000000 0.000000 0.000000 38268.000000 33792.000000 3539.000000 149600.000000 88000.000000 17600.000000 2800.000000 34720.000000 32256.000000 707392.000000 642112.000000 575424.000000 511488.000000 445184.000000 381248.000000 314944.000000 251008.000000 184704.000000 120768.000000 56832.000000 0.000000 41838.000000 29697.000000 78080.000000 5120.000000 167427.000000 99047.000000 32739.000000 35640.000000 4640.000000 
8
0.000000 25765.000000 12288.000000 70750.000000 4767.000000 264000.000000 202400.000000 140800.000000 70400.000000 8800.000000 0.000000 30720.000000 0.000000 0.000000 182456.000000 117248.000000 52040.000000 0.000000 0.000000 0.000000 0.000000 6144.000000 30720.000000 79200.000000 17600.000000 0.000000 0.000000 0.000000 0.000000 0.000000 0.000000 38376.000000 36864.000000 2517.000000 19198.000000 173861.000000 108376.000000 42891.000000 183872.000000 116032.000000 52096.000000 125472.000000 64248.000000 0.000000 31388.000000 0.000000 0.000000 0.000000 0.000000 0.000000 0.000000 73729.000000 24625.000000 59878.000000 422562.000000 357077.000000 291592.000000 227978.000000 162493.000000 97008.000000 32024.000000 
9
0.000000 25764.000000 9216.000000 70845.000000 4766.000000 264000.000000 202400.000000 140800.000000 70400.000000 8800.000000 0.000000 30720.000000 0.000000 0.000000 181202.000000 117248.000000 52040.000000 0.000000 0.000000 0.000000 0.000000 4096.000000 30720.000000 79200.000000 17600.000000 0.000000 0.000000 0.000000 0.000000 0.000000 0.000000 38269.000000 36864.000000 2574.000000 19102.000000 173113.000000 107628.000000 42143.000000 183872.000000 116032.000000 52096.000000 125472.000000 64248.000000 0.000000 31388.000000 0.000000 0.000000 0.000000 0.000000 0.000000 0.000000 73728.000000 24624.000000 59878.000000 422562.000000 357077.000000 291592.000000 227978.000000 162493.000000 97008.000000 32024.000000 
10
0.000000 25764.000000 9216.000000 70844.000000 4765.000000 264000.000000 202400.000000 140800.000000 70400.000000 8800.000000 0.000000 26844.000000 0.000000 0.000000 182456.000000 117248.000000 52040.000000 0.000000 0.000000 0.000000 0.000000 4096.000000 30720.000000 79200.000000 17600.000000 0.000000 0.000000 0.000000 0.000000 0.000000 0.000000 38268.000000 33792.000000 3539.000000 18909.000000 173261.000000 107776.000000 42291.000000 183872.000000 116032.000000 52096.000000 125364.000000 64140.000000 0.000000 32323.000000 0.000000 0.000000 0.000000 0.000000 0.000000 0.000000 73728.000000 24624.000000 59878.000000 422562.000000 357077.000000 291592.000000 227978.000000 162493.000000 97008.000000 32024.000000 
11
0.000000 25764.000000 9216.000000 70749.000000 4766.000000 264000.000000 202400.000000 140800.000000 70400.000000 8800.000000 0.000000 26736.000000 0.000000 0.000000 181202.000000 117248.000000 52040.000000 0.000000 0.000000 0.000000 0.000000 4096.000000 27648.000000 79200.000000 17600.000000 0.000000 0.000000 0.000000 0.000000 0.000000 0.000000 38268.000000 33792.000000 3539.000000 18909.000000 173338.000000 107853.000000 42368.000000 182976.000000 116032.000000 52096.000000 125364.000000 64140.000000 0.000000 29251.000000 0.000000 0.000000 0.000000 0.000000 0.000000 0.000000 73728.000000 24624.000000 59878.000000 422562.000000 357077.000000 291592.000000 227978.000000 162493.000000 97008.000000 32024.000000 
12
0.000000 25657.000000 12288.000000 81136.000000 15816.000000 0.000000 512.000000 0.000000 0.000000 0.000000 0.000000 24576.000000 82944.000000 18432.000000 81136.000000 15816.000000 0.000000 95125.000000 31511.000000 0.000000 0.000000 12288.000000 27650.000000 79200.000000 17600.000000 0.000000 0.000000 0.000000 0.000000 0.000000 0.000000 38376.000000 18434.000000 2421.000000 19198.000000 173861.000000 108376.000000 42891.000000 183872.000000 116032.000000 52096.000000 125364.000000 63924.000000 2520.000000 31388.000000 0.000000 0.000000 0.000000 0.000000 0.000000 0.000000 112104.000000 50664.000000 0.000000 46080.000000 11200.000000 28998.000000 14018.000000 0.000000 0.000000 50844.000000 
13
0.000000 25656.000000 9216.000000 81135.000000 15815.000000 0.000000 512.000000 0.000000 0.000000 0.000000 0.000000 24576.000000 82944.000000 18432.000000 81135.000000 15815.000000 0.000000 95125.000000 31511.000000 0.000000 0.000000 8749.000000 30721.000000 79200.000000 17600.000000 0.000000 0.000000 0.000000 0.000000 0.000000 0.000000 38269.000000 15383.000000 2382.000000 19102.000000 173113.000000 107628.000000 42143.000000 183872.000000 116032.000000 52096.000000 125257.000000 63817.000000 2520.000000 31388.000000 0.000000 0.000000 0.000000 0.000000 0.000000 0.000000 111997.000000 50557.000000 0.000000 46080.000000 8400.000000 28998.000000 14018.000000 0.000000 0.000000 50844.000000 
14
0.000000 25656.000000 9216.000000 81135.000000 15815.000000 0.000000 512.000000 0.000000 0.000000 0.000000 0.000000 24576.000000 82944.000000 18432.000000 81135.000000 15815.000000 0.000000 95125.000000 31511.000000 0.000000 0.000000 8816.000000 27650.000000 79200.000000 17600.000000 0.000000 0.000000 0.000000 0.000000 0.000000 0.000000 38268.000000 15383.000000 3539.000000 18909.000000 173261.000000 107776.000000 42291.000000 183872.000000 116032.000000 52096.000000 125257.000000 63817.000000 2520.000000 29251.000000 0.000000 0.000000 0.000000 0.000000 0.000000 0.000000 111996.000000 50556.000000 0.000000 43008.000000 8400.000000 28998.000000 14018.000000 0.000000 0.000000 50844.000000 
15
0.000000 25656.000000 9216.000000 81135.000000 15815.000000 0.000000 512.000000 0.000000 0.000000 0.000000 0.000000 21351.000000 79872.000000 15360.000000 81135.000000 15815.000000 0.000000 94377.000000 30763.000000 0.000000 0.000000 8816.000000 27650.000000 79200.000000 17600.000000 0.000000 0.000000 0.000000 0.000000 0.000000 0.000000 38268.000000 18433.000000 3539.000000 18909.000000 173338.000000 107853.000000 42368.000000 182976.000000 116032.000000 52096.000000 125257.000000 63817.000000 2340.000000 29251.000000 0.000000 0.000000 0.000000 0.000000 0.000000 0.000000 112008.000000 50568.000000 0.000000 43008.000000 8400.000000 24181.000000 14018.000000 0.000000 0.000000 50844.000000 
16
0.000000 25765.000000 12288.000000 21979.000000 80157.000000 16543.000000 156288.000000 92352.000000 26048.000000 0.000000 0.000000 30720.000000 0.000000 0.000000 21979.000000 0.000000 0.000000 96996.000000 31511.000000 0.000000 0.000000 4608.000000 30720.000000 27698.000000 0.000000 0.000000 0.000000 0.000000 0.000000 0.000000 0.000000 44708.000000 12314.000000 2517.000000 19198.000000 173113.000000 107628.000000 42143.000000 183872.000000 116032.000000 52096.000000 119220.000000 57780.000000 28672.000000 487424.000000 419328.000000 354816.000000 290304.000000 225792.000000 161280.000000 96768.000000 32256.000000 100514.000000 35194.000000 422562.000000 358948.000000 293463.000000 227978.000000 162493.000000 98879.000000 33372.000000 
17
0.000000 25764.000000 9216.000000 21457.000000 80157.000000 16543.000000 156288.000000 92352.000000 26048.000000 0.000000 0.000000 30720.000000 0.000000 0.000000 22357.000000 0.000000 0.000000 96996.000000 31511.000000 0.000000 0.000000 4096.000000 30720.000000 24858.000000 0.000000 0.000000 0.000000 0.000000 0.000000 0.000000 0.000000 44776.000000 15361.000000 2478.000000 19102.000000 173261.000000 107776.000000 42291.000000 183872.000000 116032.000000 52096.000000 119113.000000 57673.000000 28672.000000 487424.000000 419328.000000 354816.000000 290304.000000 225792.000000 161280.000000 96768.000000 32256.000000 100514.000000 38034.000000 422562.000000 358948.000000 293463.000000 227978.000000 162493.000000 98879.000000 33372.000000 
18
0.000000 25764.000000 9216.000000 21457.000000 79557.000000 15943.000000 156288.000000 92352.000000 26048.000000 0.000000 0.000000 26817.000000 0.000000 0.000000 22357.000000 0.000000 0.000000 96996.000000 31511.000000 0.000000 0.000000 4096.000000 27648.000000 26330.000000 0.000000 0.000000 0.000000 0.000000 0.000000 0.000000 0.000000 44776.000000 15361.000000 3539.000000 18909.000000 173261.000000 107776.000000 42291.000000 182976.000000 116032.000000 52096.000000 119113.000000 57673.000000 28672.000000 487424.000000 419328.000000 354816.000000 290304.000000 225792.000000 161280.000000 96768.000000 32256.000000 100514.000000 35194.000000 422562.000000 358948.000000 293463.000000 227978.000000 162493.000000 98879.000000 33372.000000 
19
0.000000 25764.000000 9216.000000 22363.000000 79634.000000 14672.000000 156288.000000 92352.000000 26048.000000 0.000000 0.000000 26817.000000 0.000000 0.000000 22363.000000 0.000000 0.000000 96248.000000 30763.000000 0.000000 0.000000 4096.000000 27648.000000 26330.000000 0.000000 0.000000 0.000000 0.000000 0.000000 0.000000 0.000000 44776.000000 12313.000000 3539.000000 18909.000000 172590.000000 107105.000000 41620.000000 182976.000000 116032.000000 52096.000000 119112.000000 57672.000000 28160.000000 487424.000000 419328.000000 354816.000000 290304.000000 225792.000000 161280.000000 96768.000000 32256.000000 100514.000000 38034.000000 422562.000000 358948.000000 293463.000000 227978.000000 162493.000000 98879.000000 33372.000000 
20
0.000000 25765.000000 12288.000000 46121.000000 82028.000000 16543.000000 27648.000000 0.000000 0.000000 0.000000 0.000000 24576.000000 82944.000000 18432.000000 57996.000000 0.000000 0.000000 41989.000000 0.000000 0.000000 0.000000 30720.000000 30720.000000 79200.000000 17600.000000 0.000000 0.000000 0.000000 0.000000 0.000000 0.000000 38376.000000 18443.000000 5339.000000 19198.000000 173113.000000 107628.000000 42143.000000 183872.000000 116032.000000 52096.000000 147672.000000 86232.000000 18648.000000 700785.000000 636345.000000 571905.000000 507465.000000 443025.000000 378585.000000 306090.000000 241650.000000 177210.000000 112770.000000 48330.000000 11200.000000 77328.000000 14499.000000 0.000000 122219.000000 56734.000000 
21
0.000000 25764.000000 9216.000000 49642.000000 82028.000000 16543.000000 27648.000000 0.000000 0.000000 0.000000 0.000000 24576.000000 82944.000000 18432.000000 57996.000000 0.000000 0.000000 42137.000000 0.000000 0.000000 0.000000 30720.000000 30720.000000 79200.000000 17600.000000 0.000000 0.000000 0.000000 0.000000 0.000000 0.000000 38269.000000 18443.000000 5300.000000 19102.000000 173261.000000 107776.000000 42291.000000 178240.000000 113664.000000 49728.000000 144632.000000 83300.000000 15716.000000 700785.000000 636345.000000 571905.000000 507465.000000 443025.000000 378585.000000 306090.000000 241650.000000 177210.000000 112770.000000 48330.000000 8400.000000 77328.000000 14499.000000 0.000000 122367.000000 56882.000000 
22
0.000000 25764.000000 9216.000000 49642.000000 81428.000000 15943.000000 27648.000000 0.000000 0.000000 0.000000 0.000000 24576.000000 82944.000000 18432.000000 57996.000000 0.000000 0.000000 41389.000000 0.000000 0.000000 0.000000 30720.000000 27648.000000 79200.000000 17600.000000 0.000000 0.000000 0.000000 0.000000 0.000000 0.000000 38268.000000 18443.000000 5689.000000 18909.000000 173261.000000 107776.000000 42291.000000 179712.000000 116032.000000 49728.000000 144632.000000 83300.000000 15716.000000 700785.000000 636345.000000 571905.000000 507465.000000 443025.000000 378585.000000 306090.000000 241650.000000 177210.000000 112770.000000 48330.000000 8400.000000 77328.000000 14499.000000 0.000000 122444.000000 56959.000000 
23
0.000000 25764.000000 9216.000000 44809.000000 81505.000000 16020.000000 27648.000000 0.000000 0.000000 0.000000 0.000000 22968.000000 79872.000000 15360.000000 57996.000000 0.000000 0.000000 41466.000000 0.000000 0.000000 0.000000 29221.000000 27648.000000 79200.000000 17600.000000 0.000000 0.000000 0.000000 0.000000 0.000000 0.000000 38268.000000 18442.000000 5689.000000 18909.000000 172590.000000 107105.000000 41620.000000 182976.000000 116032.000000 52096.000000 144700.000000 83261.000000 15677.000000 692730.000000 628290.000000 563850.000000 499410.000000 434970.000000 370530.000000 298035.000000 233595.000000 169155.000000 104715.000000 40275.000000 8400.000000 77328.000000 14499.000000 0.000000 121696.000000 56211.000000 
24
0.000000 25765.000000 12288.000000 46121.000000 82028.000000 16543.000000 27648.000000 0.000000 0.000000 0.000000 0.000000 30720.000000 0.000000 0.000000 57996.000000 0.000000 0.000000 96996.000000 31511.000000 0.000000 0.000000 30720.000000 30720.000000 2614.000000 154656.000000 91827.000000 24165.000000 0.000000 0.000000 0.000000 0.000000 44708.000000 36864.000000 51312.000000 1824.000000 173113.000000 107628.000000 42143.000000 180608.000000 116032.000000 52096.000000 60008.000000 57184.000000 9900.000000 2805.000000 0.000000 0.000000 0.000000 0.000000 0.000000 0.000000 0.000000 40936.000000 0.000000 39940.000000 11200.000000 28998.000000 14018.000000 960.000000 122219.000000 56734.000000 
25
0.000000 25764.000000 9216.000000 49642.000000 81280.000000 15795.000000 27648.000000 0.000000 0.000000 0.000000 0.000000 25549.000000 0.000000 0.000000 57996.000000 0.000000 0.000000 96996.000000 31511.000000 0.000000 0.000000 30720.000000 30720.000000 2614.000000 154656.000000 91827.000000 24165.000000 0.000000 0.000000 0.000000 0.000000 44776.000000 36864.000000 53270.000000 1824.000000 173261.000000 107776.000000 42291.000000 178240.000000 113664.000000 47360.000000 58957.000000 58101.000000 9720.000000 2805.000000 0.000000 0.000000 0.000000 0.000000 0.000000 0.000000 0.000000 40936.000000 0.000000 39939.000000 8400.000000 28998.000000 14018.000000 1056.000000 122444.000000 56959.000000 
26
0.000000 25764.000000 9216.000000 49642.000000 81428.000000 15943.000000 27648.000000 0.000000 0.000000 0.000000 0.000000 25548.000000 0.000000 0.000000 57996.000000 0.000000 0.000000 96996.000000 31511.000000 0.000000 0.000000 30720.000000 27648.000000 4300.000000 154656.000000 91827.000000 24165.000000 0.000000 0.000000 0.000000 0.000000 44776.000000 33792.000000 50430.000000 1824.000000 173338.000000 107853.000000 42368.000000 179712.000000 116032.000000 49728.000000 60008.000000 57856.000000 9720.000000 3740.000000 0.000000 0.000000 0.000000 0.000000 0.000000 0.000000 0.000000 40936.000000 0.000000 39939.000000 8400.000000 28998.000000 16188.000000 960.000000 122444.000000 56959.000000 
27
0.000000 25764.000000 9216.000000 44809.000000 81505.000000 16020.000000 27648.000000 0.000000 0.000000 0.000000 0.000000 25548.000000 0.000000 0.000000 57996.000000 0.000000 0.000000 96248.000000 30763.000000 0.000000 0.000000 29221.000000 27648.000000 4300.000000 149823.000000 86994.000000 19332.000000 0.000000 0.000000 0.000000 0.000000 44776.000000 33792.000000 54500.000000 1728.000000 173338.000000 107853.000000 42368.000000 179712.000000 116032.000000 49728.000000 59984.000000 57632.000000 9720.000000 3740.000000 0.000000 0.000000 0.000000 0.000000 0.000000 0.000000 0.000000 40936.000000 0.000000 39939.000000 8400.000000 24165.000000 16188.000000 960.000000 122444.000000 56959.000000 
28
0.000000 25765.000000 12288.000000 46121.000000 82028.000000 16543.000000 27648.000000 0.000000 0.000000 0.000000 0.000000 36864.000000 0.000000 0.000000 57996.000000 0.000000 0.000000 96996.000000 31511.000000 0.000000 0.000000 30720.000000 30720.000000 2614.000000 154656.000000 91827.000000 24165.000000 0.000000 0.000000 0.000000 0.000000 38376.000000 21506.000000 50622.000000 5472.000000 173113.000000 107628.000000 42143.000000 180608.000000 116032.000000 52096.000000 147564.000000 86124.000000 18540.000000 700785.000000 636345.000000 571905.000000 507465.000000 443025.000000 370530.000000 306090.000000 241650.000000 177210.000000 112770.000000 48330.000000 11200.000000 28998.000000 16188.000000 1056.000000 122219.000000 56734.000000 
29
0.000000 25764.000000 9216.000000 49642.000000 81280.000000 15795.000000 27648.000000 0.000000 0.000000 0.000000 0.000000 36864.000000 0.000000 0.000000 57996.000000 0.000000 0.000000 96996.000000 31511.000000 0.000000 0.000000 30720.000000 30720.000000 2614.000000 154656.000000 91827.000000 24165.000000 0.000000 0.000000 0.000000 0.000000 38268.000000 18467.000000 53270.000000 6864.000000 173261.000000 107776.000000 42291.000000 178240.000000 113664.000000 49728.000000 144740.000000 83516.000000 15932.000000 700785.000000 636345.000000 571905.000000 507465.000000 443025.000000 378585.000000 306090.000000 241650.000000 177210.000000 112770.000000 48330.000000 8400.000000 28998.000000 14018.000000 1056.000000 122444.000000 56959.000000 
30
0.000000 25764.000000 9216.000000 49642.000000 81428.000000 15943.000000 27648.000000 0.000000 0.000000 0.000000 0.000000 32232.000000 0.000000 0.000000 57996.000000 0.000000 0.000000 96996.000000 31511.000000 0.000000 0.000000 30720.000000 27648.000000 4300.000000 154656.000000 91827.000000 24165.000000 0.000000 0.000000 0.000000 0.000000 38268.000000 21505.000000 53270.000000 6864.000000 173338.000000 107853.000000 42368.000000 179712.000000 116032.000000 49728.000000 144740.000000 83408.000000 15824.000000 700785.000000 636345.000000 571905.000000 507465.000000 443025.000000 378585.000000 306090.000000 241650.000000 177210.000000 112770.000000 48330.000000 8400.000000 28998.000000 14018.000000 960.000000 122444.000000 56959.000000 
31
0.000000 25764.000000 9216.000000 44809.000000 81505.000000 16020.000000 27648.000000 0.000000 0.000000 0.000000 0.000000 32124.000000 0.000000 0.000000 57996.000000 0.000000 0.000000 96248.000000 30763.000000 0.000000 0.000000 28789.000000 27648.000000 2150.000000 149823.000000 86994.000000 19332.000000 0.000000 0.000000 0.000000 0.000000 38268.000000 21505.000000 51660.000000 7404.000000 173338.000000 107853.000000 42368.000000 179712.000000 116032.000000 49728.000000 144808.000000 83476.000000 15892.000000 692730.000000 628290.000000 563850.000000 499410.000000 434970.000000 370530.000000 298035.000000 233595.000000 169155.000000 104715.000000 40275.000000 8400.000000 24165.000000 14018.000000 960.000000 122444.000000 56959.000000 
32
0.000000 25980.000000 0.000000 46121.000000 80157.000000 14672.000000 156288.000000 92352.000000 26048.000000 0.000000 0.000000 30720.000000 0.000000 0.000000 24580.000000 0.000000 0.000000 61970.000000 0.000000 0.000000 0.000000 30720.000000 30720.000000 2614.000000 154656.000000 91827.000000 24165.000000 0.000000 0.000000 0.000000 0.000000 38376.000000 15376.000000 2150.000000 53163.000000 0.000000 2320.000000 0.000000 180608.000000 116032.000000 52096.000000 147456.000000 86016.000000 18432.000000 700785.000000 636345.000000 571905.000000 507465.000000 443025.000000 378585.000000 306090.000000 241650.000000 177210.000000 112770.000000 48330.000000 11200.000000 28998.000000 149600.000000 79200.000000 17600.000000 3480.000000 
33
0.000000 25872.000000 0.000000 49642.000000 79409.000000 13924.000000 153920.000000 89984.000000 23680.000000 0.000000 0.000000 30720.000000 0.000000 0.000000 24580.000000 0.000000 0.000000 61970.000000 0.000000 0.000000 0.000000 30720.000000 30720.000000 2614.000000 154656.000000 91827.000000 24165.000000 0.000000 0.000000 0.000000 0.000000 38269.000000 15375.000000 0.000000 53163.000000 0.000000 1740.000000 0.000000 178240.000000 113664.000000 49728.000000 144740.000000 83300.000000 15716.000000 700785.000000 636345.000000 571905.000000 507465.000000 443025.000000 378585.000000 306090.000000 241650.000000 177210.000000 112770.000000 48330.000000 8400.000000 28998.000000 149600.000000 79200.000000 17600.000000 3480.000000 
34
0.000000 25872.000000 0.000000 49642.000000 79557.000000 14072.000000 156288.000000 89984.000000 26048.000000 0.000000 0.000000 30720.000000 0.000000 0.000000 24580.000000 0.000000 0.000000 62047.000000 0.000000 0.000000 0.000000 30720.000000 27648.000000 4300.000000 149823.000000 86994.000000 19332.000000 0.000000 0.000000 0.000000 0.000000 38268.000000 18432.000000 2150.000000 53163.000000 0.000000 1740.000000 0.000000 179712.000000 116032.000000 49728.000000 144700.000000 83261.000000 15677.000000 692730.000000 628290.000000 563850.000000 499410.000000 434970.000000 370530.000000 298035.000000 233595.000000 169155.000000 104715.000000 40275.000000 8400.000000 28998.000000 149600.000000 79200.000000 17600.000000 3480.000000 
35
0.000000 25872.000000 0.000000 44809.000000 79634.000000 14672.000000 156288.000000 89984.000000 26048.000000 0.000000 0.000000 29328.000000 0.000000 0.000000 24580.000000 0.000000 0.000000 61447.000000 0.000000 0.000000 0.000000 29221.000000 27648.000000 2150.000000 149823.000000 86994.000000 19332.000000 0.000000 0.000000 0.000000 0.000000 38268.000000 15375.000000 2150.000000 48330.000000 0.000000 1740.000000 0.000000 179712.000000 116032.000000 49728.000000 144700.000000 83260.000000 15676.000000 692730.000000 628290.000000 563850.000000 499410.000000 434970.000000 362475.000000 298035.000000 233595.000000 169155.000000 104715.000000 40275.000000 8400.000000 24181.000000 149600.000000 79200.000000 17600.000000 3480.000000 
36
0.000000 25980.000000 0.000000 46121.000000 80157.000000 14672.000000 156288.000000 92352.000000 26048.000000 0.000000 0.000000 30720.000000 0.000000 0.000000 64141.000000 0.000000 0.000000 66983.000000 748.000000 0.000000 0.000000 30720.000000 30720.000000 46537.000000 0.000000 0.000000 0.000000 0.000000 0.000000 0.000000 0.000000 38268.000000 36864.000000 2150.000000 53163.000000 0.000000 2320.000000 0.000000 180608.000000 116032.000000 49728.000000 62505.000000 342549.000000 278037.000000 212485.000000 148213.000000 82293.000000 17813.000000 0.000000 0.000000 0.000000 86016.000000 18432.000000 59878.000000 422562.000000 357077.000000 291592.000000 227978.000000 162493.000000 97008.000000 32024.000000 
37
0.000000 25872.000000 0.000000 49642.000000 79409.000000 13924.000000 153920.000000 89984.000000 23680.000000 0.000000 0.000000 26600.000000 0.000000 0.000000 64141.000000 0.000000 0.000000 67060.000000 748.000000 0.000000 0.000000 30720.000000 30720.000000 46517.000000 0.000000 0.000000 0.000000 0.000000 0.000000 0.000000 0.000000 38268.000000 36864.000000 396.000000 53163.000000 0.000000 2320.000000 0.000000 178240.000000 113664.000000 47360.000000 61609.000000 342525.000000 278013.000000 212461.000000 148189.000000 82269.000000 17789.000000 0.000000 0.000000 0.000000 79873.000000 12289.000000 59878.000000 422562.000000 357077.000000 291592.000000 227978.000000 162493.000000 97008.000000 32024.000000 
38
0.000000 25872.000000 0.000000 44809.000000 79557.000000 14072.000000 156288.000000 89984.000000 26048.000000 0.000000 0.000000 26668.000000 0.000000 0.000000 67662.000000 4833.000000 0.000000 66312.000000 0.000000 0.000000 0.000000 30720.000000 27648.000000 46590.000000 0.000000 0.000000 0.000000 0.000000 0.000000 0.000000 0.000000 38268.000000 33792.000000 2150.000000 48330.000000 0.000000 2320.000000 0.000000 179712.000000 116032.000000 49728.000000 62504.000000 342400.000000 277888.000000 212336.000000 148064.000000 82144.000000 17664.000000 0.000000 0.000000 0.000000 79872.000000 12288.000000 59878.000000 422562.000000 357077.000000 291592.000000 227978.000000 162493.000000 97008.000000 32024.000000 
39
0.000000 25872.000000 0.000000 44809.000000 79634.000000 14672.000000 156288.000000 89984.000000 26048.000000 0.000000 0.000000 26668.000000 0.000000 0.000000 67662.000000 4833.000000 0.000000 66312.000000 0.000000 0.000000 0.000000 29221.000000 27648.000000 46892.000000 0.000000 0.000000 0.000000 0.000000 0.000000 0.000000 0.000000 38268.000000 33792.000000 2150.000000 48330.000000 0.000000 1740.000000 0.000000 179712.000000 113664.000000 49728.000000 59240.000000 342400.000000 277888.000000 212336.000000 148064.000000 82144.000000 17664.000000 0.000000 0.000000 0.000000 79872.000000 12288.000000 59878.000000 422562.000000 357077.000000 291592.000000 227978.000000 162493.000000 97008.000000 32024.000000 
40
0.000000 25980.000000 0.000000 46121.000000 80157.000000 14672.000000 156288.000000 92352.000000 26048.000000 0.000000 0.000000 30720.000000 0.000000 0.000000 24580.000000 0.000000 0.000000 52015.000000 0.000000 0.000000 0.000000 30720.000000 30720.000000 14219.000000 0.000000 0.000000 0.000000 0.000000 0.000000 0.000000 0.000000 38268.000000 36864.000000 2150.000000 33831.000000 0.000000 2320.000000 0.000000 183872.000000 116032.000000 52096.000000 129024.000000 67584.000000 0.000000 49820.000000 0.000000 0.000000 0.000000 0.000000 0.000000 0.000000 124501.000000 63061.000000 0.000000 46080.000000 8400.000000 28998.000000 14018.000000 960.000000 122219.000000 56734.000000 
41
0.000000 25872.000000 0.000000 49642.000000 79409.000000 13924.000000 153920.000000 89984.000000 23680.000000 0.000000 0.000000 26560.000000 0.000000 0.000000 24580.000000 0.000000 0.000000 52092.000000 0.000000 0.000000 0.000000 30720.000000 30720.000000 14199.000000 0.000000 0.000000 0.000000 0.000000 0.000000 0.000000 0.000000 38268.000000 33792.000000 409.000000 33831.000000 0.000000 2320.000000 0.000000 181504.000000 113664.000000 49728.000000 126120.000000 64680.000000 0.000000 49820.000000 0.000000 0.000000 0.000000 0.000000 0.000000 0.000000 124500.000000 63060.000000 0.000000 46080.000000 5600.000000 28998.000000 14018.000000 864.000000 122444.000000 56959.000000 
42
0.000000 25872.000000 0.000000 44809.000000 79557.000000 14072.000000 156288.000000 89984.000000 26048.000000 0.000000 0.000000 26560.000000 0.000000 0.000000 24580.000000 0.000000 0.000000 51344.000000 0.000000 0.000000 0.000000 30720.000000 27648.000000 13815.000000 0.000000 0.000000 0.000000 0.000000 0.000000 0.000000 0.000000 38268.000000 33792.000000 2150.000000 33831.000000 0.000000 2320.000000 0.000000 182976.000000 116032.000000 52096.000000 126012.000000 64573.000000 0.000000 50755.000000 0.000000 0.000000 0.000000 0.000000 0.000000 0.000000 124500.000000 63060.000000 0.000000 43008.000000 5600.000000 28998.000000 14018.000000 864.000000 122444.000000 56959.000000 
43
0.000000 25872.000000 0.000000 44809.000000 79634.000000 14672.000000 156288.000000 89984.000000 26048.000000 0.000000 0.000000 26560.000000 0.000000 0.000000 18435.000000 0.000000 0.000000 51344.000000 0.000000 0.000000 0.000000 29221.000000 27648.000000 13917.000000 0.000000 0.000000 0.000000 0.000000 0.000000 0.000000 0.000000 38268.000000 33792.000000 2150.000000 28998.000000 0.000000 1740.000000 0.000000 182976.000000 116032.000000 52096.000000 126012.000000 64573.000000 0.000000 49820.000000 0.000000 0.000000 0.000000 0.000000 0.000000 0.000000 124604.000000 63164.000000 0.000000 43008.000000 5600.000000 24165.000000 14018.000000 864.000000 122444.000000 56959.000000 
44
0.000000 25980.000000 0.000000 46121.000000 80157.000000 14672.000000 156288.000000 92352.000000 26048.000000 0.000000 0.000000 30720.000000 0.000000 0.000000 24580.000000 0.000000 0.000000 52015.000000 0.000000 0.000000 0.000000 30720.000000 30720.000000 14792.000000 0.000000 0.000000 0.000000 0.000000 0.000000 0.000000 0.000000 38268.000000 36864.000000 2150.000000 43497.000000 0.000000 2320.000000 0.000000 180608.000000 116032.000000 49728.000000 62304.000000 47768.000000 30720.000000 454657.000000 387073.000000 322561.000000 258049.000000 193537.000000 129025.000000 64513.000000 0.000000 40936.000000 0.000000 46080.000000 8400.000000 28998.000000 14018.000000 0.000000 122219.000000 56734.000000 
45
0.000000 25872.000000 0.000000 49642.000000 79409.000000 13924.000000 153920.000000 89984.000000 23680.000000 0.000000 0.000000 26560.000000 0.000000 0.000000 24580.000000 0.000000 0.000000 52092.000000 0.000000 0.000000 0.000000 30720.000000 30720.000000 14854.000000 0.000000 0.000000 0.000000 0.000000 0.000000 0.000000 0.000000 38268.000000 36864.000000 409.000000 43497.000000 0.000000 2320.000000 0.000000 178240.000000 113664.000000 47360.000000 61365.000000 47885.000000 30720.000000 451587.000000 387076.000000 322564.000000 258052.000000 193540.000000 129028.000000 64516.000000 0.000000 40936.000000 0.000000 43008.000000 5600.000000 28998.000000 14018.000000 0.000000 122444.000000 56959.000000 
46
0.000000 25872.000000 0.000000 44809.000000 79557.000000 14072.000000 156288.000000 89984.000000 26048.000000 0.000000 0.000000 26560.000000 0.000000 0.000000 24580.000000 0.000000 0.000000 51344.000000 0.000000 0.000000 0.000000 30720.000000 27648.000000 14840.000000 0.000000 0.000000 0.000000 0.000000 0.000000 0.000000 0.000000 38268.000000 33792.000000 2150.000000 43497.000000 0.000000 2320.000000 0.000000 179712.000000 116032.000000 49728.000000 62304.000000 47000.000000 30208.000000 451732.000000 384210.000000 319698.000000 255186.000000 190674.000000 126162.000000 61650.000000 0.000000 40936.000000 0.000000 43008.000000 5600.000000 28998.000000 14018.000000 0.000000 122444.000000 56959.000000 
47
0.000000 25872.000000 0.000000 44809.000000 79634.000000 14672.000000 156288.000000 89984.000000 26048.000000 0.000000 0.000000 26560.000000 0.000000 0.000000 18435.000000 0.000000 0.000000 51344.000000 0.000000 0.000000 0.000000 29221.000000 27648.000000 14408.000000 0.000000 0.000000 0.000000 0.000000 0.000000 0.000000 0.000000 38268.000000 33792.000000 2150.000000 38664.000000 0.000000 1740.000000 0.000000 179712.000000 116032.000000 49728.000000 59152.000000 46776.000000 30208.000000 454657.000000 387073.000000 322561.000000 258049.000000 193537.000000 129025.000000 64513.000000 0.000000 40936.000000 0.000000 43008.000000 5600.000000 24165.000000 14018.000000 0.000000 122444.000000 56959.000000 
48
0.000000 25872.000000 0.000000 46121.000000 82028.000000 16543.000000 156288.000000 92352.000000 26048.000000 0.000000 0.000000 24576.000000 82944.000000 18432.000000 57996.000000 0.000000 0.000000 52015.000000 0.000000 0.000000 0.000000 30720.000000 30720.000000 14792.000000 0.000000 0.000000 0.000000 0.000000 0.000000 0.000000 0.000000 38268.000000 36864.000000 2150.000000 53163.000000 0.000000 2320.000000 0.000000 180608.000000 116032.000000 49728.000000 70345.000000 3129.000000 30720.000000 191409.000000 133078.000000 62344.000000 0.000000 0.000000 0.000000 0.000000 112212.000000 50772.000000 29698.000000 78080.000000 4608.000000 135792.000000 67412.000000 651.000000 122219.000000 56734.000000 
49
0.000000 25872.000000 0.000000 49642.000000 81280.000000 15795.000000 153920.000000 89984.000000 23680.000000 0.000000 0.000000 24576.000000 82944.000000 18432.000000 57996.000000 0.000000 0.000000 52092.000000 0.000000 0.000000 0.000000 30720.000000 30720.000000 14854.000000 0.000000 0.000000 0.000000 0.000000 0.000000 0.000000 0.000000 38268.000000 33792.000000 409.000000 53163.000000 0.000000 2320.000000 0.000000 178240.000000 113664.000000 47360.000000 69449.000000 3065.000000 30720.000000 191409.000000 133078.000000 62344.000000 0.000000 0.000000 0.000000 0.000000 112212.000000 50772.000000 29698.000000 78080.000000 4608.000000 135795.000000 67415.000000 648.000000 122444.000000 56959.000000 
50
0.000000 25872.000000 0.000000 44809.000000 81428.000000 15943.000000 156288.000000 89984.000000 26048.000000 0.000000 0.000000 18432.000000 82944.000000 18432.000000 57996.000000 0.000000 0.000000 51344.000000 0.000000 0.000000 0.000000 30720.000000 27648.000000 14840.000000 0.000000 0.000000 0.000000 0.000000 0.000000 0.000000 0.000000 38268.000000 33792.000000 2150.000000 48330.000000 0.000000 2320.000000 0.000000 179712.000000 116032.000000 49728.000000 70344.000000 2368.000000 30720.000000 191409.000000 133078.000000 62344.000000 0.000000 0.000000 0.000000 0.000000 112105.000000 50665.000000 29698.000000 78080.000000 4608.000000 135747.000000 67367.000000 498.000000 122444.000000 56959.000000 
51
0.000000 25872.000000 3073.000000 44809.000000 81505.000000 16020.000000 156288.000000 89984.000000 26048.000000 0.000000 0.000000 18432.000000 79872.000000 15360.000000 57996.000000 0.000000 0.000000 51344.000000 0.000000 0.000000 0.000000 29652.000000 27648.000000 14408.000000 0.000000 0.000000 0.000000 0.000000 0.000000 0.000000 0.000000 38268.000000 33792.000000 2150.000000 48330.000000 0.000000 1740.000000 0.000000 179712.000000 116032.000000 49728.000000 70344.000000 2256.000000 30720.000000 191409.000000 133078.000000 62344.000000 0.000000 0.000000 0.000000 0.000000 112116.000000 50676.000000 30209.000000 78592.000000 5120.000000 135751.000000 67371.000000 600.000000 121696.000000 56211.000000 
52
0.000000 25872.000000 0.000000 49642.000000 82028.000000 16543.000000 156288.000000 92352.000000 26048.000000 0.000000 0.000000 23552.000000 82944.000000 18432.000000 64141.000000 0.000000 0.000000 61970.000000 0.000000 0.000000 0.000000 30720.000000 30720.000000 14106.000000 0.000000 0.000000 0.000000 0.000000 0.000000 0.000000 0.000000 38376.000000 33793.000000 2150.000000 43497.000000 0.000000 2320.000000 0.000000 180608.000000 116032.000000 49728.000000 70088.000000 2784.000000 30720.000000 191409.000000 133078.000000 62344.000000 0.000000 0.000000 0.000000 0.000000 112212.000000 50772.000000 30210.000000 78592.000000 5120.000000 134883.000000 66503.000000 0.000000 122219.000000 56734.000000 
53
0.000000 25872.000000 0.000000 49642.000000 81280.000000 15795.000000 153920.000000 89984.000000 23680.000000 0.000000 0.000000 23040.000000 82944.000000 18432.000000 64141.000000 0.000000 0.000000 61970.000000 0.000000 0.000000 0.000000 30720.000000 30720.000000 14168.000000 0.000000 0.000000 0.000000 0.000000 0.000000 0.000000 0.000000 38269.000000 36864.000000 457.000000 43497.000000 0.000000 2320.000000 0.000000 178240.000000 113664.000000 47360.000000 69168.000000 2784.000000 30720.000000 191409.000000 133078.000000 62344.000000 0.000000 0.000000 0.000000 0.000000 112105.000000 50665.000000 30210.000000 78592.000000 5120.000000 134883.000000 66503.000000 0.000000 122444.000000 56959.000000 
54
0.000000 25872.000000 0.000000 49642.000000 81428.000000 15943.000000 156288.000000 89984.000000 26048.000000 0.000000 0.000000 22528.000000 82944.000000 18432.000000 67662.000000 4833.000000 0.000000 62047.000000 0.000000 0.000000 0.000000 30720.000000 27648.000000 14154.000000 0.000000 0.000000 0.000000 0.000000 0.000000 0.000000 0.000000 38268.000000 33794.000000 2150.000000 43497.000000 0.000000 2320.000000 0.000000 179712.000000 116032.000000 49728.000000 70088.000000 1888.000000 30720.000000 191409.000000 133078.000000 62344.000000 0.000000 0.000000 0.000000 0.000000 112104.000000 50664.000000 29698.000000 78080.000000 4608.000000 134869.000000 66489.000000 0.000000 122444.000000 56959.000000 
55
0.000000 25872.000000 3073.000000 49642.000000 81505.000000 16020.000000 156288.000000 89984.000000 26048.000000 0.000000 0.000000 22528.000000 79872.000000 15360.000000 67662.000000 4833.000000 0.000000 61447.000000 0.000000 0.000000 0.000000 29652.000000 27648.000000 14408.000000 0.000000 0.000000 0.000000 0.000000 0.000000 0.000000 0.000000 38268.000000 33793.000000 2150.000000 38664.000000 0.000000 1740.000000 0.000000 179712.000000 116032.000000 49728.000000 66733.000000 1909.000000 30720.000000 191409.000000 133078.000000 62344.000000 0.000000 0.000000 0.000000 0.000000 112116.000000 50676.000000 29185.000000 69280.000000 4608.000000 134884.000000 66504.000000 0.000000 121696.000000 56211.000000 
56
0.000000 25872.000000 0.000000 49642.000000 82028.000000 16543.000000 156288.000000 92352.000000 26048.000000 0.000000 0.000000 5632.000000 82944.000000 18432.000000 24580.000000 0.000000 0.000000 91906.000000 26421.000000 2805700.000000 2740420.000000 2675140.000000 2609860.000000 2544580.000000 2479300.000000 2415236.000000 2348932.000000 2284996.000000 2218692.000000 2154756.000000 2088452.000000 2024516.000000 1958212.000000 1894276.000000 1830340.000000 1764036.000000 1700100.000000 1633796.000000 1569860.000000 1503556.000000 1439620.000000 1373316.000000 1309380.000000 1243076.000000 1179140.000000 1115204.000000 1048900.000000 984964.000000 918660.000000 854724.000000 788420.000000 724484.000000 658180.000000 594244.000000 530308.000000 464004.000000 400068.000000 333764.000000 269828.000000 203524.000000 139588.000000 
57
0.000000 25872.000000 0.000000 49642.000000 82028.000000 16543.000000 153920.000000 89984.000000 23680.000000 0.000000 0.000000 5120.000000 82944.000000 18432.000000 24580.000000 0.000000 0.000000 91906.000000 26421.000000 2805700.000000 2740420.000000 2675140.000000 2609860.000000 2544580.000000 2479300.000000 2415236.000000 2348932.000000 2284996.000000 2218692.000000 2154756.000000 2088452.000000 2024516.000000 1958212.000000 1894276.000000 1830340.000000 1764036.000000 1700100.000000 1633796.000000 1569860.000000 1503556.000000 1439620.000000 1373316.000000 1309380.000000 1243076.000000 1179140.000000 1115204.000000 1048900.000000 984964.000000 918660.000000 854724.000000 788420.000000 724484.000000 658180.000000 594244.000000 530308.000000 464004.000000 400068.000000 333764.000000 269828.000000 203524.000000 139588.000000 
58
0.000000 25872.000000 0.000000 49642.000000 81505.000000 16020.000000 156288.000000 89984.000000 26048.000000 0.000000 0.000000 5120.000000 79872.000000 15360.000000 24580.000000 0.000000 0.000000 91235.000000 25750.000000 2804952.000000 2739672.000000 2674392.000000 2609112.000000 2543832.000000 2478552.000000 2414488.000000 2348184.000000 2284248.000000 2217944.000000 2154008.000000 2087704.000000 2023768.000000 1957464.000000 1893528.000000 1829592.000000 1763288.000000 1699352.000000 1633048.000000 1569112.000000 1502808.000000 1438872.000000 1372568.000000 1308632.000000 1244696.000000 1178392.000000 1114456.000000 1048152.000000 984216.000000 917912.000000 853976.000000 787672.000000 723736.000000 657432.000000 593496.000000 529560.000000 463256.000000 399320.000000 333016.000000 269080.000000 202776.000000 138840.000000 
59
0.000000 25872.000000 3073.000000 49642.000000 81505.000000 16020.000000 156288.000000 89984.000000 26048.000000 0.000000 0.000000 5120.000000 79872.000000 15360.000000 18435.000000 0.000000 0.000000 91383.000000 25898.000000 2804952.000000 2739672.000000 2674392.000000 2609112.000000 2543832.000000 2478552.000000 2414488.000000 2348184.000000 2284248.000000 2217944.000000 2154008.000000 2087704.000000 2023768.000000 1959832.000000 1893528.000000 1829592.000000 1763288.000000 1699352.000000 1633048.000000 1569112.000000 1502808.000000 1438872.000000 1374936.000000 1308632.000000 1244696.000000 1178392.000000 1114456.000000 1048152.000000 984216.000000 917912.000000 853976.000000 787672.000000 723736.000000 659800.000000 593496.000000 529560.000000 463256.000000 399320.000000 333016.000000 269080.000000 202776.000000 138840.000000 
60
0.000000 25872.000000 0.000000 49642.000000 82028.000000 16543.000000 156288.000000 92352.000000 26048.000000 0.000000 0.000000 5120.000000 82944.000000 18432.000000 57996.000000 0.000000 0.000000 0.000000 0.000000 0.000000 0.000000 30720.000000 30720.000000 14792.000000 0.000000 0.000000 0.000000 0.000000 0.000000 0.000000 0.000000 38376.000000 24596.000000 89462.000000 24456.000000 0.000000 2320.000000 0.000000 183872.000000 116032.000000 52096.000000 129024.000000 67584.000000 0.000000 49820.000000 0.000000 0.000000 0.000000 0.000000 0.000000 0.000000 124392.000000 56808.000000 0.000000 33800.000000 11200.000000 28998.000000 14018.000000 0.000000 0.000000 50844.000000 
61
0.000000 25872.000000 0.000000 49642.000000 82028.000000 16543.000000 153920.000000 89984.000000 23680.000000 0.000000 0.000000 5120.000000 82944.000000 18432.000000 57996.000000 0.000000 0.000000 0.000000 0.000000 0.000000 0.000000 30720.000000 30720.000000 14854.000000 0.000000 0.000000 0.000000 0.000000 0.000000 0.000000 0.000000 38269.000000 27648.000000 91613.000000 24567.000000 0.000000 2320.000000 0.000000 181504.000000 113664.000000 49728.000000 126120.000000 64680.000000 0.000000 49820.000000 0.000000 0.000000 0.000000 0.000000 0.000000 0.000000 124392.000000 56808.000000 0.000000 33799.000000 8400.000000 28998.000000 14018.000000 0.000000 0.000000 50844.000000 
62
0.000000 25872.000000 0.000000 49642.000000 81505.000000 16020.000000 156288.000000 89984.000000 26048.000000 0.000000 0.000000 5120.000000 79872.000000 15360.000000 57996.000000 0.000000 0.000000 0.000000 0.000000 0.000000 0.000000 30720.000000 27648.000000 14840.000000 0.000000 0.000000 0.000000 0.000000 0.000000 0.000000 0.000000 38268.000000 27649.000000 89851.000000 24591.000000 0.000000 1740.000000 0.000000 182976.000000 116032.000000 52096.000000 126012.000000 64573.000000 0.000000 50755.000000 0.000000 0.000000 0.000000 0.000000 0.000000 0.000000 124286.000000 62846.000000 0.000000 33799.000000 8400.000000 28998.000000 14018.000000 0.000000 0.000000 50844.000000 
63
0.000000 25872.000000 3073.000000 49642.000000 81505.000000 16020.000000 156288.000000 89984.000000 26048.000000 0.000000 0.000000 5120.000000 79872.000000 15360.000000 57996.000000 0.000000 0.000000 0.000000 0.000000 0.000000 0.000000 29652.000000 27648.000000 15094.000000 0.000000 0.000000 0.000000 0.000000 0.000000 0.000000 0.000000 38268.000000 27649.000000 89851.000000 24591.000000 0.000000 1740.000000 0.000000 182976.000000 116032.000000 52096.000000 126012.000000 64573.000000 0.000000 49820.000000 0.000000 0.000000 0.000000 0.000000 0.000000 0.000000 124348.000000 62908.000000 0.000000 33799.000000 8400.000000 24181.000000 14018.000000 0.000000 0.000000 50844.000000 
64
0.000000 32057.000000 12288.000000 49642.000000 80157.000000 16543.000000 156288.000000 92352.000000 26048.000000 0.000000 0.000000 30720.000000 0.000000 0.000000 24580.000000 0.000000 0.000000 0.000000 0.000000 0.000000 0.000000 30720.000000 30720.000000 14792.000000 0.000000 0.000000 0.000000 0.000000 0.000000 0.000000 0.000000 38269.000000 27662.000000 57781.000000 2208.000000 168248.000000 102763.000000 37278.000000 183872.000000 116032.000000 52096.000000 141528.000000 80088.000000 12504.000000 71324.000000 6812.000000 0.000000 0.000000 0.000000 0.000000 0.000000 110809.000000 49369.000000 9216.000000 46080.000000 11200.000000 77328.000000 9666.000000 1824.000000 57482.000000 50844.000000 
65
0.000000 32056.000000 9216.000000 49642.000000 79557.000000 15943.000000 153920.000000 89984.000000 23680.000000 0.000000 0.000000 27927.000000 0.000000 0.000000 24580.000000 0.000000 0.000000 0.000000 0.000000 0.000000 0.000000 30720.000000 30720.000000 14854.000000 0.000000 0.000000 0.000000 0.000000 0.000000 0.000000 0.000000 38268.000000 30721.000000 57778.000000 2208.000000 168248.000000 102763.000000 37278.000000 181504.000000 113664.000000 49728.000000 138192.000000 77076.000000 9492.000000 71324.000000 6812.000000 0.000000 0.000000 0.000000 0.000000 0.000000 110809.000000 49369.000000 9728.000000 43008.000000 8400.000000 77328.000000 9666.000000 1728.000000 57482.000000 50844.000000 
66
0.000000 32056.000000 9216.000000 49642.000000 79634.000000 14672.000000 156288.000000 89984.000000 26048.000000 0.000000 0.000000 30720.000000 0.000000 0.000000 24580.000000 0.000000 0.000000 0.000000 0.000000 0.000000 0.000000 30720.000000 27648.000000 14840.000000 0.000000 0.000000 0.000000 0.000000 0.000000 0.000000 0.000000 38268.000000 30721.000000 58172.000000 2208.000000 168248.000000 102763.000000 37278.000000 182976.000000 116032.000000 52096.000000 138192.000000 76968.000000 9384.000000 68252.000000 1870.000000 0.000000 0.000000 0.000000 0.000000 0.000000 110832.000000 49392.000000 9216.000000 43008.000000 8400.000000 77328.000000 9666.000000 1728.000000 57482.000000 50844.000000 
67
0.000000 32056.000000 9216.000000 49642.000000 79634.000000 14672.000000 156288.000000 92352.000000 26048.000000 0.000000 0.000000 30720.000000 0.000000 0.000000 18435.000000 0.000000 0.000000 0.000000 0.000000 0.000000 0.000000 29652.000000 27648.000000 15094.000000 0.000000 0.000000 0.000000 0.000000 0.000000 0.000000 0.000000 38268.000000 30721.000000 58155.000000 2208.000000 168248.000000 102763.000000 37278.000000 182976.000000 116032.000000 52096.000000 138084.000000 76968.000000 9384.000000 68252.000000 1870.000000 0.000000 0.000000 0.000000 0.000000 0.000000 110900.000000 49460.000000 8704.000000 43008.000000 8400.000000 77328.000000 9666.000000 1728.000000 56811.000000 50844.000000 
68
0.000000 32057.000000 12288.000000 49642.000000 80157.000000 16543.000000 156288.000000 92352.000000 26048.000000 0.000000 0.000000 30720.000000 0.000000 0.000000 48330.000000 0.000000 0.000000 76938.000000 10628.000000 0.000000 0.000000 30720.000000 30720.000000 14792.000000 0.000000 0.000000 0.000000 0.000000 0.000000 0.000000 0.000000 44776.000000 30721.000000 56866.000000 2208.000000 168248.000000 102763.000000 37278.000000 183872.000000 116032.000000 52096.000000 141528.000000 80088.000000 12504.000000 71324.000000 6812.000000 0.000000 0.000000 0.000000 0.000000 0.000000 118248.000000 56808.000000 0.000000 46080.000000 11200.000000 28998.000000 149600.000000 79200.000000 17600.000000 3480.000000 
69
0.000000 32056.000000 9216.000000 49642.000000 79557.000000 15943.000000 153920.000000 89984.000000 23680.000000 0.000000 0.000000 30720.000000 0.000000 0.000000 48330.000000 0.000000 0.000000 76938.000000 10628.000000 0.000000 0.000000 30720.000000 30720.000000 14168.000000 0.000000 0.000000 0.000000 0.000000 0.000000 0.000000 0.000000 44668.000000 27656.000000 56869.000000 2208.000000 168248.000000 102763.000000 37278.000000 181504.000000 113664.000000 49728.000000 141420.000000 79980.000000 12396.000000 71324.000000 6812.000000 0.000000 0.000000 0.000000 0.000000 0.000000 118141.000000 56701.000000 0.000000 43008.000000 8400.000000 28998.000000 149600.000000 79200.000000 17600.000000 3480.000000 
70
0.000000 32056.000000 9216.000000 49642.000000 79634.000000 14672.000000 156288.000000 92352.000000 26048.000000 0.000000 0.000000 27601.000000 0.000000 0.000000 48330.000000 0.000000 0.000000 77015.000000 11228.000000 0.000000 0.000000 30720.000000 27648.000000 14154.000000 0.000000 0.000000 0.000000 0.000000 0.000000 0.000000 0.000000 44668.000000 30721.000000 57294.000000 2112.000000 168248.000000 102763.000000 37278.000000 182976.000000 116032.000000 52096.000000 139596.000000 78372.000000 10788.000000 68252.000000 1870.000000 0.000000 0.000000 0.000000 0.000000 0.000000 118140.000000 56700.000000 0.000000 43008.000000 8400.000000 28998.000000 149600.000000 79200.000000 17600.000000 3480.000000 
71
0.000000 32056.000000 9216.000000 49642.000000 79634.000000 14672.000000 156288.000000 92352.000000 26048.000000 0.000000 0.000000 30720.000000 0.000000 0.000000 48330.000000 0.000000 0.000000 76415.000000 10628.000000 0.000000 0.000000 29652.000000 27648.000000 14408.000000 0.000000 0.000000 0.000000 0.000000 0.000000 0.000000 0.000000 44668.000000 27656.000000 57246.000000 2112.000000 168248.000000 102763.000000 37278.000000 182976.000000 116032.000000 52096.000000 139488.000000 78265.000000 10681.000000 68252.000000 1870.000000 0.000000 0.000000 0.000000 0.000000 0.000000 118152.000000 56712.000000 0.000000 43008.000000 8400.000000 24181.000000 149600.000000 79200.000000 17600.000000 3480.000000 
72
0.000000 32056.000000 12288.000000 49642.000000 80157.000000 16543.000000 156288.000000 92352.000000 26048.000000 0.000000 0.000000 30720.000000 0.000000 0.000000 57996.000000 0.000000 0.000000 96996.000000 31511.000000 0.000000 0.000000 30720.000000 30720.000000 1344.000000 43544.000000 839800.000000 774315.000000 708830.000000 643345.000000 579731.000000 514246.000000 448761.000000 383276.000000 319662.000000 254177.000000 188692.000000 124172.000000 58120.000000 0.000000 32256.000000 707392.000000 642112.000000 575424.000000 511488.000000 445184.000000 381248.000000 314944.000000 251008.000000 184704.000000 120768.000000 54464.000000 0.000000 41553.000000 50240.000000 608978.000000 546149.000000 483320.000000 415658.000000 352829.000000 285167.000000 222338.000000 
73
0.000000 31949.000000 9216.000000 49642.000000 79557.000000 15943.000000 153920.000000 89984.000000 23680.000000 0.000000 0.000000 30720.000000 0.000000 0.000000 57996.000000 0.000000 0.000000 96996.000000 31511.000000 0.000000 0.000000 30720.000000 30720.000000 1344.000000 43544.000000 839800.000000 774315.000000 708830.000000 643345.000000 579731.000000 514246.000000 448761.000000 383276.000000 319662.000000 254177.000000 188692.000000 124172.000000 58120.000000 0.000000 32256.000000 707392.000000 642112.000000 575424.000000 511488.000000 445184.000000 381248.000000 314944.000000 251008.000000 184704.000000 120768.000000 54464.000000 0.000000 41590.000000 50240.000000 608977.000000 546148.000000 483319.000000 415657.000000 352828.000000 285166.000000 222337.000000 
74
0.000000 31948.000000 9216.000000 49642.000000 79634.000000 14672.000000 156288.000000 92352.000000 26048.000000 0.000000 0.000000 26304.000000 0.000000 0.000000 57996.000000 0.000000 0.000000 96996.000000 31511.000000 0.000000 0.000000 30720.000000 27648.000000 1056.000000 43544.000000 839656.000000 774171.000000 708686.000000 643201.000000 579587.000000 514102.000000 448617.000000 383132.000000 319518.000000 254033.000000 188548.000000 124028.000000 57976.000000 0.000000 32256.000000 707392.000000 642112.000000 575424.000000 511488.000000 445184.000000 381248.000000 314944.000000 251008.000000 184704.000000 120768.000000 56832.000000 0.000000 41587.000000 56321.000000 613791.000000 546129.000000 483300.000000 415638.000000 352809.000000 285147.000000 222318.000000 
75
0.000000 32016.000000 9216.000000 49642.000000 79634.000000 14672.000000 156288.000000 92352.000000 26048.000000 0.000000 0.000000 26304.000000 0.000000 0.000000 57996.000000 0.000000 0.000000 96248.000000 30763.000000 0.000000 0.000000 29652.000000 27648.000000 1056.000000 42218.000000 837929.000000 774315.000000 708830.000000 643345.000000 579731.000000 514246.000000 448761.000000 383276.000000 319662.000000 254177.000000 188692.000000 124172.000000 58120.000000 0.000000 32256.000000 707392.000000 642112.000000 575424.000000 511488.000000 445184.000000 381248.000000 314944.000000 251008.000000 184704.000000 120768.000000 56832.000000 0.000000 41587.000000 50544.000000 608977.000000 546148.000000 483319.000000 415657.000000 352828.000000 285166.000000 222337.000000 
76
0.000000 32056.000000 12288.000000 49642.000000 80157.000000 16543.000000 156288.000000 92352.000000 26048.000000 0.000000 0.000000 30720.000000 0.000000 0.000000 57996.000000 0.000000 0.000000 96996.000000 31511.000000 0.000000 0.000000 30720.000000 30720.000000 1344.000000 43544.000000 834259.000000 770645.000000 705160.000000 639675.000000 576061.000000 510576.000000 445091.000000 379606.000000 315992.000000 250507.000000 185022.000000 120200.000000 55496.000000 122880.000000 58368.000000 704128.000000 638848.000000 575424.000000 509120.000000 445184.000000 378880.000000 314944.000000 248640.000000 184704.000000 120768.000000 54464.000000 0.000000 41553.000000 31746.000000 422562.000000 357077.000000 291592.000000 226107.000000 162493.000000 97008.000000 32024.000000 
77
0.000000 31949.000000 9216.000000 49642.000000 79557.000000 15943.000000 153920.000000 89984.000000 23680.000000 0.000000 0.000000 30720.000000 0.000000 0.000000 57996.000000 0.000000 0.000000 96996.000000 31511.000000 0.000000 0.000000 30720.000000 30720.000000 1344.000000 43544.000000 836058.000000 770573.000000 705088.000000 639603.000000 575989.000000 510504.000000 445019.000000 379534.000000 315920.000000 250435.000000 184950.000000 120128.000000 55424.000000 122880.000000 58368.000000 704128.000000 638848.000000 575424.000000 509120.000000 445184.000000 378880.000000 314944.000000 251008.000000 184704.000000 120768.000000 54464.000000 0.000000 41590.000000 31234.000000 422562.000000 357077.000000 291592.000000 226107.000000 162493.000000 97008.000000 32024.000000 
78
0.000000 31948.000000 9216.000000 49642.000000 79634.000000 14672.000000 156288.000000 92352.000000 26048.000000 0.000000 0.000000 26304.000000 0.000000 0.000000 57996.000000 0.000000 0.000000 96996.000000 31511.000000 0.000000 0.000000 30720.000000 27648.000000 1056.000000 43544.000000 835986.000000 770501.000000 705016.000000 639531.000000 575917.000000 510432.000000 444947.000000 379462.000000 315848.000000 250363.000000 184878.000000 120056.000000 55352.000000 122880.000000 58368.000000 704128.000000 638848.000000 575424.000000 509120.000000 445184.000000 378880.000000 314944.000000 248640.000000 184704.000000 120768.000000 54464.000000 0.000000 41587.000000 31234.000000 422562.000000 357077.000000 291592.000000 227978.000000 162493.000000 97008.000000 32024.000000 
79
0.000000 32016.000000 9216.000000 49642.000000 79634.000000 14672.000000 156288.000000 92352.000000 26048.000000 0.000000 0.000000 26304.000000 0.000000 0.000000 57996.000000 0.000000 0.000000 96248.000000 30763.000000 0.000000 0.000000 29652.000000 27648.000000 1056.000000 42218.000000 834187.000000 770573.000000 705088.000000 639603.000000 575989.000000 510504.000000 445019.000000 379534.000000 315920.000000 250435.000000 184950.000000 120128.000000 55424.000000 122880.000000 58368.000000 704128.000000 638848.000000 575424.000000 509120.000000 445184.000000 378880.000000 314944.000000 251008.000000 184704.000000 120768.000000 54464.000000 0.000000 41587.000000 30722.000000 422562.000000 357077.000000 291592.000000 226107.000000 162493.000000 97008.000000 32024.000000 
