0
0.000000 1111823.000000 1418316.000000 5872.000000 9168.000000 0.000000 0.000000 0.000000 0.000000 0.000000 0.000000 2111249.000000 379290.000000 12064.000000 0.000000 0.000000 0.000000 0.000000 0.000000 0.000000 0.000000 939551.000000 1552460.000000 2176.000000 29967.000000 0.000000 0.000000 0.000000 0.000000 0.000000 0.000000 1074479.000000 1417196.000000 26327.000000 0.000000 0.000000 0.000000 0.000000 0.000000 0.000000 0.000000 89538.000000 2660116.000000 2304.000000 0.000000 8.000000 16656.000000 0.000000 0.000000 0.000000 0.000000 45553.000000 2440666.000000 8208.000000 10896.000000 0.000000 0.000000 0.000000 0.000000 0.000000 0.000000 
1
0.000000 1111823.000000 1418316.000000 5872.000000 9168.000000 0.000000 0.000000 0.000000 0.000000 0.000000 0.000000 2111249.000000 379290.000000 12064.000000 0.000000 0.000000 0.000000 0.000000 0.000000 0.000000 0.000000 939551.000000 1552460.000000 2176.000000 29967.000000 0.000000 0.000000 0.000000 0.000000 0.000000 0.000000 1074479.000000 1417196.000000 26327.000000 0.000000 0.000000 0.000000 0.000000 0.000000 0.000000 0.000000 89538.000000 2660116.000000 2304.000000 0.000000 8.000000 16656.000000 0.000000 0.000000 0.000000 0.000000 45553.000000 2440666.000000 8208.000000 10896.000000 0.000000 0.000000 0.000000 0.000000 0.000000 0.000000 
2
0.000000 1111823.000000 1418316.000000 5872.000000 9168.000000 0.000000 0.000000 0.000000 0.000000 0.000000 0.000000 2111249.000000 379290.000000 12064.000000 0.000000 0.000000 0.000000 0.000000 0.000000 0.000000 0.000000 939551.000000 1552460.000000 2176.000000 29967.000000 0.000000 0.000000 0.000000 0.000000 0.000000 0.000000 1074479.000000 1417196.000000 26327.000000 0.000000 0.000000 0.000000 0.000000 0.000000 0.000000 0.000000 89538.000000 2660116.000000 2304.000000 0.000000 8.000000 16656.000000 0.000000 0.000000 0.000000 0.000000 45553.000000 2440666.000000 8208.000000 10896.000000 0.000000 0.000000 0.000000 0.000000 0.000000 0.000000 
3
0.000000 1111823.000000 1418316.000000 5872.000000 9168.000000 0.000000 0.000000 0.000000 0.000000 0.000000 0.000000 2111249.000000 379290.000000 12064.000000 0.000000 0.000000 0.000000 0.000000 0.000000 0.000000 0.000000 939551.000000 1552460.000000 2176.000000 29967.000000 0.000000 0.000000 0.000000 0.000000 0.000000 0.000000 1074479.000000 1417196.000000 26327.000000 0.000000 0.000000 0.000000 0.000000 0.000000 0.000000 0.000000 89538.000000 2660116.000000 2304.000000 0.000000 8.000000 16656.000000 0.000000 0.000000 0.000000 0.000000 45553.000000 2440666.000000 8208.000000 10896.000000 0.000000 0.000000 0.000000 0.000000 0.000000 0.000000 
4
0.000000 1109807.000000 1423980.000000 7520.000000 9128.000000 0.000000 0.000000 0.000000 0.000000 0.000000 0.000000 2105988.000000 426010.000000 18672.000000 0.000000 0.000000 0.000000 0.000000 0.000000 0.000000 0.000000 1106879.000000 1426988.000000 6304.000000 0.000000 0.000000 0.000000 0.000000 0.000000 0.000000 0.000000 1006770.000000 1523708.000000 9456.000000 0.000000 0.000000 0.000000 0.000000 0.000000 0.000000 0.000000 61577.000000 2673204.000000 2176.000000 0.000000 0.000000 7364.000000 0.000000 0.000000 0.000000 0.000000 83137.000000 2445948.000000 7456.000000 0.000000 0.000000 0.000000 0.000000 0.000000 0.000000 0.000000 
5
0.000000 1109807.000000 1423980.000000 7520.000000 9128.000000 0.000000 0.000000 0.000000 0.000000 0.000000 0.000000 2105988.000000 426010.000000 18672.000000 0.000000 0.000000 0.000000 0.000000 0.000000 0.000000 0.000000 1106879.000000 1426988.000000 6304.000000 0.000000 0.000000 0.000000 0.000000 0.000000 0.000000 0.000000 1006770.000000 1523708.000000 9456.000000 0.000000 0.000000 0.000000 0.000000 0.000000 0.000000 0.000000 61577.000000 2673204.000000 2176.000000 0.000000 0.000000 7364.000000 0.000000 0.000000 0.000000 0.000000 83137.000000 2445948.000000 7456.000000 0.000000 0.000000 0.000000 0.000000 0.000000 0.000000 0.000000 
6
0.000000 1109807.000000 1423980.000000 7520.000000 9128.000000 0.000000 0.000000 0.000000 0.000000 0.000000 0.000000 2105988.000000 426010.000000 18672.000000 0.000000 0.000000 0.000000 0.000000 0.000000 0.000000 0.000000 1106879.000000 1426988.000000 6304.000000 0.000000 0.000000 0.000000 0.000000 0.000000 0.000000 0.000000 1006770.000000 1523708.000000 9456.000000 0.000000 0.000000 0.000000 0.000000 0.000000 0.000000 0.000000 61577.000000 2673204.000000 2176.000000 0.000000 0.000000 7364.000000 0.000000 0.000000 0.000000 0.000000 83137.000000 2445948.000000 7456.000000 0.000000 0.000000 0.000000 0.000000 0.000000 0.000000 0.000000 
7
0.000000 1109807.000000 1423980.000000 7520.000000 9128.000000 0.000000 0.000000 0.000000 0.000000 0.000000 0.000000 2105988.000000 426010.000000 18672.000000 0.000000 0.000000 0.000000 0.000000 0.000000 0.000000 0.000000 1106879.000000 1426988.000000 6304.000000 0.000000 0.000000 0.000000 0.000000 0.000000 0.000000 0.000000 1006770.000000 1523708.000000 9456.000000 0.000000 0.000000 0.000000 0.000000 0.000000 0.000000 0.000000 61577.000000 2673204.000000 2176.000000 0.000000 0.000000 7364.000000 0.000000 0.000000 0.000000 0.000000 83137.000000 2445948.000000 7456.000000 0.000000 0.000000 0.000000 0.000000 0.000000 0.000000 0.000000 
8
0.000000 1109903.000000 1423980.000000 7520.000000 13748.000000 0.000000 0.000000 0.000000 0.000000 0.000000 0.000000 2102532.000000 429562.000000 21360.000000 0.000000 0.000000 0.000000 0.000000 0.000000 0.000000 0.000000 1099967.000000 1434412.000000 6432.000000 0.000000 0.000000 0.000000 0.000000 0.000000 0.000000 0.000000 998057.000000 1534268.000000 7364.000000 0.000000 0.000000 0.000000 0.000000 0.000000 0.000000 0.000000 89505.000000 2659320.000000 2176.000000 0.000000 0.000000 18896.000000 0.000000 0.000000 0.000000 0.000000 82993.000000 2445324.000000 8096.000000 3600.000000 0.000000 0.000000 0.000000 0.000000 0.000000 0.000000 
9
0.000000 1109903.000000 1423980.000000 7520.000000 13748.000000 0.000000 0.000000 0.000000 0.000000 0.000000 0.000000 2102532.000000 429562.000000 21360.000000 0.000000 0.000000 0.000000 0.000000 0.000000 0.000000 0.000000 1099967.000000 1434412.000000 6432.000000 0.000000 0.000000 0.000000 0.000000 0.000000 0.000000 0.000000 998057.000000 1534268.000000 7364.000000 0.000000 0.000000 0.000000 0.000000 0.000000 0.000000 0.000000 89505.000000 2659320.000000 2176.000000 0.000000 0.000000 18896.000000 0.000000 0.000000 0.000000 0.000000 82993.000000 2445324.000000 8096.000000 3600.000000 0.000000 0.000000 0.000000 0.000000 0.000000 0.000000 
10
0.000000 1109903.000000 1423980.000000 7520.000000 13748.000000 0.000000 0.000000 0.000000 0.000000 0.000000 0.000000 2102532.000000 429562.000000 21360.000000 0.000000 0.000000 0.000000 0.000000 0.000000 0.000000 0.000000 1099967.000000 1434412.000000 6432.000000 0.000000 0.000000 0.000000 0.000000 0.000000 0.000000 0.000000 998057.000000 1534268.000000 7364.000000 0.000000 0.000000 0.000000 0.000000 0.000000 0.000000 0.000000 89505.000000 2659320.000000 2176.000000 0.000000 0.000000 18896.000000 0.000000 0.000000 0.000000 0.000000 82993.000000 2445324.000000 8096.000000 3600.000000 0.000000 0.000000 0.000000 0.000000 0.000000 0.000000 
11
0.000000 1109903.000000 1423980.000000 7520.000000 13748.000000 0.000000 0.000000 0.000000 0.000000 0.000000 0.000000 2102532.000000 429562.000000 21360.000000 0.000000 0.000000 0.000000 0.000000 0.000000 0.000000 0.000000 1099967.000000 1434412.000000 6432.000000 0.000000 0.000000 0.000000 0.000000 0.000000 0.000000 0.000000 998057.000000 1534268.000000 7364.000000 0.000000 0.000000 0.000000 0.000000 0.000000 0.000000 0.000000 89505.000000 2659320.000000 2176.000000 0.000000 0.000000 18896.000000 0.000000 0.000000 0.000000 0.000000 82993.000000 2445324.000000 8096.000000 3600.000000 0.000000 0.000000 0.000000 0.000000 0.000000 0.000000 
12
0.000000 1109903.000000 1423980.000000 7520.000000 13748.000000 0.000000 0.000000 0.000000 0.000000 0.000000 0.000000 2102532.000000 431642.000000 22896.000000 0.000000 0.000000 0.000000 0.000000 0.000000 0.000000 0.000000 1096607.000000 1437868.000000 7968.000000 1568.000000 0.000000 0.000000 0.000000 0.000000 0.000000 0.000000 991025.000000 1541116.000000 9456.000000 0.000000 0.000000 0.000000 0.000000 0.000000 0.000000 0.000000 89473.000000 2659320.000000 2176.000000 0.000000 0.000000 19664.000000 0.000000 0.000000 0.000000 0.000000 82993.000000 2445692.000000 8928.000000 13940.000000 0.000000 0.000000 0.000000 0.000000 0.000000 0.000000 
13
0.000000 1109903.000000 1423980.000000 7520.000000 13748.000000 0.000000 0.000000 0.000000 0.000000 0.000000 0.000000 2102532.000000 431642.000000 22896.000000 0.000000 0.000000 0.000000 0.000000 0.000000 0.000000 0.000000 1096607.000000 1437868.000000 7968.000000 1568.000000 0.000000 0.000000 0.000000 0.000000 0.000000 0.000000 991025.000000 1541116.000000 9456.000000 0.000000 0.000000 0.000000 0.000000 0.000000 0.000000 0.000000 89473.000000 2659320.000000 2176.000000 0.000000 0.000000 19664.000000 0.000000 0.000000 0.000000 0.000000 82993.000000 2445692.000000 8928.000000 13940.000000 0.000000 0.000000 0.000000 0.000000 0.000000 0.000000 
14
0.000000 1109903.000000 1423980.000000 7520.000000 13748.000000 0.000000 0.000000 0.000000 0.000000 0.000000 0.000000 2102532.000000 431642.000000 22896.000000 0.000000 0.000000 0.000000 0.000000 0.000000 0.000000 0.000000 1096607.000000 1437868.000000 7968.000000 1568.000000 0.000000 0.000000 0.000000 0.000000 0.000000 0.000000 991025.000000 1541116.000000 9456.000000 0.000000 0.000000 0.000000 0.000000 0.000000 0.000000 0.000000 89473.000000 2659320.000000 2176.000000 0.000000 0.000000 19664.000000 0.000000 0.000000 0.000000 0.000000 82993.000000 2445692.000000 8928.000000 13940.000000 0.000000 0.000000 0.000000 0.000000 0.000000 0.000000 
15
0.000000 1109903.000000 1423980.000000 7520.000000 13748.000000 0.000000 0.000000 0.000000 0.000000 0.000000 0.000000 2102532.000000 431642.000000 22896.000000 0.000000 0.000000 0.000000 0.000000 0.000000 0.000000 0.000000 1096607.000000 1437868.000000 7968.000000 1568.000000 0.000000 0.000000 0.000000 0.000000 0.000000 0.000000 991025.000000 1541116.000000 9456.000000 0.000000 0.000000 0.000000 0.000000 0.000000 0.000000 0.000000 89473.000000 2659320.000000 2176.000000 0.000000 0.000000 19664.000000 0.000000 0.000000 0.000000 0.000000 82993.000000 2445692.000000 8928.000000 13940.000000 0.000000 0.000000 0.000000 0.000000 0.000000 0.000000 
16
0.000000 1110671.000000 1652568.000000 9136.000000 21099.000000 0.000000 0.000000 0.000000 0.000000 0.000000 0.000000 2084778.000000 668356.000000 9024.000000 0.000000 0.000000 0.000000 0.000000 0.000000 0.000000 0.000000 1098648.000000 1666326.000000 7840.000000 1568.000000 0.000000 0.000000 0.000000 0.000000 0.000000 0.000000 982200.000000 1773414.000000 24735.000000 0.000000 0.000000 0.000000 0.000000 0.000000 0.000000 0.000000 87235.000000 1777757.000000 2688.000000 6304.000000 8.000000 23924.000000 0.000000 0.000000 0.000000 0.000000 82993.000000 2669876.000000 10864.000000 14504.000000 0.000000 0.000000 0.000000 0.000000 0.000000 0.000000 
17
0.000000 1110671.000000 1652568.000000 9136.000000 21099.000000 0.000000 0.000000 0.000000 0.000000 0.000000 0.000000 2084778.000000 668356.000000 9024.000000 0.000000 0.000000 0.000000 0.000000 0.000000 0.000000 0.000000 1098648.000000 1666326.000000 7840.000000 1568.000000 0.000000 0.000000 0.000000 0.000000 0.000000 0.000000 982200.000000 1773414.000000 24735.000000 0.000000 0.000000 0.000000 0.000000 0.000000 0.000000 0.000000 87235.000000 1777757.000000 2688.000000 6304.000000 8.000000 23924.000000 0.000000 0.000000 0.000000 0.000000 82993.000000 2669876.000000 10864.000000 14504.000000 0.000000 0.000000 0.000000 0.000000 0.000000 0.000000 
18
0.000000 1110671.000000 1652568.000000 9136.000000 21099.000000 0.000000 0.000000 0.000000 0.000000 0.000000 0.000000 2084778.000000 668356.000000 9024.000000 0.000000 0.000000 0.000000 0.000000 0.000000 0.000000 0.000000 1098648.000000 1666326.000000 7840.000000 1568.000000 0.000000 0.000000 0.000000 0.000000 0.000000 0.000000 982200.000000 1773414.000000 24735.000000 0.000000 0.000000 0.000000 0.000000 0.000000 0.000000 0.000000 87235.000000 1777757.000000 2688.000000 6304.000000 8.000000 23924.000000 0.000000 0.000000 0.000000 0.000000 82993.000000 2669876.000000 10864.000000 14504.000000 0.000000 0.000000 0.000000 0.000000 0.000000 0.000000 
19
0.000000 1110671.000000 1652568.000000 9136.000000 21099.000000 0.000000 0.000000 0.000000 0.000000 0.000000 0.000000 2084778.000000 668356.000000 9024.000000 0.000000 0.000000 0.000000 0.000000 0.000000 0.000000 0.000000 1098648.000000 1666326.000000 7840.000000 1568.000000 0.000000 0.000000 0.000000 0.000000 0.000000 0.000000 982200.000000 1773414.000000 24735.000000 0.000000 0.000000 0.000000 0.000000 0.000000 0.000000 0.000000 87235.000000 1777757.000000 2688.000000 6304.000000 8.000000 23924.000000 0.000000 0.000000 0.000000 0.000000 82993.000000 2669876.000000 10864.000000 14504.000000 0.000000 0.000000 0.000000 0.000000 0.000000 0.000000 
20
0.000000 1110671.000000 1652568.000000 9136.000000 10820.000000 0.000000 0.000000 0.000000 0.000000 0.000000 0.000000 2095338.000000 658004.000000 21360.000000 0.000000 0.000000 0.000000 0.000000 0.000000 0.000000 0.000000 1095312.000000 1669798.000000 7968.000000 1568.000000 0.000000 0.000000 0.000000 0.000000 0.000000 0.000000 978840.000000 1776998.000000 23387.000000 0.000000 0.000000 0.000000 0.000000 0.000000 0.000000 0.000000 135747.000000 2668606.000000 3712.000000 0.000000 0.000000 18128.000000 0.000000 0.000000 0.000000 0.000000 82993.000000 2663221.000000 14288.000000 12336.000000 0.000000 0.000000 0.000000 0.000000 0.000000 0.000000 
21
0.000000 1110671.000000 1652568.000000 9136.000000 10820.000000 0.000000 0.000000 0.000000 0.000000 0.000000 0.000000 2095338.000000 658004.000000 21360.000000 0.000000 0.000000 0.000000 0.000000 0.000000 0.000000 0.000000 1095312.000000 1669798.000000 7968.000000 1568.000000 0.000000 0.000000 0.000000 0.000000 0.000000 0.000000 978840.000000 1776998.000000 23387.000000 0.000000 0.000000 0.000000 0.000000 0.000000 0.000000 0.000000 135747.000000 2668606.000000 3712.000000 0.000000 0.000000 18128.000000 0.000000 0.000000 0.000000 0.000000 82993.000000 2663221.000000 14288.000000 12336.000000 0.000000 0.000000 0.000000 0.000000 0.000000 0.000000 
22
0.000000 1110671.000000 1652568.000000 9136.000000 10820.000000 0.000000 0.000000 0.000000 0.000000 0.000000 0.000000 2095338.000000 658004.000000 21360.000000 0.000000 0.000000 0.000000 0.000000 0.000000 0.000000 0.000000 1095312.000000 1669798.000000 7968.000000 1568.000000 0.000000 0.000000 0.000000 0.000000 0.000000 0.000000 978840.000000 1776998.000000 23387.000000 0.000000 0.000000 0.000000 0.000000 0.000000 0.000000 0.000000 135747.000000 2668606.000000 3712.000000 0.000000 0.000000 18128.000000 0.000000 0.000000 0.000000 0.000000 82993.000000 2663221.000000 14288.000000 12336.000000 0.000000 0.000000 0.000000 0.000000 0.000000 0.000000 
23
0.000000 1110671.000000 1652568.000000 9136.000000 10820.000000 0.000000 0.000000 0.000000 0.000000 0.000000 0.000000 2095338.000000 658004.000000 21360.000000 0.000000 0.000000 0.000000 0.000000 0.000000 0.000000 0.000000 1095312.000000 1669798.000000 7968.000000 1568.000000 0.000000 0.000000 0.000000 0.000000 0.000000 0.000000 978840.000000 1776998.000000 23387.000000 0.000000 0.000000 0.000000 0.000000 0.000000 0.000000 0.000000 135747.000000 2668606.000000 3712.000000 0.000000 0.000000 18128.000000 0.000000 0.000000 0.000000 0.000000 82993.000000 2663221.000000 14288.000000 12336.000000 0.000000 0.000000 0.000000 0.000000 0.000000 0.000000 
24
0.000000 1110671.000000 1652568.000000 9136.000000 10820.000000 0.000000 0.000000 0.000000 0.000000 0.000000 0.000000 2095338.000000 658004.000000 21360.000000 0.000000 0.000000 0.000000 0.000000 0.000000 0.000000 0.000000 1095312.000000 1669798.000000 7968.000000 1568.000000 0.000000 0.000000 0.000000 0.000000 0.000000 0.000000 978840.000000 1773590.000000 21623.000000 0.000000 0.000000 0.000000 0.000000 0.000000 0.000000 0.000000 98882.000000 2677062.000000 2176.000000 0.000000 0.000000 21236.000000 0.000000 0.000000 0.000000 0.000000 83113.000000 2669876.000000 11504.000000 15956.000000 0.000000 0.000000 0.000000 0.000000 0.000000 0.000000 
25
0.000000 1110671.000000 1652568.000000 9136.000000 10820.000000 0.000000 0.000000 0.000000 0.000000 0.000000 0.000000 2095338.000000 658004.000000 21360.000000 0.000000 0.000000 0.000000 0.000000 0.000000 0.000000 0.000000 1095312.000000 1669798.000000 7968.000000 1568.000000 0.000000 0.000000 0.000000 0.000000 0.000000 0.000000 978840.000000 1773590.000000 21623.000000 0.000000 0.000000 0.000000 0.000000 0.000000 0.000000 0.000000 98882.000000 2677062.000000 2176.000000 0.000000 0.000000 21236.000000 0.000000 0.000000 0.000000 0.000000 83113.000000 2669876.000000 11504.000000 15956.000000 0.000000 0.000000 0.000000 0.000000 0.000000 0.000000 
26
0.000000 1110671.000000 1652568.000000 9136.000000 10820.000000 0.000000 0.000000 0.000000 0.000000 0.000000 0.000000 2095338.000000 658004.000000 21360.000000 0.000000 0.000000 0.000000 0.000000 0.000000 0.000000 0.000000 1095312.000000 1669798.000000 7968.000000 1568.000000 0.000000 0.000000 0.000000 0.000000 0.000000 0.000000 978840.000000 1773590.000000 21623.000000 0.000000 0.000000 0.000000 0.000000 0.000000 0.000000 0.000000 98882.000000 2677062.000000 2176.000000 0.000000 0.000000 21236.000000 0.000000 0.000000 0.000000 0.000000 83113.000000 2669876.000000 11504.000000 15956.000000 0.000000 0.000000 0.000000 0.000000 0.000000 0.000000 
27
0.000000 1110671.000000 1652568.000000 9136.000000 10820.000000 0.000000 0.000000 0.000000 0.000000 0.000000 0.000000 2095338.000000 658004.000000 21360.000000 0.000000 0.000000 0.000000 0.000000 0.000000 0.000000 0.000000 1095312.000000 1669798.000000 7968.000000 1568.000000 0.000000 0.000000 0.000000 0.000000 0.000000 0.000000 978840.000000 1773590.000000 21623.000000 0.000000 0.000000 0.000000 0.000000 0.000000 0.000000 0.000000 98882.000000 2677062.000000 2176.000000 0.000000 0.000000 21236.000000 0.000000 0.000000 0.000000 0.000000 83113.000000 2669876.000000 11504.000000 15956.000000 0.000000 0.000000 0.000000 0.000000 0.000000 0.000000 
28
0.000000 1110575.000000 1652568.000000 9568.000000 10820.000000 0.000000 0.000000 0.000000 0.000000 0.000000 0.000000 2095218.000000 658004.000000 19920.000000 0.000000 0.000000 0.000000 0.000000 0.000000 0.000000 0.000000 1095312.000000 1669798.000000 6944.000000 0.000000 0.000000 0.000000 0.000000 0.000000 0.000000 0.000000 985632.000000 1769958.000000 24863.000000 0.000000 0.000000 0.000000 0.000000 0.000000 0.000000 0.000000 135747.000000 2668606.000000 2880.000000 0.000000 8.000000 16784.000000 0.000000 0.000000 0.000000 0.000000 82993.000000 2671733.000000 3840.000000 15956.000000 0.000000 0.000000 0.000000 0.000000 0.000000 0.000000 
29
0.000000 1110575.000000 1652568.000000 9568.000000 10820.000000 0.000000 0.000000 0.000000 0.000000 0.000000 0.000000 2095218.000000 658004.000000 19920.000000 0.000000 0.000000 0.000000 0.000000 0.000000 0.000000 0.000000 1095312.000000 1669798.000000 6944.000000 0.000000 0.000000 0.000000 0.000000 0.000000 0.000000 0.000000 985632.000000 1769958.000000 24863.000000 0.000000 0.000000 0.000000 0.000000 0.000000 0.000000 0.000000 135747.000000 2668606.000000 2880.000000 0.000000 8.000000 16784.000000 0.000000 0.000000 0.000000 0.000000 82993.000000 2671733.000000 3840.000000 15956.000000 0.000000 0.000000 0.000000 0.000000 0.000000 0.000000 
30
0.000000 1110575.000000 1652568.000000 9568.000000 10820.000000 0.000000 0.000000 0.000000 0.000000 0.000000 0.000000 2095218.000000 658004.000000 19920.000000 0.000000 0.000000 0.000000 0.000000 0.000000 0.000000 0.000000 1095312.000000 1669798.000000 6944.000000 0.000000 0.000000 0.000000 0.000000 0.000000 0.000000 0.000000 985632.000000 1769958.000000 24863.000000 0.000000 0.000000 0.000000 0.000000 0.000000 0.000000 0.000000 135747.000000 2668606.000000 2880.000000 0.000000 8.000000 16784.000000 0.000000 0.000000 0.000000 0.000000 82993.000000 2671733.000000 3840.000000 15956.000000 0.000000 0.000000 0.000000 0.000000 0.000000 0.000000 
31
0.000000 1110575.000000 1652568.000000 9568.000000 10820.000000 0.000000 0.000000 0.000000 0.000000 0.000000 0.000000 2095218.000000 658004.000000 19920.000000 0.000000 0.000000 0.000000 0.000000 0.000000 0.000000 0.000000 1095312.000000 1669798.000000 6944.000000 0.000000 0.000000 0.000000 0.000000 0.000000 0.000000 0.000000 985632.000000 1769958.000000 24863.000000 0.000000 0.000000 0.000000 0.000000 0.000000 0.000000 0.000000 135747.000000 2668606.000000 2880.000000 0.000000 8.000000 16784.000000 0.000000 0.000000 0.000000 0.000000 82993.000000 2671733.000000 3840.000000 15956.000000 0.000000 0.000000 0.000000 0.000000 0.000000 0.000000 
32
0.000000 1109855.000000 1423628.000000 8544.000000 12144.000000 0.000000 0.000000 0.000000 0.000000 0.000000 0.000000 2102178.000000 425018.000000 18128.000000 0.000000 0.000000 0.000000 0.000000 0.000000 0.000000 0.000000 1108944.000000 1434860.000000 7968.000000 0.000000 0.000000 0.000000 0.000000 0.000000 0.000000 0.000000 997985.000000 1531804.000000 7364.000000 0.000000 0.000000 0.000000 0.000000 0.000000 0.000000 0.000000 90690.000000 1344569.000000 4288.000000 6304.000000 8.000000 36863.000000 0.000000 0.000000 0.000000 0.000000 82993.000000 2448698.000000 10864.000000 17576.000000 0.000000 0.000000 0.000000 0.000000 0.000000 0.000000 
33
0.000000 1109855.000000 1423628.000000 8544.000000 12144.000000 0.000000 0.000000 0.000000 0.000000 0.000000 0.000000 2102178.000000 425018.000000 18128.000000 0.000000 0.000000 0.000000 0.000000 0.000000 0.000000 0.000000 1108944.000000 1434860.000000 7968.000000 0.000000 0.000000 0.000000 0.000000 0.000000 0.000000 0.000000 997985.000000 1531804.000000 7364.000000 0.000000 0.000000 0.000000 0.000000 0.000000 0.000000 0.000000 90690.000000 1344569.000000 4288.000000 6304.000000 8.000000 36863.000000 0.000000 0.000000 0.000000 0.000000 82993.000000 2448698.000000 10864.000000 17576.000000 0.000000 0.000000 0.000000 0.000000 0.000000 0.000000 
34
0.000000 1109855.000000 1423628.000000 8544.000000 12144.000000 0.000000 0.000000 0.000000 0.000000 0.000000 0.000000 2102178.000000 425018.000000 18128.000000 0.000000 0.000000 0.000000 0.000000 0.000000 0.000000 0.000000 1108944.000000 1434860.000000 7968.000000 0.000000 0.000000 0.000000 0.000000 0.000000 0.000000 0.000000 997985.000000 1531804.000000 7364.000000 0.000000 0.000000 0.000000 0.000000 0.000000 0.000000 0.000000 90690.000000 1344569.000000 4288.000000 6304.000000 8.000000 36863.000000 0.000000 0.000000 0.000000 0.000000 82993.000000 2448698.000000 10864.000000 17576.000000 0.000000 0.000000 0.000000 0.000000 0.000000 0.000000 
35
0.000000 1109855.000000 1423628.000000 8544.000000 12144.000000 0.000000 0.000000 0.000000 0.000000 0.000000 0.000000 2102178.000000 425018.000000 18128.000000 0.000000 0.000000 0.000000 0.000000 0.000000 0.000000 0.000000 1108944.000000 1434860.000000 7968.000000 0.000000 0.000000 0.000000 0.000000 0.000000 0.000000 0.000000 997985.000000 1531804.000000 7364.000000 0.000000 0.000000 0.000000 0.000000 0.000000 0.000000 0.000000 90690.000000 1344569.000000 4288.000000 6304.000000 8.000000 36863.000000 0.000000 0.000000 0.000000 0.000000 82993.000000 2448698.000000 10864.000000 17576.000000 0.000000 0.000000 0.000000 0.000000 0.000000 0.000000 
36
0.000000 1109951.000000 1424140.000000 9696.000000 12144.000000 0.000000 0.000000 0.000000 0.000000 0.000000 0.000000 2100514.000000 433946.000000 22896.000000 0.000000 0.000000 0.000000 0.000000 0.000000 0.000000 0.000000 1095120.000000 1451133.000000 7968.000000 0.000000 0.000000 0.000000 0.000000 0.000000 0.000000 0.000000 979127.000000 1558951.000000 7364.000000 0.000000 0.000000 0.000000 0.000000 0.000000 0.000000 0.000000 95170.000000 2669076.000000 2176.000000 0.000000 0.000000 19664.000000 0.000000 0.000000 0.000000 0.000000 82993.000000 2448698.000000 10864.000000 30051.000000 0.000000 0.000000 0.000000 0.000000 0.000000 0.000000 
37
0.000000 1109951.000000 1424140.000000 9696.000000 12144.000000 0.000000 0.000000 0.000000 0.000000 0.000000 0.000000 2100514.000000 433946.000000 22896.000000 0.000000 0.000000 0.000000 0.000000 0.000000 0.000000 0.000000 1095120.000000 1451133.000000 7968.000000 0.000000 0.000000 0.000000 0.000000 0.000000 0.000000 0.000000 979127.000000 1558951.000000 7364.000000 0.000000 0.000000 0.000000 0.000000 0.000000 0.000000 0.000000 95170.000000 2669076.000000 2176.000000 0.000000 0.000000 19664.000000 0.000000 0.000000 0.000000 0.000000 82993.000000 2448698.000000 10864.000000 30051.000000 0.000000 0.000000 0.000000 0.000000 0.000000 0.000000 
38
0.000000 1109951.000000 1424140.000000 9696.000000 12144.000000 0.000000 0.000000 0.000000 0.000000 0.000000 0.000000 2100514.000000 433946.000000 22896.000000 0.000000 0.000000 0.000000 0.000000 0.000000 0.000000 0.000000 1095120.000000 1451133.000000 7968.000000 0.000000 0.000000 0.000000 0.000000 0.000000 0.000000 0.000000 979127.000000 1558951.000000 7364.000000 0.000000 0.000000 0.000000 0.000000 0.000000 0.000000 0.000000 95170.000000 2669076.000000 2176.000000 0.000000 0.000000 19664.000000 0.000000 0.000000 0.000000 0.000000 82993.000000 2448698.000000 10864.000000 30051.000000 0.000000 0.000000 0.000000 0.000000 0.000000 0.000000 
39
0.000000 1109951.000000 1424140.000000 9696.000000 12144.000000 0.000000 0.000000 0.000000 0.000000 0.000000 0.000000 2100514.000000 433946.000000 22896.000000 0.000000 0.000000 0.000000 0.000000 0.000000 0.000000 0.000000 1095120.000000 1451133.000000 7968.000000 0.000000 0.000000 0.000000 0.000000 0.000000 0.000000 0.000000 979127.000000 1558951.000000 7364.000000 0.000000 0.000000 0.000000 0.000000 0.000000 0.000000 0.000000 95170.000000 2669076.000000 2176.000000 0.000000 0.000000 19664.000000 0.000000 0.000000 0.000000 0.000000 82993.000000 2448698.000000 10864.000000 30051.000000 0.000000 0.000000 0.000000 0.000000 0.000000 0.000000 
40
0.000000 1109951.000000 1425292.000000 9696.000000 12144.000000 0.000000 0.000000 0.000000 0.000000 0.000000 0.000000 2101018.000000 427034.000000 22896.000000 0.000000 0.000000 0.000000 0.000000 0.000000 0.000000 0.000000 1102416.000000 1427532.000000 5792.000000 0.000000 0.000000 0.000000 0.000000 0.000000 0.000000 0.000000 1005584.000000 1468940.000000 14512.000000 0.000000 0.000000 0.000000 0.000000 0.000000 0.000000 0.000000 92098.000000 2675829.000000 2176.000000 6304.000000 8.000000 10096.000000 0.000000 0.000000 0.000000 0.000000 83233.000000 2446156.000000 16688.000000 3664.000000 0.000000 0.000000 0.000000 0.000000 0.000000 0.000000 
41
0.000000 1109951.000000 1425292.000000 9696.000000 12144.000000 0.000000 0.000000 0.000000 0.000000 0.000000 0.000000 2101018.000000 427034.000000 22896.000000 0.000000 0.000000 0.000000 0.000000 0.000000 0.000000 0.000000 1102416.000000 1427532.000000 5792.000000 0.000000 0.000000 0.000000 0.000000 0.000000 0.000000 0.000000 1005584.000000 1468940.000000 14512.000000 0.000000 0.000000 0.000000 0.000000 0.000000 0.000000 0.000000 92098.000000 2675829.000000 2176.000000 6304.000000 8.000000 10096.000000 0.000000 0.000000 0.000000 0.000000 83233.000000 2446156.000000 16688.000000 3664.000000 0.000000 0.000000 0.000000 0.000000 0.000000 0.000000 
42
0.000000 1109951.000000 1425292.000000 9696.000000 12144.000000 0.000000 0.000000 0.000000 0.000000 0.000000 0.000000 2101018.000000 427034.000000 22896.000000 0.000000 0.000000 0.000000 0.000000 0.000000 0.000000 0.000000 1102416.000000 1427532.000000 5792.000000 0.000000 0.000000 0.000000 0.000000 0.000000 0.000000 0.000000 1005584.000000 1468940.000000 14512.000000 0.000000 0.000000 0.000000 0.000000 0.000000 0.000000 0.000000 92098.000000 2675829.000000 2176.000000 6304.000000 8.000000 10096.000000 0.000000 0.000000 0.000000 0.000000 83233.000000 2446156.000000 16688.000000 3664.000000 0.000000 0.000000 0.000000 0.000000 0.000000 0.000000 
43
0.000000 1109951.000000 1425292.000000 9696.000000 12144.000000 0.000000 0.000000 0.000000 0.000000 0.000000 0.000000 2101018.000000 427034.000000 22896.000000 0.000000 0.000000 0.000000 0.000000 0.000000 0.000000 0.000000 1102416.000000 1427532.000000 5792.000000 0.000000 0.000000 0.000000 0.000000 0.000000 0.000000 0.000000 1005584.000000 1468940.000000 14512.000000 0.000000 0.000000 0.000000 0.000000 0.000000 0.000000 0.000000 92098.000000 2675829.000000 2176.000000 6304.000000 8.000000 10096.000000 0.000000 0.000000 0.000000 0.000000 83233.000000 2446156.000000 16688.000000 3664.000000 0.000000 0.000000 0.000000 0.000000 0.000000 0.000000 
44
0.000000 1109951.000000 1425292.000000 9696.000000 12144.000000 0.000000 0.000000 0.000000 0.000000 0.000000 0.000000 2100418.000000 428602.000000 19536.000000 0.000000 0.000000 0.000000 0.000000 0.000000 0.000000 0.000000 1102032.000000 1434124.000000 7968.000000 0.000000 0.000000 0.000000 0.000000 0.000000 0.000000 0.000000 999504.000000 1533036.000000 7364.000000 0.000000 0.000000 0.000000 0.000000 0.000000 0.000000 0.000000 91714.000000 1339082.000000 2176.000000 6304.000000 8.000000 23968.000000 0.000000 0.000000 0.000000 0.000000 82993.000000 2445132.000000 4992.000000 36611.000000 0.000000 0.000000 0.000000 0.000000 0.000000 0.000000 
45
0.000000 1109951.000000 1425292.000000 9696.000000 12144.000000 0.000000 0.000000 0.000000 0.000000 0.000000 0.000000 2100418.000000 428602.000000 19536.000000 0.000000 0.000000 0.000000 0.000000 0.000000 0.000000 0.000000 1102032.000000 1434124.000000 7968.000000 0.000000 0.000000 0.000000 0.000000 0.000000 0.000000 0.000000 999504.000000 1533036.000000 7364.000000 0.000000 0.000000 0.000000 0.000000 0.000000 0.000000 0.000000 91714.000000 1339082.000000 2176.000000 6304.000000 8.000000 23968.000000 0.000000 0.000000 0.000000 0.000000 82993.000000 2445132.000000 4992.000000 36611.000000 0.000000 0.000000 0.000000 0.000000 0.000000 0.000000 
46
0.000000 1109951.000000 1425292.000000 9696.000000 12144.000000 0.000000 0.000000 0.000000 0.000000 0.000000 0.000000 2100418.000000 428602.000000 19536.000000 0.000000 0.000000 0.000000 0.000000 0.000000 0.000000 0.000000 1102032.000000 1434124.000000 7968.000000 0.000000 0.000000 0.000000 0.000000 0.000000 0.000000 0.000000 999504.000000 1533036.000000 7364.000000 0.000000 0.000000 0.000000 0.000000 0.000000 0.000000 0.000000 91714.000000 1339082.000000 2176.000000 6304.000000 8.000000 23968.000000 0.000000 0.000000 0.000000 0.000000 82993.000000 2445132.000000 4992.000000 36611.000000 0.000000 0.000000 0.000000 0.000000 0.000000 0.000000 
47
0.000000 1109951.000000 1425292.000000 9696.000000 12144.000000 0.000000 0.000000 0.000000 0.000000 0.000000 0.000000 2100418.000000 428602.000000 19536.000000 0.000000 0.000000 0.000000 0.000000 0.000000 0.000000 0.000000 1102032.000000 1434124.000000 7968.000000 0.000000 0.000000 0.000000 0.000000 0.000000 0.000000 0.000000 999504.000000 1533036.000000 7364.000000 0.000000 0.000000 0.000000 0.000000 0.000000 0.000000 0.000000 91714.000000 1339082.000000 2176.000000 6304.000000 8.000000 23968.000000 0.000000 0.000000 0.000000 0.000000 82993.000000 2445132.000000 4992.000000 36611.000000 0.000000 0.000000 0.000000 0.000000 0.000000 0.000000 
48
0.000000 1110216.000000 1386188.000000 7312.000000 12144.000000 0.000000 0.000000 0.000000 0.000000 0.000000 0.000000 2141465.000000 358842.000000 21540.000000 0.000000 0.000000 0.000000 0.000000 0.000000 0.000000 0.000000 948125.000000 1557912.000000 2176.000000 32947.000000 0.000000 0.000000 0.000000 0.000000 0.000000 0.000000 1068624.000000 1466604.000000 18164.000000 0.000000 0.000000 0.000000 0.000000 0.000000 0.000000 0.000000 78993.000000 2670102.000000 2176.000000 6304.000000 8.000000 18224.000000 0.000000 0.000000 0.000000 0.000000 76609.000000 2444092.000000 17456.000000 20643.000000 0.000000 0.000000 0.000000 0.000000 0.000000 0.000000 
49
0.000000 1110216.000000 1386188.000000 7312.000000 12144.000000 0.000000 0.000000 0.000000 0.000000 0.000000 0.000000 2141465.000000 358842.000000 21540.000000 0.000000 0.000000 0.000000 0.000000 0.000000 0.000000 0.000000 948125.000000 1557912.000000 2176.000000 32947.000000 0.000000 0.000000 0.000000 0.000000 0.000000 0.000000 1068624.000000 1466604.000000 18164.000000 0.000000 0.000000 0.000000 0.000000 0.000000 0.000000 0.000000 78993.000000 2670102.000000 2176.000000 6304.000000 8.000000 18224.000000 0.000000 0.000000 0.000000 0.000000 76609.000000 2444092.000000 17456.000000 20643.000000 0.000000 0.000000 0.000000 0.000000 0.000000 0.000000 
50
0.000000 1110216.000000 1386188.000000 7312.000000 12144.000000 0.000000 0.000000 0.000000 0.000000 0.000000 0.000000 2141465.000000 358842.000000 21540.000000 0.000000 0.000000 0.000000 0.000000 0.000000 0.000000 0.000000 948125.000000 1557912.000000 2176.000000 32947.000000 0.000000 0.000000 0.000000 0.000000 0.000000 0.000000 1068624.000000 1466604.000000 18164.000000 0.000000 0.000000 0.000000 0.000000 0.000000 0.000000 0.000000 78993.000000 2670102.000000 2176.000000 6304.000000 8.000000 18224.000000 0.000000 0.000000 0.000000 0.000000 76609.000000 2444092.000000 17456.000000 20643.000000 0.000000 0.000000 0.000000 0.000000 0.000000 0.000000 
51
0.000000 1110216.000000 1386188.000000 7312.000000 12144.000000 0.000000 0.000000 0.000000 0.000000 0.000000 0.000000 2141465.000000 358842.000000 21540.000000 0.000000 0.000000 0.000000 0.000000 0.000000 0.000000 0.000000 948125.000000 1557912.000000 2176.000000 32947.000000 0.000000 0.000000 0.000000 0.000000 0.000000 0.000000 1068624.000000 1466604.000000 18164.000000 0.000000 0.000000 0.000000 0.000000 0.000000 0.000000 0.000000 78993.000000 2670102.000000 2176.000000 6304.000000 8.000000 18224.000000 0.000000 0.000000 0.000000 0.000000 76609.000000 2444092.000000 17456.000000 20643.000000 0.000000 0.000000 0.000000 0.000000 0.000000 0.000000 
52
0.000000 1109712.000000 1402924.000000 7840.000000 12144.000000 0.000000 0.000000 0.000000 0.000000 0.000000 0.000000 2123321.000000 379658.000000 37431.000000 0.000000 0.000000 0.000000 0.000000 0.000000 0.000000 0.000000 1137360.000000 1369948.000000 2176.000000 34483.000000 0.000000 0.000000 0.000000 0.000000 0.000000 0.000000 1031184.000000 1468156.000000 14512.000000 0.000000 0.000000 0.000000 0.000000 0.000000 0.000000 0.000000 78993.000000 2673908.000000 2432.000000 6304.000000 8.000000 19828.000000 0.000000 0.000000 0.000000 0.000000 41009.000000 2444604.000000 18608.000000 0.000000 0.000000 0.000000 0.000000 0.000000 0.000000 0.000000 
53
0.000000 1109712.000000 1402924.000000 7840.000000 12144.000000 0.000000 0.000000 0.000000 0.000000 0.000000 0.000000 2123321.000000 379658.000000 37431.000000 0.000000 0.000000 0.000000 0.000000 0.000000 0.000000 0.000000 1137360.000000 1369948.000000 2176.000000 34483.000000 0.000000 0.000000 0.000000 0.000000 0.000000 0.000000 1031184.000000 1468156.000000 14512.000000 0.000000 0.000000 0.000000 0.000000 0.000000 0.000000 0.000000 78993.000000 2673908.000000 2432.000000 6304.000000 8.000000 19828.000000 0.000000 0.000000 0.000000 0.000000 41009.000000 2444604.000000 18608.000000 0.000000 0.000000 0.000000 0.000000 0.000000 0.000000 0.000000 
54
0.000000 1109712.000000 1402924.000000 7840.000000 12144.000000 0.000000 0.000000 0.000000 0.000000 0.000000 0.000000 2123321.000000 379658.000000 37431.000000 0.000000 0.000000 0.000000 0.000000 0.000000 0.000000 0.000000 1137360.000000 1369948.000000 2176.000000 34483.000000 0.000000 0.000000 0.000000 0.000000 0.000000 0.000000 1031184.000000 1468156.000000 14512.000000 0.000000 0.000000 0.000000 0.000000 0.000000 0.000000 0.000000 78993.000000 2673908.000000 2432.000000 6304.000000 8.000000 19828.000000 0.000000 0.000000 0.000000 0.000000 41009.000000 2444604.000000 18608.000000 0.000000 0.000000 0.000000 0.000000 0.000000 0.000000 0.000000 
55
0.000000 1109712.000000 1402924.000000 7840.000000 12144.000000 0.000000 0.000000 0.000000 0.000000 0.000000 0.000000 2123321.000000 379658.000000 37431.000000 0.000000 0.000000 0.000000 0.000000 0.000000 0.000000 0.000000 1137360.000000 1369948.000000 2176.000000 34483.000000 0.000000 0.000000 0.000000 0.000000 0.000000 0.000000 1031184.000000 1468156.000000 14512.000000 0.000000 0.000000 0.000000 0.000000 0.000000 0.000000 0.000000 78993.000000 2673908.000000 2432.000000 6304.000000 8.000000 19828.000000 0.000000 0.000000 0.000000 0.000000 41009.000000 2444604.000000 18608.000000 0.000000 0.000000 0.000000 0.000000 0.000000 0.000000 0.000000 
56
0.000000 1111728.000000 1382284.000000 7968.000000 12144.000000 0.000000 0.000000 0.000000 0.000000 0.000000 0.000000 2143361.000000 348474.000000 7408.000000 0.000000 0.000000 0.000000 0.000000 0.000000 0.000000 0.000000 975359.000000 1519534.000000 4864.000000 28367.000000 0.000000 0.000000 0.000000 0.000000 0.000000 0.000000 1108031.000000 1391772.000000 19712.000000 0.000000 0.000000 0.000000 0.000000 0.000000 0.000000 0.000000 73233.000000 2673908.000000 9296.000000 6304.000000 8.000000 20304.000000 0.000000 0.000000 0.000000 0.000000 40945.000000 2448698.000000 11600.000000 12336.000000 0.000000 0.000000 0.000000 0.000000 0.000000 0.000000 
57
0.000000 1111728.000000 1382284.000000 7968.000000 12144.000000 0.000000 0.000000 0.000000 0.000000 0.000000 0.000000 2143361.000000 348474.000000 7408.000000 0.000000 0.000000 0.000000 0.000000 0.000000 0.000000 0.000000 975359.000000 1519534.000000 4864.000000 28367.000000 0.000000 0.000000 0.000000 0.000000 0.000000 0.000000 1108031.000000 1391772.000000 19712.000000 0.000000 0.000000 0.000000 0.000000 0.000000 0.000000 0.000000 73233.000000 2673908.000000 9296.000000 6304.000000 8.000000 20304.000000 0.000000 0.000000 0.000000 0.000000 40945.000000 2448698.000000 11600.000000 12336.000000 0.000000 0.000000 0.000000 0.000000 0.000000 0.000000 
58
0.000000 1111728.000000 1382284.000000 7968.000000 12144.000000 0.000000 0.000000 0.000000 0.000000 0.000000 0.000000 2143361.000000 348474.000000 7408.000000 0.000000 0.000000 0.000000 0.000000 0.000000 0.000000 0.000000 975359.000000 1519534.000000 4864.000000 28367.000000 0.000000 0.000000 0.000000 0.000000 0.000000 0.000000 1108031.000000 1391772.000000 19712.000000 0.000000 0.000000 0.000000 0.000000 0.000000 0.000000 0.000000 73233.000000 2673908.000000 9296.000000 6304.000000 8.000000 20304.000000 0.000000 0.000000 0.000000 0.000000 40945.000000 2448698.000000 11600.000000 12336.000000 0.000000 0.000000 0.000000 0.000000 0.000000 0.000000 
59
0.000000 1111728.000000 1382284.000000 7968.000000 12144.000000 0.000000 0.000000 0.000000 0.000000 0.000000 0.000000 2143361.000000 348474.000000 7408.000000 0.000000 0.000000 0.000000 0.000000 0.000000 0.000000 0.000000 975359.000000 1519534.000000 4864.000000 28367.000000 0.000000 0.000000 0.000000 0.000000 0.000000 0.000000 1108031.000000 1391772.000000 19712.000000 0.000000 0.000000 0.000000 0.000000 0.000000 0.000000 0.000000 73233.000000 2673908.000000 9296.000000 6304.000000 8.000000 20304.000000 0.000000 0.000000 0.000000 0.000000 40945.000000 2448698.000000 11600.000000 12336.000000 0.000000 0.000000 0.000000 0.000000 0.000000 0.000000 
60
0.000000 1109648.000000 1402924.000000 6432.000000 12144.000000 0.000000 0.000000 0.000000 0.000000 0.000000 0.000000 2127457.000000 373370.000000 17936.000000 0.000000 0.000000 0.000000 0.000000 0.000000 0.000000 0.000000 937573.000000 1568792.000000 2176.000000 33039.000000 0.000000 0.000000 0.000000 0.000000 0.000000 0.000000 1056127.000000 1444236.000000 17072.000000 0.000000 0.000000 0.000000 0.000000 0.000000 0.000000 0.000000 79377.000000 2673908.000000 8528.000000 6304.000000 8.000000 17712.000000 0.000000 0.000000 0.000000 0.000000 49257.000000 2444604.000000 16528.000000 13872.000000 0.000000 0.000000 0.000000 0.000000 0.000000 0.000000 
61
0.000000 1109648.000000 1402924.000000 6432.000000 12144.000000 0.000000 0.000000 0.000000 0.000000 0.000000 0.000000 2127457.000000 373370.000000 17936.000000 0.000000 0.000000 0.000000 0.000000 0.000000 0.000000 0.000000 937573.000000 1568792.000000 2176.000000 33039.000000 0.000000 0.000000 0.000000 0.000000 0.000000 0.000000 1056127.000000 1444236.000000 17072.000000 0.000000 0.000000 0.000000 0.000000 0.000000 0.000000 0.000000 79377.000000 2673908.000000 8528.000000 6304.000000 8.000000 17712.000000 0.000000 0.000000 0.000000 0.000000 49257.000000 2444604.000000 16528.000000 13872.000000 0.000000 0.000000 0.000000 0.000000 0.000000 0.000000 
62
0.000000 1109648.000000 1402924.000000 6432.000000 12144.000000 0.000000 0.000000 0.000000 0.000000 0.000000 0.000000 2127457.000000 373370.000000 17936.000000 0.000000 0.000000 0.000000 0.000000 0.000000 0.000000 0.000000 937573.000000 1568792.000000 2176.000000 33039.000000 0.000000 0.000000 0.000000 0.000000 0.000000 0.000000 1056127.000000 1444236.000000 17072.000000 0.000000 0.000000 0.000000 0.000000 0.000000 0.000000 0.000000 79377.000000 2673908.000000 8528.000000 6304.000000 8.000000 17712.000000 0.000000 0.000000 0.000000 0.000000 49257.000000 2444604.000000 16528.000000 13872.000000 0.000000 0.000000 0.000000 0.000000 0.000000 0.000000 
63
0.000000 1109648.000000 1402924.000000 6432.000000 12144.000000 0.000000 0.000000 0.000000 0.000000 0.000000 0.000000 2127457.000000 373370.000000 17936.000000 0.000000 0.000000 0.000000 0.000000 0.000000 0.000000 0.000000 937573.000000 1568792.000000 2176.000000 33039.000000 0.000000 0.000000 0.000000 0.000000 0.000000 0.000000 1056127.000000 1444236.000000 17072.000000 0.000000 0.000000 0.000000 0.000000 0.000000 0.000000 0.000000 79377.000000 2673908.000000 8528.000000 6304.000000 8.000000 17712.000000 0.000000 0.000000 0.000000 0.000000 49257.000000 2444604.000000 16528.000000 13872.000000 0.000000 0.000000 0.000000 0.000000 0.000000 0.000000 
64
0.000000 1109768.000000 1402908.000000 6432.000000 12144.000000 0.000000 0.000000 0.000000 0.000000 0.000000 0.000000 2126689.000000 376202.000000 37431.000000 0.000000 0.000000 0.000000 0.000000 0.000000 0.000000 0.000000 915205.000000 1576774.000000 3792.000000 13872.000000 0.000000 0.000000 0.000000 0.000000 0.000000 0.000000 1066495.000000 1433868.000000 16144.000000 0.000000 0.000000 0.000000 0.000000 0.000000 0.000000 0.000000 63671.000000 2654744.000000 2176.000000 0.000000 8.000000 20304.000000 0.000000 0.000000 0.000000 0.000000 49137.000000 2448954.000000 12112.000000 12336.000000 0.000000 0.000000 0.000000 0.000000 0.000000 0.000000 
65
0.000000 1109768.000000 1402908.000000 6432.000000 12144.000000 0.000000 0.000000 0.000000 0.000000 0.000000 0.000000 2126689.000000 376202.000000 37431.000000 0.000000 0.000000 0.000000 0.000000 0.000000 0.000000 0.000000 915205.000000 1576774.000000 3792.000000 13872.000000 0.000000 0.000000 0.000000 0.000000 0.000000 0.000000 1066495.000000 1433868.000000 16144.000000 0.000000 0.000000 0.000000 0.000000 0.000000 0.000000 0.000000 63671.000000 2654744.000000 2176.000000 0.000000 8.000000 20304.000000 0.000000 0.000000 0.000000 0.000000 49137.000000 2448954.000000 12112.000000 12336.000000 0.000000 0.000000 0.000000 0.000000 0.000000 0.000000 
66
0.000000 1109768.000000 1402908.000000 6432.000000 12144.000000 0.000000 0.000000 0.000000 0.000000 0.000000 0.000000 2126689.000000 376202.000000 37431.000000 0.000000 0.000000 0.000000 0.000000 0.000000 0.000000 0.000000 915205.000000 1576774.000000 3792.000000 13872.000000 0.000000 0.000000 0.000000 0.000000 0.000000 0.000000 1066495.000000 1433868.000000 16144.000000 0.000000 0.000000 0.000000 0.000000 0.000000 0.000000 0.000000 63671.000000 2654744.000000 2176.000000 0.000000 8.000000 20304.000000 0.000000 0.000000 0.000000 0.000000 49137.000000 2448954.000000 12112.000000 12336.000000 0.000000 0.000000 0.000000 0.000000 0.000000 0.000000 
67
0.000000 1109768.000000 1402908.000000 6432.000000 12144.000000 0.000000 0.000000 0.000000 0.000000 0.000000 0.000000 2126689.000000 376202.000000 37431.000000 0.000000 0.000000 0.000000 0.000000 0.000000 0.000000 0.000000 915205.000000 1576774.000000 3792.000000 13872.000000 0.000000 0.000000 0.000000 0.000000 0.000000 0.000000 1066495.000000 1433868.000000 16144.000000 0.000000 0.000000 0.000000 0.000000 0.000000 0.000000 0.000000 63671.000000 2654744.000000 2176.000000 0.000000 8.000000 20304.000000 0.000000 0.000000 0.000000 0.000000 49137.000000 2448954.000000 12112.000000 12336.000000 0.000000 0.000000 0.000000 0.000000 0.000000 0.000000 
68
0.000000 1109768.000000 1402924.000000 6432.000000 12144.000000 0.000000 0.000000 0.000000 0.000000 0.000000 0.000000 2126689.000000 376202.000000 30207.000000 0.000000 0.000000 0.000000 0.000000 0.000000 0.000000 0.000000 923557.000000 1575494.000000 2176.000000 31599.000000 0.000000 0.000000 0.000000 0.000000 0.000000 0.000000 1051903.000000 1457836.000000 19700.000000 0.000000 0.000000 0.000000 0.000000 0.000000 0.000000 0.000000 98418.000000 2675829.000000 2176.000000 6304.000000 8.000000 10096.000000 0.000000 0.000000 0.000000 0.000000 41185.000000 2444604.000000 17584.000000 0.000000 0.000000 0.000000 0.000000 0.000000 0.000000 0.000000 
69
0.000000 1109768.000000 1402924.000000 6432.000000 12144.000000 0.000000 0.000000 0.000000 0.000000 0.000000 0.000000 2126689.000000 376202.000000 30207.000000 0.000000 0.000000 0.000000 0.000000 0.000000 0.000000 0.000000 923557.000000 1575494.000000 2176.000000 31599.000000 0.000000 0.000000 0.000000 0.000000 0.000000 0.000000 1051903.000000 1457836.000000 19700.000000 0.000000 0.000000 0.000000 0.000000 0.000000 0.000000 0.000000 98418.000000 2675829.000000 2176.000000 6304.000000 8.000000 10096.000000 0.000000 0.000000 0.000000 0.000000 41185.000000 2444604.000000 17584.000000 0.000000 0.000000 0.000000 0.000000 0.000000 0.000000 0.000000 
70
0.000000 1109768.000000 1402924.000000 6432.000000 12144.000000 0.000000 0.000000 0.000000 0.000000 0.000000 0.000000 2126689.000000 376202.000000 30207.000000 0.000000 0.000000 0.000000 0.000000 0.000000 0.000000 0.000000 923557.000000 1575494.000000 2176.000000 31599.000000 0.000000 0.000000 0.000000 0.000000 0.000000 0.000000 1051903.000000 1457836.000000 19700.000000 0.000000 0.000000 0.000000 0.000000 0.000000 0.000000 0.000000 98418.000000 2675829.000000 2176.000000 6304.000000 8.000000 10096.000000 0.000000 0.000000 0.000000 0.000000 41185.000000 2444604.000000 17584.000000 0.000000 0.000000 0.000000 0.000000 0.000000 0.000000 0.000000 
71
0.000000 1109768.000000 1402924.000000 6432.000000 12144.000000 0.000000 0.000000 0.000000 0.000000 0.000000 0.000000 2126689.000000 376202.000000 30207.000000 0.000000 0.000000 0.000000 0.000000 0.000000 0.000000 0.000000 923557.000000 1575494.000000 2176.000000 31599.000000 0.000000 0.000000 0.000000 0.000000 0.000000 0.000000 1051903.000000 1457836.000000 19700.000000 0.000000 0.000000 0.000000 0.000000 0.000000 0.000000 0.000000 98418.000000 2675829.000000 2176.000000 6304.000000 8.000000 10096.000000 0.000000 0.000000 0.000000 0.000000 41185.000000 2444604.000000 17584.000000 0.000000 0.000000 0.000000 0.000000 0.000000 0.000000 0.000000 
72
0.000000 1109768.000000 1402924.000000 6432.000000 12144.000000 0.000000 0.000000 0.000000 0.000000 0.000000 0.000000 2126689.000000 376202.000000 17936.000000 0.000000 0.000000 0.000000 0.000000 0.000000 0.000000 0.000000 934117.000000 1565126.000000 2176.000000 33039.000000 0.000000 0.000000 0.000000 0.000000 0.000000 0.000000 1063039.000000 1438220.000000 15920.000000 0.000000 0.000000 0.000000 0.000000 0.000000 0.000000 0.000000 55089.000000 2669332.000000 10640.000000 6304.000000 8.000000 12992.000000 0.000000 0.000000 0.000000 0.000000 49137.000000 2442667.000000 12112.000000 12336.000000 0.000000 0.000000 0.000000 0.000000 0.000000 0.000000 
73
0.000000 1109768.000000 1402924.000000 6432.000000 12144.000000 0.000000 0.000000 0.000000 0.000000 0.000000 0.000000 2126689.000000 376202.000000 17936.000000 0.000000 0.000000 0.000000 0.000000 0.000000 0.000000 0.000000 934117.000000 1565126.000000 2176.000000 33039.000000 0.000000 0.000000 0.000000 0.000000 0.000000 0.000000 1063039.000000 1438220.000000 15920.000000 0.000000 0.000000 0.000000 0.000000 0.000000 0.000000 0.000000 55089.000000 2669332.000000 10640.000000 6304.000000 8.000000 12992.000000 0.000000 0.000000 0.000000 0.000000 49137.000000 2442667.000000 12112.000000 12336.000000 0.000000 0.000000 0.000000 0.000000 0.000000 0.000000 
74
0.000000 1109768.000000 1402924.000000 6432.000000 12144.000000 0.000000 0.000000 0.000000 0.000000 0.000000 0.000000 2126689.000000 376202.000000 17936.000000 0.000000 0.000000 0.000000 0.000000 0.000000 0.000000 0.000000 934117.000000 1565126.000000 2176.000000 33039.000000 0.000000 0.000000 0.000000 0.000000 0.000000 0.000000 1063039.000000 1438220.000000 15920.000000 0.000000 0.000000 0.000000 0.000000 0.000000 0.000000 0.000000 55089.000000 2669332.000000 10640.000000 6304.000000 8.000000 12992.000000 0.000000 0.000000 0.000000 0.000000 49137.000000 2442667.000000 12112.000000 12336.000000 0.000000 0.000000 0.000000 0.000000 0.000000 0.000000 
75
0.000000 1109768.000000 1402924.000000 6432.000000 12144.000000 0.000000 0.000000 0.000000 0.000000 0.000000 0.000000 2126689.000000 376202.000000 17936.000000 0.000000 0.000000 0.000000 0.000000 0.000000 0.000000 0.000000 934117.000000 1565126.000000 2176.000000 33039.000000 0.000000 0.000000 0.000000 0.000000 0.000000 0.000000 1063039.000000 1438220.000000 15920.000000 0.000000 0.000000 0.000000 0.000000 0.000000 0.000000 0.000000 55089.000000 2669332.000000 10640.000000 6304.000000 8.000000 12992.000000 0.000000 0.000000 0.000000 0.000000 49137.000000 2442667.000000 12112.000000 12336.000000 0.000000 0.000000 0.000000 0.000000 0.000000 0.000000 
76
0.000000 1109768.000000 1402924.000000 6432.000000 12144.000000 0.000000 0.000000 0.000000 0.000000 0.000000 0.000000 2126809.000000 376202.000000 17936.000000 0.000000 0.000000 0.000000 0.000000 0.000000 0.000000 0.000000 934117.000000 1565126.000000 2176.000000 33039.000000 0.000000 0.000000 0.000000 0.000000 0.000000 0.000000 1059583.000000 1441676.000000 15920.000000 0.000000 0.000000 0.000000 0.000000 0.000000 0.000000 0.000000 56249.000000 2669332.000000 8976.000000 6304.000000 8.000000 18768.000000 0.000000 0.000000 0.000000 0.000000 49137.000000 2444219.000000 12112.000000 12336.000000 0.000000 0.000000 0.000000 0.000000 0.000000 0.000000 
77
0.000000 1109768.000000 1402924.000000 6432.000000 12144.000000 0.000000 0.000000 0.000000 0.000000 0.000000 0.000000 2126809.000000 376202.000000 17936.000000 0.000000 0.000000 0.000000 0.000000 0.000000 0.000000 0.000000 934117.000000 1565126.000000 2176.000000 33039.000000 0.000000 0.000000 0.000000 0.000000 0.000000 0.000000 1059583.000000 1441676.000000 15920.000000 0.000000 0.000000 0.000000 0.000000 0.000000 0.000000 0.000000 56249.000000 2669332.000000 8976.000000 6304.000000 8.000000 18768.000000 0.000000 0.000000 0.000000 0.000000 49137.000000 2444219.000000 12112.000000 12336.000000 0.000000 0.000000 0.000000 0.000000 0.000000 0.000000 
78
0.000000 1109768.000000 1402924.000000 6432.000000 12144.000000 0.000000 0.000000 0.000000 0.000000 0.000000 0.000000 2126809.000000 376202.000000 17936.000000 0.000000 0.000000 0.000000 0.000000 0.000000 0.000000 0.000000 934117.000000 1565126.000000 2176.000000 33039.000000 0.000000 0.000000 0.000000 0.000000 0.000000 0.000000 1059583.000000 1441676.000000 15920.000000 0.000000 0.000000 0.000000 0.000000 0.000000 0.000000 0.000000 56249.000000 2669332.000000 8976.000000 6304.000000 8.000000 18768.000000 0.000000 0.000000 0.000000 0.000000 49137.000000 2444219.000000 12112.000000 12336.000000 0.000000 0.000000 0.000000 0.000000 0.000000 0.000000 
79
0.000000 1109768.000000 1402924.000000 6432.000000 12144.000000 0.000000 0.000000 0.000000 0.000000 0.000000 0.000000 2126809.000000 376202.000000 17936.000000 0.000000 0.000000 0.000000 0.000000 0.000000 0.000000 0.000000 934117.000000 1565126.000000 2176.000000 33039.000000 0.000000 0.000000 0.000000 0.000000 0.000000 0.000000 1059583.000000 1441676.000000 15920.000000 0.000000 0.000000 0.000000 0.000000 0.000000 0.000000 0.000000 56249.000000 2669332.000000 8976.000000 6304.000000 8.000000 18768.000000 0.000000 0.000000 0.000000 0.000000 49137.000000 2444219.000000 12112.000000 12336.000000 0.000000 0.000000 0.000000 0.000000 0.000000 0.000000 
