0
0.000000 0.661692 0.448985 0.012415 0.202892 0.668615 0.808800 0.000000 0.000000 0.000000 0.000000 0.756215 0.355415 0.123815 0.737600 0.511354 0.027692 0.000000 0.000000 0.000000 0.000000 0.756215 0.355292 0.204969 0.014800 0.873846 0.435446 0.000000 0.000000 0.000000 0.000000 0.661692 0.448985 0.012415 0.774769 0.164738 0.404708 0.000000 0.000000 0.000000 0.000000 0.661692 0.448985 0.013154 0.739477 0.555200 0.445015 0.980631 0.212692 0.000000 0.000000 
1
0.000000 0.661662 0.441108 0.003138 0.172615 0.634092 0.816246 0.000000 0.000000 0.000000 0.000000 0.756185 0.346769 0.103431 0.643631 0.446846 0.013846 0.000000 0.000000 0.000000 0.000000 0.756185 0.346892 0.169846 0.000000 0.833785 0.430369 0.000000 0.000000 0.000000 0.000000 0.661662 0.441108 0.003138 0.708723 0.100123 0.392769 0.000000 0.000000 0.000000 0.000000 0.661662 0.441108 0.003138 0.614031 0.495077 0.463385 0.965615 0.212692 0.000000 0.000000 
2
0.000000 0.661662 0.441108 0.003138 0.064800 0.616369 0.815292 0.000000 0.000000 0.000000 0.000000 0.756185 0.346600 0.076831 0.597169 0.363246 0.000000 0.000000 0.000000 0.000000 0.000000 0.756185 0.346600 0.069415 0.000000 0.795323 0.431138 0.000000 0.000000 0.000000 0.000000 0.661662 0.441108 0.003138 0.641277 0.085169 0.373538 0.000000 0.000000 0.000000 0.000000 0.661662 0.441108 0.003138 0.540185 0.412308 0.263662 1.001262 0.212692 0.000000 0.000000 
3
0.000000 0.661662 0.429292 0.003138 0.064800 0.581908 0.806831 0.000000 0.000000 0.000000 0.000000 0.756185 0.334785 0.072400 0.596000 0.344462 0.000000 0.000000 0.000000 0.000000 0.000000 0.756185 0.334785 0.067938 0.000000 0.696431 0.432769 0.000000 0.000000 0.000000 0.000000 0.661662 0.429292 0.003138 0.606400 0.107138 0.382923 0.000000 0.000000 0.000000 0.000000 0.661662 0.429292 0.003138 0.528338 0.383077 0.252585 0.884092 0.194615 0.000000 0.000000 
4
0.000000 0.661692 0.455492 0.012415 0.197769 0.858831 0.831231 0.000000 0.000000 0.000000 0.000000 0.756215 0.355308 0.108985 0.754831 0.132246 0.346462 0.000000 0.000000 0.000000 0.000000 0.756215 0.355215 0.206400 0.122569 0.945969 0.450831 0.000000 0.000000 0.000000 0.000000 0.661692 0.454292 0.012415 0.771477 0.154708 0.406908 0.000000 0.000000 0.000000 0.000000 0.661692 0.451862 0.012415 0.719846 0.584415 0.433508 0.973738 0.191031 0.000000 0.000000 
5
0.000000 0.661662 0.441369 0.003138 0.178523 0.851877 0.824554 0.000000 0.000000 0.000000 0.000000 0.756185 0.346785 0.094523 0.660492 0.094538 0.352308 0.000000 0.000000 0.000000 0.000000 0.756185 0.346831 0.179492 0.116615 0.904985 0.479138 0.000000 0.000000 0.000000 0.000000 0.661662 0.441200 0.003138 0.722477 0.085169 0.392769 0.000000 0.000000 0.000000 0.000000 0.661662 0.441154 0.003138 0.612431 0.534154 0.426462 1.000523 0.183923 0.000000 0.000000 
6
0.000000 0.661662 0.433338 0.003138 0.064800 0.646215 0.824862 0.000000 0.000000 0.000000 0.000000 0.756185 0.338831 0.069415 0.617600 0.029538 0.352308 0.000000 0.000000 0.000000 0.000000 0.756185 0.338877 0.067938 0.000000 0.764892 0.509923 0.000000 0.000000 0.000000 0.000000 0.661662 0.433323 0.003138 0.608569 0.108615 0.373538 0.000000 0.000000 0.000000 0.000000 0.661662 0.433354 0.003138 0.539015 0.412308 0.308615 0.940708 0.202000 0.000000 0.000000 
7
0.000000 0.661662 0.429308 0.003138 0.064800 0.527385 0.824862 0.000000 0.000000 0.000000 0.000000 0.756185 0.334785 0.067938 0.607569 0.007385 0.346923 0.000000 0.000000 0.000000 0.000000 0.756185 0.334785 0.067938 0.000000 0.661323 0.452831 0.000000 0.000000 0.000000 0.000000 0.661662 0.429308 0.003138 0.606400 0.105662 0.382923 0.000000 0.000000 0.000000 0.000000 0.661662 0.429308 0.003138 0.524215 0.417538 0.233354 0.864646 0.202000 0.000000 0.000000 
8
0.000000 0.661692 0.448985 0.012415 0.209538 0.508723 0.842277 0.000000 0.000000 0.000000 0.000000 0.756215 0.355523 0.123815 0.738338 0.498938 0.027692 0.000000 0.000000 0.000000 0.000000 0.756215 0.355262 0.206446 0.014046 0.861138 0.440400 0.000000 0.000000 0.000000 0.000000 0.661692 0.453985 0.012415 0.807815 0.343062 0.532415 0.000000 0.000000 0.000000 0.000000 0.661692 0.451877 0.012415 0.747292 0.025154 0.901046 0.973738 0.183923 0.000000 0.000000 
9
0.000000 0.661662 0.441108 0.003831 0.171138 0.468738 0.864462 0.000000 0.000000 0.000000 0.000000 0.756185 0.346662 0.102646 0.642154 0.479923 0.027692 0.000000 0.000000 0.000000 0.000000 0.756185 0.346708 0.169062 0.000000 0.813046 0.446523 0.000000 0.000000 0.000000 0.000000 0.661662 0.441354 0.003831 0.732169 0.325600 0.377108 0.000000 0.000000 0.000000 0.000000 0.661662 0.441215 0.003831 0.618923 0.000000 0.854154 1.000523 0.202000 0.000000 0.000000 
10
0.000000 0.661662 0.433231 0.003138 0.064800 0.468738 0.862092 0.000000 0.000000 0.000000 0.000000 0.756185 0.338738 0.076831 0.598585 0.330200 0.000000 0.000000 0.000000 0.000000 0.000000 0.756185 0.338954 0.069415 0.000000 0.777231 0.448062 0.000000 0.000000 0.000000 0.000000 0.661662 0.433492 0.003138 0.615985 0.360923 0.279723 0.000000 0.000000 0.000000 0.000000 0.661662 0.441108 0.003138 0.549292 0.000000 0.819477 0.940708 0.202000 0.000000 0.000000 
11
0.000000 0.661662 0.429292 0.003138 0.064800 0.489846 0.842615 0.000000 0.000000 0.000000 0.000000 0.756185 0.334785 0.072400 0.595631 0.344462 0.000000 0.000000 0.000000 0.000000 0.000000 0.756185 0.334785 0.067938 0.000000 0.701477 0.427138 0.000000 0.000000 0.000000 0.000000 0.661662 0.429308 0.003138 0.629415 0.315754 0.265877 0.000000 0.000000 0.000000 0.000000 0.661662 0.421477 0.003138 0.534769 0.000000 0.723200 0.864646 0.202000 0.000000 0.000000 
12
0.000000 0.661692 0.455492 0.012415 0.202892 0.597646 0.859415 0.000000 0.000000 0.000000 0.000000 0.756215 0.355508 0.124538 0.738892 0.517431 0.027692 0.000000 0.000000 0.000000 0.000000 0.756215 0.354462 0.206446 0.019200 0.667923 0.472123 0.000000 0.000000 0.000000 0.000000 0.661692 0.448985 0.012415 0.810754 0.343062 0.532415 0.000000 0.000000 0.000000 0.000000 0.661692 0.451877 0.012415 0.749308 0.039877 0.814508 0.985123 0.193800 0.000000 0.000000 
13
0.000000 0.661662 0.441292 0.003831 0.171138 0.585723 0.841754 0.000000 0.000000 0.000000 0.000000 0.756185 0.346677 0.102631 0.641169 0.460692 0.027692 0.000000 0.000000 0.000000 0.000000 0.756185 0.346585 0.172015 0.000000 0.666585 0.471723 0.000000 0.000000 0.000000 0.000000 0.661662 0.441108 0.003831 0.730708 0.325600 0.377108 0.000000 0.000000 0.000000 0.000000 0.661662 0.441231 0.003831 0.624508 0.000000 0.746185 1.025877 0.196569 0.000000 0.000000 
14
0.000000 0.661662 0.433415 0.003138 0.064800 0.528554 0.865538 0.000000 0.000000 0.000000 0.000000 0.756185 0.338738 0.076831 0.597108 0.330938 0.000000 0.000000 0.000000 0.000000 0.000000 0.756185 0.346585 0.069415 0.000000 0.666585 0.466338 0.000000 0.000000 0.000000 0.000000 0.661662 0.433231 0.003138 0.615985 0.394000 0.246646 0.000000 0.000000 0.000000 0.000000 0.661662 0.441108 0.003138 0.546308 0.000000 0.732800 0.994415 0.203846 0.000000 0.000000 
15
0.000000 0.661662 0.429308 0.003138 0.064800 0.499508 0.871631 0.000000 0.000000 0.000000 0.000000 0.756185 0.334785 0.072385 0.596800 0.344462 0.000000 0.000000 0.000000 0.000000 0.000000 0.756185 0.334769 0.067938 0.000000 0.665046 0.459569 0.000000 0.000000 0.000000 0.000000 0.661662 0.429292 0.003138 0.629415 0.348831 0.232800 0.000000 0.000000 0.000000 0.000000 0.661662 0.421462 0.003138 0.535938 0.000000 0.731692 0.886862 0.197385 0.000000 0.000000 
16
0.000000 0.661677 0.448985 0.012415 0.203631 0.644046 0.849508 0.000000 0.000000 0.000000 0.000000 0.756200 0.355215 0.122323 0.736738 0.517431 0.027692 0.000000 0.000000 0.000000 0.000000 0.756200 0.355385 0.204969 0.020677 0.672969 0.451385 0.000000 0.000000 0.000000 0.000000 0.661677 0.454108 0.012415 0.787738 0.152554 0.406169 0.000000 0.000000 0.000000 0.000000 0.661677 0.451831 0.012415 0.748892 0.032523 0.893123 0.982354 0.198308 0.000000 0.000000 
17
0.000000 0.661662 0.441108 0.003831 0.171138 0.611077 0.845508 0.000000 0.000000 0.000000 0.000000 0.756185 0.346815 0.104138 0.642154 0.460692 0.027692 0.000000 0.000000 0.000000 0.000000 0.756185 0.346800 0.172015 0.000000 0.666585 0.457108 0.000000 0.000000 0.000000 0.000000 0.661662 0.441308 0.003831 0.731077 0.075138 0.392769 0.000000 0.000000 0.000000 0.000000 0.661662 0.441292 0.003831 0.623354 0.000000 0.865723 0.940262 0.212692 0.000000 0.000000 
18
0.000000 0.661662 0.433231 0.003138 0.064800 0.568492 0.863015 0.000000 0.000000 0.000000 0.000000 0.756185 0.338892 0.076831 0.598708 0.330200 0.000000 0.000000 0.000000 0.000000 0.000000 0.756185 0.346600 0.067938 0.000000 0.666585 0.448062 0.000000 0.000000 0.000000 0.000000 0.661662 0.433400 0.003138 0.615985 0.110092 0.373538 0.000000 0.000000 0.000000 0.000000 0.661662 0.441123 0.003138 0.550769 0.000000 0.748585 1.025877 0.194615 0.000000 0.000000 
19
0.000000 0.661662 0.429292 0.003138 0.064800 0.549662 0.842708 0.000000 0.000000 0.000000 0.000000 0.756185 0.334785 0.073877 0.596800 0.344462 0.000000 0.000000 0.000000 0.000000 0.000000 0.756185 0.334785 0.067938 0.000000 0.672000 0.450985 0.000000 0.000000 0.000000 0.000000 0.661662 0.429308 0.003138 0.606400 0.107138 0.382923 0.000000 0.000000 0.000000 0.000000 0.661662 0.421431 0.003138 0.535938 0.000000 0.725969 0.859477 0.227077 0.000000 0.000000 
20
0.000000 0.661677 0.448985 0.012415 0.205108 0.644046 0.835662 0.000000 0.000000 0.000000 0.000000 0.756200 0.355323 0.123062 0.762092 0.128554 0.352308 0.000000 0.000000 0.000000 0.000000 0.756200 0.355108 0.206446 0.019938 0.673708 0.457108 0.000000 0.000000 0.000000 0.000000 0.661677 0.448985 0.012415 0.777723 0.274262 0.483077 0.000000 0.000000 0.000000 0.000000 0.661677 0.451892 0.012415 0.749308 0.039138 0.819769 0.957738 0.193800 0.000000 0.000000 
21
0.000000 0.661662 0.441108 0.003831 0.169662 0.611077 0.849508 0.000000 0.000000 0.000000 0.000000 0.756185 0.346831 0.104108 0.659138 0.094538 0.352308 0.000000 0.000000 0.000000 0.000000 0.756185 0.346831 0.170538 0.000000 0.666585 0.451385 0.000000 0.000000 0.000000 0.000000 0.661662 0.441108 0.003831 0.728800 0.210523 0.469231 0.000000 0.000000 0.000000 0.000000 0.661662 0.441215 0.003831 0.615954 0.000000 0.749108 1.000523 0.201077 0.000000 0.000000 
22
0.000000 0.661662 0.433231 0.003138 0.064800 0.568492 0.857015 0.000000 0.000000 0.000000 0.000000 0.756185 0.338769 0.076831 0.610277 0.029538 0.333077 0.000000 0.000000 0.000000 0.000000 0.756185 0.338985 0.067938 0.000000 0.666585 0.448062 0.000000 0.000000 0.000000 0.000000 0.661662 0.441108 0.003138 0.642754 0.219446 0.451846 0.000000 0.000000 0.000000 0.000000 0.661662 0.441123 0.003138 0.544831 0.000000 0.744185 0.975908 0.212692 0.000000 0.000000 
23
0.000000 0.661662 0.429292 0.003138 0.064800 0.549662 0.848862 0.000000 0.000000 0.000000 0.000000 0.756185 0.334785 0.073862 0.612554 0.007385 0.341538 0.000000 0.000000 0.000000 0.000000 0.756185 0.334785 0.067938 0.000000 0.672000 0.450985 0.000000 0.000000 0.000000 0.000000 0.661662 0.421415 0.003138 0.606400 0.241354 0.380308 0.000000 0.000000 0.000000 0.000000 0.661662 0.421446 0.003138 0.535938 0.000000 0.734031 0.870185 0.204769 0.000000 0.000000 
24
0.000000 0.661677 0.448985 0.012415 0.208062 0.508723 0.859538 0.000000 0.000000 0.000000 0.000000 0.756200 0.354462 0.126769 0.792985 0.141431 0.353092 0.000000 0.000000 0.000000 0.000000 0.756200 0.355262 0.203492 0.014031 0.812723 0.454615 0.000000 0.000000 0.000000 0.000000 0.661677 0.448985 0.012415 0.810015 0.340415 0.532415 0.000000 0.000000 0.000000 0.000000 0.661677 0.451692 0.012415 0.749938 0.437769 0.491200 0.957000 0.216385 0.000000 0.000000 
25
0.000000 0.661662 0.441108 0.003831 0.172615 0.468738 0.888092 0.000000 0.000000 0.000000 0.000000 0.756185 0.354462 0.099692 0.654585 0.094538 0.346923 0.000000 0.000000 0.000000 0.000000 0.756185 0.346708 0.173492 0.000000 0.781538 0.465231 0.000000 0.000000 0.000000 0.000000 0.661662 0.441108 0.003831 0.730677 0.325969 0.377108 0.000000 0.000000 0.000000 0.000000 0.661662 0.441323 0.003831 0.615846 0.412308 0.467108 0.934800 0.209277 0.000000 0.000000 
26
0.000000 0.661662 0.433231 0.003138 0.064800 0.468738 0.883354 0.000000 0.000000 0.000000 0.000000 0.756185 0.338708 0.076831 0.614831 0.029538 0.333077 0.000000 0.000000 0.000000 0.000000 0.756185 0.338954 0.067938 0.000000 0.683385 0.509062 0.000000 0.000000 0.000000 0.000000 0.661662 0.433231 0.003138 0.613015 0.395477 0.246646 0.000000 0.000000 0.000000 0.000000 0.661662 0.441108 0.003138 0.546323 0.412308 0.326338 1.000523 0.223662 0.000000 0.000000 
27
0.000000 0.661662 0.429292 0.003138 0.064800 0.489846 0.856462 0.000000 0.000000 0.000000 0.000000 0.756185 0.334769 0.072400 0.614462 0.007385 0.346923 0.000000 0.000000 0.000000 0.000000 0.756185 0.334785 0.067938 0.000000 0.682646 0.476923 0.000000 0.000000 0.000000 0.000000 0.661662 0.429292 0.003138 0.627723 0.348831 0.232800 0.000000 0.000000 0.000000 0.000000 0.661662 0.421554 0.003138 0.533292 0.368615 0.324431 0.869369 0.198308 0.000000 0.000000 
28
0.000000 0.661677 0.401723 0.012415 0.206585 0.507246 0.843969 0.000000 0.000000 0.000000 0.000000 0.756200 0.322954 0.124538 0.741662 0.248431 0.280154 0.000000 0.000000 0.000000 0.000000 0.756200 0.308369 0.207923 0.014046 0.840400 0.444492 0.000000 0.000000 0.000000 0.000000 0.661677 0.401723 0.012415 0.777723 0.490138 0.407215 0.000000 0.000000 0.000000 0.000000 0.661677 0.417477 0.012415 0.745815 0.154631 0.787569 0.949123 0.219969 0.000000 0.000000 
29
0.000000 0.661662 0.401723 0.003831 0.174092 0.505169 0.833538 0.000000 0.000000 0.000000 0.000000 0.756185 0.307200 0.104123 0.641169 0.142462 0.282615 0.000000 0.000000 0.000000 0.000000 0.756185 0.307215 0.167585 0.000000 0.818092 0.435446 0.000000 0.000000 0.000000 0.000000 0.661662 0.401723 0.003831 0.730277 0.444123 0.257292 0.000000 0.000000 0.000000 0.000000 0.661662 0.401723 0.003831 0.617446 0.135385 0.712615 0.935538 0.219969 0.000000 0.000000 
30
0.000000 0.661662 0.437169 0.003138 0.066277 0.505169 0.828000 0.000000 0.000000 0.000000 0.000000 0.756185 0.334769 0.076815 0.598400 0.121046 0.249538 0.000000 0.000000 0.000000 0.000000 0.756185 0.334769 0.069415 0.000000 0.777231 0.446769 0.000000 0.000000 0.000000 0.000000 0.661662 0.437169 0.003138 0.615985 0.427077 0.213569 0.000000 0.000000 0.000000 0.000000 0.661662 0.429292 0.003138 0.549277 0.135385 0.595385 1.000523 0.223662 0.000000 0.000000 
31
0.000000 0.661662 0.425354 0.003138 0.064800 0.474154 0.858000 0.000000 0.000000 0.000000 0.000000 0.756185 0.322954 0.072385 0.598338 0.116615 0.217077 0.000000 0.000000 0.000000 0.000000 0.756185 0.330831 0.067938 0.000000 0.680738 0.424646 0.000000 0.000000 0.000000 0.000000 0.661662 0.425354 0.003138 0.638646 0.372985 0.232800 0.000000 0.000000 0.000000 0.000000 0.661662 0.417477 0.003138 0.533292 0.135385 0.572769 0.859477 0.219969 0.000000 0.000000 
32
0.000000 0.661677 0.409600 0.012415 0.202154 0.647123 0.822800 0.000000 0.000000 0.000000 0.000000 0.756200 0.315077 0.122323 0.738277 0.517431 0.027692 0.000000 0.000000 0.000000 0.000000 0.756200 0.315077 0.206446 0.019938 0.673708 0.457108 0.000000 0.000000 0.000000 0.000000 0.661677 0.409600 0.012415 0.810769 0.239738 0.483077 0.000000 0.000000 0.000000 0.000000 0.661677 0.409600 0.012415 0.750031 0.040615 0.800877 0.951831 0.203846 0.000000 0.000000 
33
0.000000 0.661662 0.401723 0.003831 0.171138 0.613354 0.822215 0.000000 0.000000 0.000000 0.000000 0.756185 0.307200 0.102662 0.642154 0.460692 0.027692 0.000000 0.000000 0.000000 0.000000 0.756185 0.307200 0.170538 0.000000 0.666585 0.456769 0.000000 0.000000 0.000000 0.000000 0.661662 0.401723 0.003831 0.731062 0.209415 0.469231 0.000000 0.000000 0.000000 0.000000 0.661662 0.409600 0.003831 0.623554 0.000000 0.722954 1.006431 0.201077 0.000000 0.000000 
34
0.000000 0.661662 0.429292 0.003138 0.064800 0.581908 0.818338 0.000000 0.000000 0.000000 0.000000 0.756185 0.334769 0.076846 0.597169 0.363277 0.000000 0.000000 0.000000 0.000000 0.000000 0.756185 0.334769 0.067938 0.000000 0.666585 0.448062 0.000000 0.000000 0.000000 0.000000 0.661662 0.429292 0.003138 0.615985 0.243938 0.418769 0.000000 0.000000 0.000000 0.000000 0.661662 0.429292 0.003138 0.553385 0.000000 0.720000 0.975908 0.215462 0.000000 0.000000 
35
0.000000 0.661662 0.425354 0.003138 0.064800 0.563446 0.806831 0.000000 0.000000 0.000000 0.000000 0.756185 0.330831 0.075338 0.596800 0.311385 0.000000 0.000000 0.000000 0.000000 0.000000 0.756185 0.330831 0.067938 0.000000 0.651262 0.466338 0.000000 0.000000 0.000000 0.000000 0.661662 0.425354 0.003138 0.606400 0.240985 0.413385 0.000000 0.000000 0.000000 0.000000 0.661662 0.417477 0.003138 0.543015 0.000000 0.717231 0.870185 0.213077 0.000000 0.000000 
36
0.000000 0.661677 0.409600 0.012415 0.200677 0.634815 0.837354 0.000000 0.000000 0.000000 0.000000 0.756200 0.315077 0.121554 0.739015 0.518169 0.027692 0.000000 0.000000 0.000000 0.000000 0.756200 0.315077 0.204969 0.014031 0.833831 0.440985 0.000000 0.000000 0.000000 0.000000 0.661677 0.401723 0.012415 0.786262 0.154031 0.406169 0.000000 0.000000 0.000000 0.000000 0.661677 0.409600 0.012415 0.749631 0.481462 0.457415 0.973738 0.198308 0.000000 0.000000 
37
0.000000 0.661662 0.401723 0.003831 0.172615 0.614092 0.829846 0.000000 0.000000 0.000000 0.000000 0.756185 0.307200 0.104092 0.642154 0.460692 0.027692 0.000000 0.000000 0.000000 0.000000 0.756185 0.307200 0.172015 0.000000 0.783569 0.436369 0.000000 0.000000 0.000000 0.000000 0.661662 0.401723 0.003831 0.721046 0.085169 0.392769 0.000000 0.000000 0.000000 0.000000 0.661662 0.409600 0.003831 0.615846 0.451385 0.439569 0.935538 0.223662 0.000000 0.000000 
38
0.000000 0.661662 0.429292 0.003138 0.064800 0.568492 0.853077 0.000000 0.000000 0.000000 0.000000 0.756185 0.334769 0.075323 0.597169 0.330938 0.000000 0.000000 0.000000 0.000000 0.000000 0.756185 0.334769 0.067938 0.000000 0.756246 0.441754 0.000000 0.000000 0.000000 0.000000 0.661662 0.437169 0.003138 0.615985 0.110092 0.373538 0.000000 0.000000 0.000000 0.000000 0.661662 0.429292 0.003138 0.546631 0.412308 0.316431 1.006431 0.219969 0.000000 0.000000 
39
0.000000 0.661662 0.425354 0.003138 0.064800 0.549662 0.831662 0.000000 0.000000 0.000000 0.000000 0.756185 0.330831 0.069246 0.595631 0.344462 0.000000 0.000000 0.000000 0.000000 0.000000 0.756185 0.330831 0.067938 0.000000 0.696431 0.427323 0.000000 0.000000 0.000000 0.000000 0.661662 0.425354 0.003138 0.606400 0.107138 0.382923 0.000000 0.000000 0.000000 0.000000 0.661662 0.417477 0.003138 0.533292 0.368615 0.312892 0.858738 0.223662 0.000000 0.000000 
40
0.000000 0.661677 0.409600 0.012415 0.205846 0.509462 0.818492 0.000000 0.000000 0.000000 0.000000 0.756200 0.315077 0.125292 0.739754 0.518169 0.027692 0.000000 0.000000 0.000000 0.000000 0.756200 0.307200 0.207923 0.014046 0.840400 0.451815 0.000000 0.000000 0.000000 0.000000 0.661677 0.401723 0.012415 0.787754 0.154031 0.406169 0.000000 0.000000 0.000000 0.000000 0.661677 0.409600 0.012415 0.745200 0.479985 0.480831 0.965615 0.217831 0.000000 0.000000 
41
0.000000 0.661662 0.401723 0.003831 0.174092 0.468738 0.856585 0.000000 0.000000 0.000000 0.000000 0.756185 0.307200 0.101169 0.640677 0.479923 0.027692 0.000000 0.000000 0.000000 0.000000 0.756185 0.307200 0.167585 0.000000 0.813046 0.439538 0.000000 0.000000 0.000000 0.000000 0.661662 0.401723 0.003831 0.719554 0.085169 0.392769 0.000000 0.000000 0.000000 0.000000 0.661662 0.409600 0.003831 0.618800 0.456000 0.446400 0.960446 0.201738 0.000000 0.000000 
42
0.000000 0.661662 0.429292 0.003138 0.064800 0.468738 0.853815 0.000000 0.000000 0.000000 0.000000 0.756185 0.334769 0.076831 0.597169 0.330938 0.013846 0.000000 0.000000 0.000000 0.000000 0.756185 0.342646 0.069415 0.000000 0.777231 0.451108 0.000000 0.000000 0.000000 0.000000 0.661662 0.437169 0.003138 0.615985 0.110092 0.373538 0.000000 0.000000 0.000000 0.000000 0.661662 0.429292 0.003138 0.548108 0.412308 0.309077 1.022185 0.201723 0.000000 0.000000 
43
0.000000 0.661662 0.425354 0.003138 0.064800 0.476062 0.841354 0.000000 0.000000 0.000000 0.000000 0.756185 0.330831 0.072400 0.596800 0.311385 0.000000 0.000000 0.000000 0.000000 0.000000 0.756185 0.330831 0.067938 0.000000 0.675692 0.439538 0.000000 0.000000 0.000000 0.000000 0.661662 0.425354 0.003138 0.606400 0.107138 0.382923 0.000000 0.000000 0.000000 0.000000 0.661662 0.417477 0.003138 0.534769 0.407692 0.258123 0.859477 0.213123 0.000000 0.000000 
44
0.000000 0.661677 0.409600 0.012415 0.211015 0.473738 0.872308 0.000000 0.000000 0.000000 0.000000 0.756200 0.308354 0.121554 0.737477 0.517431 0.027692 0.000000 0.000000 0.000000 0.000000 0.756200 0.307200 0.204969 0.022154 0.674446 0.457108 0.000000 0.000000 0.000000 0.000000 0.661677 0.409600 0.012415 0.807800 0.449277 0.421062 0.000000 0.000000 0.000000 0.000000 0.661677 0.409600 0.012415 0.749508 0.155369 0.784800 0.965615 0.217769 0.000000 0.000000 
45
0.000000 0.661662 0.401723 0.003831 0.169662 0.454985 0.881631 0.000000 0.000000 0.000000 0.000000 0.756185 0.299354 0.102600 0.642154 0.460692 0.027692 0.000000 0.000000 0.000000 0.000000 0.756185 0.307200 0.172015 0.000000 0.666585 0.451385 0.000000 0.000000 0.000000 0.000000 0.661662 0.401723 0.003831 0.733662 0.440677 0.257292 0.000000 0.000000 0.000000 0.000000 0.661662 0.409600 0.003831 0.615969 0.135385 0.735385 0.935092 0.213154 0.000000 0.000000 
46
0.000000 0.661662 0.429292 0.003138 0.064800 0.484431 0.851385 0.000000 0.000000 0.000000 0.000000 0.756185 0.342646 0.073846 0.598708 0.330200 0.000000 0.000000 0.000000 0.000000 0.000000 0.756185 0.342646 0.067938 0.000000 0.650892 0.471723 0.000000 0.000000 0.000000 0.000000 0.661662 0.429292 0.003138 0.650508 0.423723 0.210369 0.000000 0.000000 0.000000 0.000000 0.661662 0.429292 0.003138 0.547800 0.135385 0.615969 1.000523 0.223400 0.000000 0.000000 
47
0.000000 0.661662 0.425354 0.003138 0.063108 0.453415 0.876123 0.000000 0.000000 0.000000 0.000000 0.756185 0.330831 0.070723 0.595323 0.344462 0.000000 0.000000 0.000000 0.000000 0.000000 0.756185 0.330831 0.066246 0.000000 0.666954 0.448062 0.000000 0.000000 0.000000 0.000000 0.661662 0.425354 0.003138 0.629415 0.397662 0.199723 0.000000 0.000000 0.000000 0.000000 0.661662 0.417477 0.003138 0.533292 0.000000 0.702892 0.859477 0.227092 0.000000 0.000000 
48
0.000000 0.661662 0.409600 0.012415 0.203631 0.588723 0.834738 0.000000 0.000000 0.000000 0.000000 0.756185 0.315077 0.125292 0.794462 0.140692 0.353815 0.000000 0.000000 0.000000 0.000000 0.756185 0.315077 0.207923 0.022154 0.674446 0.457108 0.000000 0.000000 0.000000 0.000000 0.661662 0.409600 0.012415 0.808538 0.340415 0.532415 0.000000 0.000000 0.000000 0.000000 0.661662 0.412646 0.012415 0.750369 0.438508 0.479262 0.949123 0.205585 0.000000 0.000000 
49
0.000000 0.661662 0.401723 0.003831 0.171138 0.564985 0.830431 0.000000 0.000000 0.000000 0.000000 0.756185 0.315077 0.102646 0.653108 0.094538 0.346938 0.000000 0.000000 0.000000 0.000000 0.756185 0.307200 0.169062 0.000000 0.666585 0.451385 0.000000 0.000000 0.000000 0.000000 0.661662 0.401723 0.003831 0.732154 0.325969 0.377108 0.000000 0.000000 0.000000 0.000000 0.661662 0.409615 0.003831 0.611185 0.412308 0.467231 0.935538 0.219969 0.000000 0.000000 
50
0.000000 0.661662 0.429292 0.003138 0.064800 0.510215 0.856431 0.000000 0.000000 0.000000 0.000000 0.756185 0.334769 0.075354 0.614831 0.029538 0.333077 0.000000 0.000000 0.000000 0.000000 0.756185 0.334769 0.067938 0.000000 0.650892 0.471723 0.000000 0.000000 0.000000 0.000000 0.661662 0.429292 0.003138 0.614492 0.394000 0.246646 0.000000 0.000000 0.000000 0.000000 0.661662 0.429292 0.003138 0.546631 0.412308 0.326338 1.000523 0.223662 0.000000 0.000000 
51
0.000000 0.661662 0.425354 0.003138 0.063108 0.510585 0.826308 0.000000 0.000000 0.000000 0.000000 0.756185 0.322954 0.072400 0.614462 0.007385 0.346923 0.000000 0.000000 0.000000 0.000000 0.756185 0.330831 0.066246 0.000000 0.666954 0.448062 0.000000 0.000000 0.000000 0.000000 0.661662 0.425354 0.003138 0.627723 0.350308 0.232800 0.000000 0.000000 0.000000 0.000000 0.661662 0.417477 0.003138 0.533292 0.368615 0.324431 0.864646 0.212692 0.000000 0.000000 
52
0.000000 0.661662 0.401723 0.012369 0.194077 0.854585 0.878615 0.000000 0.000000 0.000000 0.000000 0.756185 0.315077 0.121492 0.759200 0.229662 0.280154 0.000000 0.000000 0.000000 0.000000 0.756185 0.308369 0.200492 0.007431 0.964800 0.473292 0.000000 0.000000 0.000000 0.000000 0.661662 0.401723 0.012369 0.774000 0.277646 0.505154 0.000000 0.000000 0.000000 0.000000 0.661662 0.409600 0.012369 0.740600 0.519062 0.454800 0.957738 0.212692 0.000000 0.000000 
53
0.000000 0.661662 0.401723 0.003138 0.171138 0.849600 0.864831 0.000000 0.000000 0.000000 0.000000 0.756185 0.307200 0.101908 0.664615 0.211154 0.229692 0.000000 0.000000 0.000000 0.000000 0.756185 0.307215 0.172800 0.000000 0.945077 0.451138 0.000000 0.000000 0.000000 0.000000 0.661662 0.401723 0.003138 0.707231 0.232492 0.432615 0.000000 0.000000 0.000000 0.000000 0.661662 0.409600 0.003138 0.622431 0.451385 0.470523 0.935538 0.212692 0.000000 0.000000 
54
0.000000 0.661662 0.437169 0.003138 0.064585 0.646215 0.865138 0.000000 0.000000 0.000000 0.000000 0.756185 0.334769 0.073677 0.610277 0.144677 0.217077 0.000000 0.000000 0.000000 0.000000 0.756185 0.334769 0.067723 0.000000 0.898492 0.458338 0.000000 0.000000 0.000000 0.000000 0.661662 0.437169 0.003138 0.636615 0.084062 0.534923 0.000000 0.000000 0.000000 0.000000 0.661662 0.429292 0.003138 0.543138 0.412308 0.271969 1.001262 0.219969 0.000000 0.000000 
55
0.000000 0.661662 0.425354 0.003138 0.061631 0.527385 0.870523 0.000000 0.000000 0.000000 0.000000 0.756185 0.330831 0.069231 0.610277 0.124000 0.199692 0.000000 0.000000 0.000000 0.000000 0.756185 0.330831 0.064769 0.000000 0.633877 0.508323 0.000000 0.000000 0.000000 0.000000 0.661662 0.425354 0.003138 0.603231 0.104554 0.483077 0.000000 0.000000 0.000000 0.000000 0.661662 0.417477 0.003138 0.528338 0.412308 0.263662 0.858738 0.212692 0.000000 0.000000 
56
0.000000 0.661662 0.455431 0.012369 0.192600 0.907077 0.832646 0.000000 0.000000 0.000000 0.000000 0.756185 0.355246 0.122246 0.734585 0.496769 0.027692 0.000000 0.000000 0.000000 0.000000 0.756185 0.355215 0.206400 0.011846 0.911954 0.426246 0.000000 0.000000 0.000000 0.000000 0.661662 0.453954 0.012369 0.785508 0.144369 0.403954 0.000000 0.000000 0.000000 0.000000 0.661662 0.451800 0.012369 0.739477 0.479246 0.494031 0.980631 0.212692 0.000000 0.000000 
57
0.000000 0.661662 0.441292 0.003138 0.171138 0.851877 0.813600 0.000000 0.000000 0.000000 0.000000 0.756185 0.346738 0.101908 0.639200 0.460692 0.027692 0.000000 0.000000 0.000000 0.000000 0.756185 0.346831 0.169846 0.000000 0.866862 0.440985 0.000000 0.000000 0.000000 0.000000 0.661662 0.441385 0.003138 0.719538 0.085169 0.392769 0.000000 0.000000 0.000000 0.000000 0.661662 0.441200 0.003138 0.615738 0.456000 0.476554 0.965615 0.212692 0.000000 0.000000 
58
0.000000 0.661662 0.433477 0.003138 0.064585 0.657785 0.808431 0.000000 0.000000 0.000000 0.000000 0.756185 0.338923 0.073662 0.594215 0.396308 0.000000 0.000000 0.000000 0.000000 0.000000 0.756185 0.338877 0.069200 0.000000 0.833785 0.435262 0.000000 0.000000 0.000000 0.000000 0.661662 0.433477 0.003138 0.612800 0.108615 0.387385 0.000000 0.000000 0.000000 0.000000 0.661662 0.433369 0.003138 0.541662 0.412308 0.288246 1.001262 0.212692 0.000000 0.000000 
59
0.000000 0.661662 0.425369 0.003138 0.063108 0.529662 0.831446 0.000000 0.000000 0.000000 0.000000 0.756185 0.330846 0.070708 0.592738 0.311385 0.000000 0.000000 0.000000 0.000000 0.000000 0.756185 0.330846 0.066246 0.000000 0.697385 0.427323 0.000000 0.000000 0.000000 0.000000 0.661662 0.425369 0.003138 0.603231 0.105662 0.382923 0.000000 0.000000 0.000000 0.000000 0.661662 0.425369 0.003138 0.528338 0.383077 0.280277 0.884092 0.194615 0.000000 0.000000 
-1
0.000000 0.000000 0.000000 0.000000 0.000000 0.000000 0.150329 0.150277 0.150277 0.150173 0.150173 0.150433 0.010585 0.010585 0.010585 0.010585 0.010585 0.018185 0.000890 0.000890 0.000890 0.000867 0.000890 0.004633 0.066311 0.068430 0.066022 0.066045 0.067243 0.020094 0.329430 0.329676 0.329837 0.325607 0.325607 0.552146 0.206606 0.207350 0.207350 0.207157 0.210548 0.118000 0.000000 0.000000 0.000000 0.000000 0.000000 0.000000 0.000000 0.000000 0.000000 0.000000 0.000000 0.000000 0.000000 0.000000 0.000000 0.000000 0.000000 0.000000 0.000000 0.000000 0.000000 0.000000 0.000000 0.000000 0.150225 0.150225 0.150225 0.150225 0.150329 0.150433 0.010585 0.010622 0.010585 0.010585 0.010585 0.018499 0.019322 0.019323 0.018475 0.018382 0.018429 0.038150 0.656473 0.656671 0.668597 0.666279 0.667322 0.665224 0.054991 0.052002 0.052037 0.052037 0.054658 0.055914 0.001731 0.001454 0.001731 0.001731 0.001731 0.001509 0.000000 0.000000 0.000000 0.000000 0.000000 0.000000 0.000000 0.000000 0.000000 0.000000 0.000000 0.000000 0.000000 0.000000 0.000000 0.000000 0.000000 0.000000 0.000000 0.000000 0.000000 0.000000 0.000000 0.000000 0.150277 0.150277 0.150225 0.150277 0.150173 0.150433 0.010585 0.010585 0.010585 0.010585 0.010585 0.018499 0.066507 0.066414 0.066540 0.066540 0.066494 0.024685 0.001485 0.001577 0.001485 0.001485 0.001485 0.000049 0.596167 0.595893 0.595160 0.593512 0.595743 0.788355 0.000000 0.000000 0.000000 0.000000 0.000000 0.000000 0.000000 0.000000 0.000000 0.000000 0.000000 0.000000 0.000000 0.000000 0.000000 0.000000 0.000000 0.000000 0.000000 0.000000 0.000000 0.000000 0.000000 0.000000 0.000000 0.000000 0.000000 0.000000 0.000000 0.000000 0.150277 0.150225 0.150277 0.150173 0.150277 0.150433 0.010585 0.010585 0.010585 0.010585 0.010585 0.018142 0.000867 0.000890 0.000867 0.000890 0.000867 0.004633 0.600344 0.600074 0.599131 0.598891 0.599435 0.714912 0.054080 0.053964 0.055118 0.054813 0.056157 0.002423 0.027069 0.027069 0.029988 0.029988 0.027034 0.030440 0.000000 0.000000 0.000000 0.000000 0.000000 0.000000 0.000000 0.000000 0.000000 0.000000 0.000000 0.000000 0.000000 0.000000 0.000000 0.000000 0.000000 0.000000 0.000000 0.000000 0.000000 0.000000 0.000000 0.000000 0.150329 0.150277 0.150173 0.150173 0.150277 0.150433 0.010681 0.010585 0.010585 0.010585 0.010585 0.017969 0.000890 0.000890 0.000890 0.000890 0.000867 0.004631 0.669923 0.674388 0.670351 0.670776 0.670660 0.680886 0.086457 0.085041 0.085644 0.075693 0.085942 0.069957 0.023961 0.023222 0.025437 0.022625 0.023729 0.028620 0.273318 0.267844 0.265629 0.267085 0.265921 0.301192 0.007000 0.007000 0.007000 0.007000 0.006923 0.006923 0.000000 0.000000 0.000000 0.000000 0.000000 0.000000 0.000000 0.000000 0.000000 0.000000 0.000000 0.000000 
-1
0.000000 0.000000 0.000000 0.000000 0.000000 0.000000 0.150329 0.150277 0.150277 0.150173 0.150173 0.150433 0.010585 0.010585 0.010585 0.010585 0.010585 0.018185 0.000890 0.000890 0.000890 0.000867 0.000890 0.004633 0.066311 0.068430 0.066022 0.066045 0.067243 0.020094 0.329430 0.329676 0.329837 0.325607 0.325607 0.552146 0.206606 0.207350 0.207350 0.207157 0.210548 0.118000 0.000000 0.000000 0.000000 0.000000 0.000000 0.000000 0.000000 0.000000 0.000000 0.000000 0.000000 0.000000 0.000000 0.000000 0.000000 0.000000 0.000000 0.000000 0.000000 0.000000 0.000000 0.000000 0.000000 0.000000 0.150225 0.150225 0.150225 0.150225 0.150329 0.150433 0.010585 0.010622 0.010585 0.010585 0.010585 0.018499 0.019322 0.019323 0.018475 0.018382 0.018429 0.038150 0.656473 0.656671 0.668597 0.666279 0.667322 0.665224 0.054991 0.052002 0.052037 0.052037 0.054658 0.055914 0.001731 0.001454 0.001731 0.001731 0.001731 0.001509 0.000000 0.000000 0.000000 0.000000 0.000000 0.000000 0.000000 0.000000 0.000000 0.000000 0.000000 0.000000 0.000000 0.000000 0.000000 0.000000 0.000000 0.000000 0.000000 0.000000 0.000000 0.000000 0.000000 0.000000 0.150277 0.150277 0.150225 0.150277 0.150173 0.150433 0.010585 0.010585 0.010585 0.010585 0.010585 0.018499 0.066507 0.066414 0.066540 0.066540 0.066494 0.024685 0.001485 0.001577 0.001485 0.001485 0.001485 0.000049 0.596167 0.595893 0.595160 0.593512 0.595743 0.788355 0.000000 0.000000 0.000000 0.000000 0.000000 0.000000 0.000000 0.000000 0.000000 0.000000 0.000000 0.000000 0.000000 0.000000 0.000000 0.000000 0.000000 0.000000 0.000000 0.000000 0.000000 0.000000 0.000000 0.000000 0.000000 0.000000 0.000000 0.000000 0.000000 0.000000 0.150277 0.150225 0.150277 0.150173 0.150277 0.150433 0.010585 0.010585 0.010585 0.010585 0.010585 0.018142 0.000867 0.000890 0.000867 0.000890 0.000867 0.004633 0.600344 0.600074 0.599131 0.598891 0.599435 0.714912 0.054080 0.053964 0.055118 0.054813 0.056157 0.002423 0.027069 0.027069 0.029988 0.029988 0.027034 0.030440 0.000000 0.000000 0.000000 0.000000 0.000000 0.000000 0.000000 0.000000 0.000000 0.000000 0.000000 0.000000 0.000000 0.000000 0.000000 0.000000 0.000000 0.000000 0.000000 0.000000 0.000000 0.000000 0.000000 0.000000 0.150329 0.150277 0.150173 0.150173 0.150277 0.150433 0.010681 0.010585 0.010585 0.010585 0.010585 0.017969 0.000890 0.000890 0.000890 0.000890 0.000867 0.004631 0.669923 0.674388 0.670351 0.670776 0.670660 0.680886 0.086457 0.085041 0.085644 0.075693 0.085942 0.069957 0.023961 0.023222 0.025437 0.022625 0.023729 0.028620 0.273318 0.267844 0.265629 0.267085 0.265921 0.301192 0.007000 0.007000 0.007000 0.007000 0.006923 0.006923 0.000000 0.000000 0.000000 0.000000 0.000000 0.000000 0.000000 0.000000 0.000000 0.000000 0.000000 0.000000 
-1
0.000000 0.000000 0.000000 0.000000 0.000000 0.000000 0.150329 0.150277 0.150277 0.150173 0.150173 0.150433 0.010585 0.010585 0.010585 0.010585 0.010585 0.018185 0.000890 0.000890 0.000890 0.000867 0.000890 0.004633 0.066311 0.068430 0.066022 0.066045 0.067243 0.020094 0.329430 0.329676 0.329837 0.325607 0.325607 0.552146 0.206606 0.207350 0.207350 0.207157 0.210548 0.118000 0.000000 0.000000 0.000000 0.000000 0.000000 0.000000 0.000000 0.000000 0.000000 0.000000 0.000000 0.000000 0.000000 0.000000 0.000000 0.000000 0.000000 0.000000 0.000000 0.000000 0.000000 0.000000 0.000000 0.000000 0.150225 0.150225 0.150225 0.150225 0.150329 0.150433 0.010585 0.010622 0.010585 0.010585 0.010585 0.018499 0.019322 0.019323 0.018475 0.018382 0.018429 0.038150 0.656473 0.656671 0.668597 0.666279 0.667322 0.665224 0.054991 0.052002 0.052037 0.052037 0.054658 0.055914 0.001731 0.001454 0.001731 0.001731 0.001731 0.001509 0.000000 0.000000 0.000000 0.000000 0.000000 0.000000 0.000000 0.000000 0.000000 0.000000 0.000000 0.000000 0.000000 0.000000 0.000000 0.000000 0.000000 0.000000 0.000000 0.000000 0.000000 0.000000 0.000000 0.000000 0.150277 0.150277 0.150225 0.150277 0.150173 0.150433 0.010585 0.010585 0.010585 0.010585 0.010585 0.018499 0.066507 0.066414 0.066540 0.066540 0.066494 0.024685 0.001485 0.001577 0.001485 0.001485 0.001485 0.000049 0.596167 0.595893 0.595160 0.593512 0.595743 0.788355 0.000000 0.000000 0.000000 0.000000 0.000000 0.000000 0.000000 0.000000 0.000000 0.000000 0.000000 0.000000 0.000000 0.000000 0.000000 0.000000 0.000000 0.000000 0.000000 0.000000 0.000000 0.000000 0.000000 0.000000 0.000000 0.000000 0.000000 0.000000 0.000000 0.000000 0.150277 0.150225 0.150277 0.150173 0.150277 0.150433 0.010585 0.010585 0.010585 0.010585 0.010585 0.018142 0.000867 0.000890 0.000867 0.000890 0.000867 0.004633 0.600344 0.600074 0.599131 0.598891 0.599435 0.714912 0.054080 0.053964 0.055118 0.054813 0.056157 0.002423 0.027069 0.027069 0.029988 0.029988 0.027034 0.030440 0.000000 0.000000 0.000000 0.000000 0.000000 0.000000 0.000000 0.000000 0.000000 0.000000 0.000000 0.000000 0.000000 0.000000 0.000000 0.000000 0.000000 0.000000 0.000000 0.000000 0.000000 0.000000 0.000000 0.000000 0.150329 0.150277 0.150173 0.150173 0.150277 0.150433 0.010681 0.010585 0.010585 0.010585 0.010585 0.017969 0.000890 0.000890 0.000890 0.000890 0.000867 0.004631 0.669923 0.674388 0.670351 0.670776 0.670660 0.680886 0.086457 0.085041 0.085644 0.075693 0.085942 0.069957 0.023961 0.023222 0.025437 0.022625 0.023729 0.028620 0.273318 0.267844 0.265629 0.267085 0.265921 0.301192 0.007000 0.007000 0.007000 0.007000 0.006923 0.006923 0.000000 0.000000 0.000000 0.000000 0.000000 0.000000 0.000000 0.000000 0.000000 0.000000 0.000000 0.000000 
-1
0.000000 0.000000 0.000000 0.000000 0.000000 0.000000 0.150329 0.150277 0.150277 0.150173 0.150173 0.150433 0.010585 0.010585 0.010585 0.010585 0.010585 0.018185 0.000890 0.000890 0.000890 0.000867 0.000890 0.004633 0.066311 0.068430 0.066022 0.066045 0.067243 0.020094 0.329430 0.329676 0.329837 0.325607 0.325607 0.552146 0.206606 0.207350 0.207350 0.207157 0.210548 0.118000 0.000000 0.000000 0.000000 0.000000 0.000000 0.000000 0.000000 0.000000 0.000000 0.000000 0.000000 0.000000 0.000000 0.000000 0.000000 0.000000 0.000000 0.000000 0.000000 0.000000 0.000000 0.000000 0.000000 0.000000 0.150225 0.150225 0.150225 0.150225 0.150329 0.150433 0.010585 0.010622 0.010585 0.010585 0.010585 0.018499 0.019322 0.019323 0.018475 0.018382 0.018429 0.038150 0.656473 0.656671 0.668597 0.666279 0.667322 0.665224 0.054991 0.052002 0.052037 0.052037 0.054658 0.055914 0.001731 0.001454 0.001731 0.001731 0.001731 0.001509 0.000000 0.000000 0.000000 0.000000 0.000000 0.000000 0.000000 0.000000 0.000000 0.000000 0.000000 0.000000 0.000000 0.000000 0.000000 0.000000 0.000000 0.000000 0.000000 0.000000 0.000000 0.000000 0.000000 0.000000 0.150277 0.150277 0.150225 0.150277 0.150173 0.150433 0.010585 0.010585 0.010585 0.010585 0.010585 0.018499 0.066507 0.066414 0.066540 0.066540 0.066494 0.024685 0.001485 0.001577 0.001485 0.001485 0.001485 0.000049 0.596167 0.595893 0.595160 0.593512 0.595743 0.788355 0.000000 0.000000 0.000000 0.000000 0.000000 0.000000 0.000000 0.000000 0.000000 0.000000 0.000000 0.000000 0.000000 0.000000 0.000000 0.000000 0.000000 0.000000 0.000000 0.000000 0.000000 0.000000 0.000000 0.000000 0.000000 0.000000 0.000000 0.000000 0.000000 0.000000 0.150277 0.150225 0.150277 0.150173 0.150277 0.150433 0.010585 0.010585 0.010585 0.010585 0.010585 0.018142 0.000867 0.000890 0.000867 0.000890 0.000867 0.004633 0.600344 0.600074 0.599131 0.598891 0.599435 0.714912 0.054080 0.053964 0.055118 0.054813 0.056157 0.002423 0.027069 0.027069 0.029988 0.029988 0.027034 0.030440 0.000000 0.000000 0.000000 0.000000 0.000000 0.000000 0.000000 0.000000 0.000000 0.000000 0.000000 0.000000 0.000000 0.000000 0.000000 0.000000 0.000000 0.000000 0.000000 0.000000 0.000000 0.000000 0.000000 0.000000 0.150329 0.150277 0.150173 0.150173 0.150277 0.150433 0.010681 0.010585 0.010585 0.010585 0.010585 0.017969 0.000890 0.000890 0.000890 0.000890 0.000867 0.004631 0.669923 0.674388 0.670351 0.670776 0.670660 0.680886 0.086457 0.085041 0.085644 0.075693 0.085942 0.069957 0.023961 0.023222 0.025437 0.022625 0.023729 0.028620 0.273318 0.267844 0.265629 0.267085 0.265921 0.301192 0.007000 0.007000 0.007000 0.007000 0.006923 0.006923 0.000000 0.000000 0.000000 0.000000 0.000000 0.000000 0.000000 0.000000 0.000000 0.000000 0.000000 0.000000 
-1
0.000000 0.000000 0.000000 0.000000 0.000000 0.000000 0.150329 0.150277 0.150277 0.150173 0.150173 0.150433 0.010585 0.010585 0.010585 0.010585 0.010585 0.018185 0.000890 0.000890 0.000890 0.000867 0.000890 0.004633 0.066311 0.068430 0.066022 0.066045 0.067243 0.020094 0.329430 0.329676 0.329837 0.325607 0.325607 0.552146 0.206606 0.207350 0.207350 0.207157 0.210548 0.118000 0.000000 0.000000 0.000000 0.000000 0.000000 0.000000 0.000000 0.000000 0.000000 0.000000 0.000000 0.000000 0.000000 0.000000 0.000000 0.000000 0.000000 0.000000 0.000000 0.000000 0.000000 0.000000 0.000000 0.000000 0.150225 0.150225 0.150225 0.150225 0.150329 0.150433 0.010585 0.010622 0.010585 0.010585 0.010585 0.018499 0.019322 0.019323 0.018475 0.018382 0.018429 0.038150 0.656473 0.656671 0.668597 0.666279 0.667322 0.665224 0.054991 0.052002 0.052037 0.052037 0.054658 0.055914 0.001731 0.001454 0.001731 0.001731 0.001731 0.001509 0.000000 0.000000 0.000000 0.000000 0.000000 0.000000 0.000000 0.000000 0.000000 0.000000 0.000000 0.000000 0.000000 0.000000 0.000000 0.000000 0.000000 0.000000 0.000000 0.000000 0.000000 0.000000 0.000000 0.000000 0.150277 0.150277 0.150225 0.150277 0.150173 0.150433 0.010585 0.010585 0.010585 0.010585 0.010585 0.018499 0.066507 0.066414 0.066540 0.066540 0.066494 0.024685 0.001485 0.001577 0.001485 0.001485 0.001485 0.000049 0.596167 0.595893 0.595160 0.593512 0.595743 0.788355 0.000000 0.000000 0.000000 0.000000 0.000000 0.000000 0.000000 0.000000 0.000000 0.000000 0.000000 0.000000 0.000000 0.000000 0.000000 0.000000 0.000000 0.000000 0.000000 0.000000 0.000000 0.000000 0.000000 0.000000 0.000000 0.000000 0.000000 0.000000 0.000000 0.000000 0.150277 0.150225 0.150277 0.150173 0.150277 0.150433 0.010585 0.010585 0.010585 0.010585 0.010585 0.018142 0.000867 0.000890 0.000867 0.000890 0.000867 0.004633 0.600344 0.600074 0.599131 0.598891 0.599435 0.714912 0.054080 0.053964 0.055118 0.054813 0.056157 0.002423 0.027069 0.027069 0.029988 0.029988 0.027034 0.030440 0.000000 0.000000 0.000000 0.000000 0.000000 0.000000 0.000000 0.000000 0.000000 0.000000 0.000000 0.000000 0.000000 0.000000 0.000000 0.000000 0.000000 0.000000 0.000000 0.000000 0.000000 0.000000 0.000000 0.000000 0.150329 0.150277 0.150173 0.150173 0.150277 0.150433 0.010681 0.010585 0.010585 0.010585 0.010585 0.017969 0.000890 0.000890 0.000890 0.000890 0.000867 0.004631 0.669923 0.674388 0.670351 0.670776 0.670660 0.680886 0.086457 0.085041 0.085644 0.075693 0.085942 0.069957 0.023961 0.023222 0.025437 0.022625 0.023729 0.028620 0.273318 0.267844 0.265629 0.267085 0.265921 0.301192 0.007000 0.007000 0.007000 0.007000 0.006923 0.006923 0.000000 0.000000 0.000000 0.000000 0.000000 0.000000 0.000000 0.000000 0.000000 0.000000 0.000000 0.000000 
-1
0.000000 0.000000 0.000000 0.000000 0.000000 0.000000 0.150329 0.150277 0.150277 0.150173 0.150173 0.150433 0.010585 0.010585 0.010585 0.010585 0.010585 0.018185 0.000890 0.000890 0.000890 0.000867 0.000890 0.004633 0.066311 0.068430 0.066022 0.066045 0.067243 0.020094 0.329430 0.329676 0.329837 0.325607 0.325607 0.552146 0.206606 0.207350 0.207350 0.207157 0.210548 0.118000 0.000000 0.000000 0.000000 0.000000 0.000000 0.000000 0.000000 0.000000 0.000000 0.000000 0.000000 0.000000 0.000000 0.000000 0.000000 0.000000 0.000000 0.000000 0.000000 0.000000 0.000000 0.000000 0.000000 0.000000 0.150225 0.150225 0.150225 0.150225 0.150329 0.150433 0.010585 0.010622 0.010585 0.010585 0.010585 0.018499 0.019322 0.019323 0.018475 0.018382 0.018429 0.038150 0.656473 0.656671 0.668597 0.666279 0.667322 0.665224 0.054991 0.052002 0.052037 0.052037 0.054658 0.055914 0.001731 0.001454 0.001731 0.001731 0.001731 0.001509 0.000000 0.000000 0.000000 0.000000 0.000000 0.000000 0.000000 0.000000 0.000000 0.000000 0.000000 0.000000 0.000000 0.000000 0.000000 0.000000 0.000000 0.000000 0.000000 0.000000 0.000000 0.000000 0.000000 0.000000 0.150277 0.150277 0.150225 0.150277 0.150173 0.150433 0.010585 0.010585 0.010585 0.010585 0.010585 0.018499 0.066507 0.066414 0.066540 0.066540 0.066494 0.024685 0.001485 0.001577 0.001485 0.001485 0.001485 0.000049 0.596167 0.595893 0.595160 0.593512 0.595743 0.788355 0.000000 0.000000 0.000000 0.000000 0.000000 0.000000 0.000000 0.000000 0.000000 0.000000 0.000000 0.000000 0.000000 0.000000 0.000000 0.000000 0.000000 0.000000 0.000000 0.000000 0.000000 0.000000 0.000000 0.000000 0.000000 0.000000 0.000000 0.000000 0.000000 0.000000 0.150277 0.150225 0.150277 0.150173 0.150277 0.150433 0.010585 0.010585 0.010585 0.010585 0.010585 0.018142 0.000867 0.000890 0.000867 0.000890 0.000867 0.004633 0.600344 0.600074 0.599131 0.598891 0.599435 0.714912 0.054080 0.053964 0.055118 0.054813 0.056157 0.002423 0.027069 0.027069 0.029988 0.029988 0.027034 0.030440 0.000000 0.000000 0.000000 0.000000 0.000000 0.000000 0.000000 0.000000 0.000000 0.000000 0.000000 0.000000 0.000000 0.000000 0.000000 0.000000 0.000000 0.000000 0.000000 0.000000 0.000000 0.000000 0.000000 0.000000 0.150329 0.150277 0.150173 0.150173 0.150277 0.150433 0.010681 0.010585 0.010585 0.010585 0.010585 0.017969 0.000890 0.000890 0.000890 0.000890 0.000867 0.004631 0.669923 0.674388 0.670351 0.670776 0.670660 0.680886 0.086457 0.085041 0.085644 0.075693 0.085942 0.069957 0.023961 0.023222 0.025437 0.022625 0.023729 0.028620 0.273318 0.267844 0.265629 0.267085 0.265921 0.301192 0.007000 0.007000 0.007000 0.007000 0.006923 0.006923 0.000000 0.000000 0.000000 0.000000 0.000000 0.000000 0.000000 0.000000 0.000000 0.000000 0.000000 0.000000 
