0
0.000000 0.000000 2170.000000 8800.000000 0.000000 47204.000000 
1
0.000000 0.000000 0.000000 0.000000 0.000000 48936.000000 
2
0.000000 0.000000 0.000000 0.000000 0.000000 48797.000000 
3
0.000000 0.000000 0.000000 0.000000 0.000000 47089.000000 
4
0.000000 0.000000 2170.000000 8800.000000 0.000000 37284.000000 
5
0.000000 0.000000 0.000000 0.000000 0.000000 38046.000000 
6
0.000000 0.000000 0.000000 0.000000 0.000000 37264.000000 
7
0.000000 0.000000 0.000000 0.000000 0.000000 36754.000000 
8
0.000000 0.000000 2170.000000 8800.000000 0.000000 35261.000000 
9
0.000000 0.000000 0.000000 0.000000 0.000000 32933.000000 
10
0.000000 0.000000 0.000000 0.000000 0.000000 35290.000000 
11
0.000000 0.000000 0.000000 0.000000 0.000000 35015.000000 
12
0.000000 0.000000 2170.000000 0.000000 20400.000000 0.000000 
13
0.000000 0.000000 0.000000 8800.000000 18468.000000 0.000000 
14
0.000000 0.000000 0.000000 0.000000 18432.000000 0.000000 
15
0.000000 0.000000 0.000000 0.000000 19152.000000 0.000000 
16
0.000000 0.000000 2170.000000 0.000000 19920.000000 0.000000 
17
0.000000 0.000000 0.000000 8800.000000 18468.000000 0.000000 
18
0.000000 0.000000 0.000000 0.000000 18432.000000 0.000000 
19
0.000000 0.000000 0.000000 0.000000 19632.000000 0.000000 
20
0.000000 0.000000 2170.000000 0.000000 0.000000 0.000000 
21
0.000000 0.000000 0.000000 8800.000000 0.000000 0.000000 
22
0.000000 0.000000 2170.000000 0.000000 0.000000 0.000000 
23
0.000000 0.000000 0.000000 0.000000 0.000000 0.000000 
24
0.000000 0.000000 2170.000000 8800.000000 0.000000 0.000000 
25
0.000000 0.000000 0.000000 0.000000 0.000000 0.000000 
26
0.000000 0.000000 0.000000 0.000000 0.000000 0.000000 
27
0.000000 0.000000 0.000000 0.000000 0.000000 0.000000 
28
0.000000 0.000000 2170.000000 8800.000000 0.000000 77472.000000 
29
0.000000 0.000000 0.000000 0.000000 0.000000 79790.000000 
30
0.000000 0.000000 0.000000 0.000000 0.000000 80179.000000 
31
0.000000 0.000000 0.000000 0.000000 0.000000 81450.000000 
32
0.000000 0.000000 2170.000000 8800.000000 0.000000 38002.000000 
33
0.000000 0.000000 0.000000 0.000000 0.000000 40205.000000 
34
0.000000 0.000000 0.000000 0.000000 0.000000 40511.000000 
35
0.000000 0.000000 0.000000 0.000000 0.000000 38122.000000 
36
0.000000 0.000000 2170.000000 8800.000000 0.000000 10357.000000 
37
0.000000 0.000000 0.000000 0.000000 0.000000 9369.000000 
38
0.000000 0.000000 0.000000 0.000000 0.000000 9750.000000 
39
0.000000 0.000000 0.000000 0.000000 0.000000 10922.000000 
40
0.000000 0.000000 2170.000000 8800.000000 0.000000 37734.000000 
41
0.000000 0.000000 0.000000 0.000000 0.000000 38885.000000 
42
0.000000 0.000000 0.000000 0.000000 0.000000 37498.000000 
43
0.000000 0.000000 0.000000 0.000000 0.000000 38973.000000 
44
0.000000 0.000000 2170.000000 8800.000000 0.000000 33787.000000 
45
0.000000 0.000000 0.000000 0.000000 0.000000 33230.000000 
46
0.000000 0.000000 0.000000 0.000000 0.000000 35069.000000 
47
0.000000 0.000000 0.000000 0.000000 0.000000 34915.000000 
48
0.000000 0.000000 2170.000000 8800.000000 0.000000 0.000000 
49
0.000000 0.000000 0.000000 0.000000 0.000000 0.000000 
50
0.000000 0.000000 0.000000 0.000000 0.000000 0.000000 
51
0.000000 0.000000 0.000000 0.000000 0.000000 0.000000 
52
0.000000 0.000000 2170.000000 8800.000000 0.000000 42564.000000 
53
0.000000 0.000000 0.000000 0.000000 0.000000 44860.000000 
54
0.000000 0.000000 0.000000 0.000000 0.000000 43859.000000 
55
0.000000 0.000000 0.000000 0.000000 0.000000 45017.000000 
56
0.000000 0.000000 2170.000000 8800.000000 0.000000 0.000000 
57
0.000000 0.000000 0.000000 0.000000 0.000000 0.000000 
58
0.000000 0.000000 0.000000 0.000000 0.000000 0.000000 
59
0.000000 0.000000 0.000000 0.000000 0.000000 0.000000 
60
0.000000 0.000000 2170.000000 8800.000000 0.000000 18210.000000 
61
0.000000 0.000000 0.000000 0.000000 0.000000 18062.000000 
62
0.000000 0.000000 0.000000 0.000000 0.000000 18757.000000 
63
0.000000 0.000000 0.000000 0.000000 0.000000 20632.000000 
