0
0.000000 1897953.000000 2368365.000000 2360677.000000 1842830.000000 2040448.000000 
1
0.000000 1897953.000000 2368365.000000 2360677.000000 1842830.000000 2040448.000000 
2
0.000000 1897953.000000 2368365.000000 2360677.000000 1842830.000000 2040448.000000 
3
0.000000 1897953.000000 2368365.000000 2360677.000000 1842830.000000 2040448.000000 
4
0.000000 1897952.000000 2372397.000000 2361827.000000 1829244.000000 2048046.000000 
5
0.000000 1897952.000000 2372397.000000 2361827.000000 1829244.000000 2048046.000000 
6
0.000000 1897952.000000 2372397.000000 2361827.000000 1829244.000000 2048046.000000 
7
0.000000 1897952.000000 2372397.000000 2361827.000000 1829244.000000 2048046.000000 
8
0.000000 1897952.000000 2356781.000000 2359938.000000 2076539.000000 2036698.000000 
9
0.000000 1897952.000000 2356781.000000 2359938.000000 2076539.000000 2036698.000000 
10
0.000000 1897952.000000 2356781.000000 2359938.000000 2076539.000000 2036698.000000 
11
0.000000 1897952.000000 2356781.000000 2359938.000000 2076539.000000 2036698.000000 
12
0.000000 1896929.000000 2287501.000000 2712513.000000 2901319.000000 1873885.000000 
13
0.000000 1896929.000000 2287501.000000 2712513.000000 2901319.000000 1873885.000000 
14
0.000000 1896929.000000 2287501.000000 2712513.000000 2901319.000000 1873885.000000 
15
0.000000 1896929.000000 2287501.000000 2712513.000000 2901319.000000 1873885.000000 
16
0.000000 1896929.000000 2287373.000000 2713440.000000 2900293.000000 1873884.000000 
17
0.000000 1896929.000000 2287373.000000 2713440.000000 2900293.000000 1873884.000000 
18
0.000000 1896929.000000 2287373.000000 2713440.000000 2900293.000000 1873884.000000 
19
0.000000 1896929.000000 2287373.000000 2713440.000000 2900293.000000 1873884.000000 
20
0.000000 1896929.000000 2269453.000000 2745267.000000 2665669.000000 1873884.000000 
21
0.000000 1896929.000000 2269453.000000 2745267.000000 2665669.000000 1873884.000000 
22
0.000000 1896929.000000 2269453.000000 2745267.000000 2665669.000000 1873884.000000 
23
0.000000 1896929.000000 2269453.000000 2745267.000000 2665669.000000 1873884.000000 
24
0.000000 1896929.000000 2285709.000000 2808978.000000 2014333.000000 1780088.000000 
25
0.000000 1896929.000000 2285709.000000 2808978.000000 2014333.000000 1780088.000000 
26
0.000000 1896929.000000 2285709.000000 2808978.000000 2014333.000000 1780088.000000 
27
0.000000 1896929.000000 2285709.000000 2808978.000000 2014333.000000 1780088.000000 
28
0.000000 1897953.000000 2337549.000000 2687973.000000 2653943.000000 2075484.000000 
29
0.000000 1897953.000000 2337549.000000 2687973.000000 2653943.000000 2075484.000000 
30
0.000000 1897953.000000 2337549.000000 2687973.000000 2653943.000000 2075484.000000 
31
0.000000 1897953.000000 2337549.000000 2687973.000000 2653943.000000 2075484.000000 
32
0.000000 1897953.000000 2331789.000000 2069747.000000 1973204.000000 2005192.000000 
33
0.000000 1897953.000000 2331789.000000 2069747.000000 1973204.000000 2005192.000000 
34
0.000000 1897953.000000 2331789.000000 2069747.000000 1973204.000000 2005192.000000 
35
0.000000 1897953.000000 2331789.000000 2069747.000000 1973204.000000 2005192.000000 
36
0.000000 1897953.000000 2337164.000000 2021381.000000 2651837.000000 2034922.000000 
37
0.000000 1897953.000000 2337164.000000 2021381.000000 2651837.000000 2034922.000000 
38
0.000000 1897953.000000 2337164.000000 2021381.000000 2651837.000000 2034922.000000 
39
0.000000 1897953.000000 2337164.000000 2021381.000000 2651837.000000 2034922.000000 
40
0.000000 1897953.000000 2337164.000000 2020485.000000 2651804.000000 2042687.000000 
41
0.000000 1897953.000000 2337164.000000 2020485.000000 2651804.000000 2042687.000000 
42
0.000000 1897953.000000 2337164.000000 2020485.000000 2651804.000000 2042687.000000 
43
0.000000 1897953.000000 2337164.000000 2020485.000000 2651804.000000 2042687.000000 
44
0.000000 1897953.000000 2126349.000000 2029797.000000 2631748.000000 2046551.000000 
45
0.000000 1897953.000000 2126349.000000 2029797.000000 2631748.000000 2046551.000000 
46
0.000000 1897953.000000 2126349.000000 2029797.000000 2631748.000000 2046551.000000 
47
0.000000 1897953.000000 2126349.000000 2029797.000000 2631748.000000 2046551.000000 
48
0.000000 1897953.000000 2126349.000000 2230533.000000 2652048.000000 1875058.000000 
49
0.000000 1897953.000000 2126349.000000 2230533.000000 2652048.000000 1875058.000000 
50
0.000000 1897953.000000 2126349.000000 2230533.000000 2652048.000000 1875058.000000 
51
0.000000 1897953.000000 2126349.000000 2230533.000000 2652048.000000 1875058.000000 
52
0.000000 1897953.000000 2126349.000000 2414085.000000 2690298.000000 2065532.000000 
53
0.000000 1897953.000000 2126349.000000 2414085.000000 2690298.000000 2065532.000000 
54
0.000000 1897953.000000 2126349.000000 2414085.000000 2690298.000000 2065532.000000 
55
0.000000 1897953.000000 2126349.000000 2414085.000000 2690298.000000 2065532.000000 
56
0.000000 1897953.000000 2126349.000000 2381733.000000 1832428.000000 1884264.000000 
57
0.000000 1897953.000000 2126349.000000 2381733.000000 1832428.000000 1884264.000000 
58
0.000000 1897953.000000 2126349.000000 2381733.000000 1832428.000000 1884264.000000 
59
0.000000 1897953.000000 2126349.000000 2381733.000000 1832428.000000 1884264.000000 
60
0.000000 1897953.000000 2368877.000000 2362565.000000 1834621.000000 2093005.000000 
61
0.000000 1897953.000000 2368877.000000 2362565.000000 1834621.000000 2093005.000000 
62
0.000000 1897953.000000 2368877.000000 2362565.000000 1834621.000000 2093005.000000 
63
0.000000 1897953.000000 2368877.000000 2362565.000000 1834621.000000 2093005.000000 
