0
1.000000 0.361400 0.962400 0.922200 0.697800 0.949600 
1
1.000000 0.338000 0.941200 0.908000 0.701400 0.949600 
2
1.000000 0.334800 0.937800 0.912000 0.702400 0.949600 
3
1.000000 0.324400 0.933600 0.908000 0.699400 0.949400 
4
1.000000 0.361000 0.960800 0.923000 0.694600 0.949800 
5
1.000000 0.338000 0.940400 0.910000 0.697400 0.949600 
6
1.000000 0.334800 0.936800 0.912800 0.701200 0.949600 
7
1.000000 0.329000 0.932200 0.908800 0.696000 0.949600 
8
1.000000 0.361000 0.961000 0.923600 0.740000 0.949600 
9
1.000000 0.338000 0.940400 0.909800 0.742400 0.949600 
10
1.000000 0.334800 0.937000 0.913200 0.743600 0.949600 
11
1.000000 0.329000 0.931800 0.908200 0.741000 0.949600 
12
1.000000 0.361600 0.954600 0.881600 0.985400 0.954400 
13
1.000000 0.338200 0.951400 0.881200 0.986200 0.952800 
14
1.000000 0.334800 0.948800 0.875000 0.976000 0.952800 
15
1.000000 0.329200 0.944000 0.871000 0.976200 0.952400 
16
1.000000 0.361600 0.954600 0.880600 0.985600 0.953400 
17
1.000000 0.338200 0.951400 0.881200 0.986200 0.951600 
18
1.000000 0.334800 0.948800 0.876000 0.976200 0.952600 
19
1.000000 0.329200 0.944000 0.870800 0.976200 0.954600 
20
1.000000 0.361600 0.947600 0.872400 0.977000 0.927200 
21
1.000000 0.338200 0.940800 0.873400 0.978000 0.928600 
22
1.000000 0.334800 0.943400 0.869800 0.968000 0.926800 
23
1.000000 0.329200 0.936600 0.863000 0.967600 0.928200 
24
1.000000 0.361600 0.943800 0.888200 0.760800 0.879400 
25
1.000000 0.338200 0.940600 0.873400 0.750800 0.880400 
26
1.000000 0.334800 0.938000 0.876200 0.745400 0.880600 
27
1.000000 0.329200 0.933000 0.871400 0.745400 0.877200 
28
1.000000 0.361400 0.950000 0.989400 0.932600 0.949600 
29
1.000000 0.338000 0.930000 0.978200 0.923600 0.949600 
30
1.000000 0.334800 0.925800 0.968600 0.918600 0.949600 
31
1.000000 0.329000 0.921200 0.978800 0.918000 0.949600 
32
1.000000 0.361400 0.950200 0.931800 0.735800 0.949400 
33
1.000000 0.338000 0.930000 0.916600 0.726400 0.949400 
34
1.000000 0.334800 0.925800 0.918600 0.721600 0.949400 
35
1.000000 0.329000 0.921200 0.914000 0.721000 0.949200 
36
1.000000 0.361400 0.950400 0.871400 0.935000 0.949600 
37
1.000000 0.338000 0.931200 0.861800 0.923600 0.949800 
38
1.000000 0.334800 0.926600 0.851800 0.918400 0.949600 
39
1.000000 0.324400 0.923000 0.859800 0.921400 0.949600 
40
1.000000 0.361400 0.950400 0.869400 0.939600 0.949600 
41
1.000000 0.338000 0.931200 0.856800 0.930400 0.949600 
42
1.000000 0.334800 0.926600 0.847600 0.925400 0.949600 
43
1.000000 0.324400 0.923000 0.855800 0.925400 0.949600 
44
1.000000 0.361400 0.935600 0.933200 0.924400 0.949600 
45
1.000000 0.338000 0.915600 0.920200 0.915200 0.949600 
46
1.000000 0.334800 0.912800 0.921800 0.910200 0.949600 
47
1.000000 0.324400 0.908000 0.917000 0.910000 0.949600 
48
1.000000 0.361400 0.935600 0.931400 0.924600 0.924800 
49
1.000000 0.338000 0.915600 0.920600 0.915600 0.923800 
50
1.000000 0.334800 0.912800 0.910600 0.910600 0.924800 
51
1.000000 0.324400 0.908000 0.920000 0.913600 0.923400 
52
1.000000 0.361400 0.935600 0.923200 0.940600 0.949600 
53
1.000000 0.338000 0.915600 0.908600 0.946600 0.949600 
54
1.000000 0.334800 0.912800 0.911200 0.941200 0.949800 
55
1.000000 0.324400 0.908000 0.907000 0.942400 0.949600 
56
1.000000 0.361400 0.935600 0.923000 0.726000 0.918600 
57
1.000000 0.338000 0.915600 0.908400 0.730200 0.916600 
58
1.000000 0.334800 0.912800 0.911400 0.731400 0.916800 
59
1.000000 0.324400 0.908000 0.907400 0.727600 0.916000 
60
1.000000 0.361400 0.962400 0.922200 0.697400 0.949600 
61
1.000000 0.338000 0.941200 0.908000 0.701000 0.949800 
62
1.000000 0.334800 0.937800 0.912000 0.702800 0.949600 
63
1.000000 0.324400 0.933600 0.908000 0.699400 0.949600 
