task94
0.012000 0.012000 1.002127 1.002275 2.000825 2.000971 3.010282 3.010449 4.018011 4.035906 5.011674 5.126148 
task13
0.022000 0.022202 1.012127 1.012277 2.010825 2.010972 3.020282 3.020451 4.042359 4.112302 5.134613 5.137885 
task10
0.022000 0.022202 1.012127 1.012218 2.010825 2.011017 3.020282 3.020386 4.042359 4.112185 5.134613 5.137874 
task0
0.022000 0.022202 1.012127 1.012255 2.010825 2.010928 3.020282 3.020403 4.042359 4.112303 5.134613 5.137597 
task15
0.022000 0.022202 1.012127 1.012302 2.010825 2.010869 3.020282 3.020420 4.042359 4.112186 5.134613 5.137886 
task19
0.022000 0.026188 1.010258 1.016326 2.010331 2.016114 3.020207 3.026377 4.042359 4.081731 5.134613 5.156918 
task16
0.023626 0.025855 1.013039 1.015248 2.012256 2.014468 3.023474 3.025705 4.050926 4.081326 5.146077 5.154489 
task14
0.023626 0.025857 1.013826 1.016025 2.013208 2.015460 3.022398 3.024468 4.147264 4.315294 5.149204 5.156985 
task12
0.023626 0.025857 1.014147 1.015977 2.013243 2.015354 3.022701 3.024897 4.147264 4.314975 5.147602 5.157054 
task11
0.023626 0.025857 1.013789 1.015875 2.012831 2.014985 3.022265 3.024377 4.147264 4.315995 5.146025 5.151946 
task1
0.023626 0.025857 1.013842 1.015986 2.013447 2.015586 3.023474 3.025706 4.146959 4.315298 5.146077 5.154491 
task2
0.023663 0.025858 1.013799 1.015882 2.012710 2.014946 3.023222 3.025306 4.147264 4.315300 5.145457 5.153406 
task9
0.023663 0.025857 1.014131 1.016055 2.013573 2.015751 3.022662 3.024746 4.147264 4.315295 5.146382 5.154546 
task6
0.023663 0.025857 1.014147 1.016060 2.012799 2.014946 3.022410 3.024594 4.147264 4.314977 5.149508 5.156962 
task3
0.023663 0.025857 1.013704 1.016000 2.013752 2.015451 3.023506 3.025580 4.147264 4.315997 5.147907 5.156989 
task4
0.023663 0.025857 1.014094 1.015912 2.013512 2.015415 3.022974 3.025251 4.147264 4.315302 5.146330 5.151948 
task7
0.023663 0.025857 1.014104 1.015946 2.013548 2.015426 3.023820 3.026025 4.147264 4.315297 5.145762 5.153408 
task5
0.023663 0.025857 1.014131 1.016012 2.013136 2.014969 3.022606 3.024771 4.147264 4.314978 5.146382 5.154492 
task8
0.023663 0.025857 1.014147 1.015988 2.013015 2.014897 3.023637 3.025869 4.147700 4.306968 5.149508 5.157068 
task17
0.027663 0.141877 1.015487 1.168555 2.015015 2.177274 3.026124 3.217483 4.126056 4.515348 5.160075 5.335809 
task20
0.027931 0.028449 1.015921 1.017374 2.015994 2.016726 3.026223 3.028083 4.127446 4.136455 5.160251 5.160777 5.164732 5.166672 
task18
0.030915 0.134226 1.017572 1.122188 2.015826 2.029114 3.024702 3.032402 4.094437 4.135345 5.155920 5.166512 
task21
0.134240 0.147262 1.068297 1.096145 2.030811 2.089009 3.033147 3.109911 4.159115 4.433680 5.168146 5.211891 
task22
0.144508 0.149615 1.097090 1.108074 2.089205 2.099778 3.104549 3.113526 4.424775 4.431934 5.212249 5.220602 
task23
0.149281 0.216798 1.108788 1.244918 2.101587 2.248318 3.115321 3.238903 4.432204 4.552091 5.222405 5.349486 
task24
0.217318 0.217846 0.218430 0.218735 1.185356 1.186354 1.186429 1.186686 1.187464 1.187654 1.187667 1.187877 1.187905 1.188083 1.188157 1.188354 1.188538 1.188886 2.163809 2.164114 2.165917 2.166314 2.168025 2.168314 2.170134 2.170514 2.171814 2.172040 2.172242 2.172514 3.181827 3.182280 3.183935 3.184280 3.186043 3.186480 3.188152 3.188480 3.189809 3.189889 3.190260 3.190311 3.190348 3.190480 4.518250 4.522749 4.524617 4.524874 4.526725 4.526874 4.528833 4.529074 4.530942 4.531074 4.533050 4.533274 4.533396 4.533626 4.533771 4.534358 4.534622 4.534923 4.534928 4.535274 4.535508 4.535626 4.535879 4.536025 4.536062 4.536178 4.536247 4.536358 5.374644 5.374909 5.375731 5.375871 5.375919 5.376188 5.376306 5.376823 
task83
0.220523 0.228471 1.250225 1.258675 2.250284 2.258755 3.240209 3.248851 4.560288 4.572102 5.400021 5.408646 
task84
0.220529 0.236286 1.250231 1.266491 2.250290 2.262663 3.240215 3.256666 4.560296 4.576720 5.400027 5.412554 
task86
0.220585 0.259631 1.250260 1.289872 2.250346 2.285986 3.240270 3.279998 4.560344 4.607748 5.400083 5.435877 
task90
0.221670 0.278972 1.251991 1.313974 2.251931 2.313900 3.241657 3.303497 4.562197 4.628608 5.400831 5.462840 
task25
0.222779 0.248760 1.252202 1.286178 2.252219 2.277689 3.242296 3.274700 4.562280 4.567588 5.401675 5.427968 
task30
0.224257 0.249942 1.252852 1.284422 2.255031 2.282332 3.243964 3.268018 4.564138 4.600197 5.402588 5.428206 
task31
0.224259 0.249568 1.252861 1.278214 2.255040 2.283315 3.243966 3.273668 4.564141 4.576297 5.402589 5.431815 
task33
0.225156 0.249863 1.259248 1.278514 2.258987 2.277754 3.243976 3.274645 4.568377 4.571031 4.572857 4.573814 4.575720 4.576866 4.578450 4.578871 5.402596 5.432005 
task54
0.225489 0.249875 1.260795 1.278554 2.260035 2.278846 3.246180 3.274665 4.578647 4.578832 4.580665 4.580783 5.403339 5.427789 
task28
0.225491 0.267372 1.260797 1.294714 2.260037 2.295037 3.246457 3.285728 4.580666 4.586615 4.586668 4.590603 4.590669 4.594643 4.594669 4.598574 4.598670 4.611974 4.612382 4.613452 5.405357 5.443852 
task27
0.253492 0.266878 1.292415 1.298223 2.292633 2.296694 3.282619 3.286497 4.611362 4.616949 5.439110 5.446777 
task26
0.260273 0.291626 1.295491 1.306317 2.294238 2.319400 3.284045 3.313642 4.613784 4.638514 5.443380 5.456922 
task85
0.266046 0.291600 1.297515 1.308754 2.295748 2.300935 3.286066 3.294795 4.613785 4.620831 5.447110 5.466488 
task34
0.267586 0.272294 1.297523 1.310129 2.298038 2.302505 3.287585 3.296374 4.615363 4.623103 5.447137 5.451882 
task55
0.269493 0.275388 1.303893 1.347360 2.300783 2.310957 3.293328 3.303678 4.615425 4.623660 5.449065 5.455075 
task32
0.269898 0.277931 1.297793 1.305315 2.303145 2.306965 3.289519 3.295460 4.618782 4.625738 5.449963 5.455897 
task87
0.274467 0.327671 1.302420 1.417129 2.303743 2.324323 3.292565 3.367703 4.624065 4.695603 5.452932 5.482355 
task35
0.275243 0.470514 1.311039 1.452785 2.303985 2.485358 3.293664 3.430080 4.625010 4.797998 5.454458 5.554097 
task56
0.277714 0.364740 1.348913 1.388671 2.311322 2.416272 3.297417 3.466312 4.626276 4.721394 5.457468 5.601351 
task45
0.287460 0.296345 1.307918 1.361066 2.319931 2.374115 3.313281 3.357214 4.639787 4.689951 5.458553 5.470509 
task29
0.294048 0.309066 1.311033 1.330328 2.325149 2.367708 3.313293 3.332240 4.640248 4.661738 5.465232 5.477914 
task36
0.310067 0.314769 1.332630 1.350557 2.369073 2.376478 2.377102 2.378208 3.334547 3.345405 4.662061 4.674625 5.479529 5.484049 
task37
0.316326 0.389829 1.349800 1.424805 2.379785 2.445551 3.344568 3.409372 4.674367 4.736615 5.485260 5.560397 
task47
0.320085 0.534409 1.349856 1.577903 2.383701 2.547186 3.348086 3.537505 4.681821 4.898532 5.487322 5.729918 
task39
0.357935 0.499692 1.380278 1.536503 2.415979 2.540706 3.389537 3.529537 4.722456 4.889480 5.529086 5.694642 
task88
0.365891 0.623058 1.340690 1.659262 2.335211 2.638565 3.404852 3.759749 4.644487 4.931323 5.483537 5.795434 
task38
0.368272 0.501375 1.424418 1.537929 2.425370 2.554782 3.398776 3.524251 4.730615 4.886237 5.554645 5.697023 
task57
0.378826 0.496623 1.392030 1.507820 2.432173 2.548477 3.397898 3.518657 4.670256 4.673632 5.601616 5.690468 
task40
0.470391 0.540897 1.537580 1.543812 2.542104 2.588982 3.519298 3.546520 4.886438 4.917528 5.696786 5.738818 
task46
0.505545 0.714158 1.544786 1.763812 2.570919 2.757931 3.545348 3.667832 4.916545 5.111928 5.703120 5.904349 
task43
0.537912 0.761082 1.580034 1.745997 2.591414 2.804623 3.562611 3.774832 4.940812 5.159569 5.732563 5.959746 
task41
0.542602 0.782442 1.584465 1.838691 2.595601 2.824274 3.567243 3.822280 4.945229 5.126514 5.740403 5.962502 
task42
0.549322 0.785252 1.590609 1.845446 2.602086 2.829632 3.570222 3.824920 4.947265 5.139962 5.743446 5.980940 
task48
0.553347 0.722434 1.597370 1.773991 2.548684 2.567883 3.537658 3.553885 4.894912 4.902072 5.749544 5.910800 
task89
0.624645 0.768946 1.541245 1.582582 2.609940 2.878317 3.767955 3.879968 4.882049 4.900582 5.675335 5.801269 
task44
0.705715 0.731812 1.746700 1.780505 2.760327 2.777608 3.757011 3.765712 5.054040 5.133991 5.905274 5.927871 
task49
0.724267 0.761668 1.772383 1.797826 2.554923 2.572852 3.574940 3.778657 4.903068 4.940495 5.912520 5.946995 
task50
0.762617 0.785105 1.798107 1.833354 2.605233 2.785182 3.759852 3.802214 4.953032 5.169400 5.947744 5.987786 
task93
0.769370 0.808017 1.603421 1.800903 2.777185 2.804249 3.817106 3.825109 4.902098 4.907835 5.757388 5.943478 
task91
0.771127 0.889645 1.605976 1.805937 2.777518 2.844372 3.817166 3.843752 4.903004 4.931572 5.758343 5.760286 5.760291 5.760295 5.760300 5.760305 5.760309 5.760314 5.760319 5.760323 5.760328 5.760332 5.760337 5.760342 5.760343 5.760351 5.760356 5.760360 5.760365 5.760369 5.760374 5.760379 5.760383 5.760388 5.760392 5.760397 5.760402 5.760406 5.760411 5.761833 5.915049 5.761838 5.914071 5.761842 5.915794 5.761847 5.915834 5.761852 5.920083 5.761856 5.919105 5.761861 5.920828 5.761866 5.920868 5.761870 5.925117 5.761875 5.924138 5.761879 5.925862 5.761884 5.925902 5.761889 5.930151 5.761893 5.929172 5.761898 5.930895 5.761902 5.930935 5.761907 5.935185 5.761912 5.934206 5.761916 5.935929 5.761921 5.935969 5.761926 5.940218 5.761930 5.939240 5.761935 5.940963 5.761939 5.941003 5.761944 5.945252 5.761949 5.944274 5.761953 5.945997 5.761958 5.946037 5.761962 5.950286 5.761967 5.949308 5.761972 5.951031 5.761976 5.951071 5.761981 5.955320 5.761986 5.954342 5.761990 5.956065 5.761995 5.956105 5.761999 5.960354 5.762004 5.959375 5.762009 5.961098 5.762009 
task51
0.785399 0.789634 1.833582 1.838823 2.785622 2.806060 3.802638 3.809738 5.130007 5.138775 5.987820 5.992014 
task52
0.789449 0.791151 1.837984 1.839212 2.801568 2.803145 2.803984 2.804354 3.809251 3.809938 3.810228 3.810832 5.145762 5.152192 5.992153 5.992823 
task53
0.791670 0.791718 0.791790 0.792006 0.792088 0.792265 0.792417 0.792603 1.839101 1.839202 1.839505 1.839726 1.840296 1.840523 2.804559 2.804608 2.804960 2.805011 2.805049 2.805114 2.805940 2.806135 2.806244 2.806342 2.806563 2.806626 2.806799 2.806906 3.811105 3.811158 3.811875 3.811957 3.812429 3.812466 3.812737 3.812875 3.812987 3.813129 5.152447 5.152631 5.154451 5.154669 5.155918 5.156037 5.156421 5.156574 5.993121 5.993303 5.993434 5.993565 5.993619 5.994072 5.994568 5.994754 5.994779 5.994811 
task92
0.889836 0.898574 1.855508 1.863912 2.890246 2.898922 3.843226 3.857846 4.951127 5.122140 5.961486 5.983377 
task72
4.010259 4.027478 
task73
4.010260 4.028009 
task74
4.010500 4.028309 
task69
4.010500 4.027986 
task62
4.012312 4.081852 
task64
4.014503 4.028592 
task61
4.014596 4.082958 
task59
4.016628 4.031678 
task58
4.017536 4.036277 
task75
4.027201 4.028603 4.029215 4.029355 4.031229 4.031280 4.033243 4.033398 4.034312 4.034606 4.035257 4.035409 
task71
4.034320 4.049385 
task63
4.037556 4.052929 
task65
4.037565 4.074203 
task76
4.037623 4.076800 
task60
4.040533 4.095515 
task77
4.065290 4.160848 
task80
4.069986 4.110395 
task66
4.078226 4.437758 
task81
4.141689 4.311563 
task78
4.148005 4.532411 
task67
4.156249 4.486872 
task79
4.454860 4.474429 
task70
4.487359 4.532926 
task68
4.487396 4.490692 4.490991 4.492763 4.494761 4.494977 4.496847 4.496957 4.498934 4.499263 4.501087 4.501298 4.503174 4.503337 4.505261 4.505378 4.507347 4.507380 
task82
4.507349 4.827877 
