5
0.000000 0.012000 1.000000 1.002275 2.000000 2.000971 3.000000 3.010449 4.000000 4.035906 5.000000 5.126148 
0
0.000000 0.025858 1.000000 1.016060 2.000000 2.015751 3.000000 3.026025 4.000000 4.315997 5.000000 5.157068 
4
0.000000 0.218735 1.000000 1.244918 2.000000 2.248318 3.000000 3.238903 4.000000 4.552171 5.000000 5.397085 
2
0.000000 0.795665 1.000000 1.845446 2.000000 2.849652 3.000000 3.824920 4.000000 5.196402 5.000000 5.994915 
1
0.000000 0.898574 1.000000 1.863968 2.000000 2.898991 3.000000 3.879968 4.000000 5.191020 
3
4.000000 4.827880 
