0
0.000000 99389.888889 99936.000000 100000.000000 99956.000000 100000.000000 99988.000000 99968.000000 99972.000000 99624.000000 0.000000 99973.888889 99840.000000 99994.000000 99936.000000 99936.000000 100000.000000 100000.000000 99456.000000 99944.000000 0.000000 99973.888889 100000.000000 100000.000000 99840.000000 60768.000000 99904.000000 99968.000000 99456.000000 99964.000000 0.000000 99997.888889 99936.000000 99987.000000 99995.000000 99951.000000 100000.000000 98688.000000 98688.000000 99712.000000 0.000000 100000.000000 99984.000000 99968.000000 99056.000000 99976.000000 100000.000000 100000.000000 99984.000000 100000.000000 100000.000000 99968.000000 99984.000000 95616.000000 99960.000000 99997.000000 100000.000000 100000.000000 100000.000000 99968.000000 99868.000000 
1
0.000000 99328.000000 99840.000000 99987.000000 100000.000000 99317.000000 100000.000000 99968.000000 99936.000000 85256.000000 0.000000 99592.000000 99992.000000 99930.000000 100000.000000 100000.000000 100000.000000 100000.000000 99840.000000 99992.000000 0.000000 99968.000000 84864.000000 99992.000000 100000.000000 100000.000000 100000.000000 99968.000000 99840.000000 100000.000000 0.000000 99970.000000 99840.000000 100000.000000 100000.000000 99887.000000 100000.000000 99904.000000 99904.000000 99936.000000 0.000000 100000.000000 99960.000000 99992.000000 99592.000000 99968.000000 100000.000000 99981.000000 94288.000000 99920.000000 100000.000000 99904.000000 99968.000000 95808.000000 100000.000000 100000.000000 99978.000000 99525.000000 100000.000000 99904.000000 99904.000000 
2
0.000000 99328.000000 99840.000000 99992.000000 99936.000000 86688.000000 100000.000000 99968.000000 99936.000000 85256.000000 0.000000 99688.000000 99968.000000 99993.000000 99996.000000 99808.000000 99936.000000 100000.000000 99840.000000 99840.000000 0.000000 99840.000000 99968.000000 100000.000000 99996.000000 100000.000000 100000.000000 99968.000000 99872.000000 82688.000000 0.000000 100000.000000 99928.000000 99996.000000 99936.000000 100000.000000 100000.000000 99840.000000 99840.000000 99992.000000 0.000000 99994.000000 99798.000000 99798.000000 99798.000000 99996.000000 100000.000000 99987.000000 99936.000000 99936.000000 100000.000000 99968.000000 99968.000000 96768.000000 99912.000000 99996.000000 100000.000000 100000.000000 100000.000000 99968.000000 99840.000000 
3
0.000000 99328.000000 99840.000000 99984.000000 99936.000000 86592.000000 100000.000000 99968.000000 99952.000000 99648.000000 0.000000 99968.000000 99648.000000 99999.000000 100000.000000 100000.000000 99968.000000 100000.000000 99584.000000 99936.000000 0.000000 99976.000000 99200.000000 99972.000000 99999.000000 100000.000000 100000.000000 100000.000000 99072.000000 100000.000000 0.000000 99976.000000 99984.000000 100000.000000 99936.000000 99968.000000 99968.000000 99968.000000 99072.000000 99584.000000 0.000000 100000.000000 99968.000000 96000.000000 96000.000000 99936.000000 100000.000000 99998.000000 99936.000000 99936.000000 100000.000000 99968.000000 100000.000000 96000.000000 99984.000000 100000.000000 99913.000000 100000.000000 100000.000000 99968.000000 100000.000000 
4
0.000000 99328.000000 99840.000000 99984.000000 99984.000000 98864.000000 100000.000000 99936.000000 99936.000000 88328.000000 0.000000 99624.000000 99968.000000 99872.000000 99968.000000 99936.000000 99968.000000 99968.000000 99840.000000 99840.000000 0.000000 100000.000000 84000.000000 100000.000000 100000.000000 99996.000000 99924.000000 100000.000000 99968.000000 99776.000000 0.000000 99968.000000 99648.000000 100000.000000 100000.000000 94744.000000 99998.000000 99776.000000 99776.000000 100000.000000 0.000000 99988.000000 99980.000000 96192.000000 96192.000000 96192.000000 99996.000000 100000.000000 100000.000000 99936.000000 100000.000000 99776.000000 99968.000000 99936.000000 99984.000000 100000.000000 99964.000000 99860.000000 100000.000000 100000.000000 100000.000000 
5
0.000000 99328.000000 99840.000000 100000.000000 99984.000000 99888.000000 100000.000000 99840.000000 99948.000000 99648.000000 0.000000 99968.000000 99840.000000 100000.000000 99999.000000 100000.000000 100000.000000 99968.000000 100000.000000 100000.000000 0.000000 99976.000000 100000.000000 99973.000000 100000.000000 99936.000000 99968.000000 100000.000000 99936.000000 99776.000000 0.000000 99936.000000 96576.000000 99977.000000 99936.000000 99936.000000 99936.000000 99904.000000 99648.000000 99968.000000 0.000000 99996.000000 100000.000000 96576.000000 99840.000000 99936.000000 99968.000000 100000.000000 99936.000000 99936.000000 100000.000000 99904.000000 99904.000000 99936.000000 99984.000000 100000.000000 100000.000000 99936.000000 100000.000000 99904.000000 99912.000000 
6
0.000000 99328.000000 99840.000000 100000.000000 100000.000000 98951.000000 100000.000000 99936.000000 99840.000000 99840.000000 0.000000 99776.000000 99968.000000 100000.000000 99993.000000 100000.000000 100000.000000 100000.000000 99840.000000 99976.000000 0.000000 100000.000000 99968.000000 100000.000000 100000.000000 99936.000000 99968.000000 100000.000000 99840.000000 99840.000000 0.000000 99968.000000 99976.000000 99974.000000 99936.000000 100000.000000 100000.000000 99968.000000 99840.000000 99840.000000 0.000000 100000.000000 100000.000000 96768.000000 99662.000000 99982.000000 100000.000000 100000.000000 99936.000000 100000.000000 100000.000000 99840.000000 99968.000000 99936.000000 99968.000000 99993.000000 100000.000000 100000.000000 100000.000000 99968.000000 99944.000000 
7
0.000000 99328.000000 99840.000000 100000.000000 100000.000000 100000.000000 100000.000000 99968.000000 99972.000000 99720.000000 0.000000 99864.000000 99984.000000 99989.000000 99997.000000 71936.000000 100000.000000 99968.000000 99840.000000 99840.000000 0.000000 99776.000000 99968.000000 100000.000000 100000.000000 99936.000000 100000.000000 99968.000000 99840.000000 99840.000000 0.000000 99776.000000 96768.000000 99968.000000 99936.000000 100000.000000 100000.000000 99968.000000 99840.000000 99840.000000 0.000000 100000.000000 99968.000000 96768.000000 96888.000000 99944.000000 100000.000000 99989.000000 99937.000000 96385.000000 100000.000000 99968.000000 99840.000000 99840.000000 99984.000000 99990.000000 100000.000000 100000.000000 99996.000000 99840.000000 99840.000000 
8
0.000000 98304.000000 99840.000000 100000.000000 99936.000000 87456.000000 100000.000000 99968.000000 99936.000000 99968.000000 0.000000 100000.000000 99984.000000 99993.000000 100000.000000 58304.000000 100000.000000 100000.000000 99840.000000 99840.000000 0.000000 100000.000000 82528.000000 100000.000000 99993.000000 56544.000000 99904.000000 100000.000000 99840.000000 99840.000000 0.000000 99872.000000 99952.000000 99992.000000 100000.000000 99650.000000 100000.000000 99968.000000 99840.000000 99840.000000 0.000000 100000.000000 99979.000000 98304.000000 99984.000000 99272.000000 100000.000000 99968.000000 77824.000000 93056.000000 100000.000000 99840.000000 99840.000000 99840.000000 99984.000000 99989.000000 84032.000000 84032.000000 100000.000000 99776.000000 100000.000000 
9
0.000000 98304.000000 99840.000000 99992.000000 99936.000000 87360.000000 100000.000000 99968.000000 99936.000000 99968.000000 0.000000 100000.000000 99944.000000 99968.000000 100000.000000 98708.000000 99988.000000 100000.000000 100000.000000 100000.000000 0.000000 99880.000000 100000.000000 100000.000000 100000.000000 99936.000000 100000.000000 99968.000000 100000.000000 100000.000000 0.000000 99944.000000 98304.000000 100000.000000 99936.000000 97440.000000 99968.000000 99840.000000 99840.000000 99960.000000 0.000000 99994.000000 99904.000000 99840.000000 99840.000000 100000.000000 99984.000000 95972.000000 99952.000000 99996.000000 100000.000000 99968.000000 99840.000000 99840.000000 99984.000000 100000.000000 100000.000000 99932.000000 100000.000000 99904.000000 99912.000000 
10
0.000000 98304.000000 99840.000000 99992.000000 99936.000000 87360.000000 100000.000000 99968.000000 99996.000000 99716.000000 0.000000 99912.000000 99840.000000 99970.000000 100000.000000 73376.000000 100000.000000 100000.000000 99840.000000 99956.000000 0.000000 100000.000000 99840.000000 100000.000000 99976.000000 99933.000000 100000.000000 100000.000000 99840.000000 99840.000000 0.000000 99904.000000 99936.000000 99992.000000 99936.000000 100000.000000 100000.000000 99904.000000 99264.000000 99776.000000 0.000000 99998.000000 99994.000000 99840.000000 99840.000000 99840.000000 100000.000000 100000.000000 100000.000000 100000.000000 100000.000000 99904.000000 100000.000000 97728.000000 99912.000000 100000.000000 99988.000000 98548.000000 100000.000000 99936.000000 99984.000000 
11
0.000000 98304.000000 99840.000000 100000.000000 99936.000000 90848.000000 100000.000000 99968.000000 99840.000000 99840.000000 0.000000 99776.000000 99984.000000 99992.000000 100000.000000 99936.000000 100000.000000 100000.000000 99840.000000 99840.000000 0.000000 100000.000000 86016.000000 100000.000000 100000.000000 99936.000000 99968.000000 100000.000000 99904.000000 99996.000000 0.000000 99992.000000 99712.000000 99991.000000 99991.000000 97163.000000 100000.000000 99904.000000 99904.000000 100000.000000 0.000000 99996.000000 99999.888889 99972.000000 99716.000000 99988.000000 100000.000000 99940.000000 61728.000000 99968.000000 100000.000000 99904.000000 99968.000000 99936.000000 99984.000000 100000.000000 99936.000000 100000.000000 100000.000000 99904.000000 99968.000000 
12
0.000000 98304.000000 99840.000000 100000.000000 100000.000000 100000.000000 100000.000000 100000.000000 99936.000000 86276.000000 0.000000 99716.000000 99968.000000 100000.000000 100000.000000 75776.000000 100000.000000 99968.000000 99840.000000 99840.000000 0.000000 99776.000000 99984.000000 99946.000000 99997.000000 100000.000000 100000.000000 99968.000000 99840.000000 99840.000000 0.000000 99840.000000 98304.000000 100000.000000 100000.000000 99940.000000 100000.000000 99968.000000 99840.000000 99840.000000 0.000000 99996.000000 99971.000000 98304.000000 99984.000000 99912.000000 100000.000000 99993.000000 100000.000000 100000.000000 100000.000000 99968.000000 99840.000000 99840.000000 99984.000000 100000.000000 99822.000000 99822.000000 99996.000000 100000.000000 99952.000000 
13
0.000000 98304.000000 99840.000000 99997.000000 100000.000000 99968.000000 100000.000000 99968.000000 100000.000000 99716.000000 0.000000 99912.000000 99744.000000 99984.000000 100000.000000 75296.000000 100000.000000 100000.000000 99456.000000 99968.000000 0.000000 99904.000000 99984.000000 99962.000000 99992.000000 99971.000000 99971.000000 100000.000000 99968.000000 99968.000000 0.000000 99904.000000 97920.000000 100000.000000 99991.000000 99995.000000 99998.000000 99968.000000 99456.000000 99968.000000 0.000000 99996.000000 99904.000000 98496.000000 97920.000000 99840.000000 99984.000000 100000.000000 100000.000000 100000.000000 100000.000000 99968.000000 99968.000000 97920.000000 99984.000000 100000.000000 99936.000000 100000.000000 100000.000000 99968.000000 99968.000000 
14
0.000000 98304.000000 99840.000000 99996.000000 100000.000000 99968.000000 100000.000000 99936.000000 99872.000000 61984.000000 0.000000 100000.000000 99840.000000 99984.000000 100000.000000 75296.000000 100000.000000 99968.000000 99456.000000 99968.000000 0.000000 99904.000000 99960.000000 99946.000000 99993.000000 50208.000000 100000.000000 99968.000000 99456.000000 99960.000000 0.000000 100000.000000 99984.000000 99988.000000 100000.000000 99712.000000 100000.000000 99456.000000 99456.000000 99956.000000 0.000000 99998.000000 99968.000000 97920.000000 98080.000000 100000.000000 99992.000000 99993.000000 99936.000000 100000.000000 100000.000000 99456.000000 99968.000000 97920.000000 99984.000000 100000.000000 100000.000000 99936.000000 100000.000000 99968.000000 99996.000000 
15
0.000000 98304.000000 99840.000000 99996.000000 100000.000000 99968.000000 99968.000000 99968.000000 99936.000000 99716.000000 0.000000 99872.000000 99680.000000 99974.000000 100000.000000 99872.000000 100000.000000 100000.000000 99968.000000 100000.000000 0.000000 99968.000000 84672.000000 100000.000000 100000.000000 99936.000000 99998.000000 99968.000000 100000.000000 99968.000000 0.000000 100000.000000 99936.000000 100000.000000 99973.000000 100000.000000 100000.000000 99904.000000 99904.000000 100000.000000 0.000000 99992.000000 99840.000000 99840.000000 99840.000000 99936.000000 100000.000000 100000.000000 100000.000000 100000.000000 100000.000000 99968.000000 99968.000000 96768.000000 99968.000000 100000.000000 100000.000000 99936.000000 100000.000000 99968.000000 99940.000000 
16
0.000000 99328.000000 99840.000000 100000.000000 100000.000000 98488.000000 100000.000000 99936.000000 99872.000000 83808.000000 0.000000 99776.000000 99960.000000 99992.000000 99998.000000 98516.000000 99988.000000 100000.000000 99840.000000 99840.000000 0.000000 99820.000000 99840.000000 100000.000000 100000.000000 100000.000000 100000.000000 99968.000000 99840.000000 81152.000000 0.000000 99851.000000 98304.000000 100000.000000 99936.000000 100000.000000 100000.000000 100000.000000 100000.000000 99808.000000 0.000000 99994.000000 99992.000000 99840.000000 99840.000000 99840.000000 99984.000000 100000.000000 99952.000000 99952.000000 100000.000000 99968.000000 99840.000000 99936.000000 99984.000000 100000.000000 99936.000000 100000.000000 100000.000000 99520.000000 99884.000000 
17
0.000000 99328.000000 99840.000000 100000.000000 99998.000000 100000.000000 100000.000000 99968.000000 99844.000000 84740.000000 0.000000 99524.000000 99944.000000 99997.000000 100000.000000 75680.000000 100000.000000 99968.000000 99840.000000 99840.000000 0.000000 99776.000000 99840.000000 100000.000000 100000.000000 99968.000000 99998.000000 99968.000000 99840.000000 99840.000000 0.000000 99904.000000 99744.000000 100000.000000 99992.000000 100000.000000 96576.000000 97120.000000 100000.000000 100000.000000 0.000000 99992.000000 99984.000000 99840.000000 99840.000000 99840.000000 100000.000000 99944.000000 62016.000000 100000.000000 100000.000000 99904.000000 99840.000000 99552.000000 99984.000000 100000.000000 99936.000000 100000.000000 100000.000000 99712.000000 99968.000000 
18
0.000000 99328.000000 99840.000000 100000.000000 100000.000000 100000.000000 99872.000000 99936.000000 100000.000000 99872.000000 0.000000 100000.000000 99936.000000 100000.000000 99997.000000 99956.000000 99988.000000 100000.000000 99968.000000 99840.000000 0.000000 99972.000000 99984.000000 100000.000000 100000.000000 100000.000000 100000.000000 99968.000000 99840.000000 99840.000000 0.000000 99840.000000 99936.000000 100000.000000 99972.000000 99972.000000 100000.000000 99968.000000 99072.000000 99584.000000 0.000000 100000.000000 99990.000000 99840.000000 99840.000000 99936.000000 99988.000000 99977.000000 99936.000000 100000.000000 100000.000000 99968.000000 99968.000000 97536.000000 99992.000000 99988.000000 100000.000000 99680.000000 100000.000000 99936.000000 100000.000000 
19
0.000000 99328.000000 99840.000000 100000.000000 100000.000000 100000.000000 99968.000000 99968.000000 99864.000000 99716.000000 0.000000 99912.000000 99968.000000 100000.000000 100000.000000 74528.000000 100000.000000 99968.000000 99840.000000 99936.000000 0.000000 99968.000000 85920.000000 100000.000000 100000.000000 99968.000000 99972.000000 99990.000000 99840.000000 99840.000000 0.000000 99840.000000 100000.000000 100000.000000 99936.000000 99936.000000 100000.000000 99968.000000 99840.000000 99840.000000 0.000000 99994.000000 99988.000000 99840.000000 99840.000000 99840.000000 100000.000000 99944.000000 99808.000000 100000.000000 100000.000000 99264.000000 99968.000000 97728.000000 97728.000000 100000.000000 100000.000000 95444.000000 100000.000000 99776.000000 99984.000000 
