0
0.000000 25872.000000 6144.000000 25080.000000 63231.000000 23552.000000 102912.000000 39168.000000 0.000000 0.000000 0.000000 1.000000 21504.000000 0.000000 115528.000000 52699.000000 106560.000000 49424.000000 580.000000 0.000000 0.000000 24576.000000 30720.000000 6300.000000 60936.000000 41162.000000 104192.000000 65536.000000 1152.000000 0.000000 0.000000 0.000000 27648.000000 8918.000000 93550.000000 28065.000000 109076.000000 42772.000000 8064.000000 0.000000 0.000000 125934.000000 165265.000000 94241.000000 32256.000000 23328.000000 0.000000 68343.000000 50517.000000 1200.000000 86464.000000 21312.000000 110592.000000 43008.000000 0.000000 72387.000000 63259.000000 1024.000000 118400.000000 54464.000000 0.000000 
1
0.000000 25872.000000 3072.000000 23826.000000 63604.000000 24576.000000 103808.000000 39168.000000 0.000000 0.000000 0.000000 1.000000 18432.000000 0.000000 116308.000000 53479.000000 104192.000000 49088.000000 580.000000 0.000000 0.000000 24576.000000 30720.000000 5928.000000 59065.000000 41162.000000 104192.000000 65536.000000 1152.000000 0.000000 0.000000 0.000000 24576.000000 8918.000000 93550.000000 29936.000000 109076.000000 42772.000000 6912.000000 0.000000 0.000000 126795.000000 161816.000000 93536.000000 28672.000000 23328.000000 0.000000 68866.000000 50517.000000 800.000000 86464.000000 21312.000000 104448.000000 36864.000000 0.000000 71039.000000 64770.000000 1024.000000 118400.000000 54464.000000 0.000000 
2
0.000000 25764.000000 3072.000000 23826.000000 62863.000000 24576.000000 100544.000000 35904.000000 0.000000 0.000000 0.000000 1.000000 18432.000000 0.000000 116308.000000 53479.000000 104192.000000 49088.000000 580.000000 0.000000 0.000000 21456.000000 30720.000000 5928.000000 59065.000000 39291.000000 101824.000000 66624.000000 2304.000000 0.000000 0.000000 0.000000 24576.000000 9288.000000 93550.000000 29936.000000 109608.000000 43304.000000 8064.000000 0.000000 0.000000 131110.000000 165295.000000 100855.000000 28672.000000 23328.000000 0.000000 66995.000000 50517.000000 800.000000 84096.000000 18944.000000 104448.000000 36864.000000 0.000000 71039.000000 64410.000000 0.000000 118400.000000 54464.000000 0.000000 
3
0.000000 25764.000000 3072.000000 23826.000000 62863.000000 23552.000000 100544.000000 35904.000000 0.000000 0.000000 0.000000 1.000000 18432.000000 0.000000 116308.000000 53479.000000 104192.000000 49088.000000 580.000000 0.000000 0.000000 21348.000000 30720.000000 5928.000000 59065.000000 39291.000000 101824.000000 65472.000000 1152.000000 0.000000 0.000000 0.000000 24576.000000 8760.000000 91679.000000 28065.000000 109608.000000 43304.000000 8064.000000 0.000000 0.000000 125863.000000 165328.000000 93280.000000 28672.000000 20759.000000 0.000000 66995.000000 48646.000000 800.000000 84096.000000 18944.000000 104448.000000 36864.000000 0.000000 71039.000000 64699.000000 0.000000 116032.000000 52096.000000 0.000000 
4
0.000000 25872.000000 6144.000000 5018.000000 69227.000000 5613.000000 120768.000000 56832.000000 0.000000 0.000000 0.000000 49152.000000 0.000000 10976.000000 85439.000000 25119.000000 132224.000000 68544.000000 3264.000000 0.000000 0.000000 0.000000 18432.000000 2058.000000 47077.000000 35914.000000 131328.000000 65280.000000 3264.000000 0.000000 0.000000 0.000000 24576.000000 8918.000000 76067.000000 10582.000000 104324.000000 39748.000000 4608.000000 0.000000 0.000000 219715.000000 161100.000000 96660.000000 32220.000000 23328.000000 2112.000000 158400.000000 88000.000000 26400.000000 88896.000000 22848.000000 104448.000000 36864.000000 0.000000 65647.000000 71098.000000 5613.000000 152568.000000 87400.000000 22904.000000 
5
0.000000 25872.000000 3072.000000 6176.000000 67356.000000 3742.000000 120768.000000 56832.000000 0.000000 0.000000 0.000000 44412.000000 0.000000 10290.000000 85439.000000 25119.000000 131328.000000 65280.000000 3264.000000 0.000000 0.000000 0.000000 15360.000000 1372.000000 44381.000000 35554.000000 132224.000000 68544.000000 3264.000000 0.000000 0.000000 0.000000 24576.000000 8918.000000 76067.000000 10582.000000 103744.000000 39168.000000 3456.000000 0.000000 0.000000 215400.000000 153045.000000 88605.000000 24165.000000 23328.000000 2016.000000 158400.000000 88000.000000 26400.000000 88896.000000 22848.000000 104448.000000 36864.000000 0.000000 64299.000000 71098.000000 5613.000000 155440.000000 90272.000000 26176.000000 
6
0.000000 25764.000000 3072.000000 4825.000000 67356.000000 3742.000000 120768.000000 56832.000000 0.000000 0.000000 0.000000 44412.000000 0.000000 10290.000000 83568.000000 25408.000000 128960.000000 65280.000000 0.000000 0.000000 0.000000 0.000000 15360.000000 1372.000000 44381.000000 35554.000000 128960.000000 65280.000000 720.000000 0.000000 0.000000 0.000000 24576.000000 8760.000000 76362.000000 10877.000000 103960.000000 39384.000000 3456.000000 0.000000 0.000000 211660.000000 153045.000000 88605.000000 24165.000000 23328.000000 2016.000000 158400.000000 88000.000000 26400.000000 86528.000000 19584.000000 104448.000000 36864.000000 0.000000 65647.000000 71098.000000 5613.000000 152200.000000 87000.000000 22904.000000 
7
0.000000 25764.000000 3072.000000 5983.000000 69227.000000 3742.000000 118400.000000 54464.000000 0.000000 0.000000 0.000000 44304.000000 0.000000 10976.000000 84348.000000 24328.000000 128960.000000 65280.000000 0.000000 0.000000 0.000000 0.000000 15360.000000 2058.000000 43033.000000 35985.000000 128960.000000 65280.000000 720.000000 0.000000 0.000000 0.000000 24576.000000 8760.000000 76002.000000 10517.000000 104276.000000 38804.000000 3456.000000 0.000000 0.000000 211660.000000 153045.000000 88605.000000 24165.000000 20759.000000 2112.000000 158400.000000 88000.000000 26400.000000 86528.000000 19584.000000 104448.000000 36864.000000 0.000000 66170.000000 71098.000000 7484.000000 154568.000000 87400.000000 22904.000000 
8
0.000000 25872.000000 6144.000000 46536.000000 69227.000000 3742.000000 120768.000000 56832.000000 0.000000 0.000000 0.000000 49152.000000 0.000000 0.000000 96800.000000 26400.000000 111296.000000 100616.000000 35992.000000 0.000000 0.000000 56160.000000 0.000000 14460.000000 22916.000000 32953.000000 111296.000000 49728.000000 29071.000000 0.000000 0.000000 61440.000000 0.000000 77328.000000 74393.000000 9724.000000 128936.000000 65000.000000 0.000000 0.000000 0.000000 204671.000000 144990.000000 80550.000000 16110.000000 36864.000000 1167.000000 68974.000000 56662.000000 4000.000000 84096.000000 23552.000000 104448.000000 36864.000000 0.000000 72910.000000 64410.000000 24576.000000 82880.000000 16576.000000 0.000000 
9
0.000000 25872.000000 3072.000000 46536.000000 69227.000000 5613.000000 120768.000000 56832.000000 0.000000 0.000000 0.000000 44412.000000 0.000000 0.000000 88000.000000 17600.000000 108928.000000 101520.000000 35992.000000 0.000000 0.000000 56160.000000 0.000000 14460.000000 21568.000000 32565.000000 113664.000000 49728.000000 25799.000000 0.000000 0.000000 55296.000000 0.000000 77328.000000 74393.000000 8976.000000 128936.000000 65000.000000 0.000000 0.000000 0.000000 211078.000000 144990.000000 80550.000000 16110.000000 33792.000000 1116.000000 68974.000000 56662.000000 3600.000000 86464.000000 23872.000000 104448.000000 36864.000000 0.000000 71039.000000 64050.000000 24576.000000 80512.000000 16576.000000 0.000000 
10
0.000000 25764.000000 3072.000000 40391.000000 69227.000000 3742.000000 118400.000000 54464.000000 0.000000 0.000000 0.000000 44304.000000 0.000000 0.000000 88000.000000 17600.000000 108928.000000 101520.000000 35992.000000 0.000000 0.000000 56052.000000 0.000000 14830.000000 21568.000000 32550.000000 111296.000000 47360.000000 25799.000000 0.000000 0.000000 55296.000000 0.000000 77328.000000 74766.000000 9724.000000 128356.000000 64420.000000 0.000000 0.000000 0.000000 203023.000000 136935.000000 72495.000000 8055.000000 33792.000000 1167.000000 73807.000000 51049.000000 3600.000000 84096.000000 23552.000000 104448.000000 36864.000000 0.000000 71039.000000 64339.000000 24576.000000 78144.000000 14208.000000 0.000000 
11
0.000000 25764.000000 3072.000000 40391.000000 69227.000000 3742.000000 118400.000000 54464.000000 0.000000 0.000000 0.000000 44304.000000 0.000000 0.000000 96800.000000 26400.000000 108928.000000 100616.000000 35992.000000 0.000000 0.000000 56052.000000 0.000000 14302.000000 21568.000000 32550.000000 111296.000000 47360.000000 25799.000000 0.000000 0.000000 55296.000000 0.000000 72495.000000 74798.000000 9724.000000 128356.000000 64420.000000 0.000000 0.000000 0.000000 203023.000000 144990.000000 72495.000000 8055.000000 33792.000000 1071.000000 75119.000000 49178.000000 3600.000000 84096.000000 23552.000000 104448.000000 36864.000000 0.000000 71039.000000 64339.000000 24576.000000 78144.000000 14208.000000 0.000000 
12
0.000000 25872.000000 6144.000000 46536.000000 69227.000000 3742.000000 120768.000000 56832.000000 0.000000 0.000000 0.000000 2.000000 18432.000000 10290.000000 76711.000000 21017.000000 128640.000000 62016.000000 21888.000000 0.000000 0.000000 56160.000000 0.000000 13774.000000 70214.000000 39287.000000 104192.000000 64384.000000 0.000000 0.000000 0.000000 36864.000000 0.000000 125658.000000 77789.000000 8228.000000 146816.000000 80512.000000 16576.000000 0.000000 0.000000 39680.000000 149504.000000 81920.000000 20480.000000 36864.000000 1212.000000 68974.000000 56662.000000 4000.000000 85504.000000 18880.000000 99328.000000 31744.000000 0.000000 123836.000000 62236.000000 67200.000000 98197.000000 31397.000000 0.000000 
13
0.000000 25872.000000 3072.000000 46536.000000 67356.000000 1871.000000 120768.000000 56832.000000 0.000000 0.000000 0.000000 1.000000 18432.000000 10290.000000 76711.000000 20946.000000 127168.000000 62016.000000 21888.000000 0.000000 0.000000 56052.000000 0.000000 13774.000000 68343.000000 38539.000000 101824.000000 65472.000000 1152.000000 0.000000 0.000000 30720.000000 0.000000 120825.000000 78192.000000 8976.000000 146816.000000 80512.000000 16576.000000 0.000000 0.000000 37696.000000 149504.000000 81920.000000 20480.000000 36864.000000 1212.000000 68974.000000 54791.000000 3600.000000 86464.000000 21312.000000 99328.000000 31744.000000 0.000000 124472.000000 62872.000000 64400.000000 95867.000000 29867.000000 0.000000 
14
0.000000 25764.000000 3072.000000 40391.000000 69227.000000 3742.000000 118400.000000 54464.000000 0.000000 0.000000 0.000000 1.000000 18432.000000 10290.000000 76711.000000 20586.000000 123904.000000 58752.000000 21888.000000 0.000000 0.000000 56052.000000 0.000000 13616.000000 68343.000000 38912.000000 101824.000000 65472.000000 1152.000000 0.000000 0.000000 30720.000000 0.000000 120825.000000 78192.000000 8976.000000 144448.000000 78144.000000 14208.000000 0.000000 0.000000 37696.000000 148992.000000 81408.000000 19968.000000 33792.000000 1167.000000 73807.000000 51049.000000 3600.000000 86400.000000 21248.000000 98816.000000 31232.000000 0.000000 124472.000000 62872.000000 64400.000000 95867.000000 29867.000000 0.000000 
15
0.000000 25764.000000 3072.000000 40391.000000 69227.000000 3742.000000 118400.000000 54464.000000 0.000000 0.000000 0.000000 1.000000 18432.000000 10976.000000 76711.000000 20586.000000 123904.000000 58752.000000 20736.000000 0.000000 0.000000 56052.000000 0.000000 13616.000000 68343.000000 38912.000000 101824.000000 65472.000000 1152.000000 0.000000 0.000000 30720.000000 0.000000 120825.000000 78192.000000 8976.000000 144448.000000 78144.000000 14208.000000 0.000000 0.000000 39680.000000 148992.000000 87552.000000 19968.000000 33792.000000 1071.000000 75119.000000 49178.000000 3600.000000 85248.000000 20096.000000 98816.000000 31232.000000 0.000000 123124.000000 61524.000000 64400.000000 96762.000000 31562.000000 0.000000 
16
0.000000 25872.000000 6144.000000 23826.000000 84568.000000 19083.000000 84976.000000 18672.000000 0.000000 0.000000 0.000000 49152.000000 0.000000 9000.000000 88951.000000 26122.000000 126272.000000 62016.000000 20736.000000 0.000000 0.000000 0.000000 15360.000000 9000.000000 123200.000000 61600.000000 113664.000000 50160.000000 58896.000000 0.000000 0.000000 0.000000 24576.000000 2700.000000 77828.000000 14214.000000 115924.000000 51348.000000 0.000000 0.000000 0.000000 35712.000000 208896.000000 141312.000000 73728.000000 12288.000000 384.000000 65647.000000 56926.000000 11264.000000 124902.000000 58598.000000 8192.000000 30720.000000 0.000000 55553.000000 77457.000000 11972.000000 83687.000000 17383.000000 0.000000 
17
0.000000 25872.000000 3072.000000 23826.000000 83820.000000 20206.000000 84576.000000 18272.000000 0.000000 0.000000 0.000000 44412.000000 0.000000 9000.000000 88951.000000 26122.000000 123904.000000 58752.000000 20736.000000 0.000000 0.000000 0.000000 15360.000000 9000.000000 123200.000000 61600.000000 108928.000000 47360.000000 58896.000000 0.000000 0.000000 0.000000 24576.000000 1800.000000 77828.000000 14214.000000 116140.000000 51564.000000 0.000000 0.000000 0.000000 35712.000000 208896.000000 141312.000000 73728.000000 12288.000000 384.000000 66170.000000 56926.000000 11264.000000 124902.000000 58598.000000 7680.000000 27648.000000 0.000000 56170.000000 77457.000000 13843.000000 83687.000000 19751.000000 0.000000 
18
0.000000 25764.000000 3072.000000 23826.000000 83445.000000 19831.000000 84608.000000 18304.000000 0.000000 0.000000 0.000000 44304.000000 0.000000 9900.000000 89354.000000 26525.000000 123904.000000 58752.000000 21888.000000 0.000000 0.000000 0.000000 15360.000000 9900.000000 123200.000000 61600.000000 108928.000000 47792.000000 58896.000000 0.000000 0.000000 0.000000 24576.000000 2700.000000 77473.000000 13860.000000 116140.000000 51564.000000 0.000000 0.000000 0.000000 35712.000000 208896.000000 141312.000000 73728.000000 12288.000000 288.000000 64299.000000 56566.000000 11264.000000 122732.000000 56428.000000 8192.000000 27648.000000 0.000000 54299.000000 78580.000000 13095.000000 83319.000000 19383.000000 0.000000 
19
0.000000 25764.000000 3072.000000 23826.000000 83445.000000 19831.000000 84608.000000 18304.000000 0.000000 0.000000 0.000000 44304.000000 0.000000 9000.000000 88606.000000 25777.000000 123904.000000 58752.000000 20736.000000 0.000000 0.000000 0.000000 15360.000000 9000.000000 123200.000000 61600.000000 108928.000000 47792.000000 55624.000000 0.000000 0.000000 0.000000 24576.000000 1800.000000 77473.000000 13859.000000 116456.000000 54248.000000 0.000000 0.000000 0.000000 37696.000000 208896.000000 141312.000000 79872.000000 12288.000000 288.000000 64299.000000 56855.000000 10240.000000 124704.000000 58400.000000 7680.000000 27648.000000 0.000000 54299.000000 77082.000000 11597.000000 86214.000000 19910.000000 0.000000 
20
0.000000 25872.000000 6144.000000 23826.000000 87937.000000 22452.000000 86528.000000 22848.000000 0.000000 0.000000 0.000000 512.000000 18432.000000 6756.000000 70467.000000 25805.000000 106560.000000 70021.000000 4237.000000 0.000000 0.000000 24576.000000 33792.000000 2256.000000 46775.000000 29936.000000 125632.000000 62848.000000 1680.000000 0.000000 0.000000 79872.000000 12288.000000 98802.000000 85516.000000 16839.000000 112384.000000 48960.000000 0.000000 0.000000 0.000000 22896.000000 147584.000000 80000.000000 12288.000000 33792.000000 1116.000000 68974.000000 56662.000000 4000.000000 103808.000000 39168.000000 24576.000000 33792.000000 0.000000 75659.000000 67830.000000 1024.000000 118400.000000 52096.000000 0.000000 
21
0.000000 25872.000000 3072.000000 23826.000000 87937.000000 22452.000000 86528.000000 22848.000000 0.000000 0.000000 0.000000 512.000000 18432.000000 6780.000000 73352.000000 25555.000000 106560.000000 69056.000000 3272.000000 0.000000 0.000000 24576.000000 30720.000000 2184.000000 44904.000000 29936.000000 125632.000000 60480.000000 3120.000000 0.000000 0.000000 79872.000000 12288.000000 98802.000000 85516.000000 16839.000000 113280.000000 48960.000000 0.000000 0.000000 0.000000 21961.000000 146912.000000 85472.000000 16896.000000 36864.000000 1212.000000 68974.000000 56662.000000 3600.000000 102912.000000 39168.000000 18432.000000 33792.000000 0.000000 75784.000000 62939.000000 1024.000000 118400.000000 54464.000000 0.000000 
22
0.000000 25764.000000 3072.000000 23826.000000 86066.000000 20581.000000 89792.000000 26112.000000 0.000000 0.000000 0.000000 0.000000 18432.000000 6742.000000 73352.000000 25555.000000 106560.000000 69056.000000 3272.000000 0.000000 0.000000 21348.000000 33792.000000 2184.000000 51608.000000 29936.000000 123264.000000 57216.000000 3360.000000 0.000000 0.000000 73728.000000 6144.000000 100114.000000 79903.000000 13097.000000 110016.000000 45696.000000 0.000000 0.000000 0.000000 21961.000000 146400.000000 84960.000000 16384.000000 33792.000000 1167.000000 75119.000000 51049.000000 3600.000000 102912.000000 39168.000000 18432.000000 33792.000000 0.000000 74530.000000 62836.000000 0.000000 116032.000000 52096.000000 0.000000 
23
0.000000 25764.000000 3072.000000 23826.000000 86066.000000 20581.000000 89792.000000 26112.000000 0.000000 0.000000 0.000000 0.000000 18432.000000 6742.000000 70467.000000 25805.000000 108928.000000 71424.000000 5202.000000 0.000000 0.000000 21348.000000 33792.000000 2184.000000 46775.000000 29936.000000 123264.000000 57216.000000 3360.000000 0.000000 0.000000 73728.000000 6144.000000 93969.000000 79371.000000 11226.000000 110016.000000 45696.000000 0.000000 0.000000 0.000000 23010.000000 147520.000000 79936.000000 12288.000000 33792.000000 1071.000000 75119.000000 49178.000000 3600.000000 105280.000000 39168.000000 18432.000000 30720.000000 0.000000 74588.000000 64205.000000 0.000000 116032.000000 49728.000000 0.000000 
24
0.000000 25872.000000 6144.000000 4825.000000 76711.000000 11226.000000 75104.000000 81168.000000 16800.000000 0.000000 0.000000 49152.000000 0.000000 10290.000000 74840.000000 20946.000000 126272.000000 62016.000000 21888.000000 0.000000 0.000000 56160.000000 0.000000 1584.000000 53479.000000 29936.000000 111296.000000 117360.000000 53200.000000 0.000000 0.000000 49152.000000 0.000000 84929.000000 72811.000000 11302.000000 146816.000000 82880.000000 16576.000000 0.000000 0.000000 37696.000000 171331.000000 103267.000000 39424.000000 20736.000000 867.000000 75119.000000 55323.000000 18432.000000 101120.000000 34816.000000 77312.000000 46592.000000 0.000000 75659.000000 67470.000000 1024.000000 118400.000000 54464.000000 0.000000 
25
0.000000 25872.000000 3072.000000 6176.000000 76711.000000 11226.000000 77104.000000 80400.000000 16800.000000 0.000000 0.000000 44412.000000 0.000000 10290.000000 76711.000000 20946.000000 123904.000000 58752.000000 21888.000000 0.000000 0.000000 56160.000000 0.000000 1584.000000 46775.000000 29936.000000 113664.000000 117360.000000 53200.000000 0.000000 0.000000 43008.000000 0.000000 84237.000000 66107.000000 11591.000000 144448.000000 80512.000000 14208.000000 0.000000 0.000000 37696.000000 167747.000000 99683.000000 35840.000000 20736.000000 867.000000 73807.000000 54791.000000 17408.000000 102208.000000 38272.000000 76800.000000 49152.000000 0.000000 74530.000000 62476.000000 1024.000000 118400.000000 54464.000000 0.000000 
26
0.000000 25764.000000 3072.000000 4825.000000 76711.000000 11226.000000 76704.000000 82800.000000 19600.000000 0.000000 0.000000 44304.000000 0.000000 10290.000000 76711.000000 20946.000000 123904.000000 58752.000000 21888.000000 0.000000 0.000000 56052.000000 0.000000 1512.000000 46775.000000 29936.000000 108928.000000 117792.000000 53200.000000 0.000000 0.000000 43008.000000 0.000000 84237.000000 66107.000000 11591.000000 144448.000000 80512.000000 14208.000000 0.000000 0.000000 37696.000000 167747.000000 99363.000000 35840.000000 20736.000000 918.000000 73807.000000 54791.000000 17408.000000 102144.000000 38208.000000 76800.000000 49152.000000 0.000000 74530.000000 62765.000000 0.000000 116032.000000 52096.000000 0.000000 
27
0.000000 25764.000000 3072.000000 5983.000000 74840.000000 9355.000000 76704.000000 80400.000000 16800.000000 0.000000 0.000000 44304.000000 0.000000 10976.000000 76711.000000 20946.000000 123904.000000 58752.000000 20736.000000 0.000000 0.000000 56052.000000 0.000000 1512.000000 51608.000000 29936.000000 108928.000000 114992.000000 50400.000000 0.000000 0.000000 43008.000000 0.000000 84237.000000 66107.000000 11231.000000 144448.000000 80512.000000 14208.000000 0.000000 0.000000 39680.000000 165762.000000 100002.000000 35840.000000 18167.000000 867.000000 75119.000000 54791.000000 17408.000000 102144.000000 38208.000000 76800.000000 45568.000000 0.000000 74588.000000 63845.000000 0.000000 116032.000000 52096.000000 0.000000 
28
0.000000 25872.000000 6144.000000 26334.000000 66641.000000 25960.000000 105280.000000 39168.000000 0.000000 0.000000 0.000000 44088.000000 0.000000 6684.000000 89135.000000 24313.000000 111296.000000 100616.000000 35992.000000 0.000000 0.000000 30720.000000 0.000000 1056.000000 57996.000000 35549.000000 104192.000000 84384.000000 19600.000000 0.000000 0.000000 67584.000000 0.000000 82161.000000 79226.000000 14212.000000 111168.000000 45376.000000 11200.000000 0.000000 0.000000 37696.000000 213504.000000 145920.000000 84480.000000 18432.000000 0.000000 85543.000000 67356.000000 1871.000000 127872.000000 63936.000000 7680.000000 27648.000000 0.000000 59932.000000 60610.000000 25200.000000 91584.000000 26944.000000 0.000000 
29
0.000000 25872.000000 3072.000000 27588.000000 65130.000000 25960.000000 106176.000000 42432.000000 0.000000 0.000000 0.000000 44088.000000 0.000000 6742.000000 89135.000000 24313.000000 108928.000000 101520.000000 35992.000000 0.000000 0.000000 30720.000000 0.000000 1056.000000 57996.000000 35549.000000 105088.000000 85280.000000 19600.000000 0.000000 0.000000 67584.000000 0.000000 77328.000000 84464.000000 14960.000000 109696.000000 46272.000000 11200.000000 0.000000 0.000000 37696.000000 214528.000000 146944.000000 81920.000000 18432.000000 0.000000 85543.000000 67356.000000 1871.000000 127872.000000 63936.000000 7680.000000 27648.000000 0.000000 56807.000000 60194.000000 25200.000000 95424.000000 28416.000000 0.000000 
30
0.000000 25764.000000 3072.000000 26334.000000 66281.000000 26624.000000 102912.000000 39168.000000 0.000000 0.000000 0.000000 43980.000000 0.000000 6766.000000 91304.000000 25436.000000 108928.000000 100616.000000 35992.000000 0.000000 0.000000 30720.000000 0.000000 1056.000000 53163.000000 37420.000000 101824.000000 85472.000000 19600.000000 0.000000 0.000000 67584.000000 0.000000 82161.000000 79226.000000 14212.000000 111168.000000 47744.000000 11200.000000 0.000000 0.000000 37696.000000 211456.000000 143872.000000 78848.000000 15360.000000 0.000000 85543.000000 67356.000000 1871.000000 125504.000000 61568.000000 8192.000000 27648.000000 0.000000 56807.000000 60194.000000 22400.000000 90688.000000 26048.000000 0.000000 
31
0.000000 25764.000000 3072.000000 26334.000000 66570.000000 25960.000000 102912.000000 39168.000000 0.000000 0.000000 0.000000 43980.000000 0.000000 6670.000000 91677.000000 25809.000000 106560.000000 101520.000000 35992.000000 0.000000 0.000000 29868.000000 0.000000 1056.000000 53163.000000 35549.000000 101824.000000 84320.000000 19600.000000 0.000000 0.000000 61440.000000 0.000000 82161.000000 79599.000000 14212.000000 108800.000000 45376.000000 8400.000000 0.000000 0.000000 37696.000000 214016.000000 146432.000000 81408.000000 18432.000000 7580.000000 84195.000000 67356.000000 1871.000000 125504.000000 61568.000000 7680.000000 27648.000000 0.000000 56807.000000 59847.000000 25200.000000 90688.000000 26048.000000 0.000000 
32
0.000000 25872.000000 12288.000000 46536.000000 67356.000000 1871.000000 120768.000000 54464.000000 0.000000 0.000000 0.000000 38160.000000 0.000000 576.000000 103039.000000 39291.000000 156288.000000 92352.000000 26048.000000 0.000000 0.000000 0.000000 15360.000000 0.000000 59065.000000 37420.000000 101824.000000 99456.000000 33152.000000 0.000000 0.000000 18432.000000 0.000000 8918.000000 93550.000000 28065.000000 146816.000000 80512.000000 16576.000000 0.000000 0.000000 13775.000000 185344.000000 117760.000000 53760.000000 23328.000000 17340.000000 123200.000000 61600.000000 1200.000000 108224.000000 44288.000000 5120.000000 27648.000000 0.000000 54326.000000 86066.000000 20581.000000 95808.000000 32640.000000 0.000000 
33
0.000000 25872.000000 12288.000000 40391.000000 69227.000000 3742.000000 120768.000000 54464.000000 0.000000 0.000000 0.000000 38160.000000 0.000000 576.000000 103941.000000 39291.000000 153920.000000 89984.000000 23680.000000 0.000000 0.000000 0.000000 15360.000000 0.000000 57194.000000 37420.000000 101824.000000 97088.000000 30784.000000 0.000000 0.000000 18432.000000 0.000000 8918.000000 93550.000000 29936.000000 144448.000000 78144.000000 14208.000000 0.000000 0.000000 13019.000000 184320.000000 116736.000000 50176.000000 20736.000000 24680.000000 114400.000000 52800.000000 400.000000 111680.000000 45376.000000 5632.000000 27648.000000 0.000000 55295.000000 84195.000000 18710.000000 95808.000000 29376.000000 0.000000 
34
0.000000 25764.000000 9216.000000 40391.000000 67356.000000 1871.000000 120768.000000 54464.000000 0.000000 0.000000 0.000000 38052.000000 0.000000 576.000000 103941.000000 39291.000000 151552.000000 87616.000000 21312.000000 0.000000 0.000000 0.000000 15360.000000 0.000000 57194.000000 37420.000000 101824.000000 97088.000000 30784.000000 0.000000 0.000000 12288.000000 0.000000 8760.000000 91679.000000 28065.000000 144448.000000 78144.000000 14208.000000 0.000000 0.000000 12948.000000 185344.000000 117760.000000 53760.000000 20736.000000 24548.000000 114400.000000 52800.000000 400.000000 111616.000000 45312.000000 5632.000000 27648.000000 0.000000 53424.000000 84195.000000 18710.000000 99072.000000 32640.000000 0.000000 
35
0.000000 25764.000000 9216.000000 40391.000000 67356.000000 1871.000000 118400.000000 52096.000000 0.000000 0.000000 0.000000 38052.000000 0.000000 480.000000 103941.000000 39291.000000 151552.000000 87616.000000 21312.000000 0.000000 0.000000 0.000000 15360.000000 0.000000 58533.000000 43033.000000 101824.000000 97088.000000 30784.000000 0.000000 0.000000 12288.000000 0.000000 8760.000000 91679.000000 28065.000000 144448.000000 78144.000000 14208.000000 0.000000 0.000000 12840.000000 181760.000000 114176.000000 50176.000000 18167.000000 19472.000000 114400.000000 52800.000000 800.000000 111616.000000 45312.000000 5632.000000 27648.000000 0.000000 54326.000000 84195.000000 18710.000000 95808.000000 32640.000000 0.000000 
36
0.000000 25872.000000 12288.000000 41703.000000 67356.000000 1871.000000 120768.000000 56832.000000 0.000000 0.000000 0.000000 49152.000000 0.000000 6300.000000 116002.000000 52388.000000 106560.000000 58369.000000 8064.000000 0.000000 0.000000 12288.000000 15360.000000 2184.000000 58312.000000 32172.000000 128960.000000 65280.000000 2160.000000 0.000000 0.000000 79872.000000 12288.000000 48330.000000 76711.000000 11226.000000 128936.000000 65000.000000 0.000000 0.000000 0.000000 193320.000000 192368.000000 127928.000000 60416.000000 0.000000 149994.000000 83330.000000 69903.000000 9200.000000 127872.000000 61568.000000 4608.000000 27648.000000 0.000000 75659.000000 68550.000000 1024.000000 118400.000000 52096.000000 0.000000 
37
0.000000 25872.000000 12288.000000 35558.000000 67356.000000 1871.000000 118400.000000 54464.000000 0.000000 0.000000 0.000000 44412.000000 0.000000 6072.000000 117873.000000 52388.000000 106560.000000 58839.000000 8064.000000 0.000000 0.000000 6144.000000 18432.000000 2184.000000 58312.000000 33668.000000 126592.000000 62016.000000 3120.000000 0.000000 0.000000 79872.000000 12288.000000 48330.000000 76711.000000 11226.000000 128356.000000 64420.000000 0.000000 0.000000 0.000000 201375.000000 192743.000000 128303.000000 63863.000000 0.000000 149994.000000 83330.000000 69903.000000 8800.000000 125504.000000 59200.000000 4608.000000 27648.000000 0.000000 74530.000000 63845.000000 1024.000000 116032.000000 49728.000000 0.000000 
38
0.000000 25764.000000 9216.000000 40391.000000 67356.000000 1871.000000 118400.000000 54464.000000 0.000000 0.000000 0.000000 44412.000000 0.000000 6492.000000 116002.000000 52388.000000 104192.000000 58471.000000 6912.000000 0.000000 0.000000 6144.000000 18432.000000 2184.000000 56441.000000 32170.000000 126592.000000 62016.000000 3120.000000 0.000000 0.000000 79872.000000 12288.000000 48330.000000 74840.000000 9355.000000 128356.000000 64420.000000 0.000000 0.000000 0.000000 193320.000000 192368.000000 127928.000000 60416.000000 0.000000 149994.000000 83330.000000 69903.000000 8800.000000 125504.000000 59200.000000 4096.000000 27648.000000 0.000000 74530.000000 63485.000000 0.000000 116032.000000 49728.000000 0.000000 
39
0.000000 25764.000000 9216.000000 35558.000000 67356.000000 1871.000000 118400.000000 54464.000000 0.000000 0.000000 0.000000 44304.000000 0.000000 6444.000000 114131.000000 50517.000000 106560.000000 57036.000000 6912.000000 0.000000 0.000000 6144.000000 15360.000000 2184.000000 59403.000000 33668.000000 126592.000000 62016.000000 2880.000000 0.000000 0.000000 79872.000000 12288.000000 48330.000000 74840.000000 9355.000000 128356.000000 64420.000000 0.000000 0.000000 0.000000 193320.000000 192368.000000 127928.000000 60416.000000 0.000000 141661.000000 74997.000000 70925.000000 8000.000000 125504.000000 59200.000000 4096.000000 27648.000000 0.000000 74588.000000 58805.000000 0.000000 116032.000000 49728.000000 0.000000 
40
0.000000 25872.000000 12288.000000 41703.000000 67356.000000 1871.000000 120768.000000 56832.000000 0.000000 0.000000 0.000000 1.000000 18432.000000 6684.000000 89135.000000 24313.000000 128640.000000 65280.000000 21888.000000 0.000000 0.000000 56160.000000 0.000000 14460.000000 68343.000000 38539.000000 101824.000000 97088.000000 33152.000000 0.000000 0.000000 3072.000000 24576.000000 82161.000000 69849.000000 10151.000000 146816.000000 82880.000000 16576.000000 0.000000 0.000000 203023.000000 145639.000000 81199.000000 16759.000000 36864.000000 7580.000000 66995.000000 48646.000000 4000.000000 85568.000000 21312.000000 110592.000000 43008.000000 0.000000 39970.000000 69227.000000 3742.000000 104992.000000 41056.000000 0.000000 
41
0.000000 25872.000000 12288.000000 40391.000000 67356.000000 1871.000000 118400.000000 54464.000000 0.000000 0.000000 0.000000 1.000000 18432.000000 6742.000000 88387.000000 23565.000000 126272.000000 62016.000000 21888.000000 0.000000 0.000000 56160.000000 0.000000 14460.000000 68343.000000 38912.000000 101824.000000 94720.000000 30784.000000 0.000000 0.000000 3072.000000 24576.000000 82161.000000 67978.000000 8280.000000 144448.000000 80512.000000 14208.000000 0.000000 0.000000 209430.000000 145502.000000 81062.000000 16622.000000 36864.000000 7580.000000 65647.000000 50517.000000 800.000000 84096.000000 18944.000000 110592.000000 43008.000000 0.000000 39970.000000 69227.000000 3742.000000 104992.000000 41056.000000 0.000000 
42
0.000000 25764.000000 9216.000000 40391.000000 67356.000000 1871.000000 118400.000000 54464.000000 0.000000 0.000000 0.000000 1.000000 18432.000000 6766.000000 89956.000000 25436.000000 126272.000000 62016.000000 20736.000000 0.000000 0.000000 56052.000000 0.000000 14302.000000 68343.000000 38912.000000 101824.000000 94720.000000 30784.000000 0.000000 0.000000 2560.000000 24576.000000 86994.000000 64236.000000 7920.000000 144448.000000 80512.000000 14208.000000 0.000000 0.000000 201375.000000 145127.000000 80687.000000 16247.000000 33792.000000 7580.000000 65647.000000 48646.000000 800.000000 84992.000000 21312.000000 104448.000000 36864.000000 0.000000 40064.000000 71098.000000 5613.000000 105424.000000 41488.000000 0.000000 
43
0.000000 25764.000000 9216.000000 40391.000000 67356.000000 1871.000000 118400.000000 54464.000000 0.000000 0.000000 0.000000 1.000000 18432.000000 6670.000000 90329.000000 25809.000000 126272.000000 62016.000000 20736.000000 0.000000 0.000000 56052.000000 0.000000 14302.000000 68343.000000 38912.000000 101824.000000 94720.000000 30784.000000 0.000000 0.000000 3072.000000 24576.000000 86994.000000 64236.000000 7560.000000 144448.000000 80512.000000 14208.000000 0.000000 0.000000 201375.000000 145127.000000 80687.000000 16247.000000 33792.000000 0.000000 65647.000000 48646.000000 3600.000000 83200.000000 18944.000000 104448.000000 36864.000000 0.000000 38716.000000 69227.000000 5613.000000 107424.000000 41120.000000 0.000000 
44
0.000000 25872.000000 12288.000000 46536.000000 65485.000000 3072.000000 118400.000000 52096.000000 58896.000000 0.000000 0.000000 49152.000000 0.000000 9604.000000 116308.000000 53479.000000 150384.000000 86448.000000 20144.000000 0.000000 0.000000 0.000000 15360.000000 1372.000000 47866.000000 29936.000000 134592.000000 68544.000000 3264.000000 0.000000 0.000000 6144.000000 24576.000000 8232.000000 85308.000000 19823.000000 114752.000000 48960.000000 0.000000 0.000000 0.000000 212183.000000 153045.000000 88605.000000 16110.000000 23328.000000 7580.000000 61468.000000 57215.000000 11264.000000 122732.000000 58796.000000 6144.000000 27648.000000 0.000000 69389.000000 67878.000000 25600.000000 82880.000000 16576.000000 0.000000 
45
0.000000 25872.000000 12288.000000 40391.000000 67356.000000 3919.000000 118400.000000 52096.000000 58896.000000 0.000000 0.000000 43008.000000 0.000000 9604.000000 114437.000000 51608.000000 150016.000000 86080.000000 19776.000000 0.000000 0.000000 0.000000 15360.000000 1372.000000 48646.000000 28065.000000 131328.000000 65280.000000 0.000000 0.000000 0.000000 0.000000 24576.000000 8232.000000 85308.000000 19823.000000 115648.000000 48960.000000 0.000000 0.000000 0.000000 212183.000000 153045.000000 88605.000000 16110.000000 23328.000000 7580.000000 60936.000000 57562.000000 11264.000000 122732.000000 58796.000000 5632.000000 27648.000000 0.000000 63244.000000 62481.000000 25600.000000 80512.000000 14208.000000 0.000000 
46
0.000000 25764.000000 9216.000000 40391.000000 67356.000000 2895.000000 118400.000000 52096.000000 55624.000000 0.000000 0.000000 43008.000000 0.000000 9604.000000 114437.000000 51608.000000 150016.000000 86080.000000 19776.000000 0.000000 0.000000 0.000000 15360.000000 1372.000000 48646.000000 28065.000000 131328.000000 65280.000000 0.000000 0.000000 0.000000 0.000000 24576.000000 8074.000000 85681.000000 19448.000000 112384.000000 45696.000000 0.000000 0.000000 0.000000 219776.000000 161100.000000 88605.000000 24165.000000 20766.000000 7580.000000 60936.000000 57215.000000 10240.000000 124704.000000 60768.000000 6656.000000 27648.000000 0.000000 63244.000000 62481.000000 25600.000000 80512.000000 14208.000000 0.000000 
47
0.000000 25764.000000 9216.000000 40391.000000 67356.000000 2895.000000 118400.000000 52096.000000 55624.000000 0.000000 0.000000 43008.000000 0.000000 9604.000000 114437.000000 51608.000000 150016.000000 86080.000000 19776.000000 0.000000 0.000000 0.000000 15360.000000 2058.000000 44904.000000 29936.000000 131328.000000 68544.000000 3264.000000 0.000000 0.000000 0.000000 24576.000000 8074.000000 84933.000000 18700.000000 112384.000000 45696.000000 0.000000 0.000000 0.000000 211721.000000 153045.000000 80550.000000 16110.000000 20765.000000 0.000000 60936.000000 57547.000000 10240.000000 124704.000000 60768.000000 6656.000000 27648.000000 0.000000 64556.000000 62856.000000 25600.000000 80512.000000 14208.000000 0.000000 
48
0.000000 25872.000000 12288.000000 68210.000000 152728.000000 92320.000000 96928.000000 29312.000000 0.000000 0.000000 0.000000 49152.000000 0.000000 6684.000000 109349.000000 44527.000000 161024.000000 94720.000000 30784.000000 0.000000 0.000000 30720.000000 0.000000 2640.000000 29656.000000 33668.000000 104192.000000 89856.000000 25920.000000 0.000000 0.000000 73728.000000 6144.000000 0.000000 93327.000000 28063.000000 144448.000000 78144.000000 14208.000000 0.000000 0.000000 12803.000000 185344.000000 117760.000000 53760.000000 20736.000000 7580.000000 71039.000000 56495.000000 12288.000000 127872.000000 63936.000000 9728.000000 27648.000000 0.000000 193600.000000 132000.000000 70400.000000 116032.000000 52096.000000 0.000000 
49
0.000000 25764.000000 12288.000000 68210.000000 152728.000000 92320.000000 94560.000000 30208.000000 0.000000 0.000000 0.000000 44412.000000 0.000000 7428.000000 108601.000000 43779.000000 158656.000000 94720.000000 30784.000000 0.000000 0.000000 30720.000000 0.000000 2568.000000 31004.000000 32545.000000 101824.000000 89856.000000 25920.000000 0.000000 0.000000 73728.000000 6144.000000 0.000000 93552.000000 28811.000000 144448.000000 78144.000000 14208.000000 0.000000 0.000000 12948.000000 181760.000000 114176.000000 46592.000000 20736.000000 7580.000000 71562.000000 56206.000000 12288.000000 127872.000000 63936.000000 9728.000000 27648.000000 0.000000 193600.000000 132000.000000 70400.000000 116032.000000 52096.000000 0.000000 
50
0.000000 25764.000000 9216.000000 68210.000000 153017.000000 85680.000000 95824.000000 29312.000000 0.000000 0.000000 0.000000 44412.000000 0.000000 6766.000000 110170.000000 45650.000000 161024.000000 94720.000000 30784.000000 0.000000 0.000000 30720.000000 0.000000 2568.000000 31004.000000 31797.000000 101824.000000 89792.000000 25856.000000 0.000000 0.000000 67584.000000 0.000000 0.000000 93327.000000 28063.000000 144448.000000 78144.000000 14208.000000 0.000000 0.000000 12840.000000 181760.000000 114176.000000 50176.000000 18173.000000 7580.000000 69691.000000 56495.000000 11264.000000 125504.000000 61568.000000 9728.000000 27648.000000 0.000000 193600.000000 132000.000000 70400.000000 113664.000000 49728.000000 0.000000 
51
0.000000 25764.000000 9216.000000 63377.000000 150846.000000 84600.000000 94744.000000 26048.000000 0.000000 0.000000 0.000000 44304.000000 0.000000 7356.000000 110543.000000 46023.000000 158656.000000 94720.000000 28416.000000 0.000000 0.000000 29868.000000 0.000000 2616.000000 31004.000000 31797.000000 101824.000000 89792.000000 25856.000000 0.000000 0.000000 67584.000000 0.000000 0.000000 92952.000000 27688.000000 144448.000000 78144.000000 14208.000000 0.000000 0.000000 13775.000000 181760.000000 114176.000000 50176.000000 18173.000000 0.000000 69691.000000 56135.000000 11264.000000 125504.000000 61568.000000 9216.000000 27648.000000 0.000000 184800.000000 123200.000000 61600.000000 113664.000000 49728.000000 0.000000 
52
0.000000 25872.000000 12288.000000 111159.000000 68330.000000 27704.000000 85248.000000 18944.000000 0.000000 0.000000 0.000000 2.000000 18432.000000 6684.000000 108601.000000 43779.000000 158656.000000 94720.000000 28416.000000 0.000000 0.000000 44196.000000 0.000000 15146.000000 158400.000000 96800.000000 87968.000000 82880.000000 16576.000000 0.000000 0.000000 67584.000000 0.000000 8918.000000 76427.000000 10942.000000 144448.000000 78144.000000 14208.000000 0.000000 0.000000 47755.000000 150016.000000 82432.000000 14848.000000 36864.000000 7580.000000 43033.000000 52051.000000 4000.000000 101440.000000 39168.000000 98304.000000 36864.000000 0.000000 69389.000000 67878.000000 25600.000000 106176.000000 39168.000000 0.000000 
53
0.000000 25764.000000 12288.000000 106326.000000 68373.000000 26680.000000 82880.000000 18944.000000 0.000000 0.000000 0.000000 2.000000 18432.000000 6742.000000 108601.000000 43779.000000 158656.000000 94720.000000 28416.000000 0.000000 0.000000 44088.000000 0.000000 15146.000000 158400.000000 96800.000000 85600.000000 82880.000000 16576.000000 0.000000 0.000000 67584.000000 0.000000 8918.000000 74196.000000 10942.000000 144448.000000 78144.000000 14208.000000 0.000000 0.000000 47755.000000 150016.000000 82432.000000 14848.000000 36864.000000 7580.000000 43033.000000 52383.000000 3600.000000 102912.000000 39168.000000 98304.000000 36864.000000 0.000000 63244.000000 61733.000000 25600.000000 102912.000000 35904.000000 0.000000 
54
0.000000 25764.000000 9216.000000 106326.000000 68038.000000 26345.000000 80512.000000 16576.000000 0.000000 0.000000 0.000000 1.000000 18432.000000 6766.000000 110170.000000 45650.000000 158656.000000 92352.000000 28416.000000 0.000000 0.000000 44088.000000 0.000000 15516.000000 158400.000000 96800.000000 85600.000000 80512.000000 14208.000000 0.000000 0.000000 61440.000000 0.000000 8760.000000 74491.000000 10877.000000 144448.000000 78144.000000 14208.000000 0.000000 0.000000 47755.000000 150016.000000 82432.000000 14848.000000 33792.000000 7580.000000 43033.000000 54254.000000 3600.000000 102912.000000 39168.000000 98304.000000 36864.000000 0.000000 63244.000000 61733.000000 25600.000000 102912.000000 35904.000000 0.000000 
55
0.000000 25764.000000 9216.000000 106326.000000 68038.000000 26345.000000 80512.000000 16576.000000 0.000000 0.000000 0.000000 1.000000 18432.000000 6670.000000 110543.000000 46023.000000 158656.000000 94720.000000 28416.000000 0.000000 0.000000 44088.000000 0.000000 14988.000000 158400.000000 96800.000000 85600.000000 80512.000000 14208.000000 0.000000 0.000000 61440.000000 0.000000 8760.000000 74490.000000 10876.000000 144448.000000 78144.000000 14208.000000 0.000000 0.000000 55810.000000 148480.000000 80896.000000 19456.000000 33792.000000 0.000000 41162.000000 54254.000000 3600.000000 105280.000000 39168.000000 98304.000000 36864.000000 0.000000 64556.000000 62481.000000 25600.000000 100544.000000 35904.000000 0.000000 
56
0.000000 25872.000000 12288.000000 106326.000000 71225.000000 3960.000000 109360.000000 43056.000000 5790.000000 0.000000 0.000000 2.000000 18432.000000 6588.000000 108601.000000 43779.000000 158656.000000 94720.000000 28416.000000 0.000000 0.000000 50232.000000 0.000000 0.000000 55323.000000 33678.000000 104192.000000 66752.000000 0.000000 0.000000 0.000000 30720.000000 0.000000 30725.000000 94898.000000 29936.000000 128356.000000 64420.000000 0.000000 0.000000 0.000000 35712.000000 221184.000000 153600.000000 86016.000000 21504.000000 7580.000000 75119.000000 57194.000000 17408.000000 103092.000000 39156.000000 98304.000000 36864.000000 0.000000 86994.000000 70940.000000 3742.000000 118400.000000 54464.000000 0.000000 
57
0.000000 25764.000000 12288.000000 106326.000000 71557.000000 4320.000000 109360.000000 43056.000000 4825.000000 0.000000 0.000000 1.000000 18432.000000 6598.000000 108601.000000 43779.000000 158656.000000 94720.000000 28416.000000 0.000000 0.000000 50124.000000 0.000000 0.000000 54791.000000 37420.000000 101824.000000 67840.000000 1152.000000 0.000000 0.000000 30720.000000 0.000000 24580.000000 95421.000000 29936.000000 127776.000000 63840.000000 0.000000 0.000000 0.000000 35712.000000 216064.000000 154624.000000 89600.000000 21504.000000 7580.000000 73807.000000 54791.000000 17408.000000 103912.000000 39976.000000 98304.000000 36864.000000 0.000000 82161.000000 69849.000000 1871.000000 116032.000000 52096.000000 0.000000 
58
0.000000 25764.000000 9216.000000 106326.000000 71557.000000 4320.000000 108960.000000 42656.000000 4825.000000 0.000000 0.000000 0.000000 18432.000000 6598.000000 110170.000000 45650.000000 158656.000000 92352.000000 28416.000000 0.000000 0.000000 50124.000000 0.000000 0.000000 54791.000000 37420.000000 101824.000000 67840.000000 1152.000000 0.000000 0.000000 24576.000000 0.000000 24580.000000 95421.000000 29936.000000 127776.000000 63840.000000 0.000000 0.000000 0.000000 35712.000000 222208.000000 154624.000000 89600.000000 21504.000000 7580.000000 73807.000000 54791.000000 17408.000000 104046.000000 40110.000000 98304.000000 36864.000000 0.000000 86994.000000 66107.000000 0.000000 116032.000000 52096.000000 0.000000 
59
0.000000 25764.000000 9216.000000 106326.000000 71557.000000 4320.000000 108960.000000 42656.000000 4825.000000 0.000000 0.000000 1.000000 18432.000000 6622.000000 110543.000000 46023.000000 156288.000000 92352.000000 26048.000000 0.000000 0.000000 50124.000000 0.000000 0.000000 54791.000000 35549.000000 101824.000000 67840.000000 1152.000000 0.000000 0.000000 24576.000000 0.000000 24580.000000 93550.000000 28065.000000 128308.000000 64372.000000 0.000000 0.000000 0.000000 35712.000000 212480.000000 151040.000000 82432.000000 17920.000000 0.000000 75119.000000 52920.000000 17408.000000 104046.000000 40110.000000 98304.000000 36864.000000 0.000000 86994.000000 64236.000000 0.000000 116032.000000 52096.000000 0.000000 
60
0.000000 25872.000000 12288.000000 106326.000000 71557.000000 4320.000000 123136.000000 56832.000000 0.000000 0.000000 0.000000 6144.000000 18432.000000 0.000000 167200.000000 96800.000000 158336.000000 89984.000000 23680.000000 0.000000 0.000000 0.000000 15360.000000 1372.000000 48646.000000 32025.000000 131328.000000 65280.000000 4080.000000 0.000000 0.000000 3072.000000 24576.000000 43984.000000 74840.000000 16915.000000 111168.000000 45376.000000 1152.000000 0.000000 0.000000 201375.000000 144103.000000 79663.000000 15223.000000 36864.000000 7580.000000 44904.000000 53146.000000 4000.000000 101440.000000 39168.000000 93696.000000 26112.000000 0.000000 82161.000000 63145.000000 1024.000000 116032.000000 52096.000000 0.000000 
61
0.000000 25764.000000 12288.000000 106326.000000 71197.000000 3960.000000 120768.000000 54464.000000 0.000000 0.000000 0.000000 6144.000000 18432.000000 0.000000 176000.000000 105600.000000 160032.000000 89984.000000 26048.000000 0.000000 0.000000 0.000000 15360.000000 1372.000000 47866.000000 32025.000000 132224.000000 68544.000000 7584.000000 0.000000 0.000000 2560.000000 24576.000000 43984.000000 72969.000000 16915.000000 108800.000000 45376.000000 2304.000000 0.000000 0.000000 193320.000000 143728.000000 79288.000000 10752.000000 36864.000000 7580.000000 43033.000000 53146.000000 3600.000000 102912.000000 39168.000000 93184.000000 25600.000000 0.000000 82161.000000 63145.000000 1024.000000 116032.000000 52096.000000 0.000000 
62
0.000000 25764.000000 9216.000000 106326.000000 71197.000000 3960.000000 120768.000000 54464.000000 0.000000 0.000000 0.000000 0.000000 18432.000000 0.000000 167200.000000 96800.000000 158336.000000 89984.000000 23680.000000 0.000000 0.000000 0.000000 15360.000000 1372.000000 44904.000000 33896.000000 128960.000000 65280.000000 4800.000000 0.000000 0.000000 2560.000000 24576.000000 43984.000000 71098.000000 17204.000000 108800.000000 45376.000000 2304.000000 0.000000 0.000000 193320.000000 143728.000000 79288.000000 10752.000000 33792.000000 7580.000000 43033.000000 53159.000000 3600.000000 102912.000000 39168.000000 93184.000000 25600.000000 0.000000 82161.000000 66107.000000 0.000000 116032.000000 52096.000000 0.000000 
63
0.000000 25764.000000 9216.000000 106326.000000 71197.000000 3960.000000 120768.000000 54464.000000 0.000000 0.000000 0.000000 0.000000 18432.000000 0.000000 176000.000000 105600.000000 160032.000000 89984.000000 26048.000000 0.000000 0.000000 0.000000 15360.000000 2058.000000 46775.000000 31686.000000 128960.000000 62016.000000 4800.000000 0.000000 0.000000 4608.000000 24576.000000 43292.000000 71098.000000 17133.000000 108800.000000 45376.000000 2304.000000 0.000000 0.000000 193320.000000 143728.000000 79288.000000 10752.000000 33792.000000 0.000000 43033.000000 53131.000000 3600.000000 102016.000000 35904.000000 93184.000000 25600.000000 0.000000 82161.000000 64236.000000 0.000000 116032.000000 52096.000000 0.000000 
64
0.000000 31908.000000 0.000000 5983.000000 74840.000000 9355.000000 80304.000000 47168.000000 42536.000000 0.000000 0.000000 38052.000000 0.000000 5902.000000 114131.000000 48646.000000 114960.000000 49056.000000 0.000000 0.000000 0.000000 56160.000000 0.000000 1372.000000 47866.000000 37065.000000 116416.000000 50112.000000 25799.000000 0.000000 0.000000 86016.000000 18432.000000 89136.000000 73226.000000 174684.000000 114400.000000 44000.000000 53200.000000 0.000000 0.000000 201375.000000 144103.000000 79663.000000 15223.000000 36864.000000 23780.000000 41162.000000 65483.000000 8800.000000 127872.000000 61568.000000 0.000000 27648.000000 0.000000 69389.000000 67130.000000 24576.000000 102912.000000 39168.000000 0.000000 
65
0.000000 31800.000000 0.000000 5983.000000 74840.000000 11226.000000 80336.000000 42800.000000 39264.000000 0.000000 0.000000 38052.000000 0.000000 5912.000000 116002.000000 50517.000000 114992.000000 48688.000000 0.000000 0.000000 0.000000 56160.000000 0.000000 1372.000000 44904.000000 37425.000000 114048.000000 47744.000000 25799.000000 0.000000 0.000000 86016.000000 18432.000000 89136.000000 73226.000000 174684.000000 114400.000000 44000.000000 50400.000000 0.000000 0.000000 193320.000000 143728.000000 79288.000000 10752.000000 36864.000000 22880.000000 41162.000000 64735.000000 9200.000000 125504.000000 59200.000000 0.000000 27648.000000 0.000000 63244.000000 62856.000000 24576.000000 103808.000000 39168.000000 0.000000 
66
0.000000 31800.000000 0.000000 4632.000000 74840.000000 11226.000000 79936.000000 45200.000000 39264.000000 0.000000 0.000000 38052.000000 0.000000 5912.000000 116002.000000 50517.000000 114592.000000 48288.000000 0.000000 0.000000 0.000000 56052.000000 0.000000 1372.000000 48646.000000 37065.000000 114048.000000 47744.000000 25799.000000 0.000000 0.000000 79872.000000 12288.000000 89136.000000 73226.000000 165884.000000 105600.000000 35200.000000 50400.000000 0.000000 0.000000 193320.000000 143728.000000 79288.000000 12288.000000 33792.000000 18000.000000 41162.000000 64735.000000 8800.000000 125504.000000 59200.000000 0.000000 27648.000000 0.000000 64556.000000 61360.000000 24576.000000 100544.000000 35904.000000 0.000000 
67
0.000000 31800.000000 0.000000 5790.000000 72969.000000 9355.000000 79936.000000 45600.000000 42536.000000 0.000000 0.000000 38052.000000 0.000000 5936.000000 116002.000000 50517.000000 114592.000000 48288.000000 0.000000 0.000000 0.000000 56052.000000 0.000000 2058.000000 46775.000000 37065.000000 114048.000000 47744.000000 25799.000000 0.000000 0.000000 79872.000000 12288.000000 90448.000000 67613.000000 169071.000000 105600.000000 44000.000000 50400.000000 0.000000 0.000000 193320.000000 143728.000000 79288.000000 11264.000000 33792.000000 18000.000000 41162.000000 65108.000000 8800.000000 125504.000000 59200.000000 0.000000 27648.000000 0.000000 64556.000000 61360.000000 24576.000000 100544.000000 35904.000000 0.000000 
68
0.000000 31908.000000 0.000000 26334.000000 64770.000000 25600.000000 105280.000000 39168.000000 0.000000 0.000000 0.000000 49152.000000 0.000000 6588.000000 108601.000000 43779.000000 158656.000000 94720.000000 28416.000000 0.000000 0.000000 56160.000000 0.000000 1372.000000 48646.000000 32456.000000 101824.000000 97088.000000 30784.000000 0.000000 0.000000 6656.000000 24576.000000 45440.000000 74840.000000 161906.000000 96800.000000 35200.000000 6912.000000 0.000000 0.000000 201375.000000 144103.000000 79663.000000 15223.000000 36864.000000 7580.000000 59597.000000 58739.000000 7600.000000 125504.000000 59200.000000 7168.000000 27648.000000 0.000000 69389.000000 67130.000000 24576.000000 99648.000000 35904.000000 0.000000 
69
0.000000 31800.000000 0.000000 26334.000000 64770.000000 25600.000000 102912.000000 35904.000000 0.000000 0.000000 0.000000 44412.000000 0.000000 6598.000000 108601.000000 43779.000000 158656.000000 94720.000000 28416.000000 0.000000 0.000000 56160.000000 0.000000 1372.000000 47866.000000 32392.000000 101824.000000 97088.000000 30784.000000 0.000000 0.000000 6144.000000 24576.000000 45440.000000 72969.000000 170635.000000 105600.000000 44000.000000 6912.000000 0.000000 0.000000 193320.000000 144240.000000 79800.000000 12288.000000 36864.000000 7580.000000 60936.000000 57991.000000 7200.000000 125504.000000 59200.000000 6656.000000 27648.000000 0.000000 63244.000000 62856.000000 24576.000000 103808.000000 39168.000000 0.000000 
70
0.000000 31800.000000 0.000000 26334.000000 64770.000000 25600.000000 102912.000000 35904.000000 0.000000 0.000000 0.000000 44412.000000 0.000000 6622.000000 110170.000000 45650.000000 158656.000000 92352.000000 28416.000000 0.000000 0.000000 56052.000000 0.000000 1372.000000 48646.000000 32392.000000 101824.000000 97088.000000 30784.000000 0.000000 0.000000 6144.000000 24576.000000 46060.000000 74840.000000 161835.000000 96800.000000 35200.000000 5760.000000 0.000000 0.000000 193320.000000 144240.000000 79800.000000 12288.000000 33792.000000 0.000000 60936.000000 57991.000000 7200.000000 125504.000000 59200.000000 6656.000000 27648.000000 0.000000 64556.000000 61360.000000 24576.000000 103808.000000 39168.000000 0.000000 
71
0.000000 31800.000000 0.000000 25080.000000 64699.000000 25600.000000 103808.000000 39168.000000 0.000000 0.000000 0.000000 44304.000000 0.000000 6622.000000 110543.000000 46023.000000 156288.000000 92352.000000 26048.000000 0.000000 0.000000 56052.000000 0.000000 2058.000000 46775.000000 32392.000000 101824.000000 94720.000000 30784.000000 0.000000 0.000000 6144.000000 24576.000000 45368.000000 72969.000000 161764.000000 96800.000000 35200.000000 6912.000000 0.000000 0.000000 193320.000000 143728.000000 79288.000000 11776.000000 33792.000000 0.000000 60936.000000 57991.000000 6800.000000 125504.000000 59200.000000 6656.000000 27648.000000 0.000000 64556.000000 61360.000000 24576.000000 100544.000000 35904.000000 0.000000 
72
0.000000 31908.000000 0.000000 68210.000000 269737.000000 202400.000000 140800.000000 79200.000000 8800.000000 0.000000 0.000000 0.000000 18432.000000 6588.000000 116002.000000 52388.000000 104192.000000 50256.000000 2900.000000 0.000000 0.000000 30720.000000 0.000000 15146.000000 69691.000000 34505.000000 101824.000000 94720.000000 30784.000000 0.000000 0.000000 0.000000 24576.000000 8520.000000 92579.000000 29186.000000 144448.000000 78144.000000 14208.000000 0.000000 0.000000 201375.000000 155367.000000 90927.000000 26487.000000 12288.000000 1632.000000 68974.000000 54791.000000 4000.000000 101440.000000 39168.000000 110592.000000 43008.000000 0.000000 42820.000000 72969.000000 9355.000000 103856.000000 38720.000000 0.000000 
73
0.000000 31800.000000 0.000000 68210.000000 269737.000000 202400.000000 140800.000000 79200.000000 8800.000000 0.000000 0.000000 4608.000000 18432.000000 5912.000000 116002.000000 50517.000000 104192.000000 48288.000000 2900.000000 0.000000 0.000000 30720.000000 0.000000 14988.000000 68343.000000 34130.000000 101824.000000 94720.000000 30784.000000 0.000000 0.000000 0.000000 24576.000000 8520.000000 92952.000000 27688.000000 144448.000000 78144.000000 14208.000000 0.000000 0.000000 201375.000000 155367.000000 90927.000000 26487.000000 12288.000000 1632.000000 73807.000000 52920.000000 3600.000000 102912.000000 39168.000000 110592.000000 43008.000000 0.000000 43343.000000 72969.000000 7484.000000 106256.000000 39920.000000 0.000000 
74
0.000000 31800.000000 0.000000 63377.000000 268646.000000 202400.000000 140800.000000 79200.000000 8800.000000 0.000000 0.000000 4096.000000 18432.000000 6622.000000 114131.000000 48646.000000 104192.000000 50256.000000 2320.000000 0.000000 0.000000 30720.000000 0.000000 14988.000000 68343.000000 33770.000000 101824.000000 94720.000000 30784.000000 0.000000 0.000000 0.000000 24576.000000 5680.000000 92952.000000 27688.000000 144448.000000 78144.000000 14208.000000 0.000000 0.000000 201375.000000 155367.000000 90927.000000 26487.000000 9216.000000 1632.000000 73807.000000 52920.000000 3600.000000 102912.000000 39168.000000 104448.000000 36864.000000 0.000000 41616.000000 72969.000000 7484.000000 103016.000000 36648.000000 0.000000 
75
0.000000 31800.000000 0.000000 63377.000000 265652.000000 202400.000000 140800.000000 79200.000000 8800.000000 0.000000 0.000000 4096.000000 18432.000000 5936.000000 114131.000000 48646.000000 104192.000000 50256.000000 2320.000000 0.000000 0.000000 29868.000000 0.000000 14988.000000 68343.000000 34102.000000 101824.000000 94720.000000 30784.000000 0.000000 0.000000 0.000000 24576.000000 5680.000000 92952.000000 27688.000000 144448.000000 78144.000000 14208.000000 0.000000 0.000000 209430.000000 155230.000000 90790.000000 26350.000000 9216.000000 1728.000000 75119.000000 52920.000000 3600.000000 102016.000000 35904.000000 104448.000000 36864.000000 0.000000 43343.000000 72969.000000 7484.000000 105888.000000 39520.000000 0.000000 
76
0.000000 31908.000000 0.000000 68210.000000 68437.000000 25600.000000 105280.000000 39168.000000 0.000000 0.000000 0.000000 18756.000000 27648.000000 6588.000000 88387.000000 23565.000000 122368.000000 58688.000000 3456.000000 0.000000 0.000000 0.000000 15360.000000 1372.000000 47866.000000 32118.000000 101824.000000 97088.000000 30784.000000 0.000000 0.000000 12288.000000 27648.000000 108468.000000 89790.000000 24323.000000 144448.000000 78144.000000 14208.000000 0.000000 0.000000 201375.000000 143591.000000 79151.000000 14711.000000 36864.000000 7580.000000 44904.000000 53866.000000 17408.000000 104244.000000 40308.000000 129024.000000 67584.000000 0.000000 54916.000000 84195.000000 18710.000000 87424.000000 22848.000000 0.000000 
77
0.000000 31800.000000 0.000000 68210.000000 67689.000000 25600.000000 102912.000000 39168.000000 0.000000 0.000000 0.000000 18756.000000 27648.000000 6598.000000 88387.000000 23565.000000 122368.000000 58688.000000 3456.000000 0.000000 0.000000 0.000000 15360.000000 1372.000000 48646.000000 32385.000000 101824.000000 97088.000000 30784.000000 0.000000 0.000000 12288.000000 24576.000000 108468.000000 87919.000000 22452.000000 144448.000000 78144.000000 14208.000000 0.000000 0.000000 193320.000000 143728.000000 79288.000000 10752.000000 36864.000000 7580.000000 43033.000000 53562.000000 17408.000000 104244.000000 40308.000000 122880.000000 61440.000000 0.000000 53045.000000 84195.000000 18710.000000 87424.000000 22848.000000 0.000000 
78
0.000000 31800.000000 0.000000 63377.000000 64352.000000 25600.000000 106176.000000 39168.000000 0.000000 0.000000 0.000000 18756.000000 27648.000000 6622.000000 91677.000000 25809.000000 121472.000000 58688.000000 2304.000000 0.000000 0.000000 0.000000 15360.000000 1372.000000 48646.000000 32385.000000 101824.000000 97088.000000 30784.000000 0.000000 0.000000 6144.000000 24576.000000 109780.000000 94064.000000 24323.000000 144448.000000 78144.000000 14208.000000 0.000000 0.000000 193320.000000 143728.000000 79288.000000 10752.000000 33792.000000 0.000000 43033.000000 53851.000000 17408.000000 103912.000000 39976.000000 122880.000000 61440.000000 0.000000 53045.000000 84195.000000 18710.000000 84160.000000 19584.000000 0.000000 
79
0.000000 31800.000000 0.000000 63377.000000 64352.000000 25600.000000 102912.000000 35904.000000 0.000000 0.000000 0.000000 18660.000000 30720.000000 6622.000000 90929.000000 25061.000000 119104.000000 56320.000000 2304.000000 0.000000 0.000000 0.000000 15360.000000 2058.000000 46775.000000 32385.000000 101824.000000 97088.000000 30784.000000 0.000000 0.000000 6144.000000 24576.000000 103635.000000 95403.000000 26194.000000 144448.000000 78144.000000 14208.000000 0.000000 0.000000 193320.000000 143728.000000 79288.000000 10240.000000 33792.000000 48.000000 43033.000000 53534.000000 17408.000000 103912.000000 39976.000000 122880.000000 61440.000000 0.000000 54299.000000 82324.000000 18710.000000 82688.000000 19584.000000 0.000000 
