0
0.000000 955392.000000 742560.000000 82184.000000 36768.000000 49152.000000 19328.000000 0.000000 119808.000000 4096.000000 0.000000 2204544.000000 878592.000000 61338.000000 617198.000000 0.000000 25856.000000 9696.000000 179712.000000 90976.000000 0.000000 1011712.000000 9408.000000 142464.000000 280032.000000 9696.000000 25856.000000 155136.000000 0.000000 79168.000000 0.000000 2024832.000000 982464.000000 122924.000000 29360.000000 0.000000 268544.000000 0.000000 84480.000000 13824.000000 0.000000 620018.000000 41352.000000 0.000000 0.000000 8488.000000 85392.000000 363775.000000 9696.000000 9056.000000 107264.000000 0.000000 2336376.000000 0.000000 11400.000000 100882.000000 56896.000000 1024.000000 38656.000000 0.000000 36956.000000 
1
0.000000 955392.000000 742560.000000 82184.000000 36768.000000 49152.000000 19328.000000 0.000000 119808.000000 4096.000000 0.000000 2204544.000000 878592.000000 61338.000000 617198.000000 0.000000 25856.000000 9696.000000 179712.000000 90976.000000 0.000000 1011712.000000 9408.000000 142464.000000 280032.000000 9696.000000 25856.000000 155136.000000 0.000000 79168.000000 0.000000 2024832.000000 982464.000000 122924.000000 29360.000000 0.000000 268544.000000 0.000000 84480.000000 13824.000000 0.000000 620018.000000 41352.000000 0.000000 0.000000 8488.000000 85392.000000 363775.000000 9696.000000 9056.000000 107264.000000 0.000000 2336376.000000 0.000000 11400.000000 100882.000000 56896.000000 1024.000000 38656.000000 0.000000 36956.000000 
2
0.000000 955392.000000 742560.000000 82184.000000 36768.000000 49152.000000 19328.000000 0.000000 119808.000000 4096.000000 0.000000 2204544.000000 878592.000000 61338.000000 617198.000000 0.000000 25856.000000 9696.000000 179712.000000 90976.000000 0.000000 1011712.000000 9408.000000 142464.000000 280032.000000 9696.000000 25856.000000 155136.000000 0.000000 79168.000000 0.000000 2024832.000000 982464.000000 122924.000000 29360.000000 0.000000 268544.000000 0.000000 84480.000000 13824.000000 0.000000 620018.000000 41352.000000 0.000000 0.000000 8488.000000 85392.000000 363775.000000 9696.000000 9056.000000 107264.000000 0.000000 2336376.000000 0.000000 11400.000000 100882.000000 56896.000000 1024.000000 38656.000000 0.000000 36956.000000 
3
0.000000 955392.000000 742560.000000 82184.000000 36768.000000 49152.000000 19328.000000 0.000000 119808.000000 4096.000000 0.000000 2204544.000000 878592.000000 61338.000000 617198.000000 0.000000 25856.000000 9696.000000 179712.000000 90976.000000 0.000000 1011712.000000 9408.000000 142464.000000 280032.000000 9696.000000 25856.000000 155136.000000 0.000000 79168.000000 0.000000 2024832.000000 982464.000000 122924.000000 29360.000000 0.000000 268544.000000 0.000000 84480.000000 13824.000000 0.000000 620018.000000 41352.000000 0.000000 0.000000 8488.000000 85392.000000 363775.000000 9696.000000 9056.000000 107264.000000 0.000000 2336376.000000 0.000000 11400.000000 100882.000000 56896.000000 1024.000000 38656.000000 0.000000 36956.000000 
4
0.000000 955392.000000 742560.000000 83083.000000 20848.000000 0.000000 38784.000000 0.000000 47424.000000 4096.000000 0.000000 995330.000000 19560.000000 61414.000000 125568.000000 51712.000000 71040.000000 0.000000 0.000000 58164.000000 0.000000 2668544.000000 7296.000000 61338.000000 170976.000000 61408.000000 180992.000000 0.000000 36864.000000 33488.000000 0.000000 1606528.000000 920352.000000 122828.000000 74464.000000 0.000000 74752.000000 0.000000 155136.000000 83136.000000 0.000000 282370.000000 0.000000 0.000000 0.000000 8128.000000 80932.000000 142130.000000 0.000000 0.000000 25856.000000 0.000000 2413901.000000 0.000000 11400.000000 83086.000000 14592.000000 0.000000 87264.000000 0.000000 0.000000 
5
0.000000 955392.000000 742560.000000 83083.000000 20848.000000 0.000000 38784.000000 0.000000 47424.000000 4096.000000 0.000000 995330.000000 19560.000000 61414.000000 125568.000000 51712.000000 71040.000000 0.000000 0.000000 58164.000000 0.000000 2668544.000000 7296.000000 61338.000000 170976.000000 61408.000000 180992.000000 0.000000 36864.000000 33488.000000 0.000000 1606528.000000 920352.000000 122828.000000 74464.000000 0.000000 74752.000000 0.000000 155136.000000 83136.000000 0.000000 282370.000000 0.000000 0.000000 0.000000 8128.000000 80932.000000 142130.000000 0.000000 0.000000 25856.000000 0.000000 2413901.000000 0.000000 11400.000000 83086.000000 14592.000000 0.000000 87264.000000 0.000000 0.000000 
6
0.000000 955392.000000 742560.000000 83083.000000 20848.000000 0.000000 38784.000000 0.000000 47424.000000 4096.000000 0.000000 995330.000000 19560.000000 61414.000000 125568.000000 51712.000000 71040.000000 0.000000 0.000000 58164.000000 0.000000 2668544.000000 7296.000000 61338.000000 170976.000000 61408.000000 180992.000000 0.000000 36864.000000 33488.000000 0.000000 1606528.000000 920352.000000 122828.000000 74464.000000 0.000000 74752.000000 0.000000 155136.000000 83136.000000 0.000000 282370.000000 0.000000 0.000000 0.000000 8128.000000 80932.000000 142130.000000 0.000000 0.000000 25856.000000 0.000000 2413901.000000 0.000000 11400.000000 83086.000000 14592.000000 0.000000 87264.000000 0.000000 0.000000 
7
0.000000 955392.000000 742560.000000 83083.000000 20848.000000 0.000000 38784.000000 0.000000 47424.000000 4096.000000 0.000000 995330.000000 19560.000000 61414.000000 125568.000000 51712.000000 71040.000000 0.000000 0.000000 58164.000000 0.000000 2668544.000000 7296.000000 61338.000000 170976.000000 61408.000000 180992.000000 0.000000 36864.000000 33488.000000 0.000000 1606528.000000 920352.000000 122828.000000 74464.000000 0.000000 74752.000000 0.000000 155136.000000 83136.000000 0.000000 282370.000000 0.000000 0.000000 0.000000 8128.000000 80932.000000 142130.000000 0.000000 0.000000 25856.000000 0.000000 2413901.000000 0.000000 11400.000000 83086.000000 14592.000000 0.000000 87264.000000 0.000000 0.000000 
8
0.000000 955392.000000 742560.000000 466578.000000 19392.000000 0.000000 38656.000000 0.000000 47424.000000 4096.000000 0.000000 987138.000000 19560.000000 61337.000000 642530.000000 0.000000 38656.000000 17920.000000 0.000000 512.000000 0.000000 987139.000000 0.000000 62492.000000 12608.000000 53696.000000 72704.000000 0.000000 38912.000000 2560.000000 0.000000 914432.000000 4680.000000 348101.000000 19392.000000 0.000000 117376.000000 0.000000 0.000000 97984.000000 0.000000 49314.000000 0.000000 0.000000 0.000000 703104.000000 66960.000000 266371.000000 9696.000000 9056.000000 107136.000000 2048.000000 2491860.000000 0.000000 11400.000000 86172.000000 44512.000000 51200.000000 26368.000000 0.000000 282624.000000 
9
0.000000 955392.000000 742560.000000 466578.000000 19392.000000 0.000000 38656.000000 0.000000 47424.000000 4096.000000 0.000000 987138.000000 19560.000000 61337.000000 642530.000000 0.000000 38656.000000 17920.000000 0.000000 512.000000 0.000000 987139.000000 0.000000 62492.000000 12608.000000 53696.000000 72704.000000 0.000000 38912.000000 2560.000000 0.000000 914432.000000 4680.000000 348101.000000 19392.000000 0.000000 117376.000000 0.000000 0.000000 97984.000000 0.000000 49314.000000 0.000000 0.000000 0.000000 703104.000000 66960.000000 266371.000000 9696.000000 9056.000000 107136.000000 2048.000000 2491860.000000 0.000000 11400.000000 86172.000000 44512.000000 51200.000000 26368.000000 0.000000 282624.000000 
10
0.000000 955392.000000 742560.000000 466578.000000 19392.000000 0.000000 38656.000000 0.000000 47424.000000 4096.000000 0.000000 987138.000000 19560.000000 61337.000000 642530.000000 0.000000 38656.000000 17920.000000 0.000000 512.000000 0.000000 987139.000000 0.000000 62492.000000 12608.000000 53696.000000 72704.000000 0.000000 38912.000000 2560.000000 0.000000 914432.000000 4680.000000 348101.000000 19392.000000 0.000000 117376.000000 0.000000 0.000000 97984.000000 0.000000 49314.000000 0.000000 0.000000 0.000000 703104.000000 66960.000000 266371.000000 9696.000000 9056.000000 107136.000000 2048.000000 2491860.000000 0.000000 11400.000000 86172.000000 44512.000000 51200.000000 26368.000000 0.000000 282624.000000 
11
0.000000 955392.000000 742560.000000 466578.000000 19392.000000 0.000000 38656.000000 0.000000 47424.000000 4096.000000 0.000000 987138.000000 19560.000000 61337.000000 642530.000000 0.000000 38656.000000 17920.000000 0.000000 512.000000 0.000000 987139.000000 0.000000 62492.000000 12608.000000 53696.000000 72704.000000 0.000000 38912.000000 2560.000000 0.000000 914432.000000 4680.000000 348101.000000 19392.000000 0.000000 117376.000000 0.000000 0.000000 97984.000000 0.000000 49314.000000 0.000000 0.000000 0.000000 703104.000000 66960.000000 266371.000000 9696.000000 9056.000000 107136.000000 2048.000000 2491860.000000 0.000000 11400.000000 86172.000000 44512.000000 51200.000000 26368.000000 0.000000 282624.000000 
12
0.000000 955392.000000 742560.000000 454274.000000 19296.000000 0.000000 37760.000000 0.000000 21696.000000 4096.000000 0.000000 2201344.000000 879072.000000 97422.000000 66720.000000 51712.000000 74240.000000 0.000000 115200.000000 83508.000000 0.000000 978947.000000 0.000000 62427.000000 19152.000000 9600.000000 25728.000000 155136.000000 0.000000 149724.000000 0.000000 996352.000000 52680.000000 308271.000000 9696.000000 0.000000 62208.000000 0.000000 0.000000 7680.000000 0.000000 341554.000000 1570048.000000 0.000000 0.000000 520800.000000 66944.000000 255310.000000 9600.000000 9056.000000 113792.000000 0.000000 2629760.000000 0.000000 11400.000000 166366.000000 0.000000 46592.000000 65120.000000 0.000000 158300.000000 
13
0.000000 955392.000000 742560.000000 454274.000000 19296.000000 0.000000 37760.000000 0.000000 21696.000000 4096.000000 0.000000 2201344.000000 879072.000000 97422.000000 66720.000000 51712.000000 74240.000000 0.000000 115200.000000 83508.000000 0.000000 978947.000000 0.000000 62427.000000 19152.000000 9600.000000 25728.000000 155136.000000 0.000000 149724.000000 0.000000 996352.000000 52680.000000 308271.000000 9696.000000 0.000000 62208.000000 0.000000 0.000000 7680.000000 0.000000 341554.000000 1570048.000000 0.000000 0.000000 520800.000000 66944.000000 255310.000000 9600.000000 9056.000000 113792.000000 0.000000 2629760.000000 0.000000 11400.000000 166366.000000 0.000000 46592.000000 65120.000000 0.000000 158300.000000 
14
0.000000 955392.000000 742560.000000 454274.000000 19296.000000 0.000000 37760.000000 0.000000 21696.000000 4096.000000 0.000000 2201344.000000 879072.000000 97422.000000 66720.000000 51712.000000 74240.000000 0.000000 115200.000000 83508.000000 0.000000 978947.000000 0.000000 62427.000000 19152.000000 9600.000000 25728.000000 155136.000000 0.000000 149724.000000 0.000000 996352.000000 52680.000000 308271.000000 9696.000000 0.000000 62208.000000 0.000000 0.000000 7680.000000 0.000000 341554.000000 1570048.000000 0.000000 0.000000 520800.000000 66944.000000 255310.000000 9600.000000 9056.000000 113792.000000 0.000000 2629760.000000 0.000000 11400.000000 166366.000000 0.000000 46592.000000 65120.000000 0.000000 158300.000000 
15
0.000000 955392.000000 742560.000000 454274.000000 19296.000000 0.000000 37760.000000 0.000000 21696.000000 4096.000000 0.000000 2201344.000000 879072.000000 97422.000000 66720.000000 51712.000000 74240.000000 0.000000 115200.000000 83508.000000 0.000000 978947.000000 0.000000 62427.000000 19152.000000 9600.000000 25728.000000 155136.000000 0.000000 149724.000000 0.000000 996352.000000 52680.000000 308271.000000 9696.000000 0.000000 62208.000000 0.000000 0.000000 7680.000000 0.000000 341554.000000 1570048.000000 0.000000 0.000000 520800.000000 66944.000000 255310.000000 9600.000000 9056.000000 113792.000000 0.000000 2629760.000000 0.000000 11400.000000 166366.000000 0.000000 46592.000000 65120.000000 0.000000 158300.000000 
16
0.000000 955392.000000 742560.000000 40600.000000 29088.000000 0.000000 35552.000000 0.000000 260928.000000 3584.000000 0.000000 987138.000000 19560.000000 28320.000000 176160.000000 0.000000 58368.000000 0.000000 115200.000000 48128.000000 0.000000 3550464.000000 7296.000000 28320.000000 18000.000000 0.000000 25728.000000 128.000000 45056.000000 1536.000000 0.000000 1029120.000000 816960.000000 28320.000000 57472.000000 768.000000 209280.000000 0.000000 0.000000 97984.000000 0.000000 58252.000000 1245184.000000 0.000000 0.000000 0.000000 216967.000000 21231.000000 58848.000000 36352.000000 57728.000000 0.000000 744192.000000 833856.000000 10800.000000 39632.000000 19392.000000 0.000000 55104.000000 0.000000 202844.000000 
17
0.000000 955392.000000 742560.000000 40600.000000 29088.000000 0.000000 35552.000000 0.000000 260928.000000 3584.000000 0.000000 987138.000000 19560.000000 28320.000000 176160.000000 0.000000 58368.000000 0.000000 115200.000000 48128.000000 0.000000 3550464.000000 7296.000000 28320.000000 18000.000000 0.000000 25728.000000 128.000000 45056.000000 1536.000000 0.000000 1029120.000000 816960.000000 28320.000000 57472.000000 768.000000 209280.000000 0.000000 0.000000 97984.000000 0.000000 58252.000000 1245184.000000 0.000000 0.000000 0.000000 216967.000000 21231.000000 58848.000000 36352.000000 57728.000000 0.000000 744192.000000 833856.000000 10800.000000 39632.000000 19392.000000 0.000000 55104.000000 0.000000 202844.000000 
18
0.000000 955392.000000 742560.000000 40600.000000 29088.000000 0.000000 35552.000000 0.000000 260928.000000 3584.000000 0.000000 987138.000000 19560.000000 28320.000000 176160.000000 0.000000 58368.000000 0.000000 115200.000000 48128.000000 0.000000 3550464.000000 7296.000000 28320.000000 18000.000000 0.000000 25728.000000 128.000000 45056.000000 1536.000000 0.000000 1029120.000000 816960.000000 28320.000000 57472.000000 768.000000 209280.000000 0.000000 0.000000 97984.000000 0.000000 58252.000000 1245184.000000 0.000000 0.000000 0.000000 216967.000000 21231.000000 58848.000000 36352.000000 57728.000000 0.000000 744192.000000 833856.000000 10800.000000 39632.000000 19392.000000 0.000000 55104.000000 0.000000 202844.000000 
19
0.000000 955392.000000 742560.000000 40600.000000 29088.000000 0.000000 35552.000000 0.000000 260928.000000 3584.000000 0.000000 987138.000000 19560.000000 28320.000000 176160.000000 0.000000 58368.000000 0.000000 115200.000000 48128.000000 0.000000 3550464.000000 7296.000000 28320.000000 18000.000000 0.000000 25728.000000 128.000000 45056.000000 1536.000000 0.000000 1029120.000000 816960.000000 28320.000000 57472.000000 768.000000 209280.000000 0.000000 0.000000 97984.000000 0.000000 58252.000000 1245184.000000 0.000000 0.000000 0.000000 216967.000000 21231.000000 58848.000000 36352.000000 57728.000000 0.000000 744192.000000 833856.000000 10800.000000 39632.000000 19392.000000 0.000000 55104.000000 0.000000 202844.000000 
20
0.000000 955392.000000 742560.000000 239074.000000 28992.000000 0.000000 25856.000000 0.000000 241344.000000 3584.000000 0.000000 2175232.000000 678912.000000 103428.000000 172656.000000 90112.000000 45696.000000 38912.000000 0.000000 91904.000000 0.000000 1003520.000000 9696.000000 148202.000000 172448.000000 9696.000000 75136.000000 0.000000 242688.000000 3584.000000 0.000000 906240.000000 0.000000 393706.000000 9696.000000 0.000000 35072.000000 0.000000 0.000000 97980.000000 0.000000 354396.000000 1787680.000000 0.000000 0.000000 633792.000000 66944.000000 270817.000000 9696.000000 9056.000000 106240.000000 0.000000 237568.000000 9696.000000 10680.000000 462187.000000 61408.000000 1024.000000 38656.000000 0.000000 36956.000000 
21
0.000000 955392.000000 742560.000000 239074.000000 28992.000000 0.000000 25856.000000 0.000000 241344.000000 3584.000000 0.000000 2175232.000000 678912.000000 103428.000000 172656.000000 90112.000000 45696.000000 38912.000000 0.000000 91904.000000 0.000000 1003520.000000 9696.000000 148202.000000 172448.000000 9696.000000 75136.000000 0.000000 242688.000000 3584.000000 0.000000 906240.000000 0.000000 393706.000000 9696.000000 0.000000 35072.000000 0.000000 0.000000 97980.000000 0.000000 354396.000000 1787680.000000 0.000000 0.000000 633792.000000 66944.000000 270817.000000 9696.000000 9056.000000 106240.000000 0.000000 237568.000000 9696.000000 10680.000000 462187.000000 61408.000000 1024.000000 38656.000000 0.000000 36956.000000 
22
0.000000 955392.000000 742560.000000 239074.000000 28992.000000 0.000000 25856.000000 0.000000 241344.000000 3584.000000 0.000000 2175232.000000 678912.000000 103428.000000 172656.000000 90112.000000 45696.000000 38912.000000 0.000000 91904.000000 0.000000 1003520.000000 9696.000000 148202.000000 172448.000000 9696.000000 75136.000000 0.000000 242688.000000 3584.000000 0.000000 906240.000000 0.000000 393706.000000 9696.000000 0.000000 35072.000000 0.000000 0.000000 97980.000000 0.000000 354396.000000 1787680.000000 0.000000 0.000000 633792.000000 66944.000000 270817.000000 9696.000000 9056.000000 106240.000000 0.000000 237568.000000 9696.000000 10680.000000 462187.000000 61408.000000 1024.000000 38656.000000 0.000000 36956.000000 
23
0.000000 955392.000000 742560.000000 239074.000000 28992.000000 0.000000 25856.000000 0.000000 241344.000000 3584.000000 0.000000 2175232.000000 678912.000000 103428.000000 172656.000000 90112.000000 45696.000000 38912.000000 0.000000 91904.000000 0.000000 1003520.000000 9696.000000 148202.000000 172448.000000 9696.000000 75136.000000 0.000000 242688.000000 3584.000000 0.000000 906240.000000 0.000000 393706.000000 9696.000000 0.000000 35072.000000 0.000000 0.000000 97980.000000 0.000000 354396.000000 1787680.000000 0.000000 0.000000 633792.000000 66944.000000 270817.000000 9696.000000 9056.000000 106240.000000 0.000000 237568.000000 9696.000000 10680.000000 462187.000000 61408.000000 1024.000000 38656.000000 0.000000 36956.000000 
24
0.000000 955392.000000 742560.000000 84652.000000 26880.000000 0.000000 35552.000000 51712.000000 0.000000 3584.000000 0.000000 987138.000000 19560.000000 61241.000000 66624.000000 55296.000000 73728.000000 0.000000 115200.000000 82996.000000 0.000000 987138.000000 0.000000 136682.000000 172448.000000 9696.000000 77568.000000 51712.000000 0.000000 3584.000000 0.000000 955392.000000 52560.000000 642493.000000 9696.000000 51712.000000 71296.000000 0.000000 0.000000 7680.000000 0.000000 344844.000000 525904.000000 0.000000 0.000000 8168.000000 83864.000000 272289.000000 9696.000000 51712.000000 180992.000000 0.000000 1544064.000000 4800.000000 11040.000000 422712.000000 61408.000000 1024.000000 35328.000000 0.000000 36956.000000 
25
0.000000 955392.000000 742560.000000 84652.000000 26880.000000 0.000000 35552.000000 51712.000000 0.000000 3584.000000 0.000000 987138.000000 19560.000000 61241.000000 66624.000000 55296.000000 73728.000000 0.000000 115200.000000 82996.000000 0.000000 987138.000000 0.000000 136682.000000 172448.000000 9696.000000 77568.000000 51712.000000 0.000000 3584.000000 0.000000 955392.000000 52560.000000 642493.000000 9696.000000 51712.000000 71296.000000 0.000000 0.000000 7680.000000 0.000000 344844.000000 525904.000000 0.000000 0.000000 8168.000000 83864.000000 272289.000000 9696.000000 51712.000000 180992.000000 0.000000 1544064.000000 4800.000000 11040.000000 422712.000000 61408.000000 1024.000000 35328.000000 0.000000 36956.000000 
26
0.000000 955392.000000 742560.000000 84652.000000 26880.000000 0.000000 35552.000000 51712.000000 0.000000 3584.000000 0.000000 987138.000000 19560.000000 61241.000000 66624.000000 55296.000000 73728.000000 0.000000 115200.000000 82996.000000 0.000000 987138.000000 0.000000 136682.000000 172448.000000 9696.000000 77568.000000 51712.000000 0.000000 3584.000000 0.000000 955392.000000 52560.000000 642493.000000 9696.000000 51712.000000 71296.000000 0.000000 0.000000 7680.000000 0.000000 344844.000000 525904.000000 0.000000 0.000000 8168.000000 83864.000000 272289.000000 9696.000000 51712.000000 180992.000000 0.000000 1544064.000000 4800.000000 11040.000000 422712.000000 61408.000000 1024.000000 35328.000000 0.000000 36956.000000 
27
0.000000 955392.000000 742560.000000 84652.000000 26880.000000 0.000000 35552.000000 51712.000000 0.000000 3584.000000 0.000000 987138.000000 19560.000000 61241.000000 66624.000000 55296.000000 73728.000000 0.000000 115200.000000 82996.000000 0.000000 987138.000000 0.000000 136682.000000 172448.000000 9696.000000 77568.000000 51712.000000 0.000000 3584.000000 0.000000 955392.000000 52560.000000 642493.000000 9696.000000 51712.000000 71296.000000 0.000000 0.000000 7680.000000 0.000000 344844.000000 525904.000000 0.000000 0.000000 8168.000000 83864.000000 272289.000000 9696.000000 51712.000000 180992.000000 0.000000 1544064.000000 4800.000000 11040.000000 422712.000000 61408.000000 1024.000000 35328.000000 0.000000 36956.000000 
28
0.000000 955392.000000 742560.000000 83146.000000 71104.000000 51712.000000 19456.000000 0.000000 118272.000000 3584.000000 0.000000 987138.000000 19560.000000 139090.000000 135424.000000 0.000000 45312.000000 35840.000000 0.000000 0.000000 0.000000 1003520.000000 54312.000000 95418.000000 308544.000000 9696.000000 119552.000000 114176.000000 0.000000 3584.000000 0.000000 799744.000000 0.000000 381512.000000 19392.000000 0.000000 35072.000000 0.000000 22016.000000 16384.000000 0.000000 344716.000000 830136.000000 0.000000 0.000000 0.000000 169992.000000 21397.000000 9696.000000 0.000000 36736.000000 0.000000 613632.000000 727584.000000 10680.000000 90630.000000 22976.000000 71168.000000 25856.000000 0.000000 155136.000000 
29
0.000000 955392.000000 742560.000000 83146.000000 71104.000000 51712.000000 19456.000000 0.000000 118272.000000 3584.000000 0.000000 987138.000000 19560.000000 139090.000000 135424.000000 0.000000 45312.000000 35840.000000 0.000000 0.000000 0.000000 1003520.000000 54312.000000 95418.000000 308544.000000 9696.000000 119552.000000 114176.000000 0.000000 3584.000000 0.000000 799744.000000 0.000000 381512.000000 19392.000000 0.000000 35072.000000 0.000000 22016.000000 16384.000000 0.000000 344716.000000 830136.000000 0.000000 0.000000 0.000000 169992.000000 21397.000000 9696.000000 0.000000 36736.000000 0.000000 613632.000000 727584.000000 10680.000000 90630.000000 22976.000000 71168.000000 25856.000000 0.000000 155136.000000 
30
0.000000 955392.000000 742560.000000 83146.000000 71104.000000 51712.000000 19456.000000 0.000000 118272.000000 3584.000000 0.000000 987138.000000 19560.000000 139090.000000 135424.000000 0.000000 45312.000000 35840.000000 0.000000 0.000000 0.000000 1003520.000000 54312.000000 95418.000000 308544.000000 9696.000000 119552.000000 114176.000000 0.000000 3584.000000 0.000000 799744.000000 0.000000 381512.000000 19392.000000 0.000000 35072.000000 0.000000 22016.000000 16384.000000 0.000000 344716.000000 830136.000000 0.000000 0.000000 0.000000 169992.000000 21397.000000 9696.000000 0.000000 36736.000000 0.000000 613632.000000 727584.000000 10680.000000 90630.000000 22976.000000 71168.000000 25856.000000 0.000000 155136.000000 
31
0.000000 955392.000000 742560.000000 83146.000000 71104.000000 51712.000000 19456.000000 0.000000 118272.000000 3584.000000 0.000000 987138.000000 19560.000000 139090.000000 135424.000000 0.000000 45312.000000 35840.000000 0.000000 0.000000 0.000000 1003520.000000 54312.000000 95418.000000 308544.000000 9696.000000 119552.000000 114176.000000 0.000000 3584.000000 0.000000 799744.000000 0.000000 381512.000000 19392.000000 0.000000 35072.000000 0.000000 22016.000000 16384.000000 0.000000 344716.000000 830136.000000 0.000000 0.000000 0.000000 169992.000000 21397.000000 9696.000000 0.000000 36736.000000 0.000000 613632.000000 727584.000000 10680.000000 90630.000000 22976.000000 71168.000000 25856.000000 0.000000 155136.000000 
32
0.000000 921600.000000 467904.000000 314866.000000 19392.000000 0.000000 36992.000000 0.000000 155136.000000 3584.000000 0.000000 1019904.000000 21432.000000 143865.000000 307904.000000 0.000000 38784.000000 0.000000 0.000000 3584.000000 0.000000 1598336.000000 7968.000000 88426.000000 669440.000000 9696.000000 25600.000000 10624.000000 0.000000 3584.000000 0.000000 979968.000000 57360.000000 86284.000000 29792.000000 0.000000 37504.000000 0.000000 0.000000 7680.000000 0.000000 915004.000000 3758411.000000 0.000000 0.000000 4128.000000 135960.000000 96256.000000 0.000000 5472.000000 227072.000000 0.000000 1286016.000000 748320.000000 10680.000000 301466.000000 19392.000000 0.000000 25856.000000 0.000000 93788.000000 
33
0.000000 921600.000000 467904.000000 314866.000000 19392.000000 0.000000 36992.000000 0.000000 155136.000000 3584.000000 0.000000 1019904.000000 21432.000000 143865.000000 307904.000000 0.000000 38784.000000 0.000000 0.000000 3584.000000 0.000000 1598336.000000 7968.000000 88426.000000 669440.000000 9696.000000 25600.000000 10624.000000 0.000000 3584.000000 0.000000 979968.000000 57360.000000 86284.000000 29792.000000 0.000000 37504.000000 0.000000 0.000000 7680.000000 0.000000 915004.000000 3758411.000000 0.000000 0.000000 4128.000000 135960.000000 96256.000000 0.000000 5472.000000 227072.000000 0.000000 1286016.000000 748320.000000 10680.000000 301466.000000 19392.000000 0.000000 25856.000000 0.000000 93788.000000 
34
0.000000 921600.000000 467904.000000 314866.000000 19392.000000 0.000000 36992.000000 0.000000 155136.000000 3584.000000 0.000000 1019904.000000 21432.000000 143865.000000 307904.000000 0.000000 38784.000000 0.000000 0.000000 3584.000000 0.000000 1598336.000000 7968.000000 88426.000000 669440.000000 9696.000000 25600.000000 10624.000000 0.000000 3584.000000 0.000000 979968.000000 57360.000000 86284.000000 29792.000000 0.000000 37504.000000 0.000000 0.000000 7680.000000 0.000000 915004.000000 3758411.000000 0.000000 0.000000 4128.000000 135960.000000 96256.000000 0.000000 5472.000000 227072.000000 0.000000 1286016.000000 748320.000000 10680.000000 301466.000000 19392.000000 0.000000 25856.000000 0.000000 93788.000000 
35
0.000000 921600.000000 467904.000000 314866.000000 19392.000000 0.000000 36992.000000 0.000000 155136.000000 3584.000000 0.000000 1019904.000000 21432.000000 143865.000000 307904.000000 0.000000 38784.000000 0.000000 0.000000 3584.000000 0.000000 1598336.000000 7968.000000 88426.000000 669440.000000 9696.000000 25600.000000 10624.000000 0.000000 3584.000000 0.000000 979968.000000 57360.000000 86284.000000 29792.000000 0.000000 37504.000000 0.000000 0.000000 7680.000000 0.000000 915004.000000 3758411.000000 0.000000 0.000000 4128.000000 135960.000000 96256.000000 0.000000 5472.000000 227072.000000 0.000000 1286016.000000 748320.000000 10680.000000 301466.000000 19392.000000 0.000000 25856.000000 0.000000 93788.000000 
36
0.000000 921600.000000 467904.000000 481354.000000 19296.000000 0.000000 38528.000000 0.000000 153600.000000 3584.000000 0.000000 995329.000000 19560.000000 100896.000000 30704.000000 0.000000 25856.000000 27136.000000 41472.000000 114752.000000 0.000000 521216.000000 9696.000000 141684.000000 183872.000000 14208.000000 181632.000000 0.000000 155136.000000 3772.000000 0.000000 873472.000000 0.000000 265834.000000 19392.000000 0.000000 122368.000000 0.000000 0.000000 156852.000000 0.000000 461964.000000 163352.000000 0.000000 0.000000 55392.000000 38496.000000 0.000000 9696.000000 9696.000000 37760.000000 0.000000 476544.000000 913440.000000 10680.000000 440262.000000 61312.000000 1024.000000 38400.000000 0.000000 36956.000000 
37
0.000000 921600.000000 467904.000000 481354.000000 19296.000000 0.000000 38528.000000 0.000000 153600.000000 3584.000000 0.000000 995329.000000 19560.000000 100896.000000 30704.000000 0.000000 25856.000000 27136.000000 41472.000000 114752.000000 0.000000 521216.000000 9696.000000 141684.000000 183872.000000 14208.000000 181632.000000 0.000000 155136.000000 3772.000000 0.000000 873472.000000 0.000000 265834.000000 19392.000000 0.000000 122368.000000 0.000000 0.000000 156852.000000 0.000000 461964.000000 163352.000000 0.000000 0.000000 55392.000000 38496.000000 0.000000 9696.000000 9696.000000 37760.000000 0.000000 476544.000000 913440.000000 10680.000000 440262.000000 61312.000000 1024.000000 38400.000000 0.000000 36956.000000 
38
0.000000 921600.000000 467904.000000 481354.000000 19296.000000 0.000000 38528.000000 0.000000 153600.000000 3584.000000 0.000000 995329.000000 19560.000000 100896.000000 30704.000000 0.000000 25856.000000 27136.000000 41472.000000 114752.000000 0.000000 521216.000000 9696.000000 141684.000000 183872.000000 14208.000000 181632.000000 0.000000 155136.000000 3772.000000 0.000000 873472.000000 0.000000 265834.000000 19392.000000 0.000000 122368.000000 0.000000 0.000000 156852.000000 0.000000 461964.000000 163352.000000 0.000000 0.000000 55392.000000 38496.000000 0.000000 9696.000000 9696.000000 37760.000000 0.000000 476544.000000 913440.000000 10680.000000 440262.000000 61312.000000 1024.000000 38400.000000 0.000000 36956.000000 
39
0.000000 921600.000000 467904.000000 481354.000000 19296.000000 0.000000 38528.000000 0.000000 153600.000000 3584.000000 0.000000 995329.000000 19560.000000 100896.000000 30704.000000 0.000000 25856.000000 27136.000000 41472.000000 114752.000000 0.000000 521216.000000 9696.000000 141684.000000 183872.000000 14208.000000 181632.000000 0.000000 155136.000000 3772.000000 0.000000 873472.000000 0.000000 265834.000000 19392.000000 0.000000 122368.000000 0.000000 0.000000 156852.000000 0.000000 461964.000000 163352.000000 0.000000 0.000000 55392.000000 38496.000000 0.000000 9696.000000 9696.000000 37760.000000 0.000000 476544.000000 913440.000000 10680.000000 440262.000000 61312.000000 1024.000000 38400.000000 0.000000 36956.000000 
40
0.000000 921600.000000 467904.000000 495791.000000 19296.000000 0.000000 33152.000000 0.000000 46176.000000 3584.000000 0.000000 1118336.000000 879168.000000 124546.000000 136960.000000 0.000000 28288.000000 0.000000 113664.000000 82996.000000 0.000000 987138.000000 0.000000 89314.000000 18928.000000 9792.000000 25600.000000 12544.000000 0.000000 3584.000000 0.000000 1435648.000000 861696.000000 399132.000000 9696.000000 51712.000000 69760.000000 0.000000 0.000000 7168.000000 0.000000 65180.000000 326400.000000 0.000000 0.000000 679104.000000 36096.000000 33649.000000 9696.000000 9056.000000 106112.000000 0.000000 2546420.000000 0.000000 11280.000000 255208.000000 19392.000000 0.000000 37920.000000 0.000000 36956.000000 
41
0.000000 921600.000000 467904.000000 495791.000000 19296.000000 0.000000 33152.000000 0.000000 46176.000000 3584.000000 0.000000 1118336.000000 879168.000000 124546.000000 136960.000000 0.000000 28288.000000 0.000000 113664.000000 82996.000000 0.000000 987138.000000 0.000000 89314.000000 18928.000000 9792.000000 25600.000000 12544.000000 0.000000 3584.000000 0.000000 1435648.000000 861696.000000 399132.000000 9696.000000 51712.000000 69760.000000 0.000000 0.000000 7168.000000 0.000000 65180.000000 326400.000000 0.000000 0.000000 679104.000000 36096.000000 33649.000000 9696.000000 9056.000000 106112.000000 0.000000 2546420.000000 0.000000 11280.000000 255208.000000 19392.000000 0.000000 37920.000000 0.000000 36956.000000 
42
0.000000 921600.000000 467904.000000 495791.000000 19296.000000 0.000000 33152.000000 0.000000 46176.000000 3584.000000 0.000000 1118336.000000 879168.000000 124546.000000 136960.000000 0.000000 28288.000000 0.000000 113664.000000 82996.000000 0.000000 987138.000000 0.000000 89314.000000 18928.000000 9792.000000 25600.000000 12544.000000 0.000000 3584.000000 0.000000 1435648.000000 861696.000000 399132.000000 9696.000000 51712.000000 69760.000000 0.000000 0.000000 7168.000000 0.000000 65180.000000 326400.000000 0.000000 0.000000 679104.000000 36096.000000 33649.000000 9696.000000 9056.000000 106112.000000 0.000000 2546420.000000 0.000000 11280.000000 255208.000000 19392.000000 0.000000 37920.000000 0.000000 36956.000000 
43
0.000000 921600.000000 467904.000000 495791.000000 19296.000000 0.000000 33152.000000 0.000000 46176.000000 3584.000000 0.000000 1118336.000000 879168.000000 124546.000000 136960.000000 0.000000 28288.000000 0.000000 113664.000000 82996.000000 0.000000 987138.000000 0.000000 89314.000000 18928.000000 9792.000000 25600.000000 12544.000000 0.000000 3584.000000 0.000000 1435648.000000 861696.000000 399132.000000 9696.000000 51712.000000 69760.000000 0.000000 0.000000 7168.000000 0.000000 65180.000000 326400.000000 0.000000 0.000000 679104.000000 36096.000000 33649.000000 9696.000000 9056.000000 106112.000000 0.000000 2546420.000000 0.000000 11280.000000 255208.000000 19392.000000 0.000000 37920.000000 0.000000 36956.000000 
44
0.000000 921600.000000 464448.000000 314280.000000 19200.000000 3584.000000 33536.000000 0.000000 44032.000000 1536.000000 0.000000 684033.000000 19560.000000 98143.000000 172896.000000 0.000000 37920.000000 0.000000 0.000000 57344.000000 0.000000 4400384.000000 7968.000000 88179.000000 170816.000000 9696.000000 77056.000000 0.000000 0.000000 3772.000000 0.000000 913408.000000 482112.000000 71447.000000 30400.000000 0.000000 32864.000000 0.000000 0.000000 157020.000000 0.000000 89322.000000 0.000000 0.000000 0.000000 14472.000000 48096.000000 557223.000000 24800.000000 20992.000000 59776.000000 0.000000 659328.000000 793056.000000 10560.000000 434392.000000 19392.000000 38400.000000 25728.000000 0.000000 204892.000000 
45
0.000000 921600.000000 464448.000000 314280.000000 19200.000000 3584.000000 33536.000000 0.000000 44032.000000 1536.000000 0.000000 684033.000000 19560.000000 98143.000000 172896.000000 0.000000 37920.000000 0.000000 0.000000 57344.000000 0.000000 4400384.000000 7968.000000 88179.000000 170816.000000 9696.000000 77056.000000 0.000000 0.000000 3772.000000 0.000000 913408.000000 482112.000000 71447.000000 30400.000000 0.000000 32864.000000 0.000000 0.000000 157020.000000 0.000000 89322.000000 0.000000 0.000000 0.000000 14472.000000 48096.000000 557223.000000 24800.000000 20992.000000 59776.000000 0.000000 659328.000000 793056.000000 10560.000000 434392.000000 19392.000000 38400.000000 25728.000000 0.000000 204892.000000 
46
0.000000 921600.000000 464448.000000 314280.000000 19200.000000 3584.000000 33536.000000 0.000000 44032.000000 1536.000000 0.000000 684033.000000 19560.000000 98143.000000 172896.000000 0.000000 37920.000000 0.000000 0.000000 57344.000000 0.000000 4400384.000000 7968.000000 88179.000000 170816.000000 9696.000000 77056.000000 0.000000 0.000000 3772.000000 0.000000 913408.000000 482112.000000 71447.000000 30400.000000 0.000000 32864.000000 0.000000 0.000000 157020.000000 0.000000 89322.000000 0.000000 0.000000 0.000000 14472.000000 48096.000000 557223.000000 24800.000000 20992.000000 59776.000000 0.000000 659328.000000 793056.000000 10560.000000 434392.000000 19392.000000 38400.000000 25728.000000 0.000000 204892.000000 
47
0.000000 921600.000000 464448.000000 314280.000000 19200.000000 3584.000000 33536.000000 0.000000 44032.000000 1536.000000 0.000000 684033.000000 19560.000000 98143.000000 172896.000000 0.000000 37920.000000 0.000000 0.000000 57344.000000 0.000000 4400384.000000 7968.000000 88179.000000 170816.000000 9696.000000 77056.000000 0.000000 0.000000 3772.000000 0.000000 913408.000000 482112.000000 71447.000000 30400.000000 0.000000 32864.000000 0.000000 0.000000 157020.000000 0.000000 89322.000000 0.000000 0.000000 0.000000 14472.000000 48096.000000 557223.000000 24800.000000 20992.000000 59776.000000 0.000000 659328.000000 793056.000000 10560.000000 434392.000000 19392.000000 38400.000000 25728.000000 0.000000 204892.000000 
48
0.000000 913408.000000 464448.000000 408474.000000 46560.000000 0.000000 12928.000000 0.000000 236448.000000 3584.000000 0.000000 995329.000000 19560.000000 138910.000000 140992.000000 0.000000 38528.000000 0.000000 0.000000 3584.000000 0.000000 1003520.000000 54312.000000 138858.000000 107904.000000 19392.000000 36480.000000 39808.000000 0.000000 3584.000000 0.000000 954368.000000 0.000000 125088.000000 30592.000000 0.000000 37376.000000 0.000000 0.000000 7168.000000 0.000000 894524.000000 3733827.000000 0.000000 0.000000 6432.000000 52536.000000 33105.000000 58624.000000 35840.000000 34048.000000 0.000000 659328.000000 538368.000000 10560.000000 126876.000000 0.000000 0.000000 25856.000000 0.000000 77276.000000 
49
0.000000 913408.000000 464448.000000 408474.000000 46560.000000 0.000000 12928.000000 0.000000 236448.000000 3584.000000 0.000000 995329.000000 19560.000000 138910.000000 140992.000000 0.000000 38528.000000 0.000000 0.000000 3584.000000 0.000000 1003520.000000 54312.000000 138858.000000 107904.000000 19392.000000 36480.000000 39808.000000 0.000000 3584.000000 0.000000 954368.000000 0.000000 125088.000000 30592.000000 0.000000 37376.000000 0.000000 0.000000 7168.000000 0.000000 894524.000000 3733827.000000 0.000000 0.000000 6432.000000 52536.000000 33105.000000 58624.000000 35840.000000 34048.000000 0.000000 659328.000000 538368.000000 10560.000000 126876.000000 0.000000 0.000000 25856.000000 0.000000 77276.000000 
50
0.000000 913408.000000 464448.000000 408474.000000 46560.000000 0.000000 12928.000000 0.000000 236448.000000 3584.000000 0.000000 995329.000000 19560.000000 138910.000000 140992.000000 0.000000 38528.000000 0.000000 0.000000 3584.000000 0.000000 1003520.000000 54312.000000 138858.000000 107904.000000 19392.000000 36480.000000 39808.000000 0.000000 3584.000000 0.000000 954368.000000 0.000000 125088.000000 30592.000000 0.000000 37376.000000 0.000000 0.000000 7168.000000 0.000000 894524.000000 3733827.000000 0.000000 0.000000 6432.000000 52536.000000 33105.000000 58624.000000 35840.000000 34048.000000 0.000000 659328.000000 538368.000000 10560.000000 126876.000000 0.000000 0.000000 25856.000000 0.000000 77276.000000 
51
0.000000 913408.000000 464448.000000 408474.000000 46560.000000 0.000000 12928.000000 0.000000 236448.000000 3584.000000 0.000000 995329.000000 19560.000000 138910.000000 140992.000000 0.000000 38528.000000 0.000000 0.000000 3584.000000 0.000000 1003520.000000 54312.000000 138858.000000 107904.000000 19392.000000 36480.000000 39808.000000 0.000000 3584.000000 0.000000 954368.000000 0.000000 125088.000000 30592.000000 0.000000 37376.000000 0.000000 0.000000 7168.000000 0.000000 894524.000000 3733827.000000 0.000000 0.000000 6432.000000 52536.000000 33105.000000 58624.000000 35840.000000 34048.000000 0.000000 659328.000000 538368.000000 10560.000000 126876.000000 0.000000 0.000000 25856.000000 0.000000 77276.000000 
52
0.000000 913408.000000 464448.000000 451481.000000 74208.000000 34304.000000 25856.000000 0.000000 264800.000000 3584.000000 0.000000 2204544.000000 878976.000000 124545.000000 137632.000000 0.000000 37632.000000 0.000000 0.000000 3584.000000 0.000000 1011712.000000 52560.000000 94860.000000 27504.000000 0.000000 12928.000000 12928.000000 0.000000 3584.000000 0.000000 921600.000000 0.000000 71383.000000 74704.000000 512.000000 68992.000000 0.000000 0.000000 7168.000000 0.000000 473068.000000 1095040.000000 0.000000 0.000000 641088.000000 36096.000000 27120.000000 58304.000000 9056.000000 106112.000000 0.000000 925696.000000 0.000000 11280.000000 439175.000000 19296.000000 38400.000000 22528.000000 0.000000 47704.000000 
53
0.000000 913408.000000 464448.000000 451481.000000 74208.000000 34304.000000 25856.000000 0.000000 264800.000000 3584.000000 0.000000 2204544.000000 878976.000000 124545.000000 137632.000000 0.000000 37632.000000 0.000000 0.000000 3584.000000 0.000000 1011712.000000 52560.000000 94860.000000 27504.000000 0.000000 12928.000000 12928.000000 0.000000 3584.000000 0.000000 921600.000000 0.000000 71383.000000 74704.000000 512.000000 68992.000000 0.000000 0.000000 7168.000000 0.000000 473068.000000 1095040.000000 0.000000 0.000000 641088.000000 36096.000000 27120.000000 58304.000000 9056.000000 106112.000000 0.000000 925696.000000 0.000000 11280.000000 439175.000000 19296.000000 38400.000000 22528.000000 0.000000 47704.000000 
54
0.000000 913408.000000 464448.000000 451481.000000 74208.000000 34304.000000 25856.000000 0.000000 264800.000000 3584.000000 0.000000 2204544.000000 878976.000000 124545.000000 137632.000000 0.000000 37632.000000 0.000000 0.000000 3584.000000 0.000000 1011712.000000 52560.000000 94860.000000 27504.000000 0.000000 12928.000000 12928.000000 0.000000 3584.000000 0.000000 921600.000000 0.000000 71383.000000 74704.000000 512.000000 68992.000000 0.000000 0.000000 7168.000000 0.000000 473068.000000 1095040.000000 0.000000 0.000000 641088.000000 36096.000000 27120.000000 58304.000000 9056.000000 106112.000000 0.000000 925696.000000 0.000000 11280.000000 439175.000000 19296.000000 38400.000000 22528.000000 0.000000 47704.000000 
55
0.000000 913408.000000 464448.000000 451481.000000 74208.000000 34304.000000 25856.000000 0.000000 264800.000000 3584.000000 0.000000 2204544.000000 878976.000000 124545.000000 137632.000000 0.000000 37632.000000 0.000000 0.000000 3584.000000 0.000000 1011712.000000 52560.000000 94860.000000 27504.000000 0.000000 12928.000000 12928.000000 0.000000 3584.000000 0.000000 921600.000000 0.000000 71383.000000 74704.000000 512.000000 68992.000000 0.000000 0.000000 7168.000000 0.000000 473068.000000 1095040.000000 0.000000 0.000000 641088.000000 36096.000000 27120.000000 58304.000000 9056.000000 106112.000000 0.000000 925696.000000 0.000000 11280.000000 439175.000000 19296.000000 38400.000000 22528.000000 0.000000 47704.000000 
56
0.000000 913408.000000 464448.000000 448312.000000 61408.000000 0.000000 37824.000000 0.000000 51712.000000 3584.000000 0.000000 1125376.000000 878496.000000 125057.000000 137632.000000 0.000000 37504.000000 0.000000 0.000000 3584.000000 0.000000 1011712.000000 4560.000000 64234.000000 643328.000000 9696.000000 119424.000000 155136.000000 0.000000 31132.000000 0.000000 978944.000000 52560.000000 218377.000000 30704.000000 0.000000 92032.000000 0.000000 0.000000 157020.000000 0.000000 57980.000000 833856.000000 0.000000 0.000000 0.000000 48096.000000 410557.000000 9696.000000 51200.000000 168576.000000 0.000000 843776.000000 0.000000 11280.000000 292745.000000 9696.000000 0.000000 38528.000000 0.000000 83032.000000 
57
0.000000 913408.000000 464448.000000 448312.000000 61408.000000 0.000000 37824.000000 0.000000 51712.000000 3584.000000 0.000000 1125376.000000 878496.000000 125057.000000 137632.000000 0.000000 37504.000000 0.000000 0.000000 3584.000000 0.000000 1011712.000000 4560.000000 64234.000000 643328.000000 9696.000000 119424.000000 155136.000000 0.000000 31132.000000 0.000000 978944.000000 52560.000000 218377.000000 30704.000000 0.000000 92032.000000 0.000000 0.000000 157020.000000 0.000000 57980.000000 833856.000000 0.000000 0.000000 0.000000 48096.000000 410557.000000 9696.000000 51200.000000 168576.000000 0.000000 843776.000000 0.000000 11280.000000 292745.000000 9696.000000 0.000000 38528.000000 0.000000 83032.000000 
58
0.000000 913408.000000 464448.000000 448312.000000 61408.000000 0.000000 37824.000000 0.000000 51712.000000 3584.000000 0.000000 1125376.000000 878496.000000 125057.000000 137632.000000 0.000000 37504.000000 0.000000 0.000000 3584.000000 0.000000 1011712.000000 4560.000000 64234.000000 643328.000000 9696.000000 119424.000000 155136.000000 0.000000 31132.000000 0.000000 978944.000000 52560.000000 218377.000000 30704.000000 0.000000 92032.000000 0.000000 0.000000 157020.000000 0.000000 57980.000000 833856.000000 0.000000 0.000000 0.000000 48096.000000 410557.000000 9696.000000 51200.000000 168576.000000 0.000000 843776.000000 0.000000 11280.000000 292745.000000 9696.000000 0.000000 38528.000000 0.000000 83032.000000 
59
0.000000 913408.000000 464448.000000 448312.000000 61408.000000 0.000000 37824.000000 0.000000 51712.000000 3584.000000 0.000000 1125376.000000 878496.000000 125057.000000 137632.000000 0.000000 37504.000000 0.000000 0.000000 3584.000000 0.000000 1011712.000000 4560.000000 64234.000000 643328.000000 9696.000000 119424.000000 155136.000000 0.000000 31132.000000 0.000000 978944.000000 52560.000000 218377.000000 30704.000000 0.000000 92032.000000 0.000000 0.000000 157020.000000 0.000000 57980.000000 833856.000000 0.000000 0.000000 0.000000 48096.000000 410557.000000 9696.000000 51200.000000 168576.000000 0.000000 843776.000000 0.000000 11280.000000 292745.000000 9696.000000 0.000000 38528.000000 0.000000 83032.000000 
60
0.000000 913408.000000 464448.000000 448312.000000 61312.000000 0.000000 38528.000000 0.000000 46176.000000 3584.000000 0.000000 462848.000000 438144.000000 93855.000000 229296.000000 0.000000 25856.000000 0.000000 0.000000 3888.000000 0.000000 1380608.000000 7968.000000 88178.000000 170720.000000 47840.000000 58432.000000 0.000000 155136.000000 3584.000000 0.000000 2460544.000000 754944.000000 322350.000000 19392.000000 51712.000000 34944.000000 0.000000 124416.000000 100028.000000 0.000000 473420.000000 659328.000000 0.000000 0.000000 710112.000000 36096.000000 27552.000000 57792.000000 8576.000000 106496.000000 0.000000 1537920.000000 0.000000 11280.000000 397364.000000 9696.000000 1024.000000 36864.000000 0.000000 83032.000000 
61
0.000000 913408.000000 464448.000000 448312.000000 61312.000000 0.000000 38528.000000 0.000000 46176.000000 3584.000000 0.000000 462848.000000 438144.000000 93855.000000 229296.000000 0.000000 25856.000000 0.000000 0.000000 3888.000000 0.000000 1380608.000000 7968.000000 88178.000000 170720.000000 47840.000000 58432.000000 0.000000 155136.000000 3584.000000 0.000000 2460544.000000 754944.000000 322350.000000 19392.000000 51712.000000 34944.000000 0.000000 124416.000000 100028.000000 0.000000 473420.000000 659328.000000 0.000000 0.000000 710112.000000 36096.000000 27552.000000 57792.000000 8576.000000 106496.000000 0.000000 1537920.000000 0.000000 11280.000000 397364.000000 9696.000000 1024.000000 36864.000000 0.000000 83032.000000 
62
0.000000 913408.000000 464448.000000 448312.000000 61312.000000 0.000000 38528.000000 0.000000 46176.000000 3584.000000 0.000000 462848.000000 438144.000000 93855.000000 229296.000000 0.000000 25856.000000 0.000000 0.000000 3888.000000 0.000000 1380608.000000 7968.000000 88178.000000 170720.000000 47840.000000 58432.000000 0.000000 155136.000000 3584.000000 0.000000 2460544.000000 754944.000000 322350.000000 19392.000000 51712.000000 34944.000000 0.000000 124416.000000 100028.000000 0.000000 473420.000000 659328.000000 0.000000 0.000000 710112.000000 36096.000000 27552.000000 57792.000000 8576.000000 106496.000000 0.000000 1537920.000000 0.000000 11280.000000 397364.000000 9696.000000 1024.000000 36864.000000 0.000000 83032.000000 
63
0.000000 913408.000000 464448.000000 448312.000000 61312.000000 0.000000 38528.000000 0.000000 46176.000000 3584.000000 0.000000 462848.000000 438144.000000 93855.000000 229296.000000 0.000000 25856.000000 0.000000 0.000000 3888.000000 0.000000 1380608.000000 7968.000000 88178.000000 170720.000000 47840.000000 58432.000000 0.000000 155136.000000 3584.000000 0.000000 2460544.000000 754944.000000 322350.000000 19392.000000 51712.000000 34944.000000 0.000000 124416.000000 100028.000000 0.000000 473420.000000 659328.000000 0.000000 0.000000 710112.000000 36096.000000 27552.000000 57792.000000 8576.000000 106496.000000 0.000000 1537920.000000 0.000000 11280.000000 397364.000000 9696.000000 1024.000000 36864.000000 0.000000 83032.000000 
64
0.000000 943108.000000 563712.000000 81089.000000 26048.000000 0.000000 40832.000000 22016.000000 29696.000000 2048.000000 0.000000 999424.000000 22248.000000 142739.000000 30704.000000 0.000000 35328.000000 96.000000 162816.000000 71744.000000 0.000000 983042.000000 0.000000 88178.000000 170720.000000 61312.000000 119424.000000 0.000000 38912.000000 3584.000000 0.000000 926734.000000 0.000000 386409.000000 9696.000000 19200.000000 0.000000 0.000000 35328.000000 0.000000 0.000000 61322.000000 659328.000000 0.000000 0.000000 789600.000000 33024.000000 11296.000000 19392.000000 7872.000000 36608.000000 0.000000 254592.000000 810336.000000 10680.000000 510427.000000 18528.000000 28672.000000 22528.000000 0.000000 93272.000000 
65
0.000000 943108.000000 563712.000000 81089.000000 26048.000000 0.000000 40832.000000 22016.000000 29696.000000 2048.000000 0.000000 999424.000000 22248.000000 142739.000000 30704.000000 0.000000 35328.000000 96.000000 162816.000000 71744.000000 0.000000 983042.000000 0.000000 88178.000000 170720.000000 61312.000000 119424.000000 0.000000 38912.000000 3584.000000 0.000000 926734.000000 0.000000 386409.000000 9696.000000 19200.000000 0.000000 0.000000 35328.000000 0.000000 0.000000 61322.000000 659328.000000 0.000000 0.000000 789600.000000 33024.000000 11296.000000 19392.000000 7872.000000 36608.000000 0.000000 254592.000000 810336.000000 10680.000000 510427.000000 18528.000000 28672.000000 22528.000000 0.000000 93272.000000 
66
0.000000 943108.000000 563712.000000 81089.000000 26048.000000 0.000000 40832.000000 22016.000000 29696.000000 2048.000000 0.000000 999424.000000 22248.000000 142739.000000 30704.000000 0.000000 35328.000000 96.000000 162816.000000 71744.000000 0.000000 983042.000000 0.000000 88178.000000 170720.000000 61312.000000 119424.000000 0.000000 38912.000000 3584.000000 0.000000 926734.000000 0.000000 386409.000000 9696.000000 19200.000000 0.000000 0.000000 35328.000000 0.000000 0.000000 61322.000000 659328.000000 0.000000 0.000000 789600.000000 33024.000000 11296.000000 19392.000000 7872.000000 36608.000000 0.000000 254592.000000 810336.000000 10680.000000 510427.000000 18528.000000 28672.000000 22528.000000 0.000000 93272.000000 
67
0.000000 943108.000000 563712.000000 81089.000000 26048.000000 0.000000 40832.000000 22016.000000 29696.000000 2048.000000 0.000000 999424.000000 22248.000000 142739.000000 30704.000000 0.000000 35328.000000 96.000000 162816.000000 71744.000000 0.000000 983042.000000 0.000000 88178.000000 170720.000000 61312.000000 119424.000000 0.000000 38912.000000 3584.000000 0.000000 926734.000000 0.000000 386409.000000 9696.000000 19200.000000 0.000000 0.000000 35328.000000 0.000000 0.000000 61322.000000 659328.000000 0.000000 0.000000 789600.000000 33024.000000 11296.000000 19392.000000 7872.000000 36608.000000 0.000000 254592.000000 810336.000000 10680.000000 510427.000000 18528.000000 28672.000000 22528.000000 0.000000 93272.000000 
68
0.000000 943108.000000 560256.000000 80386.000000 71104.000000 51712.000000 19328.000000 0.000000 116640.000000 3584.000000 0.000000 991233.000000 19440.000000 139394.000000 140992.000000 0.000000 38528.000000 0.000000 0.000000 3584.000000 0.000000 983042.000000 0.000000 88178.000000 170976.000000 47744.000000 34240.000000 12416.000000 0.000000 3584.000000 0.000000 1676160.000000 389760.000000 345940.000000 19296.000000 34048.000000 0.000000 0.000000 157184.000000 13500.000000 0.000000 61322.000000 672384.000000 0.000000 0.000000 748032.000000 53760.000000 480429.000000 19392.000000 9696.000000 37632.000000 0.000000 659328.000000 799296.000000 10680.000000 446067.000000 18528.000000 51712.000000 25856.000000 0.000000 47192.000000 
69
0.000000 943108.000000 560256.000000 80386.000000 71104.000000 51712.000000 19328.000000 0.000000 116640.000000 3584.000000 0.000000 991233.000000 19440.000000 139394.000000 140992.000000 0.000000 38528.000000 0.000000 0.000000 3584.000000 0.000000 983042.000000 0.000000 88178.000000 170976.000000 47744.000000 34240.000000 12416.000000 0.000000 3584.000000 0.000000 1676160.000000 389760.000000 345940.000000 19296.000000 34048.000000 0.000000 0.000000 157184.000000 13500.000000 0.000000 61322.000000 672384.000000 0.000000 0.000000 748032.000000 53760.000000 480429.000000 19392.000000 9696.000000 37632.000000 0.000000 659328.000000 799296.000000 10680.000000 446067.000000 18528.000000 51712.000000 25856.000000 0.000000 47192.000000 
70
0.000000 943108.000000 560256.000000 80386.000000 71104.000000 51712.000000 19328.000000 0.000000 116640.000000 3584.000000 0.000000 991233.000000 19440.000000 139394.000000 140992.000000 0.000000 38528.000000 0.000000 0.000000 3584.000000 0.000000 983042.000000 0.000000 88178.000000 170976.000000 47744.000000 34240.000000 12416.000000 0.000000 3584.000000 0.000000 1676160.000000 389760.000000 345940.000000 19296.000000 34048.000000 0.000000 0.000000 157184.000000 13500.000000 0.000000 61322.000000 672384.000000 0.000000 0.000000 748032.000000 53760.000000 480429.000000 19392.000000 9696.000000 37632.000000 0.000000 659328.000000 799296.000000 10680.000000 446067.000000 18528.000000 51712.000000 25856.000000 0.000000 47192.000000 
71
0.000000 943108.000000 560256.000000 80386.000000 71104.000000 51712.000000 19328.000000 0.000000 116640.000000 3584.000000 0.000000 991233.000000 19440.000000 139394.000000 140992.000000 0.000000 38528.000000 0.000000 0.000000 3584.000000 0.000000 983042.000000 0.000000 88178.000000 170976.000000 47744.000000 34240.000000 12416.000000 0.000000 3584.000000 0.000000 1676160.000000 389760.000000 345940.000000 19296.000000 34048.000000 0.000000 0.000000 157184.000000 13500.000000 0.000000 61322.000000 672384.000000 0.000000 0.000000 748032.000000 53760.000000 480429.000000 19392.000000 9696.000000 37632.000000 0.000000 659328.000000 799296.000000 10680.000000 446067.000000 18528.000000 51712.000000 25856.000000 0.000000 47192.000000 
72
0.000000 943107.000000 560256.000000 248305.000000 26944.000000 0.000000 0.000000 0.000000 0.000000 3584.000000 0.000000 1852288.000000 9600.000000 139394.000000 30608.000000 0.000000 25856.000000 6432.000000 151040.000000 89024.000000 0.000000 999424.000000 54192.000000 76646.000000 23808.000000 51840.000000 35296.000000 12416.000000 0.000000 3584.000000 0.000000 2258944.000000 979104.000000 230024.000000 30592.000000 0.000000 37376.000000 0.000000 0.000000 7168.000000 0.000000 54764.000000 835584.000000 0.000000 0.000000 6720.000000 495288.000000 266210.000000 9696.000000 9056.000000 106496.000000 0.000000 1581056.000000 0.000000 11280.000000 300233.000000 19392.000000 0.000000 55520.000000 0.000000 84952.000000 
73
0.000000 943107.000000 560256.000000 248305.000000 26944.000000 0.000000 0.000000 0.000000 0.000000 3584.000000 0.000000 1852288.000000 9600.000000 139394.000000 30608.000000 0.000000 25856.000000 6432.000000 151040.000000 89024.000000 0.000000 999424.000000 54192.000000 76646.000000 23808.000000 51840.000000 35296.000000 12416.000000 0.000000 3584.000000 0.000000 2258944.000000 979104.000000 230024.000000 30592.000000 0.000000 37376.000000 0.000000 0.000000 7168.000000 0.000000 54764.000000 835584.000000 0.000000 0.000000 6720.000000 495288.000000 266210.000000 9696.000000 9056.000000 106496.000000 0.000000 1581056.000000 0.000000 11280.000000 300233.000000 19392.000000 0.000000 55520.000000 0.000000 84952.000000 
74
0.000000 943107.000000 560256.000000 248305.000000 26944.000000 0.000000 0.000000 0.000000 0.000000 3584.000000 0.000000 1852288.000000 9600.000000 139394.000000 30608.000000 0.000000 25856.000000 6432.000000 151040.000000 89024.000000 0.000000 999424.000000 54192.000000 76646.000000 23808.000000 51840.000000 35296.000000 12416.000000 0.000000 3584.000000 0.000000 2258944.000000 979104.000000 230024.000000 30592.000000 0.000000 37376.000000 0.000000 0.000000 7168.000000 0.000000 54764.000000 835584.000000 0.000000 0.000000 6720.000000 495288.000000 266210.000000 9696.000000 9056.000000 106496.000000 0.000000 1581056.000000 0.000000 11280.000000 300233.000000 19392.000000 0.000000 55520.000000 0.000000 84952.000000 
75
0.000000 943107.000000 560256.000000 248305.000000 26944.000000 0.000000 0.000000 0.000000 0.000000 3584.000000 0.000000 1852288.000000 9600.000000 139394.000000 30608.000000 0.000000 25856.000000 6432.000000 151040.000000 89024.000000 0.000000 999424.000000 54192.000000 76646.000000 23808.000000 51840.000000 35296.000000 12416.000000 0.000000 3584.000000 0.000000 2258944.000000 979104.000000 230024.000000 30592.000000 0.000000 37376.000000 0.000000 0.000000 7168.000000 0.000000 54764.000000 835584.000000 0.000000 0.000000 6720.000000 495288.000000 266210.000000 9696.000000 9056.000000 106496.000000 0.000000 1581056.000000 0.000000 11280.000000 300233.000000 19392.000000 0.000000 55520.000000 0.000000 84952.000000 
76
0.000000 943107.000000 560256.000000 248304.000000 19296.000000 51712.000000 19328.000000 0.000000 116832.000000 3584.000000 0.000000 1089536.000000 9696.000000 139393.000000 136496.000000 0.000000 44928.000000 0.000000 90624.000000 54272.000000 0.000000 3523584.000000 9600.000000 88178.000000 170976.000000 48000.000000 53248.000000 10624.000000 0.000000 3584.000000 0.000000 984064.000000 9696.000000 423977.000000 9696.000000 0.000000 37632.000000 0.000000 0.000000 7168.000000 0.000000 62106.000000 652800.000000 0.000000 0.000000 785856.000000 53760.000000 378740.000000 71008.000000 33792.000000 167168.000000 0.000000 794625.000000 0.000000 0.000000 88016.000000 19392.000000 0.000000 25856.000000 0.000000 278104.000000 
77
0.000000 943107.000000 560256.000000 248304.000000 19296.000000 51712.000000 19328.000000 0.000000 116832.000000 3584.000000 0.000000 1089536.000000 9696.000000 139393.000000 136496.000000 0.000000 44928.000000 0.000000 90624.000000 54272.000000 0.000000 3523584.000000 9600.000000 88178.000000 170976.000000 48000.000000 53248.000000 10624.000000 0.000000 3584.000000 0.000000 984064.000000 9696.000000 423977.000000 9696.000000 0.000000 37632.000000 0.000000 0.000000 7168.000000 0.000000 62106.000000 652800.000000 0.000000 0.000000 785856.000000 53760.000000 378740.000000 71008.000000 33792.000000 167168.000000 0.000000 794625.000000 0.000000 0.000000 88016.000000 19392.000000 0.000000 25856.000000 0.000000 278104.000000 
78
0.000000 943107.000000 560256.000000 248304.000000 19296.000000 51712.000000 19328.000000 0.000000 116832.000000 3584.000000 0.000000 1089536.000000 9696.000000 139393.000000 136496.000000 0.000000 44928.000000 0.000000 90624.000000 54272.000000 0.000000 3523584.000000 9600.000000 88178.000000 170976.000000 48000.000000 53248.000000 10624.000000 0.000000 3584.000000 0.000000 984064.000000 9696.000000 423977.000000 9696.000000 0.000000 37632.000000 0.000000 0.000000 7168.000000 0.000000 62106.000000 652800.000000 0.000000 0.000000 785856.000000 53760.000000 378740.000000 71008.000000 33792.000000 167168.000000 0.000000 794625.000000 0.000000 0.000000 88016.000000 19392.000000 0.000000 25856.000000 0.000000 278104.000000 
79
0.000000 943107.000000 560256.000000 248304.000000 19296.000000 51712.000000 19328.000000 0.000000 116832.000000 3584.000000 0.000000 1089536.000000 9696.000000 139393.000000 136496.000000 0.000000 44928.000000 0.000000 90624.000000 54272.000000 0.000000 3523584.000000 9600.000000 88178.000000 170976.000000 48000.000000 53248.000000 10624.000000 0.000000 3584.000000 0.000000 984064.000000 9696.000000 423977.000000 9696.000000 0.000000 37632.000000 0.000000 0.000000 7168.000000 0.000000 62106.000000 652800.000000 0.000000 0.000000 785856.000000 53760.000000 378740.000000 71008.000000 33792.000000 167168.000000 0.000000 794625.000000 0.000000 0.000000 88016.000000 19392.000000 0.000000 25856.000000 0.000000 278104.000000 
