task94
0.012000 0.012000 1.001429 1.001537 2.000581 2.000771 3.011760 3.011948 4.012813 4.040598 5.011557 5.143802 
task0
0.022000 0.022202 1.011429 1.011538 2.010581 2.010772 3.021760 3.021949 4.050838 4.077943 5.151735 5.151886 
task19
0.022000 0.027185 1.010260 1.015878 2.010329 2.015929 3.020790 3.026906 4.050211 4.083269 5.150194 5.157031 
task13
0.022000 0.022202 1.012048 1.012122 2.012074 2.012082 3.021838 3.021960 4.050312 4.077520 5.151956 5.151994 
task10
0.022000 0.022202 1.012048 1.012122 2.012101 2.012206 3.021771 3.021797 4.052198 4.081938 5.151726 5.151914 
task15
0.022000 0.022202 1.012048 1.012122 2.012101 2.012206 3.021771 3.021797 4.050211 4.084411 5.151451 5.151482 
task16
0.023515 0.025523 1.012944 1.014749 2.012096 2.014140 3.023275 3.025272 4.052353 4.080109 5.153250 5.155209 
task3
0.023515 0.025525 1.013237 1.015046 2.012959 2.014703 3.022482 3.024494 4.080199 4.282766 5.153302 5.155126 
task1
0.023515 0.025525 1.013237 1.015046 2.012959 2.014703 3.022482 3.024494 4.080095 4.280702 5.153286 5.155098 
task14
0.023515 0.025525 1.013237 1.015046 2.012959 2.014703 3.022482 3.024494 4.080199 4.282766 5.153302 5.155126 
task12
0.023515 0.025525 1.012793 1.014543 2.011844 2.014114 3.022964 3.024723 4.078266 4.283485 5.152130 5.153854 
task11
0.023515 0.025525 1.012793 1.014543 2.011844 2.014114 3.022964 3.024723 4.078315 4.280405 5.153081 5.155046 
task2
0.023515 0.025525 1.012793 1.014543 2.011844 2.014114 3.022964 3.024723 4.078266 4.283485 5.152130 5.153854 
task9
0.023515 0.025525 1.012793 1.014543 2.011844 2.014114 3.022964 3.024723 4.078315 4.280405 5.153081 5.155046 
task6
0.023515 0.025525 1.012183 1.014212 2.012296 2.014497 3.022305 3.024060 4.078499 4.282225 5.152230 5.153912 
task4
0.023515 0.025525 1.012671 1.014697 2.011968 2.013755 3.023271 3.025051 4.078660 4.279598 5.153709 5.154109 
task7
0.023515 0.025525 1.012671 1.014697 2.011968 2.013755 3.023271 3.025051 4.078632 4.283212 5.153426 5.155154 
task5
0.023515 0.025525 1.012671 1.014697 2.011968 2.013755 3.023271 3.025051 4.078660 4.279598 5.153709 5.154109 
task8
0.023515 0.025525 1.011775 1.013592 2.012275 2.014049 3.022677 3.024715 4.079461 4.277749 5.153309 5.155022 
task17
0.025820 0.141478 1.014830 1.130434 2.014580 2.130285 3.025576 3.141305 4.080423 4.400057 5.155471 5.270978 
task20
0.025820 0.026317 0.027515 0.027917 1.014976 1.015378 1.015563 1.016038 1.016080 1.016474 1.016487 1.017006 2.014580 2.015112 2.015589 2.016123 2.016273 2.016848 3.025575 3.026140 3.026610 3.027768 4.080804 4.286949 5.155471 5.157763 
task18
0.029145 0.133652 1.018082 1.122957 2.017906 2.122543 3.028901 3.133774 4.083830 4.396509 5.158797 5.263498 
task21
0.133871 0.147052 1.122435 1.135191 2.122936 2.135785 3.133557 3.146625 4.397437 4.483642 5.263655 5.277608 
task22
0.146211 0.150717 1.134850 1.140443 2.136034 2.141329 3.146039 3.151806 4.483800 4.489555 5.276012 5.281683 
task23
0.150621 0.204525 1.140841 1.199272 2.140971 2.199572 3.150595 3.208983 4.487924 4.546805 5.281982 5.335918 
task24
0.208307 0.208335 0.208518 0.209035 0.209276 0.209417 0.210579 0.211540 1.199675 1.199775 1.200262 1.200322 1.200326 1.200425 1.200554 1.200672 1.200841 1.200857 1.200998 1.201029 1.201203 1.201291 1.203278 1.204291 2.198720 2.198920 2.198971 2.199143 2.199279 2.200409 3.207954 3.208229 3.208595 3.208634 3.208694 3.208725 3.209246 3.210180 4.547427 4.547571 4.547575 4.547638 4.547661 4.547734 4.547744 4.547752 4.547811 4.548485 4.548527 4.548606 4.548999 4.550012 5.339704 5.339729 5.339753 5.339866 5.339982 5.339994 5.340083 5.340334 5.340445 5.340586 5.340686 5.340712 5.340860 5.342023 
task83
0.230307 0.238140 1.220127 1.228437 2.220209 2.228483 3.230156 3.238760 4.570365 4.578708 5.360156 5.368762 
task84
0.230314 0.245917 1.220134 1.236178 2.220216 2.236278 3.230163 3.246471 4.570372 4.586471 5.360163 5.376680 
task86
0.230363 0.269258 1.220182 1.259515 2.220265 2.259574 3.230211 3.269908 4.570421 4.609697 5.360212 5.399929 
task90
0.230557 0.268655 1.220376 1.258917 2.220459 2.259017 3.230405 3.269209 4.570615 4.609209 5.360406 5.399418 
task25
0.230557 0.268803 1.220376 1.259065 2.220459 2.259165 3.230405 3.269357 4.570615 4.609357 5.360406 5.399566 
task30
0.231111 0.269246 1.220719 1.259508 2.220802 2.253252 3.230748 3.262466 4.572019 4.609709 5.360897 5.399866 
task31
0.231113 0.271757 1.220721 1.262018 2.220803 2.261297 3.230750 3.270514 4.572021 4.612220 5.360899 5.402377 
task33
0.232900 0.267851 1.222739 1.262111 2.221871 2.259206 3.231243 3.262146 4.572958 4.609398 5.362688 5.400646 
task54
0.233241 0.267683 1.222874 1.262066 2.222957 2.259226 3.231378 3.262151 4.573088 4.609451 5.363228 5.400625 
task28
0.233267 0.269445 1.222875 1.265595 2.222958 2.269526 3.232904 3.276377 4.574175 4.610820 5.363305 5.403460 
task27
0.238179 0.282428 1.227565 1.266731 2.227012 2.271222 3.236343 3.277635 4.578407 4.611703 5.368706 5.405380 
task26
0.239032 0.288760 1.227565 1.279585 2.227012 2.278738 3.236902 3.276572 4.578408 4.619131 5.368706 5.417569 
task85
0.246014 0.278929 1.235565 1.275500 2.236264 2.274483 3.245432 3.278543 4.586530 4.619622 5.375307 5.408512 
task87
0.266014 0.287668 1.255565 1.292371 2.255722 2.277549 3.265380 3.286915 4.606530 4.628509 5.395646 5.433268 
task55
0.267064 0.301898 1.256458 1.283412 2.257507 2.282372 3.266376 3.291026 4.607866 4.625018 5.396266 5.418305 
task32
0.269364 0.297412 1.259784 1.282260 2.259044 2.275612 3.268675 3.292503 4.609866 4.625609 5.398565 5.419131 
task34
0.271544 0.298852 1.262577 1.279737 2.261708 2.279000 3.270855 3.289458 4.612811 4.633462 5.401219 5.420015 
task45
0.278017 0.305465 1.267582 1.303065 2.267708 2.294434 3.276855 3.302780 4.618811 4.648800 5.407393 5.439489 
task29
0.278020 0.306609 1.267584 1.304252 2.267711 2.297025 3.276858 3.304260 4.618813 4.650083 5.407395 5.440666 
task88
0.288310 0.331425 1.278079 1.325855 2.278072 2.329842 3.287260 3.334786 4.628813 4.677160 5.418058 5.470015 
task56
0.292037 0.352340 1.281593 1.350145 2.282489 2.340383 3.291202 3.353377 4.632823 4.691775 5.421683 5.481954 
task35
0.296827 0.395258 1.288889 1.385252 2.288859 2.384995 3.297253 3.394857 4.638321 4.744955 5.427142 5.525345 
task36
0.305717 0.395563 1.294889 1.385128 2.294859 2.385031 3.305253 3.394763 4.645532 4.728682 5.435142 5.525054 
task89
0.332317 0.403552 1.321925 1.393346 2.321953 2.393091 3.331256 3.401731 4.673156 4.742577 5.461905 5.529898 
task57
0.352331 0.397582 1.342489 1.393260 2.342238 2.397588 3.355270 3.401735 4.693534 4.736352 5.483684 5.529022 
task37
0.395734 0.418695 1.385542 1.400097 2.385408 2.410600 3.395270 3.418034 4.736339 4.762655 5.525160 5.548186 
task47
0.395755 0.528086 1.385563 1.515235 2.385408 2.520742 3.395270 3.527371 4.736339 4.872037 5.525160 5.657755 
task39
0.397866 0.534980 1.387674 1.524600 2.387518 2.530875 3.397381 3.534765 4.738450 4.872608 5.527271 5.663895 
task93
0.402463 0.536357 1.392600 1.532562 2.392348 2.531349 3.401663 3.537346 4.743282 4.879225 5.532229 5.667880 
task91
0.402465 0.546803 1.392610 1.542629 2.392362 2.542351 3.401677 3.547068 4.743291 4.888871 5.532261 5.677948 
task38
0.418970 0.550551 1.408610 1.543451 2.408362 2.543029 3.417677 3.550134 4.759291 4.889022 5.548261 5.679797 
task48
0.531889 0.554272 1.520610 1.547143 2.520998 2.543909 3.531395 3.556685 4.871810 4.890445 5.656501 5.686843 
task40
0.534711 0.566957 1.524131 1.553882 2.524998 2.555028 3.534215 3.565975 4.875810 4.901602 5.664005 5.689857 
task92
0.547889 0.573729 1.537827 1.556991 2.540204 2.558458 3.547404 3.572152 4.889291 4.909811 5.677294 5.702048 
task49
0.551889 0.575498 1.541850 1.561085 2.542218 2.562449 3.553404 3.575700 4.893602 4.916882 5.682415 5.702537 
task46
0.565889 0.715714 1.555002 1.700465 2.555442 2.705777 3.565404 3.717235 4.905810 5.049662 5.695308 5.848103 
task43
0.567314 0.747046 1.557036 1.736202 2.557429 2.737380 3.566682 3.747365 4.907955 5.084802 5.697453 5.878232 
task41
0.567314 0.772335 1.557036 1.758060 2.557429 2.763589 3.566682 3.769223 4.907955 5.108935 5.697453 5.899291 
task42
0.569222 0.798105 1.559036 1.782242 2.559148 2.782808 3.568682 3.791266 4.909955 5.133558 5.699453 5.921149 
task50
0.572034 0.805308 1.562625 1.794078 2.561663 2.791205 3.573550 3.799805 4.914531 5.142018 5.703772 5.931403 
task44
0.749263 0.804997 1.739145 1.790525 2.738786 2.788805 3.749564 3.798632 5.089554 5.142702 5.878935 5.930542 
task51
0.800048 0.806702 1.790074 1.796331 2.790787 2.793814 3.801564 3.804689 5.140615 5.144098 5.930853 5.935638 
task52
0.802048 0.802120 0.802260 0.802325 0.802613 0.802686 0.803153 0.803248 0.803278 0.806054 1.793147 1.793223 1.793314 1.794080 1.794101 1.794205 1.794329 1.794803 2.793838 2.794018 2.794787 2.794811 2.794954 2.795191 2.795449 2.795609 2.795664 2.795795 3.804114 3.804914 3.805564 3.805663 3.805851 3.806078 5.144190 5.144245 5.144615 5.144672 5.144711 5.144851 5.145451 5.145480 5.145555 5.145992 5.932364 5.932949 5.932978 5.933486 5.933689 5.934392 
task53
0.802664 0.802872 0.803153 0.803320 0.804667 0.804688 0.805156 0.805172 1.794449 1.794562 1.794778 1.794840 1.796453 1.796608 1.796781 1.796840 2.796787 2.796868 2.797752 2.797858 3.806618 3.806672 3.806752 3.806951 5.145907 5.145960 5.146190 5.146282 5.146711 5.146920 5.147911 5.148002 5.934887 5.935091 5.935134 5.935355 
task72
4.010389 4.027368 
task73
4.010390 4.028503 
task74
4.010611 4.030252 
task62
4.010612 4.041005 
task69
4.010997 4.031075 
task64
4.012250 4.041694 
task61
4.012281 4.041578 
task59
4.012283 4.042223 
task58
4.012285 4.046469 
task75
4.027028 4.037091 
task65
4.034404 4.056162 
task71
4.036174 4.068158 
task63
4.036198 4.069726 
task76
4.042455 4.074871 
task60
4.042838 4.081094 
task66
4.053713 4.255469 
task77
4.075461 4.277655 
task80
4.075461 4.286286 
task67
4.080400 4.290420 
task78
4.275160 4.437363 
task81
4.283735 4.436818 
task70
4.291160 4.452438 
task68
4.291169 4.445098 
task82
4.292831 4.476631 
task79
4.438070 4.480703 
