5
0.000000 0.012000 1.000000 1.001537 2.000000 2.000771 3.000000 3.011948 4.000000 4.040598 5.000000 5.143802 
0
0.000000 0.025525 1.000000 1.015046 2.000000 2.014703 3.000000 3.025051 4.000000 4.283485 5.000000 5.155154 
4
0.000000 0.221589 1.000000 1.212291 2.000000 2.212668 3.000000 3.223252 4.000000 4.560929 5.000000 5.353323 
1
0.000000 0.573743 1.000000 1.565803 2.000000 2.565140 3.000000 3.573329 4.000000 4.916185 5.000000 5.706102 
2
0.000000 0.806702 1.000000 1.796842 2.000000 2.797952 3.000000 3.806951 4.000000 5.148075 5.000000 5.936277 
3
4.000000 4.488426 
