0
0.000000 99328.000000 99968.000000 100000.000000 100000.000000 99986.000000 99954.000000 100000.000000 99968.000000 99936.000000 0.000000 99880.000000 99872.000000 100000.000000 99980.000000 99954.000000 100000.000000 100000.000000 99712.000000 0.000000 0.000000 99624.000000 99776.000000 99992.000000 99976.000000 99986.000000 100000.000000 100000.000000 99904.000000 0.000000 0.000000 99816.000000 99968.000000 100000.000000 99976.000000 99986.000000 99986.000000 100000.000000 99904.000000 99904.000000 0.000000 99976.000000 99968.000000 99968.000000 100000.000000 99996.000000 99972.000000 100000.000000 99998.000000 99986.000000 100000.000000 99840.000000 99976.000000 99968.000000 99965.000000 99992.000000 99994.000000 99986.000000 100000.000000 99776.000000 99904.000000 
1
0.000000 99328.000000 99968.000000 100000.000000 100000.000000 99986.000000 99986.000000 100000.000000 99840.000000 100000.000000 0.000000 99616.000000 99872.000000 100000.000000 99992.000000 99826.000000 100000.000000 100000.000000 99968.000000 0.000000 0.000000 99784.000000 99392.000000 100000.000000 99976.000000 99986.000000 100000.000000 100000.000000 99712.000000 0.000000 0.000000 99816.000000 99968.000000 100000.000000 99976.000000 99986.000000 99986.000000 100000.000000 99712.000000 99712.000000 0.000000 99998.000000 99904.000000 99520.000000 99968.000000 99996.000000 100000.000000 99992.000000 99994.000000 99954.000000 100000.000000 99968.000000 99944.000000 99968.000000 99984.000000 99992.000000 99994.000000 99998.000000 100000.000000 99904.000000 99840.000000 
2
0.000000 99328.000000 99968.000000 100000.000000 100000.000000 99986.000000 99986.000000 100000.000000 99840.000000 100000.000000 0.000000 99616.000000 99872.000000 100000.000000 99992.000000 99826.000000 100000.000000 100000.000000 99968.000000 0.000000 0.000000 99784.000000 99392.000000 100000.000000 99976.000000 99986.000000 100000.000000 100000.000000 99712.000000 0.000000 0.000000 99816.000000 99968.000000 100000.000000 99976.000000 99986.000000 99986.000000 100000.000000 99712.000000 99712.000000 0.000000 100000.000000 99904.000000 99936.000000 100000.000000 100000.000000 99908.000000 99997.000000 99994.000000 99998.000000 100000.000000 99648.000000 99904.000000 99968.000000 99984.000000 99960.000000 99994.000000 99998.000000 100000.000000 99968.000000 99840.000000 
3
0.000000 99328.000000 99968.000000 100000.000000 100000.000000 99986.000000 99986.000000 100000.000000 99840.000000 100000.000000 0.000000 99616.000000 99872.000000 100000.000000 99992.000000 99826.000000 100000.000000 100000.000000 99968.000000 0.000000 0.000000 99784.000000 99392.000000 100000.000000 99976.000000 99986.000000 100000.000000 100000.000000 99712.000000 0.000000 0.000000 99816.000000 99968.000000 100000.000000 99976.000000 99986.000000 99986.000000 100000.000000 99712.000000 99712.000000 0.000000 99998.000000 99904.000000 99520.000000 99992.000000 99996.000000 100000.000000 99992.000000 99994.000000 99954.000000 100000.000000 99968.000000 99944.000000 99968.000000 99984.000000 99992.000000 99994.000000 99998.000000 100000.000000 99904.000000 99840.000000 
4
0.000000 99328.000000 99968.000000 99993.000000 99972.000000 99960.000000 100000.000000 100000.000000 99776.000000 99264.000000 0.000000 99976.000000 99872.000000 100000.000000 99972.000000 99960.000000 100000.000000 99968.000000 99968.000000 0.000000 0.000000 99784.000000 99872.000000 100000.000000 99972.000000 99992.000000 100000.000000 100000.000000 99648.000000 0.000000 0.000000 99848.000000 99968.000000 100000.000000 100000.000000 99992.000000 99992.000000 100000.000000 99648.000000 98624.000000 0.000000 100000.000000 99904.000000 99802.000000 99994.000000 99996.000000 99968.000000 99984.000000 99996.000000 99996.000000 100000.000000 99968.000000 99968.000000 99872.000000 99998.000000 99984.000000 99984.000000 99980.000000 100000.000000 99712.000000 99776.000000 
5
0.000000 99328.000000 99968.000000 99993.000000 99972.000000 99960.000000 100000.000000 100000.000000 99776.000000 99264.000000 0.000000 99976.000000 99872.000000 100000.000000 99972.000000 99960.000000 100000.000000 99968.000000 99968.000000 0.000000 0.000000 99784.000000 99872.000000 100000.000000 99972.000000 99992.000000 100000.000000 100000.000000 99648.000000 0.000000 0.000000 99848.000000 99968.000000 100000.000000 100000.000000 99992.000000 99992.000000 100000.000000 99648.000000 98624.000000 0.000000 100000.000000 99904.000000 99520.000000 99994.000000 100000.000000 99825.000000 100000.000000 99996.000000 99992.000000 100000.000000 99648.000000 99912.000000 99968.000000 99998.000000 99984.000000 99964.000000 99992.000000 100000.000000 99904.000000 99968.000000 
6
0.000000 99328.000000 99968.000000 99993.000000 99972.000000 99960.000000 100000.000000 100000.000000 99776.000000 99264.000000 0.000000 99976.000000 99872.000000 100000.000000 99972.000000 99960.000000 100000.000000 99968.000000 99968.000000 0.000000 0.000000 99784.000000 99872.000000 100000.000000 99972.000000 99992.000000 100000.000000 100000.000000 99648.000000 0.000000 0.000000 99848.000000 99968.000000 100000.000000 100000.000000 99992.000000 99992.000000 100000.000000 99648.000000 98624.000000 0.000000 100000.000000 99904.000000 99842.000000 99970.000000 99996.000000 99968.000000 99984.000000 99996.000000 99996.000000 100000.000000 99968.000000 99968.000000 99872.000000 99998.000000 99984.000000 99984.000000 99980.000000 100000.000000 99712.000000 99776.000000 
7
0.000000 99328.000000 99968.000000 99993.000000 99972.000000 99960.000000 100000.000000 100000.000000 99776.000000 99264.000000 0.000000 99976.000000 99872.000000 100000.000000 99972.000000 99960.000000 100000.000000 99968.000000 99968.000000 0.000000 0.000000 99784.000000 99872.000000 100000.000000 99972.000000 99992.000000 100000.000000 100000.000000 99648.000000 0.000000 0.000000 99848.000000 99968.000000 100000.000000 100000.000000 99992.000000 99992.000000 100000.000000 99648.000000 98624.000000 0.000000 100000.000000 99904.000000 99520.000000 99968.000000 100000.000000 99825.000000 100000.000000 99996.000000 99992.000000 100000.000000 99648.000000 99912.000000 99968.000000 99998.000000 99984.000000 99964.000000 99992.000000 100000.000000 99904.000000 99968.000000 
8
0.000000 99328.000000 99968.000000 100000.000000 99968.000000 99954.000000 99986.000000 100000.000000 99776.000000 99952.000000 0.000000 99968.000000 99968.000000 100000.000000 100000.000000 99986.000000 100000.000000 100000.000000 99968.000000 0.000000 0.000000 99988.000000 99984.000000 100000.000000 99968.000000 99986.000000 99986.000000 100000.000000 99996.000000 0.000000 0.000000 99968.000000 99968.000000 100000.000000 99992.000000 99986.000000 99986.000000 100000.000000 99840.000000 100000.000000 0.000000 100000.000000 99968.000000 99929.000000 99962.000000 99968.000000 100000.000000 99998.000000 99986.000000 99922.000000 100000.000000 99904.000000 100000.000000 99872.000000 100000.000000 100000.000000 99986.000000 99998.000000 100000.000000 99968.000000 99968.000000 
9
0.000000 99328.000000 99968.000000 100000.000000 99968.000000 99954.000000 99890.000000 100000.000000 99776.000000 99888.000000 0.000000 99888.000000 99984.000000 100000.000000 99968.000000 99986.000000 100000.000000 100000.000000 100000.000000 0.000000 0.000000 99972.000000 99984.000000 100000.000000 100000.000000 99986.000000 99986.000000 100000.000000 99988.000000 0.000000 0.000000 100000.000000 99968.000000 100000.000000 100000.000000 99986.000000 99986.000000 100000.000000 99968.000000 100000.000000 0.000000 100000.000000 99712.000000 99970.000000 100000.000000 100000.000000 99984.000000 99998.000000 99986.000000 99998.000000 100000.000000 99968.000000 99984.000000 99968.000000 100000.000000 100000.000000 99986.000000 99986.000000 100000.000000 99712.000000 99920.000000 
10
0.000000 99328.000000 99968.000000 100000.000000 99968.000000 99954.000000 99890.000000 100000.000000 99776.000000 99888.000000 0.000000 99888.000000 99984.000000 100000.000000 99968.000000 99986.000000 100000.000000 100000.000000 100000.000000 0.000000 0.000000 99972.000000 99984.000000 100000.000000 100000.000000 99986.000000 99986.000000 100000.000000 99988.000000 0.000000 0.000000 100000.000000 99968.000000 100000.000000 100000.000000 99986.000000 99986.000000 100000.000000 99968.000000 100000.000000 0.000000 100000.000000 99712.000000 99904.000000 99962.000000 99992.000000 99984.000000 99998.000000 99986.000000 99986.000000 100000.000000 99712.000000 100000.000000 99968.000000 100000.000000 100000.000000 99986.000000 99858.000000 100000.000000 99584.000000 99996.000000 
11
0.000000 99328.000000 99968.000000 100000.000000 99968.000000 99954.000000 99890.000000 100000.000000 99776.000000 99888.000000 0.000000 99888.000000 99984.000000 100000.000000 99968.000000 99986.000000 100000.000000 100000.000000 100000.000000 0.000000 0.000000 99972.000000 99984.000000 100000.000000 100000.000000 99986.000000 99986.000000 100000.000000 99988.000000 0.000000 0.000000 100000.000000 99968.000000 100000.000000 100000.000000 99986.000000 99986.000000 100000.000000 99968.000000 100000.000000 0.000000 100000.000000 99712.000000 99970.000000 100000.000000 100000.000000 99984.000000 99998.000000 99986.000000 99998.000000 100000.000000 99968.000000 99984.000000 99968.000000 100000.000000 100000.000000 99986.000000 99986.000000 100000.000000 99712.000000 99920.000000 
12
0.000000 99328.000000 99968.000000 100000.000000 99998.000000 99890.000000 99968.000000 100000.000000 99776.000000 98752.000000 0.000000 99876.000000 99872.000000 99993.000000 99998.000000 99826.000000 100000.000000 99968.000000 99840.000000 0.000000 0.000000 99940.000000 99984.000000 99993.000000 100000.000000 99954.000000 100000.000000 100000.000000 99968.000000 0.000000 0.000000 99844.000000 99968.000000 99983.000000 100000.000000 99998.000000 99986.000000 100000.000000 99968.000000 99520.000000 0.000000 99984.000000 99584.000000 99970.000000 100000.000000 100000.000000 100000.000000 99992.000000 99994.000000 99994.000000 100000.000000 99776.000000 99780.000000 99968.000000 99984.000000 99998.000000 100000.000000 99962.000000 100000.000000 99968.000000 99520.000000 
13
0.000000 98332.000000 99968.000000 100000.000000 99998.000000 99954.000000 99968.000000 100000.000000 99648.000000 97216.000000 0.000000 99680.000000 99968.000000 100000.000000 99998.000000 99890.000000 100000.000000 99968.000000 99840.000000 0.000000 0.000000 99968.000000 99872.000000 99992.000000 100000.000000 99954.000000 100000.000000 100000.000000 99968.000000 0.000000 0.000000 99872.000000 99968.000000 99983.000000 100000.000000 99998.000000 99986.000000 100000.000000 99968.000000 99520.000000 0.000000 99996.000000 99584.000000 99970.000000 100000.000000 99996.000000 100000.000000 100000.000000 99994.000000 99954.000000 100000.000000 99584.000000 99616.000000 99968.000000 99984.000000 100000.000000 100000.000000 99986.000000 100000.000000 99968.000000 99968.000000 
14
0.000000 98336.000000 99968.000000 100000.000000 99998.000000 99954.000000 99968.000000 100000.000000 99648.000000 97216.000000 0.000000 99684.000000 99968.000000 100000.000000 99998.000000 99890.000000 100000.000000 99968.000000 99840.000000 0.000000 0.000000 99972.000000 99968.000000 99993.000000 100000.000000 99954.000000 100000.000000 100000.000000 99968.000000 0.000000 0.000000 99876.000000 99968.000000 99983.000000 100000.000000 99998.000000 99986.000000 100000.000000 99968.000000 99968.000000 0.000000 100000.000000 99712.000000 99904.000000 99985.000000 99968.000000 100000.000000 99970.000000 100000.000000 99954.000000 100000.000000 99584.000000 99620.000000 99968.000000 99984.000000 100000.000000 100000.000000 99986.000000 100000.000000 99968.000000 99968.000000 
15
0.000000 98305.888889 99968.000000 100000.000000 99998.000000 99954.000000 99968.000000 100000.000000 99648.000000 97216.000000 0.000000 99653.888889 99968.000000 100000.000000 99998.000000 99890.000000 100000.000000 99968.000000 99840.000000 0.000000 0.000000 99941.888889 99968.000000 99993.000000 100000.000000 99954.000000 100000.000000 100000.000000 99968.000000 0.000000 0.000000 99845.888889 99968.000000 99983.000000 100000.000000 99998.000000 99986.000000 100000.000000 99968.000000 99968.000000 0.000000 100000.000000 99712.000000 99904.000000 99985.000000 99968.000000 100000.000000 100000.000000 100000.000000 99994.000000 100000.000000 99776.000000 99781.888889 99968.000000 99984.000000 100000.000000 100000.000000 99986.000000 100000.000000 99968.000000 99520.000000 
16
0.000000 98304.000000 99840.000000 99960.000000 99998.000000 99986.000000 100000.000000 100000.000000 99904.000000 98880.000000 0.000000 99880.000000 99840.000000 100000.000000 99998.000000 99538.000000 100000.000000 99968.000000 99904.000000 0.000000 0.000000 99784.000000 99936.000000 100000.000000 99998.000000 99986.000000 100000.000000 100000.000000 99904.000000 0.000000 0.000000 99496.000000 99648.000000 100000.000000 99972.000000 99998.000000 99922.000000 100000.000000 99968.000000 99520.000000 0.000000 100000.000000 99712.000000 99904.000000 99920.000000 99992.000000 99912.000000 100000.000000 99998.000000 99922.000000 100000.000000 99968.000000 99968.000000 99840.000000 100000.000000 99976.000000 99998.000000 99986.000000 100000.000000 99712.000000 99904.000000 
17
0.000000 98304.000000 99840.000000 99960.000000 99998.000000 99986.000000 100000.000000 100000.000000 99904.000000 98880.000000 0.000000 99880.000000 99840.000000 100000.000000 99998.000000 99538.000000 100000.000000 99968.000000 99904.000000 0.000000 0.000000 99784.000000 99936.000000 100000.000000 99998.000000 99986.000000 100000.000000 100000.000000 99904.000000 0.000000 0.000000 99496.000000 99648.000000 100000.000000 99972.000000 99998.000000 99922.000000 100000.000000 99968.000000 99520.000000 0.000000 100000.000000 99712.000000 99904.000000 99984.000000 100000.000000 100000.000000 99993.000000 99998.000000 99986.000000 100000.000000 99840.000000 99944.000000 99840.000000 99997.000000 100000.000000 99988.000000 99998.000000 100000.000000 99968.000000 99648.000000 
18
0.000000 98304.000000 99840.000000 99960.000000 99998.000000 99986.000000 100000.000000 100000.000000 99904.000000 98880.000000 0.000000 99880.000000 99840.000000 100000.000000 99998.000000 99538.000000 100000.000000 99968.000000 99904.000000 0.000000 0.000000 99784.000000 99936.000000 100000.000000 99998.000000 99986.000000 100000.000000 100000.000000 99904.000000 0.000000 0.000000 99496.000000 99648.000000 100000.000000 99972.000000 99998.000000 99922.000000 100000.000000 99968.000000 99520.000000 0.000000 100000.000000 99712.000000 99968.000000 100000.000000 99992.000000 99965.000000 100000.000000 99998.000000 99986.000000 100000.000000 99776.000000 99968.000000 99648.000000 99926.000000 100000.000000 99998.000000 99826.000000 100000.000000 99520.000000 99712.000000 
19
0.000000 98304.000000 99840.000000 99960.000000 99998.000000 99986.000000 100000.000000 100000.000000 99904.000000 98880.000000 0.000000 99880.000000 99840.000000 100000.000000 99998.000000 99538.000000 100000.000000 99968.000000 99904.000000 0.000000 0.000000 99784.000000 99936.000000 100000.000000 99998.000000 99986.000000 100000.000000 100000.000000 99904.000000 0.000000 0.000000 99496.000000 99648.000000 100000.000000 99972.000000 99998.000000 99922.000000 100000.000000 99968.000000 99520.000000 0.000000 100000.000000 99712.000000 99968.000000 100000.000000 99996.000000 99965.000000 99980.000000 99998.000000 99986.000000 100000.000000 99840.000000 99944.000000 99936.000000 99929.000000 99993.000000 99998.000000 99986.000000 100000.000000 99712.000000 99904.000000 
