0
0.000000 30720.000000 6144.000000 62265.000000 86476.000000 33429.000000 134336.000000 68032.000000 3328.000000 0.000000 0.000000 24576.000000 0.000000 58824.000000 89452.000000 25988.000000 126912.000000 60608.000000 0.000000 0.000000 0.000000 24576.000000 0.000000 58888.000000 90200.000000 26736.000000 127168.000000 63232.000000 0.000000 0.000000 0.000000 30720.000000 6144.000000 62265.000000 87074.000000 34524.000000 134016.000000 67712.000000 2816.000000 0.000000 0.000000 195940.000000 131500.000000 115378.000000 50138.000000 30720.000000 16256.000000 29767.000000 60557.000000 11186.000000 93760.000000 31680.000000 49152.000000 27648.000000 12340.000000 24934.000000 54010.000000 126676.000000 86976.000000 23424.000000 0.000000 
1
0.000000 26088.000000 3072.000000 61049.000000 86326.000000 33587.000000 135424.000000 69120.000000 3456.000000 0.000000 0.000000 19944.000000 0.000000 58888.000000 89600.000000 27844.000000 127168.000000 60864.000000 0.000000 0.000000 0.000000 19944.000000 0.000000 58824.000000 90052.000000 28911.000000 127168.000000 63232.000000 0.000000 0.000000 0.000000 26088.000000 3072.000000 61049.000000 87447.000000 34537.000000 134272.000000 67968.000000 2304.000000 0.000000 0.000000 198915.000000 134475.000000 114523.000000 50011.000000 27648.000000 16318.000000 31013.000000 60386.000000 10756.000000 94016.000000 29440.000000 44520.000000 24576.000000 12402.000000 26180.000000 52182.000000 128266.000000 86912.000000 22336.000000 0.000000 
2
0.000000 26088.000000 3072.000000 61049.000000 86699.000000 33457.000000 133952.000000 67648.000000 2304.000000 0.000000 0.000000 19944.000000 0.000000 58824.000000 89077.000000 25973.000000 127168.000000 60864.000000 0.000000 0.000000 0.000000 19944.000000 0.000000 58728.000000 90425.000000 28924.000000 128064.000000 64128.000000 0.000000 0.000000 0.000000 26088.000000 3072.000000 61049.000000 87222.000000 32349.000000 134016.000000 67712.000000 2304.000000 0.000000 0.000000 196025.000000 131585.000000 107281.000000 50445.000000 27648.000000 16318.000000 31013.000000 60731.000000 10756.000000 95168.000000 30592.000000 44520.000000 24576.000000 12402.000000 26180.000000 52167.000000 129742.000000 87744.000000 24640.000000 0.000000 
3
0.000000 25980.000000 3072.000000 61107.000000 89469.000000 35200.000000 134016.000000 67712.000000 2304.000000 0.000000 0.000000 19836.000000 0.000000 58888.000000 89002.000000 27803.000000 128064.000000 61760.000000 0.000000 0.000000 0.000000 19836.000000 0.000000 58984.000000 91846.000000 28650.000000 126912.000000 62976.000000 0.000000 0.000000 0.000000 25980.000000 3072.000000 61107.000000 90219.000000 34263.000000 133056.000000 69120.000000 3968.000000 0.000000 0.000000 196014.000000 131574.000000 113506.000000 50418.000000 27648.000000 17153.000000 29766.000000 60646.000000 11042.000000 96128.000000 30656.000000 44412.000000 24576.000000 12352.000000 24933.000000 54025.000000 127374.000000 86656.000000 23552.000000 0.000000 
4
0.000000 30720.000000 6144.000000 62265.000000 87224.000000 34220.000000 135168.000000 68864.000000 3456.000000 0.000000 0.000000 24576.000000 0.000000 58888.000000 90200.000000 26736.000000 127168.000000 60864.000000 0.000000 0.000000 0.000000 24576.000000 0.000000 58888.000000 88852.000000 26736.000000 127232.000000 60928.000000 0.000000 0.000000 0.000000 30720.000000 6144.000000 62265.000000 87822.000000 34192.000000 134272.000000 67968.000000 2304.000000 0.000000 0.000000 195684.000000 131244.000000 113477.000000 51117.000000 30720.000000 16256.000000 29767.000000 60557.000000 11186.000000 93760.000000 31680.000000 49152.000000 27648.000000 12052.000000 24934.000000 52930.000000 128846.000000 86976.000000 22400.000000 0.000000 
5
0.000000 26088.000000 3072.000000 61049.000000 87074.000000 34524.000000 133120.000000 66816.000000 3328.000000 0.000000 0.000000 19944.000000 0.000000 58824.000000 90052.000000 28911.000000 126016.000000 59712.000000 0.000000 0.000000 0.000000 19944.000000 0.000000 58824.000000 88487.000000 28694.000000 127168.000000 63232.000000 0.000000 0.000000 0.000000 26088.000000 3072.000000 61049.000000 87447.000000 34537.000000 132736.000000 68800.000000 2304.000000 0.000000 0.000000 195664.000000 131224.000000 116565.000000 50785.000000 27648.000000 16318.000000 31013.000000 60386.000000 10756.000000 94016.000000 29440.000000 44520.000000 24576.000000 12210.000000 26180.000000 55105.000000 127804.000000 86656.000000 24576.000000 0.000000 
6
0.000000 26088.000000 3072.000000 61049.000000 87447.000000 34537.000000 134272.000000 67968.000000 3456.000000 0.000000 0.000000 19944.000000 0.000000 58824.000000 89077.000000 28924.000000 128064.000000 61760.000000 0.000000 0.000000 0.000000 19944.000000 0.000000 58824.000000 89077.000000 28924.000000 126848.000000 62912.000000 0.000000 0.000000 0.000000 26088.000000 3072.000000 61049.000000 87970.000000 32492.000000 134016.000000 67712.000000 2304.000000 0.000000 0.000000 196926.000000 132486.000000 113498.000000 52058.000000 27648.000000 16318.000000 31013.000000 60731.000000 10756.000000 95168.000000 30592.000000 44520.000000 24576.000000 12210.000000 26180.000000 53247.000000 127374.000000 88960.000000 23488.000000 0.000000 
7
0.000000 25980.000000 3072.000000 61107.000000 90217.000000 34263.000000 135168.000000 68864.000000 3456.000000 0.000000 0.000000 19836.000000 0.000000 58888.000000 91846.000000 26779.000000 128064.000000 61760.000000 0.000000 0.000000 0.000000 19836.000000 0.000000 58888.000000 92063.000000 26996.000000 128064.000000 61760.000000 0.000000 0.000000 0.000000 25980.000000 3072.000000 61107.000000 88723.000000 34452.000000 131968.000000 68032.000000 3328.000000 0.000000 0.000000 195702.000000 131262.000000 121754.000000 52442.000000 27648.000000 17153.000000 29766.000000 60646.000000 11042.000000 96128.000000 30656.000000 44412.000000 24576.000000 12160.000000 24933.000000 52973.000000 127256.000000 88064.000000 23488.000000 0.000000 
8
0.000000 30720.000000 6144.000000 62265.000000 87224.000000 34220.000000 135168.000000 68864.000000 3456.000000 0.000000 0.000000 24576.000000 0.000000 58888.000000 90200.000000 26736.000000 127168.000000 60864.000000 0.000000 0.000000 0.000000 24576.000000 0.000000 58888.000000 88852.000000 26736.000000 127232.000000 60928.000000 0.000000 0.000000 0.000000 30720.000000 6144.000000 62265.000000 87822.000000 34192.000000 134272.000000 67968.000000 2304.000000 0.000000 0.000000 196312.000000 131872.000000 113993.000000 52173.000000 30720.000000 16256.000000 29767.000000 60557.000000 10756.000000 95168.000000 30592.000000 49152.000000 27648.000000 12244.000000 24934.000000 52930.000000 127224.000000 87808.000000 24704.000000 0.000000 
9
0.000000 26088.000000 3072.000000 61049.000000 87074.000000 34524.000000 133120.000000 66816.000000 3328.000000 0.000000 0.000000 19944.000000 0.000000 58824.000000 90052.000000 28911.000000 126016.000000 59712.000000 0.000000 0.000000 0.000000 19944.000000 0.000000 58824.000000 88487.000000 28694.000000 127168.000000 63232.000000 0.000000 0.000000 0.000000 26088.000000 3072.000000 61049.000000 87447.000000 34537.000000 132736.000000 68800.000000 2304.000000 0.000000 0.000000 196302.000000 131862.000000 108181.000000 52397.000000 27648.000000 16318.000000 31013.000000 60386.000000 11916.000000 96128.000000 30656.000000 44520.000000 24576.000000 12210.000000 26180.000000 53017.000000 128266.000000 86912.000000 23360.000000 0.000000 
10
0.000000 26088.000000 3072.000000 61049.000000 87447.000000 34537.000000 134272.000000 67968.000000 3456.000000 0.000000 0.000000 19944.000000 0.000000 58824.000000 89077.000000 28924.000000 128064.000000 61760.000000 0.000000 0.000000 0.000000 19944.000000 0.000000 58824.000000 89077.000000 28924.000000 126848.000000 62912.000000 0.000000 0.000000 0.000000 26088.000000 3072.000000 61049.000000 87970.000000 32492.000000 134016.000000 67712.000000 2304.000000 0.000000 0.000000 197980.000000 133540.000000 114522.000000 53082.000000 27648.000000 16318.000000 31013.000000 60731.000000 10742.000000 93760.000000 31680.000000 44520.000000 24576.000000 12210.000000 26180.000000 53247.000000 127374.000000 88960.000000 23488.000000 0.000000 
11
0.000000 25980.000000 3072.000000 61107.000000 90217.000000 34263.000000 135168.000000 68864.000000 3456.000000 0.000000 0.000000 19836.000000 0.000000 58888.000000 91846.000000 26779.000000 128064.000000 61760.000000 0.000000 0.000000 0.000000 19836.000000 0.000000 58888.000000 92063.000000 26996.000000 128064.000000 61760.000000 0.000000 0.000000 0.000000 25980.000000 3072.000000 61107.000000 88723.000000 34452.000000 131968.000000 68032.000000 3328.000000 0.000000 0.000000 196301.000000 131861.000000 120136.000000 52576.000000 27648.000000 17153.000000 29766.000000 60646.000000 10326.000000 94016.000000 29440.000000 44412.000000 24576.000000 12256.000000 24933.000000 53190.000000 127256.000000 86976.000000 22400.000000 0.000000 
12
0.000000 30720.000000 6144.000000 62265.000000 87224.000000 34220.000000 135168.000000 68864.000000 3456.000000 0.000000 0.000000 24576.000000 0.000000 58888.000000 90200.000000 26736.000000 127168.000000 60864.000000 0.000000 0.000000 0.000000 24576.000000 0.000000 58888.000000 88852.000000 26736.000000 127232.000000 60928.000000 0.000000 0.000000 0.000000 30720.000000 6144.000000 62265.000000 87822.000000 34192.000000 134272.000000 67968.000000 2304.000000 0.000000 0.000000 195684.000000 131244.000000 113477.000000 51117.000000 30720.000000 16256.000000 29767.000000 60557.000000 11186.000000 93760.000000 31680.000000 49152.000000 27648.000000 12052.000000 24934.000000 52930.000000 128846.000000 86976.000000 22400.000000 0.000000 
13
0.000000 26088.000000 3072.000000 61049.000000 87074.000000 34524.000000 133120.000000 66816.000000 3328.000000 0.000000 0.000000 19944.000000 0.000000 58824.000000 90052.000000 28911.000000 126016.000000 59712.000000 0.000000 0.000000 0.000000 19944.000000 0.000000 58824.000000 88487.000000 28694.000000 127168.000000 63232.000000 0.000000 0.000000 0.000000 26088.000000 3072.000000 61049.000000 87447.000000 34537.000000 132736.000000 68800.000000 2304.000000 0.000000 0.000000 195664.000000 131224.000000 116565.000000 50785.000000 27648.000000 16318.000000 31013.000000 60386.000000 10756.000000 94016.000000 29440.000000 44520.000000 24576.000000 12210.000000 26180.000000 55105.000000 127804.000000 86656.000000 24576.000000 0.000000 
14
0.000000 26088.000000 3072.000000 61049.000000 87447.000000 34537.000000 134272.000000 67968.000000 3456.000000 0.000000 0.000000 19944.000000 0.000000 58824.000000 89077.000000 28924.000000 128064.000000 61760.000000 0.000000 0.000000 0.000000 19944.000000 0.000000 58824.000000 89077.000000 28924.000000 126848.000000 62912.000000 0.000000 0.000000 0.000000 26088.000000 3072.000000 61049.000000 87970.000000 32492.000000 134016.000000 67712.000000 2304.000000 0.000000 0.000000 196926.000000 132486.000000 113498.000000 52058.000000 27648.000000 16318.000000 31013.000000 60731.000000 10756.000000 95168.000000 30592.000000 44520.000000 24576.000000 12210.000000 26180.000000 53247.000000 127374.000000 88960.000000 23488.000000 0.000000 
15
0.000000 25980.000000 3072.000000 61107.000000 90217.000000 34263.000000 135168.000000 68864.000000 3456.000000 0.000000 0.000000 19836.000000 0.000000 58888.000000 91846.000000 26779.000000 128064.000000 61760.000000 0.000000 0.000000 0.000000 19836.000000 0.000000 58888.000000 92063.000000 26996.000000 128064.000000 61760.000000 0.000000 0.000000 0.000000 25980.000000 3072.000000 61107.000000 88723.000000 34452.000000 131968.000000 68032.000000 3328.000000 0.000000 0.000000 195702.000000 131262.000000 121754.000000 52442.000000 27648.000000 17153.000000 29766.000000 60646.000000 11042.000000 96128.000000 30656.000000 44412.000000 24576.000000 12160.000000 24933.000000 52973.000000 127256.000000 88064.000000 23488.000000 0.000000 
16
0.000000 30720.000000 6144.000000 65583.000000 85307.000000 33928.000000 129280.000000 65344.000000 0.000000 0.000000 0.000000 24576.000000 0.000000 57576.000000 87301.000000 25637.000000 123328.000000 59392.000000 0.000000 0.000000 0.000000 24576.000000 0.000000 55529.000000 90277.000000 26708.000000 125952.000000 59648.000000 0.000000 0.000000 0.000000 30720.000000 6144.000000 64136.000000 85830.000000 33817.000000 130688.000000 66752.000000 0.000000 0.000000 0.000000 198876.000000 134436.000000 112173.000000 52269.000000 30720.000000 18320.000000 31800.000000 60644.000000 8708.000000 92864.000000 28288.000000 49152.000000 27648.000000 16132.000000 24932.000000 54571.000000 145040.000000 85760.000000 21184.000000 0.000000 
17
0.000000 26088.000000 3072.000000 65004.000000 89693.000000 33903.000000 130752.000000 66816.000000 1152.000000 0.000000 0.000000 19944.000000 0.000000 57576.000000 90350.000000 27514.000000 123584.000000 59648.000000 0.000000 0.000000 0.000000 19944.000000 0.000000 57769.000000 92063.000000 28147.000000 125696.000000 59392.000000 0.000000 0.000000 0.000000 26088.000000 3072.000000 62600.000000 90474.000000 32980.000000 130752.000000 66816.000000 0.000000 0.000000 0.000000 198073.000000 133633.000000 116822.000000 53114.000000 27648.000000 18320.000000 31799.000000 60627.000000 9302.000000 92864.000000 28288.000000 44520.000000 24576.000000 14676.000000 24932.000000 52455.000000 146630.000000 85760.000000 21184.000000 0.000000 
18
0.000000 26088.000000 3072.000000 65004.000000 89693.000000 33903.000000 130752.000000 66816.000000 1152.000000 0.000000 0.000000 19944.000000 0.000000 56233.000000 88637.000000 27241.000000 123648.000000 59712.000000 0.000000 0.000000 0.000000 19944.000000 0.000000 56619.000000 90425.000000 26764.000000 123648.000000 59712.000000 0.000000 0.000000 0.000000 26088.000000 3072.000000 63943.000000 90220.000000 33773.000000 130752.000000 64448.000000 0.000000 0.000000 0.000000 198117.000000 133677.000000 117936.000000 51912.000000 27648.000000 18382.000000 31799.000000 60587.000000 8708.000000 92800.000000 28224.000000 44520.000000 24576.000000 14622.000000 22136.000000 52455.000000 146318.000000 85440.000000 22336.000000 0.000000 
19
0.000000 25980.000000 3072.000000 58572.000000 89653.000000 34207.000000 131840.000000 67904.000000 2304.000000 0.000000 0.000000 19836.000000 0.000000 55143.000000 90425.000000 27484.000000 123648.000000 59712.000000 0.000000 0.000000 0.000000 19836.000000 0.000000 57962.000000 86644.000000 28128.000000 126016.000000 59712.000000 0.000000 0.000000 0.000000 25980.000000 3072.000000 59030.000000 87822.000000 33500.000000 130432.000000 66496.000000 512.000000 0.000000 0.000000 201948.000000 137508.000000 109069.000000 52237.000000 27648.000000 17014.000000 32932.000000 58859.000000 8708.000000 92544.000000 27584.000000 44412.000000 24576.000000 21920.000000 22499.000000 53171.000000 144842.000000 85696.000000 21632.000000 0.000000 
20
0.000000 30720.000000 6144.000000 65583.000000 85307.000000 33928.000000 129280.000000 65344.000000 0.000000 0.000000 0.000000 24576.000000 0.000000 57576.000000 87301.000000 25637.000000 123328.000000 59392.000000 0.000000 0.000000 0.000000 24576.000000 0.000000 55529.000000 90277.000000 26708.000000 125952.000000 59648.000000 0.000000 0.000000 0.000000 30720.000000 6144.000000 64136.000000 85830.000000 33817.000000 130688.000000 66752.000000 0.000000 0.000000 0.000000 197861.000000 133421.000000 113338.000000 46778.000000 30720.000000 18272.000000 34598.000000 59898.000000 9438.000000 92800.000000 28224.000000 49152.000000 27648.000000 14388.000000 24932.000000 53246.000000 126096.000000 85760.000000 21184.000000 0.000000 
21
0.000000 26088.000000 3072.000000 65004.000000 89693.000000 33903.000000 130752.000000 66816.000000 1152.000000 0.000000 0.000000 19944.000000 0.000000 57576.000000 90350.000000 27514.000000 123584.000000 59648.000000 0.000000 0.000000 0.000000 19944.000000 0.000000 57769.000000 92063.000000 28147.000000 125696.000000 59392.000000 0.000000 0.000000 0.000000 26088.000000 3072.000000 62600.000000 90474.000000 32980.000000 130752.000000 66816.000000 0.000000 0.000000 0.000000 195340.000000 130900.000000 113245.000000 50861.000000 27648.000000 18642.000000 34598.000000 60150.000000 9582.000000 92864.000000 28288.000000 44520.000000 24576.000000 14368.000000 22134.000000 53147.000000 123728.000000 85760.000000 21184.000000 0.000000 
22
0.000000 26088.000000 3072.000000 65004.000000 89693.000000 33903.000000 130752.000000 66816.000000 1152.000000 0.000000 0.000000 19944.000000 0.000000 56233.000000 88637.000000 27241.000000 123648.000000 59712.000000 0.000000 0.000000 0.000000 19944.000000 0.000000 56619.000000 90425.000000 26764.000000 123648.000000 59712.000000 0.000000 0.000000 0.000000 26088.000000 3072.000000 63943.000000 90220.000000 33773.000000 130752.000000 64448.000000 0.000000 0.000000 0.000000 195367.000000 130927.000000 112969.000000 51041.000000 27648.000000 18218.000000 31802.000000 60112.000000 9746.000000 92864.000000 28800.000000 44520.000000 24576.000000 14334.000000 22134.000000 52985.000000 126096.000000 85696.000000 21120.000000 0.000000 
23
0.000000 25980.000000 3072.000000 58572.000000 89653.000000 34207.000000 131840.000000 67904.000000 2304.000000 0.000000 0.000000 19836.000000 0.000000 55143.000000 90425.000000 27484.000000 123648.000000 59712.000000 0.000000 0.000000 0.000000 19836.000000 0.000000 57962.000000 86644.000000 28128.000000 126016.000000 59712.000000 0.000000 0.000000 0.000000 25980.000000 3072.000000 59030.000000 87822.000000 33500.000000 130432.000000 66496.000000 512.000000 0.000000 0.000000 195408.000000 130968.000000 119598.000000 50554.000000 27648.000000 17804.000000 32165.000000 60557.000000 9732.000000 92544.000000 27072.000000 44412.000000 24576.000000 21668.000000 25299.000000 51403.000000 124044.000000 85440.000000 20480.000000 0.000000 
24
0.000000 30720.000000 6144.000000 65583.000000 85307.000000 33928.000000 129280.000000 65344.000000 0.000000 0.000000 0.000000 24576.000000 0.000000 57576.000000 87301.000000 25637.000000 123328.000000 59392.000000 0.000000 0.000000 0.000000 24576.000000 0.000000 55529.000000 90277.000000 26708.000000 125952.000000 59648.000000 0.000000 0.000000 0.000000 30720.000000 6144.000000 64136.000000 85830.000000 33817.000000 130688.000000 66752.000000 0.000000 0.000000 0.000000 198876.000000 134436.000000 112173.000000 52269.000000 30720.000000 18320.000000 31800.000000 60644.000000 8708.000000 92864.000000 28288.000000 49152.000000 27648.000000 16132.000000 24932.000000 54571.000000 145040.000000 85760.000000 21184.000000 0.000000 
25
0.000000 26088.000000 3072.000000 65004.000000 89693.000000 33903.000000 130752.000000 66816.000000 1152.000000 0.000000 0.000000 19944.000000 0.000000 57576.000000 90350.000000 27514.000000 123584.000000 59648.000000 0.000000 0.000000 0.000000 19944.000000 0.000000 57769.000000 92063.000000 28147.000000 125696.000000 59392.000000 0.000000 0.000000 0.000000 26088.000000 3072.000000 62600.000000 90474.000000 32980.000000 130752.000000 66816.000000 0.000000 0.000000 0.000000 198073.000000 133633.000000 116822.000000 53114.000000 27648.000000 18320.000000 31799.000000 60627.000000 9302.000000 92864.000000 28288.000000 44520.000000 24576.000000 14676.000000 24932.000000 52455.000000 146630.000000 85760.000000 21184.000000 0.000000 
26
0.000000 26088.000000 3072.000000 65004.000000 89693.000000 33903.000000 130752.000000 66816.000000 1152.000000 0.000000 0.000000 19944.000000 0.000000 56233.000000 88637.000000 27241.000000 123648.000000 59712.000000 0.000000 0.000000 0.000000 19944.000000 0.000000 56619.000000 90425.000000 26764.000000 123648.000000 59712.000000 0.000000 0.000000 0.000000 26088.000000 3072.000000 63943.000000 90220.000000 33773.000000 130752.000000 64448.000000 0.000000 0.000000 0.000000 198117.000000 133677.000000 117936.000000 51912.000000 27648.000000 18382.000000 31799.000000 60587.000000 8708.000000 92800.000000 28224.000000 44520.000000 24576.000000 14622.000000 22136.000000 52455.000000 146318.000000 85440.000000 22336.000000 0.000000 
27
0.000000 25980.000000 3072.000000 58572.000000 89653.000000 34207.000000 131840.000000 67904.000000 2304.000000 0.000000 0.000000 19836.000000 0.000000 55143.000000 90425.000000 27484.000000 123648.000000 59712.000000 0.000000 0.000000 0.000000 19836.000000 0.000000 57962.000000 86644.000000 28128.000000 126016.000000 59712.000000 0.000000 0.000000 0.000000 25980.000000 3072.000000 59030.000000 87822.000000 33500.000000 130432.000000 66496.000000 512.000000 0.000000 0.000000 201948.000000 137508.000000 109069.000000 52237.000000 27648.000000 17014.000000 32932.000000 58859.000000 8708.000000 92544.000000 27584.000000 44412.000000 24576.000000 21920.000000 22499.000000 53171.000000 144842.000000 85696.000000 21632.000000 0.000000 
28
0.000000 30720.000000 6144.000000 65583.000000 85307.000000 33928.000000 129280.000000 65344.000000 0.000000 0.000000 0.000000 24576.000000 0.000000 57576.000000 87301.000000 25637.000000 123328.000000 59392.000000 0.000000 0.000000 0.000000 24576.000000 0.000000 55529.000000 90277.000000 26708.000000 125952.000000 59648.000000 0.000000 0.000000 0.000000 30720.000000 6144.000000 64136.000000 85830.000000 33817.000000 130688.000000 66752.000000 0.000000 0.000000 0.000000 197861.000000 133421.000000 113338.000000 46778.000000 30720.000000 18272.000000 34598.000000 59898.000000 9438.000000 92800.000000 28224.000000 49152.000000 27648.000000 14388.000000 24932.000000 53246.000000 126096.000000 85760.000000 21184.000000 0.000000 
29
0.000000 26088.000000 3072.000000 65004.000000 89693.000000 33903.000000 130752.000000 66816.000000 1152.000000 0.000000 0.000000 19944.000000 0.000000 57576.000000 90350.000000 27514.000000 123584.000000 59648.000000 0.000000 0.000000 0.000000 19944.000000 0.000000 57769.000000 92063.000000 28147.000000 125696.000000 59392.000000 0.000000 0.000000 0.000000 26088.000000 3072.000000 62600.000000 90474.000000 32980.000000 130752.000000 66816.000000 0.000000 0.000000 0.000000 195340.000000 130900.000000 113245.000000 50861.000000 27648.000000 18642.000000 34598.000000 60150.000000 9582.000000 92864.000000 28288.000000 44520.000000 24576.000000 14368.000000 22134.000000 53147.000000 123728.000000 85760.000000 21184.000000 0.000000 
30
0.000000 26088.000000 3072.000000 65004.000000 89693.000000 33903.000000 130752.000000 66816.000000 1152.000000 0.000000 0.000000 19944.000000 0.000000 56233.000000 88637.000000 27241.000000 123648.000000 59712.000000 0.000000 0.000000 0.000000 19944.000000 0.000000 56619.000000 90425.000000 26764.000000 123648.000000 59712.000000 0.000000 0.000000 0.000000 26088.000000 3072.000000 63943.000000 90220.000000 33773.000000 130752.000000 64448.000000 0.000000 0.000000 0.000000 195367.000000 130927.000000 112969.000000 51041.000000 27648.000000 18218.000000 31802.000000 60112.000000 9746.000000 92864.000000 28800.000000 44520.000000 24576.000000 14334.000000 22134.000000 52985.000000 126096.000000 85696.000000 21120.000000 0.000000 
31
0.000000 25980.000000 3072.000000 58572.000000 89653.000000 34207.000000 131840.000000 67904.000000 2304.000000 0.000000 0.000000 19836.000000 0.000000 55143.000000 90425.000000 27484.000000 123648.000000 59712.000000 0.000000 0.000000 0.000000 19836.000000 0.000000 57962.000000 86644.000000 28128.000000 126016.000000 59712.000000 0.000000 0.000000 0.000000 25980.000000 3072.000000 59030.000000 87822.000000 33500.000000 130432.000000 66496.000000 512.000000 0.000000 0.000000 195408.000000 130968.000000 119598.000000 50554.000000 27648.000000 17804.000000 32165.000000 60557.000000 9732.000000 92544.000000 27072.000000 44412.000000 24576.000000 21668.000000 25299.000000 51403.000000 124044.000000 85440.000000 20480.000000 0.000000 
32
0.000000 30720.000000 3072.000000 67319.000000 93935.000000 35386.000000 131904.000000 65600.000000 1152.000000 0.000000 0.000000 24576.000000 0.000000 59409.000000 90652.000000 28234.000000 123648.000000 59712.000000 0.000000 0.000000 0.000000 24576.000000 0.000000 61493.000000 92748.000000 30133.000000 123648.000000 59712.000000 0.000000 0.000000 0.000000 30720.000000 3072.000000 66837.000000 93359.000000 34955.000000 131904.000000 65600.000000 0.000000 0.000000 0.000000 198365.000000 133925.000000 108981.000000 50637.000000 27648.000000 21217.000000 36326.000000 63150.000000 11780.000000 92864.000000 28800.000000 49152.000000 24576.000000 16587.000000 29765.000000 55462.000000 127638.000000 86912.000000 22336.000000 0.000000 
33
0.000000 26088.000000 3072.000000 67512.000000 93968.000000 36134.000000 133056.000000 66752.000000 1152.000000 0.000000 0.000000 19944.000000 0.000000 60625.000000 92965.000000 30350.000000 123648.000000 59712.000000 0.000000 0.000000 0.000000 19944.000000 0.000000 60662.000000 91145.000000 28447.000000 123648.000000 59712.000000 0.000000 0.000000 0.000000 26088.000000 3072.000000 68245.000000 93255.000000 35584.000000 131904.000000 65600.000000 1152.000000 0.000000 0.000000 198404.000000 133964.000000 118632.000000 50156.000000 27648.000000 21312.000000 35174.000000 63076.000000 11350.000000 92864.000000 28288.000000 44520.000000 24576.000000 16014.000000 26968.000000 55718.000000 126328.000000 85760.000000 21184.000000 0.000000 
34
0.000000 26088.000000 3072.000000 65431.000000 94328.000000 36696.000000 131968.000000 65664.000000 1152.000000 0.000000 0.000000 19944.000000 0.000000 60469.000000 93452.000000 28234.000000 123648.000000 59712.000000 0.000000 0.000000 0.000000 13800.000000 0.000000 60661.000000 93600.000000 29730.000000 124800.000000 58496.000000 0.000000 0.000000 0.000000 26088.000000 3072.000000 65440.000000 87585.000000 35039.000000 130752.000000 64448.000000 0.000000 0.000000 0.000000 198399.000000 133959.000000 108713.000000 50477.000000 27648.000000 20844.000000 34598.000000 62803.000000 11350.000000 94016.000000 27072.000000 44520.000000 24576.000000 23329.000000 31589.000000 57984.000000 125898.000000 85760.000000 21184.000000 0.000000 
35
0.000000 25980.000000 3072.000000 69655.000000 93704.000000 35972.000000 130752.000000 66816.000000 512.000000 0.000000 0.000000 19836.000000 0.000000 60468.000000 91538.000000 29305.000000 123584.000000 59648.000000 0.000000 0.000000 0.000000 13692.000000 0.000000 60663.000000 93914.000000 27813.000000 124800.000000 60864.000000 0.000000 0.000000 0.000000 25980.000000 3072.000000 68343.000000 93431.000000 34868.000000 130752.000000 64448.000000 0.000000 0.000000 0.000000 202358.000000 137918.000000 119674.000000 52090.000000 27648.000000 22700.000000 37946.000000 63677.000000 10606.000000 91648.000000 27072.000000 44412.000000 24576.000000 23254.000000 30245.000000 55477.000000 129426.000000 86912.000000 22848.000000 0.000000 
36
0.000000 30720.000000 3072.000000 66837.000000 93359.000000 35631.000000 131904.000000 65600.000000 1152.000000 0.000000 0.000000 24576.000000 0.000000 61531.000000 94208.000000 28793.000000 124864.000000 60928.000000 0.000000 0.000000 0.000000 24576.000000 0.000000 60083.000000 94417.000000 28479.000000 124800.000000 60864.000000 0.000000 0.000000 0.000000 30720.000000 3072.000000 64529.000000 89057.000000 36696.000000 130752.000000 64448.000000 0.000000 0.000000 0.000000 198133.000000 133693.000000 107949.000000 54701.000000 27648.000000 21217.000000 35750.000000 62627.000000 11916.000000 92864.000000 28288.000000 49152.000000 24576.000000 16270.000000 30533.000000 55592.000000 127836.000000 86912.000000 22336.000000 0.000000 
37
0.000000 26088.000000 3072.000000 68245.000000 93258.000000 35944.000000 130752.000000 64448.000000 0.000000 0.000000 0.000000 19944.000000 0.000000 62747.000000 89340.000000 30719.000000 124800.000000 60864.000000 0.000000 0.000000 0.000000 19944.000000 0.000000 60084.000000 95165.000000 28147.000000 124800.000000 60864.000000 0.000000 0.000000 0.000000 26088.000000 3072.000000 68438.000000 94003.000000 35972.000000 131904.000000 65600.000000 1152.000000 0.000000 0.000000 196378.000000 131938.000000 113847.000000 54427.000000 27648.000000 21312.000000 37946.000000 63621.000000 12804.000000 92864.000000 28288.000000 44520.000000 24576.000000 16253.000000 26968.000000 56193.000000 127686.000000 86912.000000 19968.000000 0.000000 
38
0.000000 26088.000000 3072.000000 66783.000000 92899.000000 35963.000000 130752.000000 64448.000000 0.000000 0.000000 0.000000 19944.000000 0.000000 61528.000000 94200.000000 30133.000000 124800.000000 60864.000000 0.000000 0.000000 0.000000 19944.000000 0.000000 61975.000000 88894.000000 30331.000000 123648.000000 59712.000000 0.000000 0.000000 0.000000 26088.000000 3072.000000 66783.000000 93551.000000 35746.000000 131904.000000 65600.000000 0.000000 0.000000 0.000000 196416.000000 131976.000000 115094.000000 54618.000000 27648.000000 20844.000000 34982.000000 61797.000000 11930.000000 93952.000000 29376.000000 44520.000000 24576.000000 21660.000000 26180.000000 55018.000000 130634.000000 85760.000000 19328.000000 0.000000 
39
0.000000 25980.000000 3072.000000 67000.000000 88306.000000 36650.000000 131904.000000 65600.000000 1152.000000 0.000000 0.000000 19836.000000 0.000000 61435.000000 95007.000000 30220.000000 124800.000000 60864.000000 0.000000 0.000000 0.000000 19836.000000 0.000000 61337.000000 94279.000000 29166.000000 123648.000000 59712.000000 0.000000 0.000000 0.000000 25980.000000 3072.000000 68553.000000 94107.000000 35774.000000 130752.000000 64448.000000 0.000000 0.000000 0.000000 196480.000000 132040.000000 113847.000000 54211.000000 27648.000000 22700.000000 35366.000000 62790.000000 8436.000000 91712.000000 25280.000000 44412.000000 24576.000000 20792.000000 30053.000000 54096.000000 128266.000000 83392.000000 18816.000000 0.000000 
40
0.000000 30720.000000 3072.000000 66837.000000 93359.000000 35631.000000 131904.000000 65600.000000 1152.000000 0.000000 0.000000 24576.000000 0.000000 61531.000000 94208.000000 28793.000000 124864.000000 60928.000000 0.000000 0.000000 0.000000 24576.000000 0.000000 60083.000000 94417.000000 28479.000000 124800.000000 60864.000000 0.000000 0.000000 0.000000 30720.000000 3072.000000 64529.000000 89057.000000 36696.000000 130752.000000 64448.000000 0.000000 0.000000 0.000000 202102.000000 137662.000000 119674.000000 52090.000000 27648.000000 21217.000000 34598.000000 62877.000000 11350.000000 94016.000000 27072.000000 49152.000000 24576.000000 16309.000000 30437.000000 55809.000000 125318.000000 84544.000000 19968.000000 0.000000 
41
0.000000 26088.000000 3072.000000 68245.000000 93258.000000 35944.000000 130752.000000 64448.000000 0.000000 0.000000 0.000000 19944.000000 0.000000 62747.000000 89340.000000 30719.000000 124800.000000 60864.000000 0.000000 0.000000 0.000000 19944.000000 0.000000 60084.000000 95165.000000 28147.000000 124800.000000 60864.000000 0.000000 0.000000 0.000000 26088.000000 3072.000000 68438.000000 94003.000000 35972.000000 131904.000000 65600.000000 1152.000000 0.000000 0.000000 198481.000000 134041.000000 112393.000000 47341.000000 27648.000000 21312.000000 37946.000000 63621.000000 11780.000000 94016.000000 27072.000000 44520.000000 24576.000000 16292.000000 26968.000000 56525.000000 128266.000000 84544.000000 20480.000000 0.000000 
42
0.000000 26088.000000 3072.000000 66783.000000 92899.000000 35963.000000 130752.000000 64448.000000 0.000000 0.000000 0.000000 19944.000000 0.000000 61528.000000 94200.000000 30133.000000 124800.000000 60864.000000 0.000000 0.000000 0.000000 19944.000000 0.000000 61975.000000 88894.000000 30331.000000 123648.000000 59712.000000 0.000000 0.000000 0.000000 26088.000000 3072.000000 66783.000000 93551.000000 35746.000000 131904.000000 65600.000000 0.000000 0.000000 0.000000 198467.000000 134027.000000 115104.000000 51936.000000 27648.000000 20844.000000 36230.000000 61547.000000 11780.000000 92864.000000 28800.000000 44520.000000 24576.000000 21558.000000 29765.000000 54456.000000 125468.000000 85760.000000 18816.000000 0.000000 
43
0.000000 25980.000000 3072.000000 67000.000000 88306.000000 36650.000000 131904.000000 65600.000000 1152.000000 0.000000 0.000000 19836.000000 0.000000 61435.000000 95007.000000 30220.000000 124800.000000 60864.000000 0.000000 0.000000 0.000000 19836.000000 0.000000 61337.000000 94279.000000 29166.000000 123648.000000 59712.000000 0.000000 0.000000 0.000000 25980.000000 3072.000000 68553.000000 94107.000000 35774.000000 130752.000000 64448.000000 0.000000 0.000000 0.000000 198476.000000 134036.000000 108829.000000 47789.000000 27648.000000 22700.000000 35270.000000 62790.000000 11200.000000 92864.000000 25920.000000 44412.000000 24576.000000 20588.000000 26564.000000 54109.000000 125898.000000 85760.000000 18816.000000 0.000000 
44
0.000000 30720.000000 3072.000000 66837.000000 93359.000000 35631.000000 131904.000000 65600.000000 1152.000000 0.000000 0.000000 24576.000000 0.000000 61531.000000 94208.000000 28793.000000 124864.000000 60928.000000 0.000000 0.000000 0.000000 24576.000000 0.000000 60083.000000 94417.000000 28479.000000 124800.000000 60864.000000 0.000000 0.000000 0.000000 30720.000000 3072.000000 64529.000000 89057.000000 36696.000000 130752.000000 64448.000000 0.000000 0.000000 0.000000 198133.000000 133693.000000 107949.000000 54701.000000 27648.000000 21217.000000 35750.000000 62627.000000 11916.000000 92864.000000 28288.000000 49152.000000 24576.000000 16270.000000 30533.000000 55592.000000 127836.000000 86912.000000 22336.000000 0.000000 
45
0.000000 26088.000000 3072.000000 68245.000000 93258.000000 35944.000000 130752.000000 64448.000000 0.000000 0.000000 0.000000 19944.000000 0.000000 62747.000000 89340.000000 30719.000000 124800.000000 60864.000000 0.000000 0.000000 0.000000 19944.000000 0.000000 60084.000000 95165.000000 28147.000000 124800.000000 60864.000000 0.000000 0.000000 0.000000 26088.000000 3072.000000 68438.000000 94003.000000 35972.000000 131904.000000 65600.000000 1152.000000 0.000000 0.000000 196378.000000 131938.000000 113847.000000 54427.000000 27648.000000 21312.000000 37946.000000 63621.000000 12804.000000 92864.000000 28288.000000 44520.000000 24576.000000 16253.000000 26968.000000 56193.000000 127686.000000 86912.000000 19968.000000 0.000000 
46
0.000000 26088.000000 3072.000000 66783.000000 92899.000000 35963.000000 130752.000000 64448.000000 0.000000 0.000000 0.000000 19944.000000 0.000000 61528.000000 94200.000000 30133.000000 124800.000000 60864.000000 0.000000 0.000000 0.000000 19944.000000 0.000000 61975.000000 88894.000000 30331.000000 123648.000000 59712.000000 0.000000 0.000000 0.000000 26088.000000 3072.000000 66783.000000 93551.000000 35746.000000 131904.000000 65600.000000 0.000000 0.000000 0.000000 196416.000000 131976.000000 115094.000000 54618.000000 27648.000000 20844.000000 34982.000000 61797.000000 11930.000000 93952.000000 29376.000000 44520.000000 24576.000000 21660.000000 26180.000000 55018.000000 130634.000000 85760.000000 19328.000000 0.000000 
47
0.000000 25980.000000 3072.000000 67000.000000 88306.000000 36650.000000 131904.000000 65600.000000 1152.000000 0.000000 0.000000 19836.000000 0.000000 61435.000000 95007.000000 30220.000000 124800.000000 60864.000000 0.000000 0.000000 0.000000 19836.000000 0.000000 61337.000000 94279.000000 29166.000000 123648.000000 59712.000000 0.000000 0.000000 0.000000 25980.000000 3072.000000 68553.000000 94107.000000 35774.000000 130752.000000 64448.000000 0.000000 0.000000 0.000000 196480.000000 132040.000000 113847.000000 54211.000000 27648.000000 22700.000000 35366.000000 62790.000000 8436.000000 91712.000000 25280.000000 44412.000000 24576.000000 20792.000000 30053.000000 54096.000000 128266.000000 83392.000000 18816.000000 0.000000 
48
0.000000 30720.000000 3072.000000 62689.000000 84978.000000 31597.000000 130432.000000 64128.000000 0.000000 0.000000 0.000000 24576.000000 0.000000 57576.000000 88860.000000 25396.000000 124480.000000 60544.000000 0.000000 0.000000 0.000000 24576.000000 0.000000 57576.000000 88852.000000 25656.000000 124480.000000 60544.000000 0.000000 0.000000 0.000000 30720.000000 3072.000000 63364.000000 89468.000000 32724.000000 131584.000000 65280.000000 1152.000000 0.000000 0.000000 195946.000000 131506.000000 108377.000000 52973.000000 27648.000000 17024.000000 29765.000000 57463.000000 8128.000000 91328.000000 25856.000000 49152.000000 24576.000000 11036.000000 24932.000000 52178.000000 142988.000000 86592.000000 21632.000000 0.000000 
49
0.000000 26088.000000 3072.000000 62689.000000 84978.000000 31384.000000 131584.000000 65280.000000 0.000000 0.000000 0.000000 19944.000000 0.000000 55239.000000 88479.000000 27083.000000 123648.000000 59712.000000 0.000000 0.000000 0.000000 19944.000000 0.000000 57576.000000 86928.000000 25984.000000 124480.000000 60544.000000 0.000000 0.000000 0.000000 26088.000000 3072.000000 59650.000000 89439.000000 32848.000000 130752.000000 66816.000000 1152.000000 0.000000 0.000000 195900.000000 131460.000000 116682.000000 53082.000000 27648.000000 17086.000000 29765.000000 57791.000000 8278.000000 89024.000000 26432.000000 44520.000000 24576.000000 10198.000000 22403.000000 52039.000000 142408.000000 84224.000000 21120.000000 0.000000 
50
0.000000 26088.000000 3072.000000 61732.000000 86145.000000 33255.000000 131904.000000 65600.000000 1152.000000 0.000000 0.000000 19944.000000 0.000000 58888.000000 88933.000000 25411.000000 123648.000000 59712.000000 0.000000 0.000000 0.000000 13800.000000 0.000000 56551.000000 89758.000000 27642.000000 123648.000000 59712.000000 0.000000 0.000000 0.000000 26088.000000 3072.000000 61925.000000 89003.000000 33283.000000 131584.000000 67648.000000 1152.000000 0.000000 0.000000 195980.000000 131540.000000 114740.000000 52676.000000 27648.000000 15317.000000 27160.000000 57578.000000 8264.000000 91648.000000 27072.000000 44520.000000 24576.000000 16874.000000 22327.000000 51965.000000 143880.000000 83392.000000 18816.000000 0.000000 
51
0.000000 25980.000000 3072.000000 58396.000000 87597.000000 33329.000000 130752.000000 64448.000000 0.000000 0.000000 0.000000 19836.000000 0.000000 56233.000000 88597.000000 25481.000000 124480.000000 60544.000000 0.000000 0.000000 0.000000 13692.000000 0.000000 56233.000000 90679.000000 27831.000000 123648.000000 59712.000000 0.000000 0.000000 0.000000 25980.000000 3072.000000 63075.000000 88720.000000 32581.000000 130752.000000 66816.000000 512.000000 0.000000 0.000000 199581.000000 135141.000000 116122.000000 54682.000000 27648.000000 17915.000000 27236.000000 57767.000000 8264.000000 91648.000000 27072.000000 44412.000000 24576.000000 16420.000000 24932.000000 51965.000000 143880.000000 85760.000000 18816.000000 0.000000 
52
0.000000 30720.000000 3072.000000 62689.000000 87222.000000 31597.000000 130432.000000 64128.000000 0.000000 0.000000 0.000000 24576.000000 0.000000 56455.000000 88844.000000 25845.000000 123648.000000 59712.000000 0.000000 0.000000 0.000000 24576.000000 0.000000 56551.000000 88037.000000 25038.000000 123648.000000 59712.000000 0.000000 0.000000 0.000000 30720.000000 3072.000000 61732.000000 89003.000000 33398.000000 130752.000000 66816.000000 1664.000000 0.000000 0.000000 196301.000000 131861.000000 108181.000000 53421.000000 27648.000000 17024.000000 29765.000000 57823.000000 8278.000000 92480.000000 29376.000000 49152.000000 24576.000000 11824.000000 19798.000000 52349.000000 145422.000000 85696.000000 21120.000000 0.000000 
53
0.000000 26088.000000 3072.000000 62689.000000 87222.000000 31384.000000 131584.000000 65280.000000 0.000000 0.000000 0.000000 19944.000000 0.000000 57576.000000 85580.000000 25984.000000 124480.000000 60544.000000 0.000000 0.000000 0.000000 19944.000000 0.000000 57576.000000 88852.000000 26736.000000 123328.000000 59392.000000 0.000000 0.000000 0.000000 26088.000000 3072.000000 62882.000000 89468.000000 32577.000000 130752.000000 66816.000000 0.000000 0.000000 0.000000 198492.000000 134052.000000 114522.000000 53594.000000 27648.000000 17086.000000 29765.000000 57463.000000 8128.000000 91648.000000 27072.000000 44520.000000 24576.000000 11630.000000 22132.000000 53665.000000 145158.000000 86592.000000 21120.000000 0.000000 
54
0.000000 26088.000000 3072.000000 60478.000000 87641.000000 33255.000000 131904.000000 65600.000000 0.000000 0.000000 0.000000 19944.000000 0.000000 56329.000000 88410.000000 25771.000000 124480.000000 60544.000000 0.000000 0.000000 0.000000 19944.000000 0.000000 56233.000000 86328.000000 24861.000000 124800.000000 58496.000000 0.000000 0.000000 0.000000 26088.000000 3072.000000 63557.000000 88720.000000 32581.000000 131584.000000 67648.000000 1152.000000 0.000000 0.000000 196301.000000 131861.000000 114017.000000 53625.000000 27648.000000 15317.000000 27064.000000 57763.000000 9288.000000 91712.000000 24768.000000 44520.000000 24576.000000 17546.000000 22132.000000 53522.000000 145936.000000 86656.000000 21184.000000 0.000000 
55
0.000000 25980.000000 3072.000000 58396.000000 87597.000000 33329.000000 130752.000000 64448.000000 0.000000 0.000000 0.000000 19836.000000 0.000000 57576.000000 87887.000000 25771.000000 123648.000000 59712.000000 0.000000 0.000000 0.000000 19836.000000 0.000000 57576.000000 88852.000000 26736.000000 124480.000000 60544.000000 0.000000 0.000000 0.000000 25980.000000 3072.000000 59843.000000 89439.000000 34751.000000 131584.000000 67648.000000 1152.000000 0.000000 0.000000 196312.000000 131872.000000 114017.000000 53733.000000 27648.000000 17915.000000 27332.000000 57550.000000 8264.000000 90176.000000 27584.000000 44412.000000 24576.000000 18328.000000 30532.000000 52353.000000 145620.000000 85760.000000 21696.000000 0.000000 
56
0.000000 30720.000000 3072.000000 62689.000000 87222.000000 31597.000000 130432.000000 64128.000000 0.000000 0.000000 0.000000 24576.000000 0.000000 56455.000000 88844.000000 25845.000000 123648.000000 57344.000000 0.000000 0.000000 0.000000 24576.000000 0.000000 57576.000000 88852.000000 26736.000000 123328.000000 59392.000000 0.000000 0.000000 0.000000 30720.000000 3072.000000 59843.000000 89439.000000 34751.000000 131584.000000 67648.000000 1152.000000 0.000000 0.000000 196133.000000 131693.000000 112385.000000 54529.000000 27648.000000 16866.000000 26965.000000 59334.000000 9302.000000 93696.000000 28224.000000 49152.000000 24576.000000 12092.000000 22132.000000 53305.000000 142988.000000 86592.000000 21120.000000 0.000000 
57
0.000000 26088.000000 3072.000000 62689.000000 87222.000000 31384.000000 131584.000000 65280.000000 0.000000 0.000000 0.000000 19944.000000 0.000000 57576.000000 85580.000000 25984.000000 124480.000000 60544.000000 0.000000 0.000000 0.000000 19944.000000 0.000000 56455.000000 84390.000000 24991.000000 124800.000000 58496.000000 0.000000 0.000000 0.000000 26088.000000 3072.000000 63075.000000 89468.000000 32577.000000 131584.000000 67648.000000 1152.000000 0.000000 0.000000 195232.000000 130792.000000 120830.000000 54458.000000 27648.000000 16770.000000 26965.000000 59662.000000 9288.000000 93696.000000 28224.000000 44520.000000 24576.000000 12154.000000 22132.000000 53162.000000 145620.000000 85760.000000 21184.000000 0.000000 
58
0.000000 26088.000000 3072.000000 60478.000000 87641.000000 33255.000000 131904.000000 65600.000000 0.000000 0.000000 0.000000 19944.000000 0.000000 56329.000000 88410.000000 25771.000000 123648.000000 59712.000000 0.000000 0.000000 0.000000 19944.000000 0.000000 57576.000000 88852.000000 26736.000000 123648.000000 59712.000000 0.000000 0.000000 0.000000 26088.000000 3072.000000 63557.000000 88720.000000 32581.000000 130752.000000 66816.000000 1664.000000 0.000000 0.000000 202878.000000 130383.000000 106493.000000 54801.000000 27648.000000 16375.000000 29272.000000 59449.000000 9288.000000 92864.000000 28800.000000 44520.000000 24576.000000 17070.000000 19510.000000 53429.000000 145040.000000 85760.000000 21696.000000 0.000000 
59
0.000000 25980.000000 3072.000000 58396.000000 87597.000000 33329.000000 130752.000000 64448.000000 0.000000 0.000000 0.000000 19836.000000 0.000000 57576.000000 87887.000000 25771.000000 124480.000000 60544.000000 0.000000 0.000000 0.000000 19836.000000 0.000000 56329.000000 88627.000000 24908.000000 124480.000000 58176.000000 0.000000 0.000000 0.000000 25980.000000 3072.000000 61539.000000 89003.000000 33398.000000 130752.000000 66816.000000 1152.000000 0.000000 0.000000 195124.000000 130684.000000 120882.000000 54618.000000 27648.000000 18231.000000 35557.000000 59638.000000 9152.000000 92864.000000 25920.000000 44412.000000 24576.000000 17436.000000 30820.000000 51993.000000 143568.000000 86592.000000 21120.000000 0.000000 
60
0.000000 30720.000000 3072.000000 62689.000000 87222.000000 31597.000000 130432.000000 64128.000000 0.000000 0.000000 0.000000 24576.000000 0.000000 56455.000000 88844.000000 25845.000000 123648.000000 57344.000000 0.000000 0.000000 0.000000 24576.000000 0.000000 57576.000000 88852.000000 26736.000000 123328.000000 59392.000000 0.000000 0.000000 0.000000 30720.000000 3072.000000 59843.000000 89439.000000 34751.000000 131584.000000 67648.000000 1152.000000 0.000000 0.000000 201113.000000 136673.000000 109265.000000 53293.000000 27648.000000 17024.000000 26965.000000 59334.000000 9288.000000 92864.000000 28288.000000 49152.000000 24576.000000 11900.000000 22132.000000 53305.000000 144776.000000 87808.000000 22336.000000 0.000000 
61
0.000000 26088.000000 3072.000000 62689.000000 87222.000000 31384.000000 131584.000000 65280.000000 0.000000 0.000000 0.000000 19944.000000 0.000000 57576.000000 85580.000000 25984.000000 124480.000000 60544.000000 0.000000 0.000000 0.000000 19944.000000 0.000000 56455.000000 84390.000000 24991.000000 124800.000000 58496.000000 0.000000 0.000000 0.000000 26088.000000 3072.000000 63075.000000 89468.000000 32577.000000 131584.000000 67648.000000 1152.000000 0.000000 0.000000 198236.000000 133796.000000 114330.000000 53402.000000 27648.000000 17086.000000 26965.000000 59662.000000 9288.000000 93696.000000 28736.000000 44520.000000 24576.000000 11962.000000 22132.000000 53162.000000 145620.000000 85760.000000 21184.000000 0.000000 
62
0.000000 26088.000000 3072.000000 60478.000000 87641.000000 33255.000000 131904.000000 65600.000000 0.000000 0.000000 0.000000 19944.000000 0.000000 56329.000000 88410.000000 25771.000000 123648.000000 59712.000000 0.000000 0.000000 0.000000 19944.000000 0.000000 57576.000000 88852.000000 26736.000000 123648.000000 59712.000000 0.000000 0.000000 0.000000 26088.000000 3072.000000 63557.000000 88720.000000 32581.000000 130752.000000 66816.000000 1664.000000 0.000000 0.000000 195053.000000 130613.000000 118674.000000 53594.000000 27648.000000 16217.000000 29368.000000 59449.000000 8708.000000 91328.000000 28224.000000 44520.000000 24576.000000 17070.000000 19702.000000 53429.000000 141200.000000 85376.000000 19904.000000 0.000000 
63
0.000000 25980.000000 3072.000000 58396.000000 87597.000000 33329.000000 130752.000000 64448.000000 0.000000 0.000000 0.000000 19836.000000 0.000000 57576.000000 87887.000000 25771.000000 124480.000000 60544.000000 0.000000 0.000000 0.000000 19836.000000 0.000000 56329.000000 88627.000000 24908.000000 124480.000000 58176.000000 0.000000 0.000000 0.000000 25980.000000 3072.000000 61539.000000 89003.000000 33398.000000 130752.000000 66816.000000 1152.000000 0.000000 0.000000 194965.000000 130525.000000 119281.000000 53633.000000 27648.000000 17915.000000 35461.000000 59638.000000 8722.000000 90496.000000 25920.000000 44412.000000 24576.000000 17052.000000 30628.000000 51993.000000 145620.000000 85760.000000 21696.000000 0.000000 
64
0.000000 26196.000000 15360.000000 60663.000000 85320.000000 30493.000000 129536.000000 65600.000000 1024.000000 0.000000 0.000000 20052.000000 9216.000000 54087.000000 87504.000000 24145.000000 124800.000000 58496.000000 0.000000 0.000000 0.000000 20052.000000 9216.000000 54087.000000 88252.000000 25613.000000 125696.000000 59392.000000 0.000000 0.000000 0.000000 26196.000000 15360.000000 60760.000000 85320.000000 31933.000000 130432.000000 66496.000000 0.000000 0.000000 0.000000 194220.000000 129780.000000 112669.000000 51981.000000 39936.000000 15090.000000 26965.000000 58127.000000 7684.000000 92544.000000 27584.000000 44628.000000 36864.000000 8422.000000 22132.000000 51074.000000 124672.000000 85440.000000 19968.000000 0.000000 
65
0.000000 26196.000000 15360.000000 55927.000000 85022.000000 30446.000000 130432.000000 66496.000000 0.000000 0.000000 0.000000 20052.000000 9216.000000 57576.000000 88185.000000 26103.000000 123328.000000 59392.000000 0.000000 0.000000 0.000000 20052.000000 9216.000000 53991.000000 85513.000000 23883.000000 125696.000000 59392.000000 0.000000 0.000000 0.000000 26196.000000 15360.000000 55155.000000 85770.000000 29726.000000 130432.000000 66496.000000 0.000000 0.000000 0.000000 194286.000000 129846.000000 118154.000000 51674.000000 39936.000000 14666.000000 26276.000000 57791.000000 7684.000000 92544.000000 27584.000000 44628.000000 36864.000000 8490.000000 16610.000000 51027.000000 122884.000000 85440.000000 19968.000000 0.000000 
66
0.000000 26196.000000 15360.000000 56409.000000 86997.000000 30146.000000 130432.000000 66496.000000 0.000000 0.000000 0.000000 20052.000000 9216.000000 56233.000000 84232.000000 24473.000000 125696.000000 61760.000000 0.000000 0.000000 0.000000 20052.000000 9216.000000 56233.000000 88627.000000 25628.000000 124800.000000 58496.000000 0.000000 0.000000 0.000000 26196.000000 15360.000000 59706.000000 85770.000000 29873.000000 130432.000000 66496.000000 512.000000 0.000000 0.000000 194220.000000 129780.000000 118410.000000 51578.000000 39936.000000 14167.000000 26968.000000 57938.000000 7240.000000 92544.000000 27584.000000 44628.000000 36864.000000 14666.000000 19314.000000 50727.000000 122304.000000 85440.000000 19968.000000 0.000000 
67
0.000000 26196.000000 15360.000000 60285.000000 85022.000000 30233.000000 130432.000000 66496.000000 1152.000000 0.000000 0.000000 20052.000000 9216.000000 53991.000000 88027.000000 24145.000000 125696.000000 59392.000000 0.000000 0.000000 0.000000 20052.000000 9216.000000 57576.000000 88252.000000 25613.000000 125696.000000 61760.000000 0.000000 0.000000 0.000000 26196.000000 15360.000000 56409.000000 85693.000000 29786.000000 129536.000000 65600.000000 0.000000 0.000000 0.000000 194238.000000 129798.000000 113409.000000 51585.000000 39936.000000 16077.000000 28980.000000 57851.000000 7254.000000 91648.000000 27072.000000 44628.000000 36864.000000 15764.000000 17302.000000 50814.000000 123776.000000 84544.000000 21504.000000 0.000000 
68
0.000000 26196.000000 15360.000000 60663.000000 85320.000000 30493.000000 129536.000000 65600.000000 1024.000000 0.000000 0.000000 20052.000000 9216.000000 54087.000000 87504.000000 24145.000000 124800.000000 58496.000000 0.000000 0.000000 0.000000 20052.000000 9216.000000 54087.000000 88252.000000 25613.000000 125696.000000 59392.000000 0.000000 0.000000 0.000000 26196.000000 15360.000000 60760.000000 85320.000000 31933.000000 130432.000000 66496.000000 0.000000 0.000000 0.000000 202372.000000 137932.000000 116041.000000 50853.000000 39936.000000 15406.000000 26965.000000 55607.000000 7684.000000 92544.000000 27584.000000 44628.000000 36864.000000 10028.000000 21542.000000 49979.000000 144776.000000 85440.000000 22848.000000 0.000000 
69
0.000000 26196.000000 15360.000000 55927.000000 85022.000000 30446.000000 130432.000000 66496.000000 0.000000 0.000000 0.000000 20052.000000 9216.000000 57576.000000 88185.000000 26103.000000 123328.000000 59392.000000 0.000000 0.000000 0.000000 20052.000000 9216.000000 53991.000000 85513.000000 23883.000000 125696.000000 59392.000000 0.000000 0.000000 0.000000 26196.000000 15360.000000 55155.000000 85770.000000 29726.000000 130432.000000 66496.000000 0.000000 0.000000 0.000000 202304.000000 137864.000000 113217.000000 50693.000000 39936.000000 14878.000000 26276.000000 57407.000000 7240.000000 92544.000000 27584.000000 44628.000000 36864.000000 10028.000000 24051.000000 49804.000000 145356.000000 87808.000000 22848.000000 0.000000 
70
0.000000 26196.000000 15360.000000 56409.000000 86997.000000 30146.000000 130432.000000 66496.000000 0.000000 0.000000 0.000000 20052.000000 9216.000000 56233.000000 84232.000000 24473.000000 125696.000000 61760.000000 0.000000 0.000000 0.000000 20052.000000 9216.000000 56233.000000 88627.000000 25628.000000 124800.000000 58496.000000 0.000000 0.000000 0.000000 26196.000000 15360.000000 59706.000000 85770.000000 29873.000000 130432.000000 66496.000000 512.000000 0.000000 0.000000 202341.000000 137901.000000 116042.000000 50398.000000 39936.000000 14009.000000 26968.000000 57535.000000 7240.000000 92544.000000 27584.000000 44628.000000 36864.000000 15898.000000 17299.000000 51937.000000 144196.000000 85440.000000 20480.000000 0.000000 
71
0.000000 26196.000000 15360.000000 60285.000000 85022.000000 30233.000000 130432.000000 66496.000000 1152.000000 0.000000 0.000000 20052.000000 9216.000000 53991.000000 88027.000000 24145.000000 125696.000000 59392.000000 0.000000 0.000000 0.000000 20052.000000 9216.000000 57576.000000 88252.000000 25613.000000 125696.000000 61760.000000 0.000000 0.000000 0.000000 26196.000000 15360.000000 56409.000000 85693.000000 29786.000000 129536.000000 65600.000000 0.000000 0.000000 0.000000 202167.000000 137727.000000 118302.000000 50770.000000 39936.000000 15707.000000 28980.000000 57416.000000 7698.000000 91648.000000 27072.000000 44628.000000 36864.000000 16284.000000 22132.000000 51922.000000 143300.000000 84544.000000 19968.000000 0.000000 
72
0.000000 26196.000000 15360.000000 60663.000000 85320.000000 30493.000000 129536.000000 65600.000000 1024.000000 0.000000 0.000000 20052.000000 9216.000000 54087.000000 87504.000000 24145.000000 124800.000000 58496.000000 0.000000 0.000000 0.000000 20052.000000 9216.000000 54087.000000 88252.000000 25613.000000 125696.000000 59392.000000 0.000000 0.000000 0.000000 26196.000000 15360.000000 60760.000000 85320.000000 31933.000000 130432.000000 66496.000000 0.000000 0.000000 0.000000 195753.000000 131313.000000 114738.000000 51758.000000 39936.000000 14666.000000 26276.000000 57953.000000 8264.000000 92544.000000 27584.000000 44628.000000 36864.000000 9094.000000 21443.000000 50814.000000 124672.000000 85440.000000 19968.000000 0.000000 
73
0.000000 26196.000000 15360.000000 55927.000000 85022.000000 30446.000000 130432.000000 66496.000000 0.000000 0.000000 0.000000 20052.000000 9216.000000 57576.000000 88185.000000 26103.000000 123328.000000 59392.000000 0.000000 0.000000 0.000000 20052.000000 9216.000000 53991.000000 85513.000000 23883.000000 125696.000000 59392.000000 0.000000 0.000000 0.000000 26196.000000 15360.000000 55155.000000 85770.000000 29726.000000 130432.000000 66496.000000 0.000000 0.000000 0.000000 195653.000000 131213.000000 114737.000000 48849.000000 39936.000000 15090.000000 28980.000000 58140.000000 8278.000000 92544.000000 27584.000000 44628.000000 36864.000000 9178.000000 24147.000000 49056.000000 122884.000000 85440.000000 19968.000000 0.000000 
74
0.000000 26196.000000 15360.000000 56409.000000 86997.000000 30146.000000 130432.000000 66496.000000 0.000000 0.000000 0.000000 20052.000000 9216.000000 56233.000000 84232.000000 24473.000000 125696.000000 61760.000000 0.000000 0.000000 0.000000 20052.000000 9216.000000 56233.000000 88627.000000 25628.000000 124800.000000 58496.000000 0.000000 0.000000 0.000000 26196.000000 15360.000000 59706.000000 85770.000000 29873.000000 130432.000000 66496.000000 512.000000 0.000000 0.000000 195701.000000 131261.000000 115290.000000 52122.000000 39936.000000 14167.000000 26968.000000 57791.000000 7240.000000 91648.000000 27584.000000 44628.000000 36864.000000 14666.000000 17299.000000 50814.000000 122304.000000 85440.000000 19968.000000 0.000000 
75
0.000000 26196.000000 15360.000000 60285.000000 85022.000000 30233.000000 130432.000000 66496.000000 1152.000000 0.000000 0.000000 20052.000000 9216.000000 53991.000000 88027.000000 24145.000000 125696.000000 59392.000000 0.000000 0.000000 0.000000 20052.000000 9216.000000 57576.000000 88252.000000 25613.000000 125696.000000 61760.000000 0.000000 0.000000 0.000000 26196.000000 15360.000000 56409.000000 85693.000000 29786.000000 129536.000000 65600.000000 0.000000 0.000000 0.000000 195695.000000 131255.000000 107065.000000 51981.000000 39936.000000 16077.000000 26965.000000 57823.000000 7104.000000 92544.000000 27072.000000 44628.000000 36864.000000 14308.000000 17302.000000 49216.000000 123776.000000 84544.000000 21504.000000 0.000000 
76
0.000000 26196.000000 15360.000000 60663.000000 85320.000000 30493.000000 129536.000000 65600.000000 1024.000000 0.000000 0.000000 20052.000000 9216.000000 54087.000000 87504.000000 24145.000000 124800.000000 58496.000000 0.000000 0.000000 0.000000 20052.000000 9216.000000 54087.000000 88252.000000 25613.000000 125696.000000 59392.000000 0.000000 0.000000 0.000000 26196.000000 15360.000000 60760.000000 85320.000000 31933.000000 130432.000000 66496.000000 0.000000 0.000000 0.000000 195682.000000 131242.000000 113374.000000 51578.000000 39936.000000 14768.000000 26279.000000 58543.000000 8264.000000 93696.000000 28224.000000 44628.000000 36864.000000 8518.000000 21443.000000 51059.000000 122884.000000 85440.000000 19968.000000 0.000000 
77
0.000000 26196.000000 15360.000000 55927.000000 85022.000000 30446.000000 130432.000000 66496.000000 0.000000 0.000000 0.000000 20052.000000 9216.000000 57576.000000 88185.000000 26103.000000 123328.000000 59392.000000 0.000000 0.000000 0.000000 20052.000000 9216.000000 53991.000000 85513.000000 23883.000000 125696.000000 59392.000000 0.000000 0.000000 0.000000 26196.000000 15360.000000 55155.000000 85770.000000 29726.000000 130432.000000 66496.000000 0.000000 0.000000 0.000000 195761.000000 131321.000000 113305.000000 51405.000000 39936.000000 14768.000000 28980.000000 58211.000000 8264.000000 92608.000000 28672.000000 44628.000000 36864.000000 8490.000000 24147.000000 48971.000000 124672.000000 85440.000000 19968.000000 0.000000 
78
0.000000 26196.000000 15360.000000 56409.000000 86997.000000 30146.000000 130432.000000 66496.000000 0.000000 0.000000 0.000000 20052.000000 9216.000000 56233.000000 84232.000000 24473.000000 125696.000000 61760.000000 0.000000 0.000000 0.000000 20052.000000 9216.000000 56233.000000 88627.000000 25628.000000 124800.000000 58496.000000 0.000000 0.000000 0.000000 26196.000000 15360.000000 59706.000000 85770.000000 29873.000000 130432.000000 66496.000000 512.000000 0.000000 0.000000 195664.000000 131224.000000 119200.000000 51884.000000 39936.000000 14331.000000 26965.000000 58511.000000 7698.000000 92544.000000 27072.000000 44628.000000 36864.000000 14666.000000 22132.000000 51042.000000 122304.000000 85440.000000 20992.000000 0.000000 
79
0.000000 26196.000000 15360.000000 60285.000000 85022.000000 30233.000000 130432.000000 66496.000000 1152.000000 0.000000 0.000000 20052.000000 9216.000000 53991.000000 88027.000000 24145.000000 125696.000000 59392.000000 0.000000 0.000000 0.000000 20052.000000 9216.000000 57576.000000 88252.000000 25613.000000 125696.000000 61760.000000 0.000000 0.000000 0.000000 26196.000000 15360.000000 56409.000000 85693.000000 29786.000000 129536.000000 65600.000000 0.000000 0.000000 0.000000 195695.000000 131255.000000 119199.000000 51827.000000 39936.000000 16133.000000 26965.000000 58313.000000 7684.000000 92800.000000 28224.000000 44628.000000 36864.000000 15764.000000 17302.000000 50699.000000 123776.000000 84544.000000 20480.000000 0.000000 
