0
0.000000 864256.000000 350592.000000 180420.000000 12192.000000 1536.000000 51200.000000 0.000000 128.000000 28224.000000 0.000000 864256.000000 343680.000000 181700.000000 12192.000000 0.000000 36352.000000 0.000000 19712.000000 0.000000 0.000000 864256.000000 343680.000000 168180.000000 13728.000000 0.000000 52736.000000 0.000000 18272.000000 0.000000 0.000000 864256.000000 336768.000000 168132.000000 12192.000000 1536.000000 24064.000000 0.000000 128.000000 12000.000000 0.000000 902670.000000 0.000000 8352.000000 137088.000000 185936.000000 87108.000000 81024.000000 13728.000000 2048.000000 22528.000000 128.000000 883840.000000 322944.000000 134724.000000 33408.000000 12192.000000 18432.000000 6144.000000 128.000000 22080.000000 
1
0.000000 864256.000000 350592.000000 180420.000000 12192.000000 1536.000000 51200.000000 0.000000 128.000000 28224.000000 0.000000 864256.000000 343680.000000 181700.000000 12192.000000 0.000000 36352.000000 0.000000 19712.000000 0.000000 0.000000 864256.000000 343680.000000 168180.000000 13728.000000 0.000000 52736.000000 0.000000 18272.000000 0.000000 0.000000 864256.000000 336768.000000 168132.000000 12192.000000 1536.000000 24064.000000 0.000000 128.000000 12000.000000 0.000000 902670.000000 0.000000 8352.000000 137088.000000 185936.000000 87108.000000 81024.000000 13728.000000 2048.000000 22528.000000 128.000000 883840.000000 322944.000000 134724.000000 33408.000000 12192.000000 18432.000000 6144.000000 128.000000 22080.000000 
2
0.000000 864256.000000 350592.000000 180420.000000 12192.000000 1536.000000 51200.000000 0.000000 128.000000 28224.000000 0.000000 864256.000000 343680.000000 181700.000000 12192.000000 0.000000 36352.000000 0.000000 19712.000000 0.000000 0.000000 864256.000000 343680.000000 168180.000000 13728.000000 0.000000 52736.000000 0.000000 18272.000000 0.000000 0.000000 864256.000000 336768.000000 168132.000000 12192.000000 1536.000000 24064.000000 0.000000 128.000000 12000.000000 0.000000 902670.000000 0.000000 8352.000000 137088.000000 185936.000000 87108.000000 81024.000000 13728.000000 2048.000000 22528.000000 128.000000 883840.000000 322944.000000 134724.000000 33408.000000 12192.000000 18432.000000 6144.000000 128.000000 22080.000000 
3
0.000000 864256.000000 350592.000000 180420.000000 12192.000000 1536.000000 51200.000000 0.000000 128.000000 28224.000000 0.000000 864256.000000 343680.000000 181700.000000 12192.000000 0.000000 36352.000000 0.000000 19712.000000 0.000000 0.000000 864256.000000 343680.000000 168180.000000 13728.000000 0.000000 52736.000000 0.000000 18272.000000 0.000000 0.000000 864256.000000 336768.000000 168132.000000 12192.000000 1536.000000 24064.000000 0.000000 128.000000 12000.000000 0.000000 902670.000000 0.000000 8352.000000 137088.000000 185936.000000 87108.000000 81024.000000 13728.000000 2048.000000 22528.000000 128.000000 883840.000000 322944.000000 134724.000000 33408.000000 12192.000000 18432.000000 6144.000000 128.000000 22080.000000 
4
0.000000 906240.000000 343680.000000 180420.000000 12192.000000 1536.000000 48640.000000 0.000000 128.000000 28224.000000 0.000000 906240.000000 343680.000000 180420.000000 13728.000000 0.000000 48640.000000 0.000000 28352.000000 0.000000 0.000000 906240.000000 343800.000000 168132.000000 13728.000000 0.000000 53248.000000 0.000000 13856.000000 0.000000 0.000000 906240.000000 340224.000000 168252.000000 12192.000000 1536.000000 24576.000000 0.000000 128.000000 13344.000000 0.000000 960246.000000 0.000000 576.000000 130560.000000 188928.000000 87108.000000 81024.000000 13728.000000 2048.000000 22528.000000 128.000000 925824.000000 329856.000000 117828.000000 50304.000000 13728.000000 34816.000000 4608.000000 128.000000 28224.000000 
5
0.000000 906240.000000 343680.000000 180420.000000 12192.000000 1536.000000 48640.000000 0.000000 128.000000 28224.000000 0.000000 906240.000000 343680.000000 180420.000000 13728.000000 0.000000 48640.000000 0.000000 28352.000000 0.000000 0.000000 906240.000000 343800.000000 168132.000000 13728.000000 0.000000 53248.000000 0.000000 13856.000000 0.000000 0.000000 906240.000000 340224.000000 168252.000000 12192.000000 1536.000000 24576.000000 0.000000 128.000000 13344.000000 0.000000 960246.000000 0.000000 576.000000 130560.000000 188928.000000 87108.000000 81024.000000 13728.000000 2048.000000 22528.000000 128.000000 925824.000000 329856.000000 117828.000000 50304.000000 13728.000000 34816.000000 4608.000000 128.000000 28224.000000 
6
0.000000 906240.000000 343680.000000 180420.000000 12192.000000 1536.000000 48640.000000 0.000000 128.000000 28224.000000 0.000000 906240.000000 343680.000000 180420.000000 13728.000000 0.000000 48640.000000 0.000000 28352.000000 0.000000 0.000000 906240.000000 343800.000000 168132.000000 13728.000000 0.000000 53248.000000 0.000000 13856.000000 0.000000 0.000000 906240.000000 340224.000000 168252.000000 12192.000000 1536.000000 24576.000000 0.000000 128.000000 13344.000000 0.000000 960246.000000 0.000000 576.000000 130560.000000 188928.000000 87108.000000 81024.000000 13728.000000 2048.000000 22528.000000 128.000000 925824.000000 329856.000000 117828.000000 50304.000000 13728.000000 34816.000000 4608.000000 128.000000 28224.000000 
7
0.000000 906240.000000 343680.000000 180420.000000 12192.000000 1536.000000 48640.000000 0.000000 128.000000 28224.000000 0.000000 906240.000000 343680.000000 180420.000000 13728.000000 0.000000 48640.000000 0.000000 28352.000000 0.000000 0.000000 906240.000000 343800.000000 168132.000000 13728.000000 0.000000 53248.000000 0.000000 13856.000000 0.000000 0.000000 906240.000000 340224.000000 168252.000000 12192.000000 1536.000000 24576.000000 0.000000 128.000000 13344.000000 0.000000 960246.000000 0.000000 576.000000 130560.000000 188928.000000 87108.000000 81024.000000 13728.000000 2048.000000 22528.000000 128.000000 925824.000000 329856.000000 117828.000000 50304.000000 13728.000000 34816.000000 4608.000000 128.000000 28224.000000 
8
0.000000 906240.000000 343680.000000 180420.000000 12192.000000 1536.000000 48640.000000 0.000000 128.000000 28224.000000 0.000000 906240.000000 343680.000000 180420.000000 13728.000000 0.000000 48640.000000 0.000000 28352.000000 0.000000 0.000000 906240.000000 343800.000000 168132.000000 13728.000000 0.000000 53248.000000 0.000000 13856.000000 0.000000 0.000000 906240.000000 340224.000000 168252.000000 12192.000000 1536.000000 24576.000000 0.000000 128.000000 13344.000000 0.000000 948680.000000 0.000000 8352.000000 130560.000000 192384.000000 87108.000000 81024.000000 13728.000000 2048.000000 22528.000000 128.000000 924384.000000 322944.000000 127044.000000 41088.000000 13728.000000 35840.000000 3072.000000 128.000000 28224.000000 
9
0.000000 906240.000000 343680.000000 180420.000000 12192.000000 1536.000000 48640.000000 0.000000 128.000000 28224.000000 0.000000 906240.000000 343680.000000 180420.000000 13728.000000 0.000000 48640.000000 0.000000 28352.000000 0.000000 0.000000 906240.000000 343800.000000 168132.000000 13728.000000 0.000000 53248.000000 0.000000 13856.000000 0.000000 0.000000 906240.000000 340224.000000 168252.000000 12192.000000 1536.000000 24576.000000 0.000000 128.000000 13344.000000 0.000000 948680.000000 0.000000 8352.000000 130560.000000 192384.000000 87108.000000 81024.000000 13728.000000 2048.000000 22528.000000 128.000000 924384.000000 322944.000000 127044.000000 41088.000000 13728.000000 35840.000000 3072.000000 128.000000 28224.000000 
10
0.000000 906240.000000 343680.000000 180420.000000 12192.000000 1536.000000 48640.000000 0.000000 128.000000 28224.000000 0.000000 906240.000000 343680.000000 180420.000000 13728.000000 0.000000 48640.000000 0.000000 28352.000000 0.000000 0.000000 906240.000000 343800.000000 168132.000000 13728.000000 0.000000 53248.000000 0.000000 13856.000000 0.000000 0.000000 906240.000000 340224.000000 168252.000000 12192.000000 1536.000000 24576.000000 0.000000 128.000000 13344.000000 0.000000 948680.000000 0.000000 8352.000000 130560.000000 192384.000000 87108.000000 81024.000000 13728.000000 2048.000000 22528.000000 128.000000 924384.000000 322944.000000 127044.000000 41088.000000 13728.000000 35840.000000 3072.000000 128.000000 28224.000000 
11
0.000000 906240.000000 343680.000000 180420.000000 12192.000000 1536.000000 48640.000000 0.000000 128.000000 28224.000000 0.000000 906240.000000 343680.000000 180420.000000 13728.000000 0.000000 48640.000000 0.000000 28352.000000 0.000000 0.000000 906240.000000 343800.000000 168132.000000 13728.000000 0.000000 53248.000000 0.000000 13856.000000 0.000000 0.000000 906240.000000 340224.000000 168252.000000 12192.000000 1536.000000 24576.000000 0.000000 128.000000 13344.000000 0.000000 948680.000000 0.000000 8352.000000 130560.000000 192384.000000 87108.000000 81024.000000 13728.000000 2048.000000 22528.000000 128.000000 924384.000000 322944.000000 127044.000000 41088.000000 13728.000000 35840.000000 3072.000000 128.000000 28224.000000 
12
0.000000 906240.000000 343680.000000 180420.000000 12192.000000 1536.000000 48640.000000 0.000000 128.000000 28224.000000 0.000000 906240.000000 343680.000000 180420.000000 13728.000000 0.000000 48640.000000 0.000000 28352.000000 0.000000 0.000000 906240.000000 343800.000000 168132.000000 13728.000000 0.000000 53248.000000 0.000000 13856.000000 0.000000 0.000000 906240.000000 340224.000000 168252.000000 12192.000000 1536.000000 24576.000000 0.000000 128.000000 13344.000000 0.000000 960246.000000 0.000000 576.000000 130560.000000 188928.000000 87108.000000 81024.000000 13728.000000 2048.000000 22528.000000 128.000000 925824.000000 329856.000000 117828.000000 50304.000000 13728.000000 34816.000000 4608.000000 128.000000 28224.000000 
13
0.000000 906240.000000 343680.000000 180420.000000 12192.000000 1536.000000 48640.000000 0.000000 128.000000 28224.000000 0.000000 906240.000000 343680.000000 180420.000000 13728.000000 0.000000 48640.000000 0.000000 28352.000000 0.000000 0.000000 906240.000000 343800.000000 168132.000000 13728.000000 0.000000 53248.000000 0.000000 13856.000000 0.000000 0.000000 906240.000000 340224.000000 168252.000000 12192.000000 1536.000000 24576.000000 0.000000 128.000000 13344.000000 0.000000 960246.000000 0.000000 576.000000 130560.000000 188928.000000 87108.000000 81024.000000 13728.000000 2048.000000 22528.000000 128.000000 925824.000000 329856.000000 117828.000000 50304.000000 13728.000000 34816.000000 4608.000000 128.000000 28224.000000 
14
0.000000 906240.000000 343680.000000 180420.000000 12192.000000 1536.000000 48640.000000 0.000000 128.000000 28224.000000 0.000000 906240.000000 343680.000000 180420.000000 13728.000000 0.000000 48640.000000 0.000000 28352.000000 0.000000 0.000000 906240.000000 343800.000000 168132.000000 13728.000000 0.000000 53248.000000 0.000000 13856.000000 0.000000 0.000000 906240.000000 340224.000000 168252.000000 12192.000000 1536.000000 24576.000000 0.000000 128.000000 13344.000000 0.000000 960246.000000 0.000000 576.000000 130560.000000 188928.000000 87108.000000 81024.000000 13728.000000 2048.000000 22528.000000 128.000000 925824.000000 329856.000000 117828.000000 50304.000000 13728.000000 34816.000000 4608.000000 128.000000 28224.000000 
15
0.000000 906240.000000 343680.000000 180420.000000 12192.000000 1536.000000 48640.000000 0.000000 128.000000 28224.000000 0.000000 906240.000000 343680.000000 180420.000000 13728.000000 0.000000 48640.000000 0.000000 28352.000000 0.000000 0.000000 906240.000000 343800.000000 168132.000000 13728.000000 0.000000 53248.000000 0.000000 13856.000000 0.000000 0.000000 906240.000000 340224.000000 168252.000000 12192.000000 1536.000000 24576.000000 0.000000 128.000000 13344.000000 0.000000 960246.000000 0.000000 576.000000 130560.000000 188928.000000 87108.000000 81024.000000 13728.000000 2048.000000 22528.000000 128.000000 925824.000000 329856.000000 117828.000000 50304.000000 13728.000000 34816.000000 4608.000000 128.000000 28224.000000 
16
0.000000 906240.000000 343680.000000 171902.000000 14320.000000 1536.000000 32512.000000 0.000000 64.000000 1536.000000 0.000000 906240.000000 343680.000000 153342.000000 14944.000000 0.000000 28416.000000 0.000000 64.000000 0.000000 0.000000 906240.000000 340224.000000 157310.000000 15968.000000 1024.000000 33536.000000 0.000000 64.000000 0.000000 0.000000 906240.000000 340224.000000 150766.000000 14320.000000 3584.000000 19200.000000 0.000000 64.000000 0.000000 0.000000 946328.000000 0.000000 960.000000 124032.000000 113704.000000 81790.000000 57760.000000 13408.000000 512.000000 16640.000000 64.000000 906240.000000 322944.000000 168386.000000 22496.000000 14432.000000 29440.000000 3072.000000 64.000000 0.000000 
17
0.000000 906240.000000 343680.000000 171902.000000 14320.000000 1536.000000 32512.000000 0.000000 64.000000 1536.000000 0.000000 906240.000000 343680.000000 153342.000000 14944.000000 0.000000 28416.000000 0.000000 64.000000 0.000000 0.000000 906240.000000 340224.000000 157310.000000 15968.000000 1024.000000 33536.000000 0.000000 64.000000 0.000000 0.000000 906240.000000 340224.000000 150766.000000 14320.000000 3584.000000 19200.000000 0.000000 64.000000 0.000000 0.000000 946328.000000 0.000000 960.000000 124032.000000 113704.000000 81790.000000 57760.000000 13408.000000 512.000000 16640.000000 64.000000 906240.000000 322944.000000 168386.000000 22496.000000 14432.000000 29440.000000 3072.000000 64.000000 0.000000 
18
0.000000 906240.000000 343680.000000 171902.000000 14320.000000 1536.000000 32512.000000 0.000000 64.000000 1536.000000 0.000000 906240.000000 343680.000000 153342.000000 14944.000000 0.000000 28416.000000 0.000000 64.000000 0.000000 0.000000 906240.000000 340224.000000 157310.000000 15968.000000 1024.000000 33536.000000 0.000000 64.000000 0.000000 0.000000 906240.000000 340224.000000 150766.000000 14320.000000 3584.000000 19200.000000 0.000000 64.000000 0.000000 0.000000 946328.000000 0.000000 960.000000 124032.000000 113704.000000 81790.000000 57760.000000 13408.000000 512.000000 16640.000000 64.000000 906240.000000 322944.000000 168386.000000 22496.000000 14432.000000 29440.000000 3072.000000 64.000000 0.000000 
19
0.000000 906240.000000 343680.000000 171902.000000 14320.000000 1536.000000 32512.000000 0.000000 64.000000 1536.000000 0.000000 906240.000000 343680.000000 153342.000000 14944.000000 0.000000 28416.000000 0.000000 64.000000 0.000000 0.000000 906240.000000 340224.000000 157310.000000 15968.000000 1024.000000 33536.000000 0.000000 64.000000 0.000000 0.000000 906240.000000 340224.000000 150766.000000 14320.000000 3584.000000 19200.000000 0.000000 64.000000 0.000000 0.000000 946328.000000 0.000000 960.000000 124032.000000 113704.000000 81790.000000 57760.000000 13408.000000 512.000000 16640.000000 64.000000 906240.000000 322944.000000 168386.000000 22496.000000 14432.000000 29440.000000 3072.000000 64.000000 0.000000 
20
0.000000 906240.000000 343680.000000 171902.000000 14320.000000 1536.000000 32512.000000 0.000000 64.000000 1536.000000 0.000000 906240.000000 343680.000000 153342.000000 14944.000000 0.000000 28416.000000 0.000000 64.000000 0.000000 0.000000 906240.000000 340224.000000 157310.000000 15968.000000 1024.000000 33536.000000 0.000000 64.000000 0.000000 0.000000 906240.000000 340224.000000 150766.000000 14320.000000 3584.000000 19200.000000 0.000000 64.000000 0.000000 0.000000 951828.000000 0.000000 480.000000 117504.000000 205440.000000 81790.000000 70912.000000 14944.000000 1024.000000 16640.000000 64.000000 906240.000000 326400.000000 124030.000000 15648.000000 13408.000000 20224.000000 0.000000 64.000000 0.000000 
21
0.000000 906240.000000 343680.000000 171902.000000 14320.000000 1536.000000 32512.000000 0.000000 64.000000 1536.000000 0.000000 906240.000000 343680.000000 153342.000000 14944.000000 0.000000 28416.000000 0.000000 64.000000 0.000000 0.000000 906240.000000 340224.000000 157310.000000 15968.000000 1024.000000 33536.000000 0.000000 64.000000 0.000000 0.000000 906240.000000 340224.000000 150766.000000 14320.000000 3584.000000 19200.000000 0.000000 64.000000 0.000000 0.000000 951828.000000 0.000000 480.000000 117504.000000 205440.000000 81790.000000 70912.000000 14944.000000 1024.000000 16640.000000 64.000000 906240.000000 326400.000000 124030.000000 15648.000000 13408.000000 20224.000000 0.000000 64.000000 0.000000 
22
0.000000 906240.000000 343680.000000 171902.000000 14320.000000 1536.000000 32512.000000 0.000000 64.000000 1536.000000 0.000000 906240.000000 343680.000000 153342.000000 14944.000000 0.000000 28416.000000 0.000000 64.000000 0.000000 0.000000 906240.000000 340224.000000 157310.000000 15968.000000 1024.000000 33536.000000 0.000000 64.000000 0.000000 0.000000 906240.000000 340224.000000 150766.000000 14320.000000 3584.000000 19200.000000 0.000000 64.000000 0.000000 0.000000 951828.000000 0.000000 480.000000 117504.000000 205440.000000 81790.000000 70912.000000 14944.000000 1024.000000 16640.000000 64.000000 906240.000000 326400.000000 124030.000000 15648.000000 13408.000000 20224.000000 0.000000 64.000000 0.000000 
23
0.000000 906240.000000 343680.000000 171902.000000 14320.000000 1536.000000 32512.000000 0.000000 64.000000 1536.000000 0.000000 906240.000000 343680.000000 153342.000000 14944.000000 0.000000 28416.000000 0.000000 64.000000 0.000000 0.000000 906240.000000 340224.000000 157310.000000 15968.000000 1024.000000 33536.000000 0.000000 64.000000 0.000000 0.000000 906240.000000 340224.000000 150766.000000 14320.000000 3584.000000 19200.000000 0.000000 64.000000 0.000000 0.000000 951828.000000 0.000000 480.000000 117504.000000 205440.000000 81790.000000 70912.000000 14944.000000 1024.000000 16640.000000 64.000000 906240.000000 326400.000000 124030.000000 15648.000000 13408.000000 20224.000000 0.000000 64.000000 0.000000 
24
0.000000 906240.000000 343680.000000 171902.000000 14320.000000 1536.000000 32512.000000 0.000000 64.000000 1536.000000 0.000000 906240.000000 343680.000000 153342.000000 14944.000000 0.000000 28416.000000 0.000000 64.000000 0.000000 0.000000 906240.000000 340224.000000 157310.000000 15968.000000 1024.000000 33536.000000 0.000000 64.000000 0.000000 0.000000 906240.000000 340224.000000 150766.000000 14320.000000 3584.000000 19200.000000 0.000000 64.000000 0.000000 0.000000 946328.000000 0.000000 960.000000 124032.000000 113704.000000 81790.000000 57760.000000 13408.000000 512.000000 16640.000000 64.000000 906240.000000 322944.000000 168386.000000 22496.000000 14432.000000 29440.000000 3072.000000 64.000000 0.000000 
25
0.000000 906240.000000 343680.000000 171902.000000 14320.000000 1536.000000 32512.000000 0.000000 64.000000 1536.000000 0.000000 906240.000000 343680.000000 153342.000000 14944.000000 0.000000 28416.000000 0.000000 64.000000 0.000000 0.000000 906240.000000 340224.000000 157310.000000 15968.000000 1024.000000 33536.000000 0.000000 64.000000 0.000000 0.000000 906240.000000 340224.000000 150766.000000 14320.000000 3584.000000 19200.000000 0.000000 64.000000 0.000000 0.000000 946328.000000 0.000000 960.000000 124032.000000 113704.000000 81790.000000 57760.000000 13408.000000 512.000000 16640.000000 64.000000 906240.000000 322944.000000 168386.000000 22496.000000 14432.000000 29440.000000 3072.000000 64.000000 0.000000 
26
0.000000 906240.000000 343680.000000 171902.000000 14320.000000 1536.000000 32512.000000 0.000000 64.000000 1536.000000 0.000000 906240.000000 343680.000000 153342.000000 14944.000000 0.000000 28416.000000 0.000000 64.000000 0.000000 0.000000 906240.000000 340224.000000 157310.000000 15968.000000 1024.000000 33536.000000 0.000000 64.000000 0.000000 0.000000 906240.000000 340224.000000 150766.000000 14320.000000 3584.000000 19200.000000 0.000000 64.000000 0.000000 0.000000 946328.000000 0.000000 960.000000 124032.000000 113704.000000 81790.000000 57760.000000 13408.000000 512.000000 16640.000000 64.000000 906240.000000 322944.000000 168386.000000 22496.000000 14432.000000 29440.000000 3072.000000 64.000000 0.000000 
27
0.000000 906240.000000 343680.000000 171902.000000 14320.000000 1536.000000 32512.000000 0.000000 64.000000 1536.000000 0.000000 906240.000000 343680.000000 153342.000000 14944.000000 0.000000 28416.000000 0.000000 64.000000 0.000000 0.000000 906240.000000 340224.000000 157310.000000 15968.000000 1024.000000 33536.000000 0.000000 64.000000 0.000000 0.000000 906240.000000 340224.000000 150766.000000 14320.000000 3584.000000 19200.000000 0.000000 64.000000 0.000000 0.000000 946328.000000 0.000000 960.000000 124032.000000 113704.000000 81790.000000 57760.000000 13408.000000 512.000000 16640.000000 64.000000 906240.000000 322944.000000 168386.000000 22496.000000 14432.000000 29440.000000 3072.000000 64.000000 0.000000 
28
0.000000 906240.000000 343680.000000 171902.000000 14320.000000 1536.000000 32512.000000 0.000000 64.000000 1536.000000 0.000000 906240.000000 343680.000000 153342.000000 14944.000000 0.000000 28416.000000 0.000000 64.000000 0.000000 0.000000 906240.000000 340224.000000 157310.000000 15968.000000 1024.000000 33536.000000 0.000000 64.000000 0.000000 0.000000 906240.000000 340224.000000 150766.000000 14320.000000 3584.000000 19200.000000 0.000000 64.000000 0.000000 0.000000 951828.000000 0.000000 480.000000 117504.000000 205440.000000 81790.000000 70912.000000 14944.000000 1024.000000 16640.000000 64.000000 906240.000000 326400.000000 124030.000000 15648.000000 13408.000000 20224.000000 0.000000 64.000000 0.000000 
29
0.000000 906240.000000 343680.000000 171902.000000 14320.000000 1536.000000 32512.000000 0.000000 64.000000 1536.000000 0.000000 906240.000000 343680.000000 153342.000000 14944.000000 0.000000 28416.000000 0.000000 64.000000 0.000000 0.000000 906240.000000 340224.000000 157310.000000 15968.000000 1024.000000 33536.000000 0.000000 64.000000 0.000000 0.000000 906240.000000 340224.000000 150766.000000 14320.000000 3584.000000 19200.000000 0.000000 64.000000 0.000000 0.000000 951828.000000 0.000000 480.000000 117504.000000 205440.000000 81790.000000 70912.000000 14944.000000 1024.000000 16640.000000 64.000000 906240.000000 326400.000000 124030.000000 15648.000000 13408.000000 20224.000000 0.000000 64.000000 0.000000 
30
0.000000 906240.000000 343680.000000 171902.000000 14320.000000 1536.000000 32512.000000 0.000000 64.000000 1536.000000 0.000000 906240.000000 343680.000000 153342.000000 14944.000000 0.000000 28416.000000 0.000000 64.000000 0.000000 0.000000 906240.000000 340224.000000 157310.000000 15968.000000 1024.000000 33536.000000 0.000000 64.000000 0.000000 0.000000 906240.000000 340224.000000 150766.000000 14320.000000 3584.000000 19200.000000 0.000000 64.000000 0.000000 0.000000 951828.000000 0.000000 480.000000 117504.000000 205440.000000 81790.000000 70912.000000 14944.000000 1024.000000 16640.000000 64.000000 906240.000000 326400.000000 124030.000000 15648.000000 13408.000000 20224.000000 0.000000 64.000000 0.000000 
31
0.000000 906240.000000 343680.000000 171902.000000 14320.000000 1536.000000 32512.000000 0.000000 64.000000 1536.000000 0.000000 906240.000000 343680.000000 153342.000000 14944.000000 0.000000 28416.000000 0.000000 64.000000 0.000000 0.000000 906240.000000 340224.000000 157310.000000 15968.000000 1024.000000 33536.000000 0.000000 64.000000 0.000000 0.000000 906240.000000 340224.000000 150766.000000 14320.000000 3584.000000 19200.000000 0.000000 64.000000 0.000000 0.000000 951828.000000 0.000000 480.000000 117504.000000 205440.000000 81790.000000 70912.000000 14944.000000 1024.000000 16640.000000 64.000000 906240.000000 326400.000000 124030.000000 15648.000000 13408.000000 20224.000000 0.000000 64.000000 0.000000 
32
0.000000 906242.000000 703104.000000 354510.000000 16512.000000 8192.000000 78720.000000 0.000000 64.000000 1920.000000 0.000000 906242.000000 706560.000000 300174.000000 19712.000000 3072.000000 71680.000000 0.000000 448.000000 0.000000 0.000000 906242.000000 780744.000000 216390.000000 19712.000000 3072.000000 69632.000000 0.000000 448.000000 0.000000 0.000000 906242.000000 696192.000000 299790.000000 16512.000000 8192.000000 49152.000000 0.000000 64.000000 384.000000 0.000000 946474.000000 0.000000 1024.000000 97920.000000 548352.000000 184053.000000 129945.000000 22784.000000 37376.000000 34176.000000 64.000000 909698.000000 682368.000000 276110.000000 62080.000000 24832.000000 58112.000000 15360.000000 64.000000 3456.000000 
33
0.000000 906242.000000 703104.000000 354510.000000 16512.000000 8192.000000 78720.000000 0.000000 64.000000 1920.000000 0.000000 906242.000000 706560.000000 300174.000000 19712.000000 3072.000000 71680.000000 0.000000 448.000000 0.000000 0.000000 906242.000000 780744.000000 216390.000000 19712.000000 3072.000000 69632.000000 0.000000 448.000000 0.000000 0.000000 906242.000000 696192.000000 299790.000000 16512.000000 8192.000000 49152.000000 0.000000 64.000000 384.000000 0.000000 946474.000000 0.000000 1024.000000 97920.000000 548352.000000 184053.000000 129945.000000 22784.000000 37376.000000 34176.000000 64.000000 909698.000000 682368.000000 276110.000000 62080.000000 24832.000000 58112.000000 15360.000000 64.000000 3456.000000 
34
0.000000 906242.000000 703104.000000 354510.000000 16512.000000 8192.000000 78720.000000 0.000000 64.000000 1920.000000 0.000000 906242.000000 706560.000000 300174.000000 19712.000000 3072.000000 71680.000000 0.000000 448.000000 0.000000 0.000000 906242.000000 780744.000000 216390.000000 19712.000000 3072.000000 69632.000000 0.000000 448.000000 0.000000 0.000000 906242.000000 696192.000000 299790.000000 16512.000000 8192.000000 49152.000000 0.000000 64.000000 384.000000 0.000000 946474.000000 0.000000 1024.000000 97920.000000 548352.000000 184053.000000 129945.000000 22784.000000 37376.000000 34176.000000 64.000000 909698.000000 682368.000000 276110.000000 62080.000000 24832.000000 58112.000000 15360.000000 64.000000 3456.000000 
35
0.000000 906242.000000 703104.000000 354510.000000 16512.000000 8192.000000 78720.000000 0.000000 64.000000 1920.000000 0.000000 906242.000000 706560.000000 300174.000000 19712.000000 3072.000000 71680.000000 0.000000 448.000000 0.000000 0.000000 906242.000000 780744.000000 216390.000000 19712.000000 3072.000000 69632.000000 0.000000 448.000000 0.000000 0.000000 906242.000000 696192.000000 299790.000000 16512.000000 8192.000000 49152.000000 0.000000 64.000000 384.000000 0.000000 946474.000000 0.000000 1024.000000 97920.000000 548352.000000 184053.000000 129945.000000 22784.000000 37376.000000 34176.000000 64.000000 909698.000000 682368.000000 276110.000000 62080.000000 24832.000000 58112.000000 15360.000000 64.000000 3456.000000 
36
0.000000 906242.000000 703104.000000 198990.000000 16512.000000 6656.000000 69760.000000 0.000000 64.000000 384.000000 0.000000 906242.000000 703104.000000 205518.000000 19712.000000 5120.000000 71040.000000 0.000000 6592.000000 0.000000 0.000000 906242.000000 703104.000000 211662.000000 19712.000000 5120.000000 71680.000000 0.000000 448.000000 0.000000 0.000000 906242.000000 696192.000000 205134.000000 16512.000000 8704.000000 51200.000000 0.000000 64.000000 384.000000 0.000000 949438.000000 0.000000 12864.000000 267648.000000 414720.000000 83253.000000 117657.000000 22784.000000 34304.000000 29824.000000 64.000000 906626.000000 685824.000000 161486.000000 39424.000000 22784.000000 54272.000000 7680.000000 64.000000 384.000000 
37
0.000000 906242.000000 703104.000000 198990.000000 16512.000000 6656.000000 69760.000000 0.000000 64.000000 384.000000 0.000000 906242.000000 703104.000000 205518.000000 19712.000000 5120.000000 71040.000000 0.000000 6592.000000 0.000000 0.000000 906242.000000 703104.000000 211662.000000 19712.000000 5120.000000 71680.000000 0.000000 448.000000 0.000000 0.000000 906242.000000 696192.000000 205134.000000 16512.000000 8704.000000 51200.000000 0.000000 64.000000 384.000000 0.000000 949438.000000 0.000000 12864.000000 267648.000000 414720.000000 83253.000000 117657.000000 22784.000000 34304.000000 29824.000000 64.000000 906626.000000 685824.000000 161486.000000 39424.000000 22784.000000 54272.000000 7680.000000 64.000000 384.000000 
38
0.000000 906242.000000 703104.000000 198990.000000 16512.000000 6656.000000 69760.000000 0.000000 64.000000 384.000000 0.000000 906242.000000 703104.000000 205518.000000 19712.000000 5120.000000 71040.000000 0.000000 6592.000000 0.000000 0.000000 906242.000000 703104.000000 211662.000000 19712.000000 5120.000000 71680.000000 0.000000 448.000000 0.000000 0.000000 906242.000000 696192.000000 205134.000000 16512.000000 8704.000000 51200.000000 0.000000 64.000000 384.000000 0.000000 949438.000000 0.000000 12864.000000 267648.000000 414720.000000 83253.000000 117657.000000 22784.000000 34304.000000 29824.000000 64.000000 906626.000000 685824.000000 161486.000000 39424.000000 22784.000000 54272.000000 7680.000000 64.000000 384.000000 
39
0.000000 906242.000000 703104.000000 198990.000000 16512.000000 6656.000000 69760.000000 0.000000 64.000000 384.000000 0.000000 906242.000000 703104.000000 205518.000000 19712.000000 5120.000000 71040.000000 0.000000 6592.000000 0.000000 0.000000 906242.000000 703104.000000 211662.000000 19712.000000 5120.000000 71680.000000 0.000000 448.000000 0.000000 0.000000 906242.000000 696192.000000 205134.000000 16512.000000 8704.000000 51200.000000 0.000000 64.000000 384.000000 0.000000 949438.000000 0.000000 12864.000000 267648.000000 414720.000000 83253.000000 117657.000000 22784.000000 34304.000000 29824.000000 64.000000 906626.000000 685824.000000 161486.000000 39424.000000 22784.000000 54272.000000 7680.000000 64.000000 384.000000 
40
0.000000 906242.000000 703104.000000 198990.000000 16512.000000 6656.000000 69760.000000 0.000000 64.000000 384.000000 0.000000 906242.000000 703104.000000 205518.000000 19712.000000 5120.000000 71040.000000 0.000000 6592.000000 0.000000 0.000000 906242.000000 703104.000000 211662.000000 19712.000000 5120.000000 71680.000000 0.000000 448.000000 0.000000 0.000000 906242.000000 696192.000000 205134.000000 16512.000000 8704.000000 51200.000000 0.000000 64.000000 384.000000 0.000000 946330.000000 0.000000 1024.000000 78336.000000 600576.000000 83253.000000 117657.000000 22784.000000 26624.000000 24576.000000 64.000000 906626.000000 689280.000000 166094.000000 34816.000000 23296.000000 54272.000000 7680.000000 64.000000 384.000000 
41
0.000000 906242.000000 703104.000000 198990.000000 16512.000000 6656.000000 69760.000000 0.000000 64.000000 384.000000 0.000000 906242.000000 703104.000000 205518.000000 19712.000000 5120.000000 71040.000000 0.000000 6592.000000 0.000000 0.000000 906242.000000 703104.000000 211662.000000 19712.000000 5120.000000 71680.000000 0.000000 448.000000 0.000000 0.000000 906242.000000 696192.000000 205134.000000 16512.000000 8704.000000 51200.000000 0.000000 64.000000 384.000000 0.000000 946330.000000 0.000000 1024.000000 78336.000000 600576.000000 83253.000000 117657.000000 22784.000000 26624.000000 24576.000000 64.000000 906626.000000 689280.000000 166094.000000 34816.000000 23296.000000 54272.000000 7680.000000 64.000000 384.000000 
42
0.000000 906242.000000 703104.000000 198990.000000 16512.000000 6656.000000 69760.000000 0.000000 64.000000 384.000000 0.000000 906242.000000 703104.000000 205518.000000 19712.000000 5120.000000 71040.000000 0.000000 6592.000000 0.000000 0.000000 906242.000000 703104.000000 211662.000000 19712.000000 5120.000000 71680.000000 0.000000 448.000000 0.000000 0.000000 906242.000000 696192.000000 205134.000000 16512.000000 8704.000000 51200.000000 0.000000 64.000000 384.000000 0.000000 946330.000000 0.000000 1024.000000 78336.000000 600576.000000 83253.000000 117657.000000 22784.000000 26624.000000 24576.000000 64.000000 906626.000000 689280.000000 166094.000000 34816.000000 23296.000000 54272.000000 7680.000000 64.000000 384.000000 
43
0.000000 906242.000000 703104.000000 198990.000000 16512.000000 6656.000000 69760.000000 0.000000 64.000000 384.000000 0.000000 906242.000000 703104.000000 205518.000000 19712.000000 5120.000000 71040.000000 0.000000 6592.000000 0.000000 0.000000 906242.000000 703104.000000 211662.000000 19712.000000 5120.000000 71680.000000 0.000000 448.000000 0.000000 0.000000 906242.000000 696192.000000 205134.000000 16512.000000 8704.000000 51200.000000 0.000000 64.000000 384.000000 0.000000 946330.000000 0.000000 1024.000000 78336.000000 600576.000000 83253.000000 117657.000000 22784.000000 26624.000000 24576.000000 64.000000 906626.000000 689280.000000 166094.000000 34816.000000 23296.000000 54272.000000 7680.000000 64.000000 384.000000 
44
0.000000 906242.000000 703104.000000 198990.000000 16512.000000 6656.000000 69760.000000 0.000000 64.000000 384.000000 0.000000 906242.000000 703104.000000 205518.000000 19712.000000 5120.000000 71040.000000 0.000000 6592.000000 0.000000 0.000000 906242.000000 703104.000000 211662.000000 19712.000000 5120.000000 71680.000000 0.000000 448.000000 0.000000 0.000000 906242.000000 696192.000000 205134.000000 16512.000000 8704.000000 51200.000000 0.000000 64.000000 384.000000 0.000000 949438.000000 0.000000 12864.000000 267648.000000 414720.000000 83253.000000 117657.000000 22784.000000 34304.000000 29824.000000 64.000000 906626.000000 685824.000000 161486.000000 39424.000000 22784.000000 54272.000000 7680.000000 64.000000 384.000000 
45
0.000000 906242.000000 703104.000000 198990.000000 16512.000000 6656.000000 69760.000000 0.000000 64.000000 384.000000 0.000000 906242.000000 703104.000000 205518.000000 19712.000000 5120.000000 71040.000000 0.000000 6592.000000 0.000000 0.000000 906242.000000 703104.000000 211662.000000 19712.000000 5120.000000 71680.000000 0.000000 448.000000 0.000000 0.000000 906242.000000 696192.000000 205134.000000 16512.000000 8704.000000 51200.000000 0.000000 64.000000 384.000000 0.000000 949438.000000 0.000000 12864.000000 267648.000000 414720.000000 83253.000000 117657.000000 22784.000000 34304.000000 29824.000000 64.000000 906626.000000 685824.000000 161486.000000 39424.000000 22784.000000 54272.000000 7680.000000 64.000000 384.000000 
46
0.000000 906242.000000 703104.000000 198990.000000 16512.000000 6656.000000 69760.000000 0.000000 64.000000 384.000000 0.000000 906242.000000 703104.000000 205518.000000 19712.000000 5120.000000 71040.000000 0.000000 6592.000000 0.000000 0.000000 906242.000000 703104.000000 211662.000000 19712.000000 5120.000000 71680.000000 0.000000 448.000000 0.000000 0.000000 906242.000000 696192.000000 205134.000000 16512.000000 8704.000000 51200.000000 0.000000 64.000000 384.000000 0.000000 949438.000000 0.000000 12864.000000 267648.000000 414720.000000 83253.000000 117657.000000 22784.000000 34304.000000 29824.000000 64.000000 906626.000000 685824.000000 161486.000000 39424.000000 22784.000000 54272.000000 7680.000000 64.000000 384.000000 
47
0.000000 906242.000000 703104.000000 198990.000000 16512.000000 6656.000000 69760.000000 0.000000 64.000000 384.000000 0.000000 906242.000000 703104.000000 205518.000000 19712.000000 5120.000000 71040.000000 0.000000 6592.000000 0.000000 0.000000 906242.000000 703104.000000 211662.000000 19712.000000 5120.000000 71680.000000 0.000000 448.000000 0.000000 0.000000 906242.000000 696192.000000 205134.000000 16512.000000 8704.000000 51200.000000 0.000000 64.000000 384.000000 0.000000 949438.000000 0.000000 12864.000000 267648.000000 414720.000000 83253.000000 117657.000000 22784.000000 34304.000000 29824.000000 64.000000 906626.000000 685824.000000 161486.000000 39424.000000 22784.000000 54272.000000 7680.000000 64.000000 384.000000 
48
0.000000 906242.000000 703104.000000 162760.000000 12528.000000 0.000000 17664.000000 0.000000 64.000000 0.000000 0.000000 906242.000000 710016.000000 181160.000000 14944.000000 0.000000 16640.000000 0.000000 64.000000 0.000000 0.000000 906242.000000 703104.000000 175592.000000 14944.000000 0.000000 18176.000000 0.000000 64.000000 0.000000 0.000000 906242.000000 696192.000000 181192.000000 14192.000000 1536.000000 18688.000000 0.000000 64.000000 0.000000 0.000000 948624.000000 0.000000 13056.000000 195840.000000 483152.000000 80335.000000 49168.000000 12384.000000 0.000000 16384.000000 64.000000 906242.000000 685824.000000 137064.000000 37952.000000 12384.000000 16128.000000 0.000000 64.000000 0.000000 
49
0.000000 906242.000000 703104.000000 162760.000000 12528.000000 0.000000 17664.000000 0.000000 64.000000 0.000000 0.000000 906242.000000 710016.000000 181160.000000 14944.000000 0.000000 16640.000000 0.000000 64.000000 0.000000 0.000000 906242.000000 703104.000000 175592.000000 14944.000000 0.000000 18176.000000 0.000000 64.000000 0.000000 0.000000 906242.000000 696192.000000 181192.000000 14192.000000 1536.000000 18688.000000 0.000000 64.000000 0.000000 0.000000 948624.000000 0.000000 13056.000000 195840.000000 483152.000000 80335.000000 49168.000000 12384.000000 0.000000 16384.000000 64.000000 906242.000000 685824.000000 137064.000000 37952.000000 12384.000000 16128.000000 0.000000 64.000000 0.000000 
50
0.000000 906242.000000 703104.000000 162760.000000 12528.000000 0.000000 17664.000000 0.000000 64.000000 0.000000 0.000000 906242.000000 710016.000000 181160.000000 14944.000000 0.000000 16640.000000 0.000000 64.000000 0.000000 0.000000 906242.000000 703104.000000 175592.000000 14944.000000 0.000000 18176.000000 0.000000 64.000000 0.000000 0.000000 906242.000000 696192.000000 181192.000000 14192.000000 1536.000000 18688.000000 0.000000 64.000000 0.000000 0.000000 948624.000000 0.000000 13056.000000 195840.000000 483152.000000 80335.000000 49168.000000 12384.000000 0.000000 16384.000000 64.000000 906242.000000 685824.000000 137064.000000 37952.000000 12384.000000 16128.000000 0.000000 64.000000 0.000000 
51
0.000000 906242.000000 703104.000000 162760.000000 12528.000000 0.000000 17664.000000 0.000000 64.000000 0.000000 0.000000 906242.000000 710016.000000 181160.000000 14944.000000 0.000000 16640.000000 0.000000 64.000000 0.000000 0.000000 906242.000000 703104.000000 175592.000000 14944.000000 0.000000 18176.000000 0.000000 64.000000 0.000000 0.000000 906242.000000 696192.000000 181192.000000 14192.000000 1536.000000 18688.000000 0.000000 64.000000 0.000000 0.000000 948624.000000 0.000000 13056.000000 195840.000000 483152.000000 80335.000000 49168.000000 12384.000000 0.000000 16384.000000 64.000000 906242.000000 685824.000000 137064.000000 37952.000000 12384.000000 16128.000000 0.000000 64.000000 0.000000 
52
0.000000 872450.000000 713472.000000 162760.000000 12528.000000 0.000000 17664.000000 0.000000 64.000000 0.000000 0.000000 872450.000000 703104.000000 172216.000000 12384.000000 0.000000 16128.000000 0.000000 64.000000 0.000000 0.000000 872450.000000 703104.000000 138767.000000 12288.000000 0.000000 20736.000000 0.000000 64.000000 0.000000 0.000000 872450.000000 699648.000000 181960.000000 14240.000000 3072.000000 19200.000000 0.000000 64.000000 0.000000 0.000000 915792.000000 0.000000 13056.000000 182784.000000 499624.000000 80335.000000 49456.000000 12384.000000 0.000000 16128.000000 64.000000 872450.000000 682368.000000 137064.000000 27728.000000 14336.000000 19200.000000 3072.000000 64.000000 0.000000 
53
0.000000 872450.000000 713472.000000 162760.000000 12528.000000 0.000000 17664.000000 0.000000 64.000000 0.000000 0.000000 872450.000000 703104.000000 172216.000000 12384.000000 0.000000 16128.000000 0.000000 64.000000 0.000000 0.000000 872450.000000 703104.000000 138767.000000 12288.000000 0.000000 20736.000000 0.000000 64.000000 0.000000 0.000000 872450.000000 699648.000000 181960.000000 14240.000000 3072.000000 19200.000000 0.000000 64.000000 0.000000 0.000000 915792.000000 0.000000 13056.000000 182784.000000 499624.000000 80335.000000 49456.000000 12384.000000 0.000000 16128.000000 64.000000 872450.000000 682368.000000 137064.000000 27728.000000 14336.000000 19200.000000 3072.000000 64.000000 0.000000 
54
0.000000 872450.000000 713472.000000 162760.000000 12528.000000 0.000000 17664.000000 0.000000 64.000000 0.000000 0.000000 872450.000000 703104.000000 172216.000000 12384.000000 0.000000 16128.000000 0.000000 64.000000 0.000000 0.000000 872450.000000 703104.000000 138767.000000 12288.000000 0.000000 20736.000000 0.000000 64.000000 0.000000 0.000000 872450.000000 699648.000000 181960.000000 14240.000000 3072.000000 19200.000000 0.000000 64.000000 0.000000 0.000000 915792.000000 0.000000 13056.000000 182784.000000 499624.000000 80335.000000 49456.000000 12384.000000 0.000000 16128.000000 64.000000 872450.000000 682368.000000 137064.000000 27728.000000 14336.000000 19200.000000 3072.000000 64.000000 0.000000 
55
0.000000 872450.000000 713472.000000 162760.000000 12528.000000 0.000000 17664.000000 0.000000 64.000000 0.000000 0.000000 872450.000000 703104.000000 172216.000000 12384.000000 0.000000 16128.000000 0.000000 64.000000 0.000000 0.000000 872450.000000 703104.000000 138767.000000 12288.000000 0.000000 20736.000000 0.000000 64.000000 0.000000 0.000000 872450.000000 699648.000000 181960.000000 14240.000000 3072.000000 19200.000000 0.000000 64.000000 0.000000 0.000000 915792.000000 0.000000 13056.000000 182784.000000 499624.000000 80335.000000 49456.000000 12384.000000 0.000000 16128.000000 64.000000 872450.000000 682368.000000 137064.000000 27728.000000 14336.000000 19200.000000 3072.000000 64.000000 0.000000 
56
0.000000 872449.000000 713472.000000 162760.000000 12528.000000 0.000000 17664.000000 0.000000 64.000000 0.000000 0.000000 872449.000000 703104.000000 172200.000000 12384.000000 0.000000 17664.000000 0.000000 1600.000000 0.000000 0.000000 872449.000000 703104.000000 129791.000000 12384.000000 0.000000 19200.000000 0.000000 64.000000 0.000000 0.000000 872449.000000 699648.000000 175304.000000 14224.000000 3072.000000 17664.000000 0.000000 64.000000 0.000000 0.000000 897047.000000 0.000000 672.000000 228480.000000 421248.000000 80335.000000 102377.000000 13408.000000 0.000000 16128.000000 64.000000 872449.000000 682368.000000 137064.000000 45952.000000 13824.000000 17664.000000 0.000000 64.000000 0.000000 
57
0.000000 872449.000000 713472.000000 162760.000000 12528.000000 0.000000 17664.000000 0.000000 64.000000 0.000000 0.000000 872449.000000 703104.000000 172200.000000 12384.000000 0.000000 17664.000000 0.000000 1600.000000 0.000000 0.000000 872449.000000 703104.000000 129791.000000 12384.000000 0.000000 19200.000000 0.000000 64.000000 0.000000 0.000000 872449.000000 699648.000000 175304.000000 14224.000000 3072.000000 17664.000000 0.000000 64.000000 0.000000 0.000000 897047.000000 0.000000 672.000000 228480.000000 421248.000000 80335.000000 102377.000000 13408.000000 0.000000 16128.000000 64.000000 872449.000000 682368.000000 137064.000000 45952.000000 13824.000000 17664.000000 0.000000 64.000000 0.000000 
58
0.000000 872449.000000 713472.000000 162760.000000 12528.000000 0.000000 17664.000000 0.000000 64.000000 0.000000 0.000000 872449.000000 703104.000000 172200.000000 12384.000000 0.000000 17664.000000 0.000000 1600.000000 0.000000 0.000000 872449.000000 703104.000000 129791.000000 12384.000000 0.000000 19200.000000 0.000000 64.000000 0.000000 0.000000 872449.000000 699648.000000 175304.000000 14224.000000 3072.000000 17664.000000 0.000000 64.000000 0.000000 0.000000 897047.000000 0.000000 672.000000 228480.000000 421248.000000 80335.000000 102377.000000 13408.000000 0.000000 16128.000000 64.000000 872449.000000 682368.000000 137064.000000 45952.000000 13824.000000 17664.000000 0.000000 64.000000 0.000000 
59
0.000000 872449.000000 713472.000000 162760.000000 12528.000000 0.000000 17664.000000 0.000000 64.000000 0.000000 0.000000 872449.000000 703104.000000 172200.000000 12384.000000 0.000000 17664.000000 0.000000 1600.000000 0.000000 0.000000 872449.000000 703104.000000 129791.000000 12384.000000 0.000000 19200.000000 0.000000 64.000000 0.000000 0.000000 872449.000000 699648.000000 175304.000000 14224.000000 3072.000000 17664.000000 0.000000 64.000000 0.000000 0.000000 897047.000000 0.000000 672.000000 228480.000000 421248.000000 80335.000000 102377.000000 13408.000000 0.000000 16128.000000 64.000000 872449.000000 682368.000000 137064.000000 45952.000000 13824.000000 17664.000000 0.000000 64.000000 0.000000 
60
0.000000 872449.000000 713472.000000 162760.000000 12528.000000 0.000000 17664.000000 0.000000 64.000000 0.000000 0.000000 872449.000000 703104.000000 172200.000000 12384.000000 0.000000 17664.000000 0.000000 1600.000000 0.000000 0.000000 872449.000000 703104.000000 129791.000000 12384.000000 0.000000 19200.000000 0.000000 64.000000 0.000000 0.000000 872449.000000 699648.000000 175304.000000 14224.000000 3072.000000 17664.000000 0.000000 64.000000 0.000000 0.000000 873855.000000 0.000000 752.000000 228480.000000 418176.000000 80335.000000 96489.000000 13408.000000 0.000000 16128.000000 64.000000 873985.000000 685824.000000 137064.000000 45952.000000 13824.000000 18688.000000 0.000000 64.000000 1536.000000 
61
0.000000 872449.000000 713472.000000 162760.000000 12528.000000 0.000000 17664.000000 0.000000 64.000000 0.000000 0.000000 872449.000000 703104.000000 172200.000000 12384.000000 0.000000 17664.000000 0.000000 1600.000000 0.000000 0.000000 872449.000000 703104.000000 129791.000000 12384.000000 0.000000 19200.000000 0.000000 64.000000 0.000000 0.000000 872449.000000 699648.000000 175304.000000 14224.000000 3072.000000 17664.000000 0.000000 64.000000 0.000000 0.000000 873855.000000 0.000000 752.000000 228480.000000 418176.000000 80335.000000 96489.000000 13408.000000 0.000000 16128.000000 64.000000 873985.000000 685824.000000 137064.000000 45952.000000 13824.000000 18688.000000 0.000000 64.000000 1536.000000 
62
0.000000 872449.000000 713472.000000 162760.000000 12528.000000 0.000000 17664.000000 0.000000 64.000000 0.000000 0.000000 872449.000000 703104.000000 172200.000000 12384.000000 0.000000 17664.000000 0.000000 1600.000000 0.000000 0.000000 872449.000000 703104.000000 129791.000000 12384.000000 0.000000 19200.000000 0.000000 64.000000 0.000000 0.000000 872449.000000 699648.000000 175304.000000 14224.000000 3072.000000 17664.000000 0.000000 64.000000 0.000000 0.000000 873855.000000 0.000000 752.000000 228480.000000 418176.000000 80335.000000 96489.000000 13408.000000 0.000000 16128.000000 64.000000 873985.000000 685824.000000 137064.000000 45952.000000 13824.000000 18688.000000 0.000000 64.000000 1536.000000 
63
0.000000 872449.000000 713472.000000 162760.000000 12528.000000 0.000000 17664.000000 0.000000 64.000000 0.000000 0.000000 872449.000000 703104.000000 172200.000000 12384.000000 0.000000 17664.000000 0.000000 1600.000000 0.000000 0.000000 872449.000000 703104.000000 129791.000000 12384.000000 0.000000 19200.000000 0.000000 64.000000 0.000000 0.000000 872449.000000 699648.000000 175304.000000 14224.000000 3072.000000 17664.000000 0.000000 64.000000 0.000000 0.000000 873855.000000 0.000000 752.000000 228480.000000 418176.000000 80335.000000 96489.000000 13408.000000 0.000000 16128.000000 64.000000 873985.000000 685824.000000 137064.000000 45952.000000 13824.000000 18688.000000 0.000000 64.000000 1536.000000 
64
0.000000 1097728.000000 523008.000000 191782.000000 12576.000000 0.000000 16256.000000 0.000000 192.000000 0.000000 0.000000 1097728.000000 519552.000000 186838.000000 12576.000000 0.000000 15872.000000 0.000000 192.000000 0.000000 0.000000 1097728.000000 514080.000000 190630.000000 12384.000000 0.000000 15872.000000 0.000000 192.000000 0.000000 0.000000 1097728.000000 509184.000000 187302.000000 12576.000000 0.000000 16384.000000 0.000000 192.000000 0.000000 0.000000 1124598.000000 0.000000 872.000000 195840.000000 403200.000000 81693.000000 105129.000000 12576.000000 0.000000 16384.000000 192.000000 1097728.000000 523008.000000 152246.000000 30176.000000 12576.000000 15872.000000 512.000000 192.000000 0.000000 
65
0.000000 1097728.000000 523008.000000 191782.000000 12576.000000 0.000000 16256.000000 0.000000 192.000000 0.000000 0.000000 1097728.000000 519552.000000 186838.000000 12576.000000 0.000000 15872.000000 0.000000 192.000000 0.000000 0.000000 1097728.000000 514080.000000 190630.000000 12384.000000 0.000000 15872.000000 0.000000 192.000000 0.000000 0.000000 1097728.000000 509184.000000 187302.000000 12576.000000 0.000000 16384.000000 0.000000 192.000000 0.000000 0.000000 1124598.000000 0.000000 872.000000 195840.000000 403200.000000 81693.000000 105129.000000 12576.000000 0.000000 16384.000000 192.000000 1097728.000000 523008.000000 152246.000000 30176.000000 12576.000000 15872.000000 512.000000 192.000000 0.000000 
66
0.000000 1097728.000000 523008.000000 191782.000000 12576.000000 0.000000 16256.000000 0.000000 192.000000 0.000000 0.000000 1097728.000000 519552.000000 186838.000000 12576.000000 0.000000 15872.000000 0.000000 192.000000 0.000000 0.000000 1097728.000000 514080.000000 190630.000000 12384.000000 0.000000 15872.000000 0.000000 192.000000 0.000000 0.000000 1097728.000000 509184.000000 187302.000000 12576.000000 0.000000 16384.000000 0.000000 192.000000 0.000000 0.000000 1124598.000000 0.000000 872.000000 195840.000000 403200.000000 81693.000000 105129.000000 12576.000000 0.000000 16384.000000 192.000000 1097728.000000 523008.000000 152246.000000 30176.000000 12576.000000 15872.000000 512.000000 192.000000 0.000000 
67
0.000000 1097728.000000 523008.000000 191782.000000 12576.000000 0.000000 16256.000000 0.000000 192.000000 0.000000 0.000000 1097728.000000 519552.000000 186838.000000 12576.000000 0.000000 15872.000000 0.000000 192.000000 0.000000 0.000000 1097728.000000 514080.000000 190630.000000 12384.000000 0.000000 15872.000000 0.000000 192.000000 0.000000 0.000000 1097728.000000 509184.000000 187302.000000 12576.000000 0.000000 16384.000000 0.000000 192.000000 0.000000 0.000000 1124598.000000 0.000000 872.000000 195840.000000 403200.000000 81693.000000 105129.000000 12576.000000 0.000000 16384.000000 192.000000 1097728.000000 523008.000000 152246.000000 30176.000000 12576.000000 15872.000000 512.000000 192.000000 0.000000 
68
0.000000 1097728.000000 523008.000000 191782.000000 12576.000000 0.000000 16256.000000 0.000000 192.000000 0.000000 0.000000 1097728.000000 519552.000000 186838.000000 12576.000000 0.000000 15872.000000 0.000000 192.000000 0.000000 0.000000 1097728.000000 514080.000000 190630.000000 12384.000000 0.000000 15872.000000 0.000000 192.000000 0.000000 0.000000 1097728.000000 509184.000000 187302.000000 12576.000000 0.000000 16384.000000 0.000000 192.000000 0.000000 0.000000 1126896.000000 0.000000 944.000000 195840.000000 399744.000000 81693.000000 99241.000000 12576.000000 0.000000 16256.000000 192.000000 1097728.000000 512640.000000 152246.000000 25248.000000 12480.000000 15872.000000 0.000000 192.000000 0.000000 
69
0.000000 1097728.000000 523008.000000 191782.000000 12576.000000 0.000000 16256.000000 0.000000 192.000000 0.000000 0.000000 1097728.000000 519552.000000 186838.000000 12576.000000 0.000000 15872.000000 0.000000 192.000000 0.000000 0.000000 1097728.000000 514080.000000 190630.000000 12384.000000 0.000000 15872.000000 0.000000 192.000000 0.000000 0.000000 1097728.000000 509184.000000 187302.000000 12576.000000 0.000000 16384.000000 0.000000 192.000000 0.000000 0.000000 1126896.000000 0.000000 944.000000 195840.000000 399744.000000 81693.000000 99241.000000 12576.000000 0.000000 16256.000000 192.000000 1097728.000000 512640.000000 152246.000000 25248.000000 12480.000000 15872.000000 0.000000 192.000000 0.000000 
70
0.000000 1097728.000000 523008.000000 191782.000000 12576.000000 0.000000 16256.000000 0.000000 192.000000 0.000000 0.000000 1097728.000000 519552.000000 186838.000000 12576.000000 0.000000 15872.000000 0.000000 192.000000 0.000000 0.000000 1097728.000000 514080.000000 190630.000000 12384.000000 0.000000 15872.000000 0.000000 192.000000 0.000000 0.000000 1097728.000000 509184.000000 187302.000000 12576.000000 0.000000 16384.000000 0.000000 192.000000 0.000000 0.000000 1126896.000000 0.000000 944.000000 195840.000000 399744.000000 81693.000000 99241.000000 12576.000000 0.000000 16256.000000 192.000000 1097728.000000 512640.000000 152246.000000 25248.000000 12480.000000 15872.000000 0.000000 192.000000 0.000000 
71
0.000000 1097728.000000 523008.000000 191782.000000 12576.000000 0.000000 16256.000000 0.000000 192.000000 0.000000 0.000000 1097728.000000 519552.000000 186838.000000 12576.000000 0.000000 15872.000000 0.000000 192.000000 0.000000 0.000000 1097728.000000 514080.000000 190630.000000 12384.000000 0.000000 15872.000000 0.000000 192.000000 0.000000 0.000000 1097728.000000 509184.000000 187302.000000 12576.000000 0.000000 16384.000000 0.000000 192.000000 0.000000 0.000000 1126896.000000 0.000000 944.000000 195840.000000 399744.000000 81693.000000 99241.000000 12576.000000 0.000000 16256.000000 192.000000 1097728.000000 512640.000000 152246.000000 25248.000000 12480.000000 15872.000000 0.000000 192.000000 0.000000 
72
0.000000 1097728.000000 523008.000000 191782.000000 12576.000000 0.000000 16256.000000 0.000000 192.000000 0.000000 0.000000 1097728.000000 519552.000000 186838.000000 12576.000000 0.000000 15872.000000 0.000000 192.000000 0.000000 0.000000 1097728.000000 514080.000000 190630.000000 12384.000000 0.000000 15872.000000 0.000000 192.000000 0.000000 0.000000 1097728.000000 509184.000000 187302.000000 12576.000000 0.000000 16384.000000 0.000000 192.000000 0.000000 0.000000 1143374.000000 0.000000 13344.000000 163200.000000 425552.000000 81693.000000 98729.000000 12672.000000 0.000000 16384.000000 192.000000 1097728.000000 502272.000000 152246.000000 38352.000000 12576.000000 15872.000000 512.000000 192.000000 0.000000 
73
0.000000 1097728.000000 523008.000000 191782.000000 12576.000000 0.000000 16256.000000 0.000000 192.000000 0.000000 0.000000 1097728.000000 519552.000000 186838.000000 12576.000000 0.000000 15872.000000 0.000000 192.000000 0.000000 0.000000 1097728.000000 514080.000000 190630.000000 12384.000000 0.000000 15872.000000 0.000000 192.000000 0.000000 0.000000 1097728.000000 509184.000000 187302.000000 12576.000000 0.000000 16384.000000 0.000000 192.000000 0.000000 0.000000 1143374.000000 0.000000 13344.000000 163200.000000 425552.000000 81693.000000 98729.000000 12672.000000 0.000000 16384.000000 192.000000 1097728.000000 502272.000000 152246.000000 38352.000000 12576.000000 15872.000000 512.000000 192.000000 0.000000 
74
0.000000 1097728.000000 523008.000000 191782.000000 12576.000000 0.000000 16256.000000 0.000000 192.000000 0.000000 0.000000 1097728.000000 519552.000000 186838.000000 12576.000000 0.000000 15872.000000 0.000000 192.000000 0.000000 0.000000 1097728.000000 514080.000000 190630.000000 12384.000000 0.000000 15872.000000 0.000000 192.000000 0.000000 0.000000 1097728.000000 509184.000000 187302.000000 12576.000000 0.000000 16384.000000 0.000000 192.000000 0.000000 0.000000 1143374.000000 0.000000 13344.000000 163200.000000 425552.000000 81693.000000 98729.000000 12672.000000 0.000000 16384.000000 192.000000 1097728.000000 502272.000000 152246.000000 38352.000000 12576.000000 15872.000000 512.000000 192.000000 0.000000 
75
0.000000 1097728.000000 523008.000000 191782.000000 12576.000000 0.000000 16256.000000 0.000000 192.000000 0.000000 0.000000 1097728.000000 519552.000000 186838.000000 12576.000000 0.000000 15872.000000 0.000000 192.000000 0.000000 0.000000 1097728.000000 514080.000000 190630.000000 12384.000000 0.000000 15872.000000 0.000000 192.000000 0.000000 0.000000 1097728.000000 509184.000000 187302.000000 12576.000000 0.000000 16384.000000 0.000000 192.000000 0.000000 0.000000 1143374.000000 0.000000 13344.000000 163200.000000 425552.000000 81693.000000 98729.000000 12672.000000 0.000000 16384.000000 192.000000 1097728.000000 502272.000000 152246.000000 38352.000000 12576.000000 15872.000000 512.000000 192.000000 0.000000 
76
0.000000 1097728.000000 523008.000000 191782.000000 12576.000000 0.000000 16256.000000 0.000000 192.000000 0.000000 0.000000 1097728.000000 519552.000000 186838.000000 12576.000000 0.000000 15872.000000 0.000000 192.000000 0.000000 0.000000 1097728.000000 514080.000000 190630.000000 12384.000000 0.000000 15872.000000 0.000000 192.000000 0.000000 0.000000 1097728.000000 509184.000000 187302.000000 12576.000000 0.000000 16384.000000 0.000000 192.000000 0.000000 0.000000 1143896.000000 0.000000 13056.000000 163200.000000 432384.000000 81693.000000 103897.000000 12576.000000 0.000000 16256.000000 192.000000 1099264.000000 498816.000000 152246.000000 26736.000000 12576.000000 15872.000000 384.000000 192.000000 0.000000 
77
0.000000 1097728.000000 523008.000000 191782.000000 12576.000000 0.000000 16256.000000 0.000000 192.000000 0.000000 0.000000 1097728.000000 519552.000000 186838.000000 12576.000000 0.000000 15872.000000 0.000000 192.000000 0.000000 0.000000 1097728.000000 514080.000000 190630.000000 12384.000000 0.000000 15872.000000 0.000000 192.000000 0.000000 0.000000 1097728.000000 509184.000000 187302.000000 12576.000000 0.000000 16384.000000 0.000000 192.000000 0.000000 0.000000 1143896.000000 0.000000 13056.000000 163200.000000 432384.000000 81693.000000 103897.000000 12576.000000 0.000000 16256.000000 192.000000 1099264.000000 498816.000000 152246.000000 26736.000000 12576.000000 15872.000000 384.000000 192.000000 0.000000 
78
0.000000 1097728.000000 523008.000000 191782.000000 12576.000000 0.000000 16256.000000 0.000000 192.000000 0.000000 0.000000 1097728.000000 519552.000000 186838.000000 12576.000000 0.000000 15872.000000 0.000000 192.000000 0.000000 0.000000 1097728.000000 514080.000000 190630.000000 12384.000000 0.000000 15872.000000 0.000000 192.000000 0.000000 0.000000 1097728.000000 509184.000000 187302.000000 12576.000000 0.000000 16384.000000 0.000000 192.000000 0.000000 0.000000 1143896.000000 0.000000 13056.000000 163200.000000 432384.000000 81693.000000 103897.000000 12576.000000 0.000000 16256.000000 192.000000 1099264.000000 498816.000000 152246.000000 26736.000000 12576.000000 15872.000000 384.000000 192.000000 0.000000 
79
0.000000 1097728.000000 523008.000000 191782.000000 12576.000000 0.000000 16256.000000 0.000000 192.000000 0.000000 0.000000 1097728.000000 519552.000000 186838.000000 12576.000000 0.000000 15872.000000 0.000000 192.000000 0.000000 0.000000 1097728.000000 514080.000000 190630.000000 12384.000000 0.000000 15872.000000 0.000000 192.000000 0.000000 0.000000 1097728.000000 509184.000000 187302.000000 12576.000000 0.000000 16384.000000 0.000000 192.000000 0.000000 0.000000 1143896.000000 0.000000 13056.000000 163200.000000 432384.000000 81693.000000 103897.000000 12576.000000 0.000000 16256.000000 192.000000 1099264.000000 498816.000000 152246.000000 26736.000000 12576.000000 15872.000000 384.000000 192.000000 0.000000 
