0
0.100000 0.076000 0.090000 0.076800 0.100000 0.100000 0.100000 0.100000 0.100000 0.005600 -0.000000 0.088400 0.085200 0.079600 0.100000 0.100000 0.100000 0.100000 0.095400 -0.000000 -0.000000 0.087600 0.086200 0.078600 0.100000 0.100000 0.100000 0.100000 0.096200 -0.000000 -0.000000 0.076000 0.090200 0.076800 0.100000 0.100000 0.100000 0.100000 0.100000 0.005000 -0.000000 0.089400 0.100000 0.100000 0.100000 0.093400 0.074800 0.100000 0.100000 0.100000 0.100000 0.100000 0.092400 0.088400 0.078600 0.100000 0.100000 0.100000 0.100000 0.100000 0.035600 
1
0.100000 0.075600 0.094000 0.072000 0.100000 0.100000 0.100000 0.100000 0.100000 0.006200 -0.000000 0.088600 0.084400 0.079600 0.100000 0.100000 0.100000 0.100000 0.096000 -0.000000 -0.000000 0.087000 0.085600 0.078400 0.100000 0.100000 0.100000 0.100000 0.096600 -0.000000 -0.000000 0.076200 0.094200 0.071800 0.100000 0.100000 0.100000 0.100000 0.100000 0.005400 -0.000000 0.089400 0.100000 0.100000 0.100000 0.091400 0.070000 0.100000 0.100000 0.100000 0.100000 0.100000 0.093400 0.092200 0.074000 0.100000 0.100000 0.100000 0.100000 0.100000 0.035600 
2
0.100000 0.075600 0.094000 0.072000 0.100000 0.100000 0.100000 0.100000 0.100000 0.006000 -0.000000 0.088600 0.084400 0.079600 0.100000 0.100000 0.100000 0.100000 0.095200 -0.000000 -0.000000 0.087000 0.085600 0.078600 0.100000 0.100000 0.100000 0.100000 0.097200 -0.000000 -0.000000 0.076000 0.094200 0.072000 0.100000 0.100000 0.100000 0.100000 0.100000 0.005600 -0.000000 0.089400 0.100000 0.100000 0.100000 0.089800 0.070000 0.100000 0.100000 0.100000 0.100000 0.100000 0.092000 0.092200 0.074000 0.100000 0.100000 0.100000 0.100000 0.100000 0.035200 
3
0.100000 0.075400 0.093200 0.072000 0.100000 0.100000 0.100000 0.100000 0.100000 0.005600 -0.000000 0.088200 0.083200 0.079600 0.100000 0.100000 0.100000 0.100000 0.094800 -0.000000 -0.000000 0.087000 0.084600 0.078600 0.100000 0.100000 0.100000 0.100000 0.095600 -0.000000 -0.000000 0.075800 0.093200 0.072000 0.100000 0.100000 0.100000 0.100000 0.100000 0.006000 -0.000000 0.089400 0.100000 0.100000 0.100000 0.092200 0.070000 0.100000 0.100000 0.100000 0.100000 0.100000 0.092800 0.091400 0.074000 0.100000 0.100000 0.100000 0.100000 0.100000 0.035200 
4
0.100000 0.077600 0.088200 0.076600 0.100000 0.100000 0.100000 0.100000 0.100000 0.006000 -0.000000 0.088000 0.085800 0.079000 0.100000 0.100000 0.100000 0.100000 0.096000 -0.000000 -0.000000 0.088400 0.085400 0.079400 0.100000 0.100000 0.100000 0.100000 0.095400 -0.000000 -0.000000 0.076800 0.088200 0.078600 0.100000 0.100000 0.100000 0.100000 0.100000 0.005200 -0.000000 0.087800 0.100000 0.100000 0.100000 0.093200 0.074800 0.100000 0.100000 0.100000 0.100000 0.100000 0.094400 0.086200 0.078600 0.100000 0.100000 0.100000 0.100000 0.100000 0.036200 
5
0.100000 0.077200 0.092000 0.072000 0.100000 0.100000 0.100000 0.100000 0.100000 0.006600 -0.000000 0.088000 0.085000 0.079000 0.100000 0.100000 0.100000 0.100000 0.096200 -0.000000 -0.000000 0.088200 0.084800 0.079200 0.100000 0.100000 0.100000 0.100000 0.095800 -0.000000 -0.000000 0.076400 0.092200 0.074000 0.100000 0.100000 0.100000 0.100000 0.100000 0.005600 -0.000000 0.087800 0.100000 0.100000 0.100000 0.094400 0.070000 0.100000 0.100000 0.100000 0.100000 0.100000 0.094800 0.090200 0.073800 0.100000 0.100000 0.100000 0.100000 0.100000 0.035800 
6
0.100000 0.077200 0.092000 0.072000 0.100000 0.100000 0.100000 0.100000 0.100000 0.006400 -0.000000 0.087600 0.085200 0.079000 0.100000 0.100000 0.100000 0.100000 0.095600 -0.000000 -0.000000 0.087800 0.084800 0.079200 0.100000 0.100000 0.100000 0.100000 0.095400 -0.000000 -0.000000 0.076200 0.092200 0.074000 0.100000 0.100000 0.100000 0.100000 0.100000 0.005200 -0.000000 0.087800 0.100000 0.100000 0.100000 0.093000 0.070000 0.100000 0.100000 0.100000 0.100000 0.100000 0.093600 0.090400 0.074000 0.100000 0.100000 0.100000 0.100000 0.100000 0.036000 
7
0.100000 0.077200 0.091200 0.072000 0.100000 0.100000 0.100000 0.100000 0.100000 0.006000 -0.000000 0.087200 0.084200 0.079000 0.100000 0.100000 0.100000 0.100000 0.095600 -0.000000 -0.000000 0.087400 0.084000 0.079200 0.100000 0.100000 0.100000 0.100000 0.096200 -0.000000 -0.000000 0.076200 0.091200 0.074000 0.100000 0.100000 0.100000 0.100000 0.100000 0.004600 -0.000000 0.087800 0.100000 0.100000 0.100000 0.093200 0.070000 0.100000 0.100000 0.100000 0.100000 0.100000 0.094200 0.089200 0.074000 0.100000 0.100000 0.100000 0.100000 0.100000 0.035600 
8
0.100000 0.077600 0.088200 0.076600 0.100000 0.100000 0.100000 0.100000 0.100000 0.006000 -0.000000 0.088000 0.085800 0.079000 0.100000 0.100000 0.100000 0.100000 0.096000 -0.000000 -0.000000 0.088400 0.085400 0.079400 0.100000 0.100000 0.100000 0.100000 0.095400 -0.000000 -0.000000 0.076800 0.088200 0.078600 0.100000 0.100000 0.100000 0.100000 0.100000 0.005200 -0.000000 0.087800 0.100000 0.100000 0.100000 0.093200 0.074600 0.100000 0.100000 0.100000 0.100000 0.100000 0.094400 0.086200 0.078800 0.100000 0.100000 0.100000 0.100000 0.100000 0.035200 
9
0.100000 0.077200 0.092000 0.072000 0.100000 0.100000 0.100000 0.100000 0.100000 0.006600 -0.000000 0.088000 0.085000 0.079000 0.100000 0.100000 0.100000 0.100000 0.096200 -0.000000 -0.000000 0.088200 0.084800 0.079200 0.100000 0.100000 0.100000 0.100000 0.095800 -0.000000 -0.000000 0.076400 0.092200 0.074000 0.100000 0.100000 0.100000 0.100000 0.100000 0.005600 -0.000000 0.087800 0.100000 0.100000 0.100000 0.092600 0.070000 0.100000 0.100000 0.100000 0.100000 0.100000 0.095400 0.090200 0.074000 0.100000 0.100000 0.100000 0.100000 0.100000 0.035600 
10
0.100000 0.077200 0.092000 0.072000 0.100000 0.100000 0.100000 0.100000 0.100000 0.006400 -0.000000 0.087600 0.085200 0.079000 0.100000 0.100000 0.100000 0.100000 0.095600 -0.000000 -0.000000 0.087800 0.084800 0.079200 0.100000 0.100000 0.100000 0.100000 0.095400 -0.000000 -0.000000 0.076200 0.092200 0.074000 0.100000 0.100000 0.100000 0.100000 0.100000 0.005200 -0.000000 0.087800 0.100000 0.100000 0.100000 0.093800 0.070000 0.100000 0.100000 0.100000 0.100000 0.100000 0.094000 0.090400 0.074000 0.100000 0.100000 0.100000 0.100000 0.100000 0.036000 
11
0.100000 0.077200 0.091200 0.072000 0.100000 0.100000 0.100000 0.100000 0.100000 0.006000 -0.000000 0.087200 0.084200 0.079000 0.100000 0.100000 0.100000 0.100000 0.095600 -0.000000 -0.000000 0.087400 0.084000 0.079200 0.100000 0.100000 0.100000 0.100000 0.096200 -0.000000 -0.000000 0.076200 0.091200 0.074000 0.100000 0.100000 0.100000 0.100000 0.100000 0.004600 -0.000000 0.087800 0.100000 0.100000 0.100000 0.093200 0.070000 0.100000 0.100000 0.100000 0.100000 0.100000 0.093600 0.089400 0.074000 0.100000 0.100000 0.100000 0.100000 0.100000 0.036000 
12
0.100000 0.077600 0.088200 0.076600 0.100000 0.100000 0.100000 0.100000 0.100000 0.006000 -0.000000 0.088000 0.085800 0.079000 0.100000 0.100000 0.100000 0.100000 0.096000 -0.000000 -0.000000 0.088400 0.085400 0.079400 0.100000 0.100000 0.100000 0.100000 0.095400 -0.000000 -0.000000 0.076800 0.088200 0.078600 0.100000 0.100000 0.100000 0.100000 0.100000 0.005200 -0.000000 0.087800 0.100000 0.100000 0.100000 0.093200 0.074800 0.100000 0.100000 0.100000 0.100000 0.100000 0.094400 0.086200 0.078600 0.100000 0.100000 0.100000 0.100000 0.100000 0.036200 
13
0.100000 0.077200 0.092000 0.072000 0.100000 0.100000 0.100000 0.100000 0.100000 0.006600 -0.000000 0.088000 0.085000 0.079000 0.100000 0.100000 0.100000 0.100000 0.096200 -0.000000 -0.000000 0.088200 0.084800 0.079200 0.100000 0.100000 0.100000 0.100000 0.095800 -0.000000 -0.000000 0.076400 0.092200 0.074000 0.100000 0.100000 0.100000 0.100000 0.100000 0.005600 -0.000000 0.087800 0.100000 0.100000 0.100000 0.094400 0.070000 0.100000 0.100000 0.100000 0.100000 0.100000 0.094800 0.090200 0.073800 0.100000 0.100000 0.100000 0.100000 0.100000 0.035800 
14
0.100000 0.077200 0.092000 0.072000 0.100000 0.100000 0.100000 0.100000 0.100000 0.006400 -0.000000 0.087600 0.085200 0.079000 0.100000 0.100000 0.100000 0.100000 0.095600 -0.000000 -0.000000 0.087800 0.084800 0.079200 0.100000 0.100000 0.100000 0.100000 0.095400 -0.000000 -0.000000 0.076200 0.092200 0.074000 0.100000 0.100000 0.100000 0.100000 0.100000 0.005200 -0.000000 0.087800 0.100000 0.100000 0.100000 0.093000 0.070000 0.100000 0.100000 0.100000 0.100000 0.100000 0.093600 0.090400 0.074000 0.100000 0.100000 0.100000 0.100000 0.100000 0.036000 
15
0.100000 0.077200 0.091200 0.072000 0.100000 0.100000 0.100000 0.100000 0.100000 0.006000 -0.000000 0.087200 0.084200 0.079000 0.100000 0.100000 0.100000 0.100000 0.095600 -0.000000 -0.000000 0.087400 0.084000 0.079200 0.100000 0.100000 0.100000 0.100000 0.096200 -0.000000 -0.000000 0.076200 0.091200 0.074000 0.100000 0.100000 0.100000 0.100000 0.100000 0.004600 -0.000000 0.087800 0.100000 0.100000 0.100000 0.093200 0.070000 0.100000 0.100000 0.100000 0.100000 0.100000 0.094200 0.089200 0.074000 0.100000 0.100000 0.100000 0.100000 0.100000 0.035600 
16
0.100000 0.077600 0.088200 0.076600 0.100000 0.100000 0.100000 0.100000 0.098600 0.002200 -0.000000 0.088400 0.085400 0.079400 0.100000 0.100000 0.100000 0.100000 0.091600 -0.000000 -0.000000 0.087400 0.086400 0.078400 0.100000 0.100000 0.100000 0.100000 0.092000 -0.000000 -0.000000 0.076400 0.090000 0.076800 0.100000 0.100000 0.100000 0.100000 0.099600 0.001800 -0.000000 0.089600 0.100000 0.100000 0.100000 0.093000 0.074600 0.100000 0.100000 0.100000 0.100000 0.100000 0.088800 0.086200 0.078800 0.100000 0.100000 0.100000 0.100000 0.100000 0.031600 
17
0.100000 0.077200 0.092000 0.072000 0.100000 0.100000 0.100000 0.100000 0.100000 0.002200 -0.000000 0.088400 0.084600 0.079400 0.100000 0.100000 0.100000 0.100000 0.091400 -0.000000 -0.000000 0.087000 0.085600 0.078400 0.100000 0.100000 0.100000 0.100000 0.091800 -0.000000 -0.000000 0.076200 0.094000 0.072000 0.100000 0.100000 0.100000 0.100000 0.099600 0.001800 -0.000000 0.089600 0.100000 0.100000 0.100000 0.090200 0.070000 0.100000 0.100000 0.100000 0.100000 0.100000 0.088600 0.090200 0.074000 0.100000 0.100000 0.100000 0.100000 0.100000 0.032200 
18
0.100000 0.077200 0.092000 0.072000 0.100000 0.100000 0.100000 0.100000 0.100000 0.002200 -0.000000 0.088000 0.084600 0.079400 0.100000 0.100000 0.100000 0.100000 0.090600 -0.000000 -0.000000 0.087000 0.085800 0.078400 0.100000 0.100000 0.100000 0.100000 0.092600 -0.000000 -0.000000 0.075800 0.094000 0.072000 0.100000 0.100000 0.100000 0.100000 0.098600 0.001800 -0.000000 0.089600 0.100000 0.100000 0.100000 0.093800 0.070000 0.100000 0.100000 0.100000 0.100000 0.100000 0.088600 0.090400 0.074000 0.100000 0.100000 0.100000 0.100000 0.100000 0.032600 
19
0.100000 0.077200 0.091200 0.072000 0.100000 0.100000 0.100000 0.100000 0.100000 0.002200 -0.000000 0.087600 0.083800 0.079400 0.100000 0.100000 0.100000 0.100000 0.091000 -0.000000 -0.000000 0.086800 0.085000 0.078400 0.100000 0.100000 0.100000 0.100000 0.092200 -0.000000 -0.000000 0.075400 0.093400 0.072000 0.100000 0.100000 0.100000 0.100000 0.100000 0.001400 -0.000000 0.089600 0.100000 0.100000 0.100000 0.092600 0.070000 0.100000 0.100000 0.100000 0.100000 0.100000 0.087600 0.089400 0.074000 0.100000 0.100000 0.100000 0.100000 0.100000 0.032600 
20
0.100000 0.077600 0.088200 0.076600 0.100000 0.100000 0.100000 0.100000 0.098600 0.002200 -0.000000 0.088400 0.085400 0.079400 0.100000 0.100000 0.100000 0.100000 0.091600 -0.000000 -0.000000 0.087400 0.086400 0.078400 0.100000 0.100000 0.100000 0.100000 0.092000 -0.000000 -0.000000 0.076400 0.090000 0.076800 0.100000 0.100000 0.100000 0.100000 0.099600 0.001800 -0.000000 0.089600 0.100000 0.100000 0.100000 0.091600 0.074800 0.100000 0.100000 0.100000 0.100000 0.100000 0.089000 0.088200 0.078800 0.100000 0.100000 0.100000 0.100000 0.100000 0.031400 
21
0.100000 0.077200 0.092000 0.072000 0.100000 0.100000 0.100000 0.100000 0.100000 0.002200 -0.000000 0.088400 0.084600 0.079400 0.100000 0.100000 0.100000 0.100000 0.091400 -0.000000 -0.000000 0.087000 0.085600 0.078400 0.100000 0.100000 0.100000 0.100000 0.091800 -0.000000 -0.000000 0.076200 0.094000 0.072000 0.100000 0.100000 0.100000 0.100000 0.099600 0.001800 -0.000000 0.089600 0.100000 0.100000 0.100000 0.091800 0.070000 0.100000 0.100000 0.100000 0.100000 0.100000 0.088400 0.092200 0.074000 0.100000 0.100000 0.100000 0.100000 0.100000 0.031000 
22
0.100000 0.077200 0.092000 0.072000 0.100000 0.100000 0.100000 0.100000 0.100000 0.002200 -0.000000 0.088000 0.084600 0.079400 0.100000 0.100000 0.100000 0.100000 0.090600 -0.000000 -0.000000 0.087000 0.085800 0.078400 0.100000 0.100000 0.100000 0.100000 0.092600 -0.000000 -0.000000 0.075800 0.094000 0.072000 0.100000 0.100000 0.100000 0.100000 0.098600 0.001800 -0.000000 0.089600 0.100000 0.100000 0.100000 0.090400 0.070000 0.100000 0.100000 0.100000 0.100000 0.100000 0.088600 0.092200 0.074000 0.100000 0.100000 0.100000 0.100000 0.100000 0.031200 
23
0.100000 0.077200 0.091200 0.072000 0.100000 0.100000 0.100000 0.100000 0.100000 0.002200 -0.000000 0.087600 0.083800 0.079400 0.100000 0.100000 0.100000 0.100000 0.091000 -0.000000 -0.000000 0.086800 0.085000 0.078400 0.100000 0.100000 0.100000 0.100000 0.092200 -0.000000 -0.000000 0.075400 0.093400 0.072000 0.100000 0.100000 0.100000 0.100000 0.100000 0.001400 -0.000000 0.089600 0.100000 0.100000 0.100000 0.092400 0.070000 0.100000 0.100000 0.100000 0.100000 0.100000 0.087200 0.091400 0.074000 0.100000 0.100000 0.100000 0.100000 0.100000 0.030800 
24
0.100000 0.077600 0.088200 0.076600 0.100000 0.100000 0.100000 0.100000 0.098600 0.002200 -0.000000 0.088400 0.085400 0.079400 0.100000 0.100000 0.100000 0.100000 0.091600 -0.000000 -0.000000 0.087400 0.086400 0.078400 0.100000 0.100000 0.100000 0.100000 0.092000 -0.000000 -0.000000 0.076400 0.090000 0.076800 0.100000 0.100000 0.100000 0.100000 0.099600 0.001800 -0.000000 0.089600 0.100000 0.100000 0.100000 0.093000 0.074600 0.100000 0.100000 0.100000 0.100000 0.100000 0.088800 0.086200 0.078800 0.100000 0.100000 0.100000 0.100000 0.100000 0.031600 
25
0.100000 0.077200 0.092000 0.072000 0.100000 0.100000 0.100000 0.100000 0.100000 0.002200 -0.000000 0.088400 0.084600 0.079400 0.100000 0.100000 0.100000 0.100000 0.091400 -0.000000 -0.000000 0.087000 0.085600 0.078400 0.100000 0.100000 0.100000 0.100000 0.091800 -0.000000 -0.000000 0.076200 0.094000 0.072000 0.100000 0.100000 0.100000 0.100000 0.099600 0.001800 -0.000000 0.089600 0.100000 0.100000 0.100000 0.090200 0.070000 0.100000 0.100000 0.100000 0.100000 0.100000 0.088600 0.090200 0.074000 0.100000 0.100000 0.100000 0.100000 0.100000 0.032200 
26
0.100000 0.077200 0.092000 0.072000 0.100000 0.100000 0.100000 0.100000 0.100000 0.002200 -0.000000 0.088000 0.084600 0.079400 0.100000 0.100000 0.100000 0.100000 0.090600 -0.000000 -0.000000 0.087000 0.085800 0.078400 0.100000 0.100000 0.100000 0.100000 0.092600 -0.000000 -0.000000 0.075800 0.094000 0.072000 0.100000 0.100000 0.100000 0.100000 0.098600 0.001800 -0.000000 0.089600 0.100000 0.100000 0.100000 0.093800 0.070000 0.100000 0.100000 0.100000 0.100000 0.100000 0.088600 0.090400 0.074000 0.100000 0.100000 0.100000 0.100000 0.100000 0.032600 
27
0.100000 0.077200 0.091200 0.072000 0.100000 0.100000 0.100000 0.100000 0.100000 0.002200 -0.000000 0.087600 0.083800 0.079400 0.100000 0.100000 0.100000 0.100000 0.091000 -0.000000 -0.000000 0.086800 0.085000 0.078400 0.100000 0.100000 0.100000 0.100000 0.092200 -0.000000 -0.000000 0.075400 0.093400 0.072000 0.100000 0.100000 0.100000 0.100000 0.100000 0.001400 -0.000000 0.089600 0.100000 0.100000 0.100000 0.092600 0.070000 0.100000 0.100000 0.100000 0.100000 0.100000 0.087600 0.089400 0.074000 0.100000 0.100000 0.100000 0.100000 0.100000 0.032600 
28
0.100000 0.077600 0.088200 0.076600 0.100000 0.100000 0.100000 0.100000 0.098600 0.002200 -0.000000 0.088400 0.085400 0.079400 0.100000 0.100000 0.100000 0.100000 0.091600 -0.000000 -0.000000 0.087400 0.086400 0.078400 0.100000 0.100000 0.100000 0.100000 0.092000 -0.000000 -0.000000 0.076400 0.090000 0.076800 0.100000 0.100000 0.100000 0.100000 0.099600 0.001800 -0.000000 0.089600 0.100000 0.100000 0.100000 0.091600 0.074800 0.100000 0.100000 0.100000 0.100000 0.100000 0.089000 0.088200 0.078800 0.100000 0.100000 0.100000 0.100000 0.100000 0.031400 
29
0.100000 0.077200 0.092000 0.072000 0.100000 0.100000 0.100000 0.100000 0.100000 0.002200 -0.000000 0.088400 0.084600 0.079400 0.100000 0.100000 0.100000 0.100000 0.091400 -0.000000 -0.000000 0.087000 0.085600 0.078400 0.100000 0.100000 0.100000 0.100000 0.091800 -0.000000 -0.000000 0.076200 0.094000 0.072000 0.100000 0.100000 0.100000 0.100000 0.099600 0.001800 -0.000000 0.089600 0.100000 0.100000 0.100000 0.091800 0.070000 0.100000 0.100000 0.100000 0.100000 0.100000 0.088400 0.092200 0.074000 0.100000 0.100000 0.100000 0.100000 0.100000 0.031000 
30
0.100000 0.077200 0.092000 0.072000 0.100000 0.100000 0.100000 0.100000 0.100000 0.002200 -0.000000 0.088000 0.084600 0.079400 0.100000 0.100000 0.100000 0.100000 0.090600 -0.000000 -0.000000 0.087000 0.085800 0.078400 0.100000 0.100000 0.100000 0.100000 0.092600 -0.000000 -0.000000 0.075800 0.094000 0.072000 0.100000 0.100000 0.100000 0.100000 0.098600 0.001800 -0.000000 0.089600 0.100000 0.100000 0.100000 0.090400 0.070000 0.100000 0.100000 0.100000 0.100000 0.100000 0.088600 0.092200 0.074000 0.100000 0.100000 0.100000 0.100000 0.100000 0.031200 
31
0.100000 0.077200 0.091200 0.072000 0.100000 0.100000 0.100000 0.100000 0.100000 0.002200 -0.000000 0.087600 0.083800 0.079400 0.100000 0.100000 0.100000 0.100000 0.091000 -0.000000 -0.000000 0.086800 0.085000 0.078400 0.100000 0.100000 0.100000 0.100000 0.092200 -0.000000 -0.000000 0.075400 0.093400 0.072000 0.100000 0.100000 0.100000 0.100000 0.100000 0.001400 -0.000000 0.089600 0.100000 0.100000 0.100000 0.092400 0.070000 0.100000 0.100000 0.100000 0.100000 0.100000 0.087200 0.091400 0.074000 0.100000 0.100000 0.100000 0.100000 0.100000 0.030800 
32
0.100000 0.077600 0.087000 0.073000 0.100000 0.100000 0.100000 0.100000 0.100000 0.002400 -0.000000 0.086800 0.082400 0.079800 0.100000 0.100000 0.100000 0.100000 0.091200 -0.000000 -0.000000 0.089000 0.080400 0.079800 0.100000 0.100000 0.100000 0.100000 0.091200 -0.000000 -0.000000 0.077000 0.089200 0.073200 0.100000 0.100000 0.100000 0.100000 0.099800 0.002000 -0.000000 0.089400 0.100000 0.100000 0.100000 0.092600 0.069000 0.100000 0.100000 0.100000 0.100000 0.100000 0.090200 0.087200 0.073200 0.100000 0.100000 0.100000 0.100000 0.100000 0.033400 
33
0.100000 0.077400 0.091000 0.073200 0.100000 0.100000 0.100000 0.100000 0.100000 0.002000 -0.000000 0.087200 0.086200 0.080000 0.100000 0.100000 0.100000 0.100000 0.090000 -0.000000 -0.000000 0.088800 0.084400 0.079800 0.100000 0.100000 0.100000 0.100000 0.090000 -0.000000 -0.000000 0.077000 0.093200 0.073200 0.100000 0.100000 0.100000 0.100000 0.100000 0.002000 -0.000000 0.089200 0.100000 0.100000 0.100000 0.093400 0.069200 0.100000 0.100000 0.100000 0.100000 0.100000 0.090000 0.091400 0.073000 0.100000 0.100000 0.100000 0.100000 0.100000 0.032600 
34
0.100000 0.077400 0.091000 0.073200 0.100000 0.100000 0.100000 0.100000 0.100000 0.002200 -0.000000 0.086800 0.086000 0.079800 0.100000 0.100000 0.100000 0.100000 0.090400 -0.000000 -0.000000 0.088600 0.084000 0.079800 0.100000 0.100000 0.100000 0.100000 0.091200 -0.000000 -0.000000 0.076600 0.092800 0.073200 0.100000 0.100000 0.100000 0.100000 0.098400 0.001600 -0.000000 0.089400 0.100000 0.100000 0.100000 0.092000 0.069200 0.100000 0.100000 0.100000 0.100000 0.100000 0.089200 0.091000 0.073000 0.100000 0.100000 0.100000 0.100000 0.100000 0.032400 
35
0.100000 0.077200 0.090000 0.073000 0.100000 0.100000 0.100000 0.100000 0.100000 0.002000 -0.000000 0.086600 0.085000 0.080000 0.100000 0.100000 0.100000 0.100000 0.092000 -0.000000 -0.000000 0.088600 0.083000 0.079800 0.100000 0.100000 0.100000 0.100000 0.091600 -0.000000 -0.000000 0.076200 0.092000 0.073000 0.100000 0.100000 0.100000 0.100000 0.098200 0.001600 -0.000000 0.089400 0.100000 0.100000 0.100000 0.093200 0.069200 0.100000 0.100000 0.100000 0.100000 0.100000 0.088400 0.090000 0.073000 0.100000 0.100000 0.100000 0.100000 0.100000 0.032600 
36
0.100000 0.077600 0.087000 0.074000 0.100000 0.100000 0.100000 0.100000 0.100000 0.001800 -0.000000 0.088400 0.080800 0.078400 0.100000 0.100000 0.100000 0.100000 0.092200 -0.000000 -0.000000 0.087200 0.082200 0.079000 0.100000 0.100000 0.100000 0.100000 0.092400 -0.000000 -0.000000 0.078000 0.087200 0.074000 0.100000 0.100000 0.100000 0.100000 0.098600 0.001800 -0.000000 0.089400 0.100000 0.100000 0.100000 0.093400 0.070000 0.100000 0.100000 0.100000 0.100000 0.100000 0.090600 0.087400 0.074000 0.100000 0.100000 0.100000 0.100000 0.100000 0.032600 
37
0.100000 0.077400 0.091000 0.074000 0.100000 0.100000 0.100000 0.100000 0.099200 0.001800 -0.000000 0.088600 0.084400 0.078400 0.100000 0.100000 0.100000 0.100000 0.093200 -0.000000 -0.000000 0.087400 0.086200 0.079000 0.100000 0.100000 0.100000 0.100000 0.093000 -0.000000 -0.000000 0.078000 0.091200 0.074000 0.100000 0.100000 0.100000 0.100000 0.100000 0.002000 -0.000000 0.089200 0.100000 0.100000 0.100000 0.090600 0.070000 0.100000 0.100000 0.100000 0.100000 0.100000 0.090600 0.091400 0.074000 0.100000 0.100000 0.100000 0.100000 0.100000 0.032000 
38
0.100000 0.077400 0.091000 0.074000 0.100000 0.100000 0.100000 0.100000 0.099000 0.001600 -0.000000 0.088400 0.084600 0.078400 0.100000 0.100000 0.100000 0.100000 0.092200 -0.000000 -0.000000 0.087000 0.085800 0.079000 0.100000 0.100000 0.100000 0.100000 0.091200 -0.000000 -0.000000 0.077800 0.090800 0.074000 0.100000 0.100000 0.100000 0.100000 0.099800 0.001400 -0.000000 0.089200 0.100000 0.100000 0.100000 0.093800 0.070000 0.100000 0.100000 0.100000 0.100000 0.100000 0.090600 0.091000 0.074000 0.100000 0.100000 0.100000 0.100000 0.100000 0.030800 
39
0.100000 0.077200 0.090000 0.074000 0.100000 0.100000 0.100000 0.100000 0.100000 0.001600 -0.000000 0.088200 0.083600 0.078200 0.100000 0.100000 0.100000 0.100000 0.092000 -0.000000 -0.000000 0.086600 0.084800 0.079000 0.100000 0.100000 0.100000 0.100000 0.090400 -0.000000 -0.000000 0.077200 0.090000 0.074000 0.100000 0.100000 0.100000 0.100000 0.098600 0.001400 -0.000000 0.089200 0.100000 0.100000 0.100000 0.091000 0.070000 0.100000 0.100000 0.100000 0.100000 0.100000 0.086800 0.090000 0.074000 0.100000 0.100000 0.100000 0.100000 0.100000 0.029600 
40
0.100000 0.077600 0.087000 0.074000 0.100000 0.100000 0.100000 0.100000 0.100000 0.001800 -0.000000 0.088400 0.080800 0.078400 0.100000 0.100000 0.100000 0.100000 0.092200 -0.000000 -0.000000 0.087200 0.082200 0.079000 0.100000 0.100000 0.100000 0.100000 0.092400 -0.000000 -0.000000 0.078000 0.087200 0.074000 0.100000 0.100000 0.100000 0.100000 0.098600 0.001800 -0.000000 0.089400 0.100000 0.100000 0.100000 0.093400 0.070000 0.100000 0.100000 0.100000 0.100000 0.100000 0.090800 0.087400 0.074000 0.100000 0.100000 0.100000 0.100000 0.100000 0.031600 
41
0.100000 0.077400 0.091000 0.074000 0.100000 0.100000 0.100000 0.100000 0.099200 0.001800 -0.000000 0.088600 0.084400 0.078400 0.100000 0.100000 0.100000 0.100000 0.093200 -0.000000 -0.000000 0.087400 0.086200 0.079000 0.100000 0.100000 0.100000 0.100000 0.093000 -0.000000 -0.000000 0.078000 0.091200 0.074000 0.100000 0.100000 0.100000 0.100000 0.100000 0.002000 -0.000000 0.089200 0.100000 0.100000 0.100000 0.093200 0.070000 0.100000 0.100000 0.100000 0.100000 0.100000 0.091000 0.091000 0.074000 0.100000 0.100000 0.100000 0.100000 0.100000 0.032400 
42
0.100000 0.077400 0.091000 0.074000 0.100000 0.100000 0.100000 0.100000 0.099000 0.001600 -0.000000 0.088400 0.084600 0.078400 0.100000 0.100000 0.100000 0.100000 0.092200 -0.000000 -0.000000 0.087000 0.085800 0.079000 0.100000 0.100000 0.100000 0.100000 0.091200 -0.000000 -0.000000 0.077800 0.090800 0.074000 0.100000 0.100000 0.100000 0.100000 0.099800 0.001400 -0.000000 0.089200 0.100000 0.100000 0.100000 0.092600 0.070000 0.100000 0.100000 0.100000 0.100000 0.100000 0.089600 0.091200 0.074000 0.100000 0.100000 0.100000 0.100000 0.100000 0.030000 
43
0.100000 0.077200 0.090000 0.074000 0.100000 0.100000 0.100000 0.100000 0.100000 0.001600 -0.000000 0.088200 0.083600 0.078200 0.100000 0.100000 0.100000 0.100000 0.092000 -0.000000 -0.000000 0.086600 0.084800 0.079000 0.100000 0.100000 0.100000 0.100000 0.090400 -0.000000 -0.000000 0.077200 0.090000 0.074000 0.100000 0.100000 0.100000 0.100000 0.098600 0.001400 -0.000000 0.089200 0.100000 0.100000 0.100000 0.091000 0.070000 0.100000 0.100000 0.100000 0.100000 0.100000 0.087800 0.090000 0.074000 0.100000 0.100000 0.100000 0.100000 0.100000 0.030200 
44
0.100000 0.077600 0.087000 0.074000 0.100000 0.100000 0.100000 0.100000 0.100000 0.001800 -0.000000 0.088400 0.080800 0.078400 0.100000 0.100000 0.100000 0.100000 0.092200 -0.000000 -0.000000 0.087200 0.082200 0.079000 0.100000 0.100000 0.100000 0.100000 0.092400 -0.000000 -0.000000 0.078000 0.087200 0.074000 0.100000 0.100000 0.100000 0.100000 0.098600 0.001800 -0.000000 0.089400 0.100000 0.100000 0.100000 0.093400 0.070000 0.100000 0.100000 0.100000 0.100000 0.100000 0.090600 0.087400 0.074000 0.100000 0.100000 0.100000 0.100000 0.100000 0.032600 
45
0.100000 0.077400 0.091000 0.074000 0.100000 0.100000 0.100000 0.100000 0.099200 0.001800 -0.000000 0.088600 0.084400 0.078400 0.100000 0.100000 0.100000 0.100000 0.093200 -0.000000 -0.000000 0.087400 0.086200 0.079000 0.100000 0.100000 0.100000 0.100000 0.093000 -0.000000 -0.000000 0.078000 0.091200 0.074000 0.100000 0.100000 0.100000 0.100000 0.100000 0.002000 -0.000000 0.089200 0.100000 0.100000 0.100000 0.090600 0.070000 0.100000 0.100000 0.100000 0.100000 0.100000 0.090600 0.091400 0.074000 0.100000 0.100000 0.100000 0.100000 0.100000 0.032000 
46
0.100000 0.077400 0.091000 0.074000 0.100000 0.100000 0.100000 0.100000 0.099000 0.001600 -0.000000 0.088400 0.084600 0.078400 0.100000 0.100000 0.100000 0.100000 0.092200 -0.000000 -0.000000 0.087000 0.085800 0.079000 0.100000 0.100000 0.100000 0.100000 0.091200 -0.000000 -0.000000 0.077800 0.090800 0.074000 0.100000 0.100000 0.100000 0.100000 0.099800 0.001400 -0.000000 0.089200 0.100000 0.100000 0.100000 0.093800 0.070000 0.100000 0.100000 0.100000 0.100000 0.100000 0.090600 0.091000 0.074000 0.100000 0.100000 0.100000 0.100000 0.100000 0.030800 
47
0.100000 0.077200 0.090000 0.074000 0.100000 0.100000 0.100000 0.100000 0.100000 0.001600 -0.000000 0.088200 0.083600 0.078200 0.100000 0.100000 0.100000 0.100000 0.092000 -0.000000 -0.000000 0.086600 0.084800 0.079000 0.100000 0.100000 0.100000 0.100000 0.090400 -0.000000 -0.000000 0.077200 0.090000 0.074000 0.100000 0.100000 0.100000 0.100000 0.098600 0.001400 -0.000000 0.089200 0.100000 0.100000 0.100000 0.091000 0.070000 0.100000 0.100000 0.100000 0.100000 0.100000 0.086800 0.090000 0.074000 0.100000 0.100000 0.100000 0.100000 0.100000 0.029600 
48
0.100000 0.077600 0.087000 0.074000 0.100000 0.100000 0.100000 0.100000 0.099200 0.001800 -0.000000 0.087600 0.082000 0.079200 0.100000 0.100000 0.100000 0.100000 0.092400 -0.000000 -0.000000 0.089000 0.080400 0.078800 0.100000 0.100000 0.100000 0.100000 0.092200 -0.000000 -0.000000 0.076400 0.089200 0.072000 0.100000 0.100000 0.100000 0.100000 0.100000 0.002200 -0.000000 0.088400 0.100000 0.100000 0.100000 0.094000 0.070000 0.100000 0.100000 0.100000 0.100000 0.100000 0.089400 0.087400 0.074000 0.100000 0.100000 0.100000 0.100000 0.100000 0.032600 
49
0.100000 0.077400 0.091000 0.074000 0.100000 0.100000 0.100000 0.100000 0.099800 0.002000 -0.000000 0.087600 0.085800 0.079200 0.100000 0.100000 0.100000 0.100000 0.090800 -0.000000 -0.000000 0.089000 0.084400 0.078800 0.100000 0.100000 0.100000 0.100000 0.092800 -0.000000 -0.000000 0.076800 0.093000 0.072000 0.100000 0.100000 0.100000 0.100000 0.100000 0.002200 -0.000000 0.088400 0.100000 0.100000 0.100000 0.093600 0.070000 0.100000 0.100000 0.100000 0.100000 0.100000 0.087200 0.091000 0.074000 0.100000 0.100000 0.100000 0.100000 0.100000 0.031200 
50
0.100000 0.077400 0.091000 0.074000 0.100000 0.100000 0.100000 0.100000 0.100000 0.001800 -0.000000 0.087200 0.085600 0.079000 0.100000 0.100000 0.100000 0.100000 0.091400 -0.000000 -0.000000 0.088800 0.084000 0.078600 0.100000 0.100000 0.100000 0.100000 0.091400 -0.000000 -0.000000 0.076400 0.092800 0.072000 0.100000 0.100000 0.100000 0.100000 0.100000 0.003000 -0.000000 0.088400 0.100000 0.100000 0.100000 0.093200 0.070000 0.100000 0.099800 0.100000 0.100000 0.100000 0.089600 0.091400 0.073800 0.100000 0.100000 0.100000 0.100000 0.100000 0.029600 
51
0.100000 0.077200 0.090000 0.074000 0.100000 0.100000 0.100000 0.100000 0.098600 0.001800 -0.000000 0.086800 0.084600 0.079200 0.100000 0.100000 0.100000 0.100000 0.091800 -0.000000 -0.000000 0.088200 0.083200 0.078600 0.100000 0.100000 0.100000 0.100000 0.091600 -0.000000 -0.000000 0.076200 0.092000 0.072000 0.100000 0.100000 0.100000 0.100000 0.100000 0.002200 -0.000000 0.088400 0.100000 0.100000 0.100000 0.096000 0.070000 0.100000 0.100000 0.100000 0.100000 0.100000 0.089400 0.090000 0.074000 0.100000 0.100000 0.100000 0.100000 0.100000 0.030200 
52
0.100000 0.076000 0.089200 0.074000 0.100000 0.100000 0.100000 0.100000 0.099000 0.001800 -0.000000 0.087800 0.081400 0.079800 0.100000 0.100000 0.100000 0.100000 0.090400 -0.000000 -0.000000 0.087800 0.081400 0.079600 0.100000 0.100000 0.100000 0.100000 0.090800 -0.000000 -0.000000 0.076000 0.089200 0.072000 0.100000 0.100000 0.100000 0.100000 0.100000 0.003200 -0.000000 0.088000 0.100000 0.100000 0.100000 0.095200 0.070000 0.100000 0.100000 0.100000 0.100000 0.100000 0.091400 0.087400 0.072000 0.100000 0.100000 0.100000 0.100000 0.100000 0.033000 
53
0.100000 0.075800 0.093000 0.073800 0.100000 0.100000 0.100000 0.100000 0.099600 0.002000 -0.000000 0.087800 0.085200 0.079600 0.100000 0.100000 0.100000 0.100000 0.091800 -0.000000 -0.000000 0.088000 0.085000 0.079800 0.100000 0.100000 0.100000 0.100000 0.090600 -0.000000 -0.000000 0.076000 0.093000 0.072000 0.100000 0.100000 0.100000 0.100000 0.099600 0.001800 -0.000000 0.088000 0.100000 0.100000 0.100000 0.092000 0.069800 0.100000 0.100000 0.100000 0.100000 0.100000 0.089400 0.091000 0.072000 0.100000 0.100000 0.100000 0.100000 0.100000 0.032400 
54
0.100000 0.075600 0.092600 0.074000 0.100000 0.100000 0.100000 0.100000 0.099800 0.001800 -0.000000 0.087600 0.085200 0.079600 0.100000 0.100000 0.100000 0.100000 0.091600 -0.000000 -0.000000 0.088000 0.085200 0.079600 0.100000 0.100000 0.100000 0.100000 0.091400 -0.000000 -0.000000 0.076200 0.092800 0.072000 0.100000 0.100000 0.100000 0.100000 0.100000 0.003200 -0.000000 0.088000 0.100000 0.100000 0.100000 0.095200 0.070000 0.100000 0.099800 0.100000 0.100000 0.100000 0.087400 0.091000 0.072000 0.100000 0.100000 0.100000 0.100000 0.100000 0.032600 
55
0.100000 0.075600 0.091800 0.074000 0.100000 0.100000 0.100000 0.100000 0.098400 0.001800 -0.000000 0.087800 0.084400 0.079800 0.100000 0.100000 0.100000 0.100000 0.090200 -0.000000 -0.000000 0.087400 0.084400 0.079800 0.100000 0.100000 0.100000 0.100000 0.091600 -0.000000 -0.000000 0.075800 0.091800 0.072000 0.100000 0.100000 0.100000 0.100000 0.100000 0.003200 -0.000000 0.088200 0.100000 0.100000 0.100000 0.095600 0.070000 0.100000 0.100000 0.100000 0.100000 0.100000 0.088600 0.090200 0.072000 0.100000 0.100000 0.100000 0.100000 0.100000 0.033000 
56
0.100000 0.076000 0.089200 0.074000 0.100000 0.100000 0.100000 0.100000 0.099000 0.001800 -0.000000 0.087800 0.081000 0.079800 0.100000 0.100000 0.100000 0.100000 0.090200 -0.000000 -0.000000 0.087600 0.081600 0.079600 0.100000 0.100000 0.100000 0.100000 0.090800 -0.000000 -0.000000 0.076400 0.089200 0.072000 0.100000 0.100000 0.100000 0.100000 0.100000 0.003000 -0.000000 0.088000 0.100000 0.100000 0.100000 0.092200 0.070000 0.100000 0.100000 0.100000 0.100000 0.100000 0.089600 0.087400 0.074000 0.100000 0.100000 0.100000 0.100000 0.100000 0.032200 
57
0.100000 0.075600 0.092800 0.073800 0.100000 0.100000 0.100000 0.100000 0.099600 0.002000 -0.000000 0.087800 0.085200 0.079800 0.100000 0.100000 0.100000 0.100000 0.091200 -0.000000 -0.000000 0.087600 0.085200 0.079600 0.100000 0.100000 0.100000 0.100000 0.091600 -0.000000 -0.000000 0.076000 0.092800 0.072000 0.100000 0.100000 0.100000 0.100000 0.100000 0.002800 -0.000000 0.088200 0.100000 0.100000 0.100000 0.092000 0.070000 0.100000 0.100000 0.100000 0.100000 0.100000 0.089200 0.091000 0.074000 0.100000 0.100000 0.100000 0.100000 0.100000 0.032400 
58
0.100000 0.075600 0.092600 0.074000 0.100000 0.100000 0.100000 0.100000 0.099800 0.001800 -0.000000 0.087600 0.085200 0.079600 0.100000 0.100000 0.100000 0.100000 0.090800 -0.000000 -0.000000 0.087800 0.085200 0.079600 0.100000 0.100000 0.100000 0.100000 0.090800 -0.000000 -0.000000 0.075800 0.092800 0.072000 0.100000 0.100000 0.100000 0.100000 0.100000 0.003000 -0.000000 0.088200 0.100000 0.100000 0.100000 0.094200 0.070000 0.100000 0.100000 0.100000 0.100000 0.100000 0.088600 0.091000 0.074000 0.100000 0.100000 0.100000 0.100000 0.100000 0.032400 
59
0.100000 0.075400 0.092000 0.074000 0.100000 0.100000 0.100000 0.100000 0.098400 0.001800 -0.000000 0.087800 0.084400 0.079800 0.100000 0.100000 0.100000 0.100000 0.091800 -0.000000 -0.000000 0.087600 0.084200 0.079600 0.100000 0.100000 0.100000 0.100000 0.091200 -0.000000 -0.000000 0.075800 0.092000 0.072000 0.100000 0.100000 0.100000 0.100000 0.100000 0.002200 -0.000000 0.088200 0.100000 0.100000 0.100000 0.092200 0.070000 0.100000 0.100000 0.100000 0.100000 0.100000 0.087200 0.090000 0.074000 0.100000 0.100000 0.100000 0.100000 0.100000 0.033200 
60
0.100000 0.076000 0.089200 0.074000 0.100000 0.100000 0.100000 0.100000 0.099000 0.001800 -0.000000 0.087800 0.081000 0.079800 0.100000 0.100000 0.100000 0.100000 0.090200 -0.000000 -0.000000 0.087600 0.081600 0.079600 0.100000 0.100000 0.100000 0.100000 0.090800 -0.000000 -0.000000 0.076400 0.089200 0.072000 0.100000 0.100000 0.100000 0.100000 0.100000 0.003000 -0.000000 0.088000 0.100000 0.100000 0.100000 0.092600 0.070000 0.100000 0.100000 0.100000 0.100000 0.100000 0.089600 0.087400 0.074000 0.100000 0.100000 0.100000 0.100000 0.100000 0.032200 
61
0.100000 0.075600 0.092800 0.073800 0.100000 0.100000 0.100000 0.100000 0.099600 0.002000 -0.000000 0.087800 0.085200 0.079800 0.100000 0.100000 0.100000 0.100000 0.091200 -0.000000 -0.000000 0.087600 0.085200 0.079600 0.100000 0.100000 0.100000 0.100000 0.091600 -0.000000 -0.000000 0.076000 0.092800 0.072000 0.100000 0.100000 0.100000 0.100000 0.100000 0.002800 -0.000000 0.088200 0.100000 0.100000 0.100000 0.093200 0.070000 0.100000 0.100000 0.100000 0.100000 0.100000 0.088800 0.091000 0.074000 0.100000 0.100000 0.100000 0.100000 0.100000 0.032400 
62
0.100000 0.075600 0.092600 0.074000 0.100000 0.100000 0.100000 0.100000 0.099800 0.001800 -0.000000 0.087600 0.085200 0.079600 0.100000 0.100000 0.100000 0.100000 0.090800 -0.000000 -0.000000 0.087800 0.085200 0.079600 0.100000 0.100000 0.100000 0.100000 0.090800 -0.000000 -0.000000 0.075800 0.092800 0.072000 0.100000 0.100000 0.100000 0.100000 0.100000 0.003000 -0.000000 0.088200 0.100000 0.100000 0.100000 0.093200 0.070000 0.100000 0.100000 0.100000 0.100000 0.100000 0.089200 0.091000 0.074000 0.100000 0.100000 0.100000 0.100000 0.100000 0.031400 
63
0.100000 0.075400 0.092000 0.074000 0.100000 0.100000 0.100000 0.100000 0.098400 0.001800 -0.000000 0.087800 0.084400 0.079800 0.100000 0.100000 0.100000 0.100000 0.091800 -0.000000 -0.000000 0.087600 0.084200 0.079600 0.100000 0.100000 0.100000 0.100000 0.091200 -0.000000 -0.000000 0.075800 0.092000 0.072000 0.100000 0.100000 0.100000 0.100000 0.100000 0.002200 -0.000000 0.088200 0.100000 0.100000 0.100000 0.092600 0.070000 0.100000 0.100000 0.100000 0.100000 0.100000 0.087000 0.090000 0.074000 0.100000 0.100000 0.100000 0.100000 0.100000 0.033200 
64
0.100000 0.077800 0.095600 0.090800 0.100000 0.100000 0.100000 0.100000 0.100000 0.001800 -0.000000 0.089400 0.093000 0.091000 0.099600 0.100000 0.100000 0.100000 0.092400 -0.000000 -0.000000 0.088800 0.093200 0.090800 0.100000 0.100000 0.100000 0.100000 0.093600 -0.000000 -0.000000 0.078200 0.093000 0.092800 0.100000 0.100000 0.100000 0.100000 0.099800 0.001800 -0.000000 0.088000 0.100000 0.100000 0.100000 0.095800 0.089000 0.100000 0.100000 0.100000 0.100000 0.100000 0.091800 0.093000 0.093000 0.100000 0.100000 0.100000 0.100000 0.100000 0.031400 
65
0.100000 0.077800 0.094800 0.090800 0.099600 0.100000 0.100000 0.100000 0.099600 0.002200 -0.000000 0.089400 0.092800 0.090800 0.100000 0.100000 0.100000 0.100000 0.092400 -0.000000 -0.000000 0.088800 0.093200 0.090800 0.100000 0.100000 0.100000 0.100000 0.092600 -0.000000 -0.000000 0.078400 0.093200 0.092800 0.099600 0.100000 0.100000 0.100000 0.099200 0.002000 -0.000000 0.087800 0.100000 0.100000 0.100000 0.096800 0.088800 0.100000 0.099600 0.100000 0.100000 0.100000 0.091400 0.092800 0.092800 0.100000 0.099400 0.100000 0.100000 0.100000 0.031600 
66
0.100000 0.077800 0.094800 0.090800 0.100000 0.100000 0.100000 0.100000 0.099600 0.002200 -0.000000 0.089200 0.092800 0.090800 0.098800 0.100000 0.100000 0.100000 0.092600 -0.000000 -0.000000 0.088800 0.092600 0.090800 0.100000 0.100000 0.100000 0.100000 0.091800 -0.000000 -0.000000 0.078200 0.093000 0.092800 0.098600 0.100000 0.100000 0.100000 0.100000 0.002400 -0.000000 0.087800 0.100000 0.100000 0.100000 0.096000 0.088800 0.100000 0.098600 0.100000 0.100000 0.100000 0.091800 0.092600 0.093000 0.100000 0.100000 0.100000 0.100000 0.100000 0.031400 
67
0.100000 0.077800 0.094000 0.090800 0.098800 0.100000 0.100000 0.100000 0.100000 0.002000 -0.000000 0.089200 0.092600 0.090800 0.100000 0.100000 0.100000 0.100000 0.092200 -0.000000 -0.000000 0.088600 0.092600 0.090800 0.100000 0.100000 0.100000 0.100000 0.092000 -0.000000 -0.000000 0.078000 0.092600 0.093000 0.100000 0.100000 0.100000 0.100000 0.098600 0.002000 -0.000000 0.087800 0.100000 0.100000 0.100000 0.098200 0.089000 0.100000 0.100000 0.100000 0.100000 0.100000 0.089800 0.092400 0.093000 0.100000 0.098400 0.100000 0.100000 0.100000 0.031800 
68
0.100000 0.077800 0.095600 0.090800 0.100000 0.100000 0.100000 0.100000 0.100000 0.001800 -0.000000 0.089400 0.093000 0.091000 0.099600 0.100000 0.100000 0.100000 0.092400 -0.000000 -0.000000 0.088800 0.093200 0.090800 0.100000 0.100000 0.100000 0.100000 0.093600 -0.000000 -0.000000 0.078200 0.093000 0.092800 0.100000 0.100000 0.100000 0.100000 0.099800 0.001800 -0.000000 0.088000 0.100000 0.100000 0.100000 0.098000 0.089000 0.100000 0.100000 0.100000 0.100000 0.100000 0.091800 0.093000 0.091000 0.100000 0.100000 0.100000 0.100000 0.100000 0.033600 
69
0.100000 0.077800 0.094800 0.090800 0.099600 0.100000 0.100000 0.100000 0.099600 0.002200 -0.000000 0.089400 0.092800 0.090800 0.100000 0.100000 0.100000 0.100000 0.092400 -0.000000 -0.000000 0.088800 0.093200 0.090800 0.100000 0.100000 0.100000 0.100000 0.092600 -0.000000 -0.000000 0.078400 0.093200 0.092800 0.099600 0.100000 0.100000 0.100000 0.099200 0.002000 -0.000000 0.087800 0.100000 0.100000 0.100000 0.095600 0.089000 0.100000 0.100000 0.100000 0.100000 0.100000 0.091400 0.093000 0.090800 0.100000 0.100000 0.100000 0.100000 0.100000 0.033400 
70
0.100000 0.077800 0.094800 0.090800 0.100000 0.100000 0.100000 0.100000 0.099600 0.002200 -0.000000 0.089200 0.092800 0.090800 0.098800 0.100000 0.100000 0.100000 0.092600 -0.000000 -0.000000 0.088800 0.092600 0.090800 0.100000 0.100000 0.100000 0.100000 0.091800 -0.000000 -0.000000 0.078200 0.093000 0.092800 0.098600 0.100000 0.100000 0.100000 0.100000 0.002400 -0.000000 0.087800 0.100000 0.100000 0.100000 0.095600 0.088800 0.100000 0.098200 0.100000 0.100000 0.100000 0.091800 0.092600 0.090800 0.100000 0.100000 0.100000 0.100000 0.100000 0.033400 
71
0.100000 0.077800 0.094000 0.090800 0.098800 0.100000 0.100000 0.100000 0.100000 0.002000 -0.000000 0.089200 0.092600 0.090800 0.100000 0.100000 0.100000 0.100000 0.092200 -0.000000 -0.000000 0.088600 0.092600 0.090800 0.100000 0.100000 0.100000 0.100000 0.092000 -0.000000 -0.000000 0.078000 0.092600 0.093000 0.100000 0.100000 0.100000 0.100000 0.098600 0.002000 -0.000000 0.087800 0.100000 0.100000 0.100000 0.097600 0.089000 0.100000 0.100000 0.100000 0.100000 0.100000 0.089800 0.092800 0.091000 0.100000 0.100000 0.100000 0.100000 0.100000 0.030800 
72
0.100000 0.077800 0.095600 0.090800 0.100000 0.100000 0.100000 0.100000 0.100000 0.001800 -0.000000 0.089400 0.093000 0.091000 0.099600 0.100000 0.100000 0.100000 0.092400 -0.000000 -0.000000 0.088800 0.093200 0.090800 0.100000 0.100000 0.100000 0.100000 0.093600 -0.000000 -0.000000 0.078200 0.093000 0.092800 0.100000 0.100000 0.100000 0.100000 0.099800 0.001800 -0.000000 0.088000 0.100000 0.100000 0.100000 0.095600 0.088800 0.100000 0.099800 0.100000 0.100000 0.100000 0.091600 0.094000 0.092800 0.100000 0.100000 0.100000 0.100000 0.100000 0.031000 
73
0.100000 0.077800 0.094800 0.090800 0.099600 0.100000 0.100000 0.100000 0.099600 0.002200 -0.000000 0.089400 0.092800 0.090800 0.100000 0.100000 0.100000 0.100000 0.092400 -0.000000 -0.000000 0.088800 0.093200 0.090800 0.100000 0.100000 0.100000 0.100000 0.092600 -0.000000 -0.000000 0.078400 0.093200 0.092800 0.099600 0.100000 0.100000 0.100000 0.099200 0.002000 -0.000000 0.087800 0.100000 0.100000 0.100000 0.098400 0.089000 0.100000 0.100000 0.100000 0.100000 0.100000 0.091600 0.093000 0.092800 0.100000 0.100000 0.100000 0.100000 0.100000 0.031600 
74
0.100000 0.077800 0.094800 0.090800 0.100000 0.100000 0.100000 0.100000 0.099600 0.002200 -0.000000 0.089200 0.092800 0.090800 0.098800 0.100000 0.100000 0.100000 0.092600 -0.000000 -0.000000 0.088800 0.092600 0.090800 0.100000 0.100000 0.100000 0.100000 0.091800 -0.000000 -0.000000 0.078200 0.093000 0.092800 0.098600 0.100000 0.100000 0.100000 0.100000 0.002400 -0.000000 0.087800 0.100000 0.100000 0.100000 0.096400 0.088800 0.100000 0.098800 0.100000 0.100000 0.100000 0.090600 0.093000 0.092800 0.100000 0.100000 0.100000 0.100000 0.100000 0.031200 
75
0.100000 0.077800 0.094000 0.090800 0.098800 0.100000 0.100000 0.100000 0.100000 0.002000 -0.000000 0.089200 0.092600 0.090800 0.100000 0.100000 0.100000 0.100000 0.092200 -0.000000 -0.000000 0.088600 0.092600 0.090800 0.100000 0.100000 0.100000 0.100000 0.092000 -0.000000 -0.000000 0.078000 0.092600 0.093000 0.100000 0.100000 0.100000 0.100000 0.098600 0.002000 -0.000000 0.087800 0.100000 0.100000 0.100000 0.096600 0.089000 0.100000 0.100000 0.100000 0.100000 0.100000 0.090800 0.092000 0.092800 0.100000 0.098200 0.100000 0.100000 0.100000 0.032000 
76
0.100000 0.077800 0.095600 0.090800 0.100000 0.100000 0.100000 0.100000 0.100000 0.001800 -0.000000 0.089400 0.093000 0.091000 0.099600 0.100000 0.100000 0.100000 0.092400 -0.000000 -0.000000 0.088800 0.093200 0.090800 0.100000 0.100000 0.100000 0.100000 0.093600 -0.000000 -0.000000 0.078200 0.093000 0.092800 0.100000 0.100000 0.100000 0.100000 0.099800 0.001800 -0.000000 0.088000 0.100000 0.100000 0.100000 0.099000 0.086800 0.100000 0.099600 0.100000 0.100000 0.100000 0.091600 0.093200 0.092800 0.100000 0.099600 0.100000 0.100000 0.100000 0.031800 
77
0.100000 0.077800 0.094800 0.090800 0.099600 0.100000 0.100000 0.100000 0.099600 0.002200 -0.000000 0.089400 0.092800 0.090800 0.100000 0.100000 0.100000 0.100000 0.092400 -0.000000 -0.000000 0.088800 0.093200 0.090800 0.100000 0.100000 0.100000 0.100000 0.092600 -0.000000 -0.000000 0.078400 0.093200 0.092800 0.099600 0.100000 0.100000 0.100000 0.099200 0.002000 -0.000000 0.087800 0.100000 0.100000 0.100000 0.098400 0.087000 0.100000 0.100000 0.100000 0.100000 0.100000 0.091400 0.093000 0.092800 0.100000 0.100000 0.100000 0.100000 0.100000 0.031200 
78
0.100000 0.077800 0.094800 0.090800 0.100000 0.100000 0.100000 0.100000 0.099600 0.002200 -0.000000 0.089200 0.092800 0.090800 0.098800 0.100000 0.100000 0.100000 0.092600 -0.000000 -0.000000 0.088800 0.092600 0.090800 0.100000 0.100000 0.100000 0.100000 0.091800 -0.000000 -0.000000 0.078200 0.093000 0.092800 0.098600 0.100000 0.100000 0.100000 0.100000 0.002400 -0.000000 0.087800 0.100000 0.100000 0.100000 0.098400 0.086800 0.100000 0.098600 0.100000 0.100000 0.100000 0.090200 0.092800 0.092800 0.100000 0.100000 0.100000 0.100000 0.100000 0.032400 
79
0.100000 0.077800 0.094000 0.090800 0.098800 0.100000 0.100000 0.100000 0.100000 0.002000 -0.000000 0.089200 0.092600 0.090800 0.100000 0.100000 0.100000 0.100000 0.092200 -0.000000 -0.000000 0.088600 0.092600 0.090800 0.100000 0.100000 0.100000 0.100000 0.092000 -0.000000 -0.000000 0.078000 0.092600 0.093000 0.100000 0.100000 0.100000 0.100000 0.098600 0.002000 -0.000000 0.087800 0.100000 0.100000 0.100000 0.099200 0.086800 0.100000 0.100000 0.100000 0.100000 0.100000 0.091600 0.093000 0.092800 0.100000 0.098800 0.100000 0.100000 0.100000 0.030600 
