task94
0.012000 1.040420 2.060258 2.103386 3.026449 3.056271 4.070474 4.095719 5.456390 5.470000 
task15
0.022000 1.088386 2.134487 2.149388 3.138752 3.143997 4.117984 4.171974 5.490498 5.492777 
task10
0.022000 1.086918 2.134487 2.141432 3.138752 3.142281 4.117984 4.117991 5.490498 5.490677 
task13
0.022000 1.086138 2.134487 2.153395 3.138449 3.142011 4.118015 4.155739 5.490823 5.530877 
task0
0.022000 1.100323 2.134487 2.153756 3.138752 3.142560 4.118015 4.245877 5.490823 5.502544 
task4
0.024000 1.112244 2.154550 2.175313 3.218449 3.221566 4.274432 4.320475 5.521820 5.526985 
task1
0.024000 1.109442 2.155158 2.155332 3.218784 3.237532 4.275208 4.275429 5.522423 5.522527 
task7
0.024000 1.111980 2.154338 2.175125 3.218604 3.221563 4.274853 4.320903 5.522280 5.527358 
task5
0.024000 1.112342 2.154120 2.174950 3.218482 3.221459 4.275695 4.276370 5.520618 5.526065 
task8
0.024000 1.112522 2.154241 2.175103 3.217378 3.221665 4.274015 4.274085 5.521724 5.529653 
task2
0.024000 1.112745 2.154568 2.177064 3.217987 3.221655 4.275532 4.324051 5.521639 5.529875 
task9
0.024000 1.111442 2.154487 2.176339 3.217226 3.222432 4.275519 4.323972 5.520944 5.528584 
task6
0.024000 1.112313 2.154246 2.175909 3.217280 3.222450 4.274074 4.274753 5.520714 5.531814 
task3
0.024000 1.112255 2.154328 2.154986 3.217089 3.221967 4.274676 4.320695 5.521835 5.527025 
task14
0.024305 1.109077 2.154974 2.155130 3.219059 3.221422 4.275629 4.275718 5.522889 5.522919 
task12
0.024305 1.109826 2.154756 2.154970 3.219214 3.221779 4.276416 4.276738 5.521336 5.521628 
task11
0.024305 1.109045 2.154914 2.155136 3.219092 3.221543 4.274164 4.274452 5.522333 5.529710 
task16
0.032000 1.196727 2.194545 2.261375 3.247179 3.339197 4.359272 4.439046 5.540333 5.606718 
task17
0.092000 0.101863 1.196826 1.208487 2.261654 2.277322 3.339408 3.358192 4.474301 4.537834 5.623195 5.654103 
task20
0.092148 0.158960 1.196974 1.266068 2.261801 2.334880 3.339555 3.415750 4.474507 4.476111 4.476132 4.835394 5.623338 5.711727 
task19
0.340379 0.349815 1.456735 1.464200 2.525251 2.534994 3.608489 3.618693 4.921653 4.943403 4.943719 5.057289 5.946885 5.947124 5.999798 5.947124 5.980102 5.947124 5.985278 5.947124 5.985689 5.947124 5.987554 5.947124 5.979695 5.947124 5.984872 5.947124 5.985282 5.947124 5.987148 5.947124 5.979289 5.947124 5.984466 5.947124 5.984876 5.947124 5.986741 5.947124 5.978883 5.947124 5.984059 5.947124 5.984470 5.947124 5.986335 5.947124 5.978477 5.947124 5.983653 5.947124 5.984064 5.947124 5.985929 5.947124 5.978071 5.947124 5.983247 5.947124 5.983658 5.947124 5.985523 5.947125 5.976807 5.947142 5.958209 5.947142 5.965889 5.947142 5.965904 5.947142 5.957396 5.947142 5.965076 5.947142 5.965092 5.947142 5.956584 5.947142 5.964264 5.947142 5.964279 5.947142 5.963873 5.947142 5.959583 5.947142 5.963467 5.947142 5.959177 5.947284 5.980437 5.947284 5.985562 5.947284 5.985773 5.947284 5.987797 5.947284 5.980030 5.947284 5.985156 5.947284 5.985366 5.947284 5.987390 5.947284 5.979624 5.947284 5.984750 5.947284 5.984960 5.947284 5.986984 5.947284 5.979218 5.947284 5.984344 5.947284 5.984554 5.947284 5.986578 5.947284 5.978812 5.947284 5.983938 5.947284 5.984148 5.947284 5.986172 5.947284 5.978405 5.947284 5.983530 5.947284 5.983742 5.947284 5.985766 5.947289 5.982900 5.947289 5.984976 5.947289 5.990479 5.947289 5.982097 5.947289 5.984164 5.947289 5.989666 5.947289 5.981294 5.947289 5.983350 5.947289 5.988854 5.947289 5.980560 5.947289 5.982525 5.947289 5.988041 5.947289 5.979664 5.947301 5.958544 5.947301 5.965973 5.947301 5.966073 5.947301 5.957731 5.947301 5.965160 5.947301 5.965261 5.947301 5.956919 5.947301 5.964348 5.947301 5.964448 5.947301 5.964042 5.947301 5.959956 5.947301 5.963636 5.947301 5.959549 5.947306 5.958529 5.947306 5.966390 5.947306 5.957632 5.947306 5.957717 5.947306 5.965577 5.947306 5.956820 5.947306 5.956905 5.947306 5.964765 5.947306 5.956002 5.947306 5.956092 5.947306 5.955596 5.947306 5.955660 5.947306 5.955191 5.947312 5.981690 5.947312 5.991084 5.947312 5.975993 5.947312 5.990678 5.947312 5.975586 5.947312 5.990225 5.947312 5.975180 5.947312 5.989883 5.947312 5.974774 5.947312 5.989476 5.947312 5.974368 5.947312 5.989018 5.947312 5.973961 5.947336 5.966492 5.947336 5.958415 5.947336 5.962855 5.947336 5.965680 5.947336 5.957656 5.947336 5.962042 5.947336 5.964867 5.947336 5.956843 5.947336 5.961230 5.947336 5.964055 5.947336 5.956031 5.947336 5.960417 5.947336 5.955624 5.947336 5.960011 5.947336 5.955218 5.947336 5.959642 5.947336 5.947408 5.947602 5.999475 5.947602 5.999941 5.947602 5.947619 5.947619 5.957082 5.947619 5.965730 5.947619 5.964936 5.947619 5.956270 5.947619 5.964918 5.947619 5.964124 5.947619 5.955458 5.947619 5.964105 5.947619 5.963311 5.947619 5.954645 5.947619 5.963293 5.947619 5.954239 5.947619 5.962887 5.947619 5.953833 5.947619 5.962481 5.947619 5.947647 5.947647 5.999903 5.947647 5.978614 5.947647 5.983490 5.947647 5.985495 5.947647 5.986132 5.947647 5.947664 5.947664 5.957128 5.947664 5.966119 5.947664 5.964888 5.947664 5.956316 5.947664 5.965307 5.947664 5.964076 5.947664 5.955503 5.947664 5.964494 5.947664 5.963264 5.947664 5.954691 5.947664 5.963682 5.947664 5.954284 5.947664 5.963276 5.947664 5.953878 5.947664 5.962869 5.947664 5.947764 5.947819 5.958181 5.947819 5.961593 5.947819 5.958067 5.947819 5.957223 5.947819 5.960626 5.947819 5.957110 5.947819 5.956263 5.947819 5.959670 5.947819 5.956150 5.947819 5.955303 5.947819 5.953864 5.947819 5.954823 5.947819 5.953384 5.947819 5.954343 5.947819 5.947989 5.947989 5.999583 5.947989 5.999952 5.947989 5.948006 5.948006 5.957520 5.948006 5.965949 5.948006 5.965341 5.948006 5.956708 5.948006 5.965137 5.948006 5.964529 5.948006 5.955895 5.948006 5.964324 5.948006 5.963717 5.948006 5.955083 5.948006 5.963512 5.948006 5.954676 5.948006 5.963106 5.948006 5.954270 5.948006 5.962699 5.948006 
task18
0.368416 0.368919 0.370416 0.377116 1.482957 1.483781 2.545625 2.546575 2.547450 2.555055 3.626711 3.627487 3.627938 3.654808 4.943224 4.949823 
task21
0.370407 0.371836 1.491104 1.492567 2.551842 2.553205 2.553625 2.555299 2.563870 2.565192 2.565629 2.566762 3.627805 3.630075 5.087999 5.094286 5.455107 5.458903 
task22
0.400614 0.401621 0.402416 0.402702 0.402704 0.403056 1.513207 1.513972 1.515163 1.515807 2.563870 2.563889 2.563975 2.564415 2.565597 2.565644 2.565758 2.565963 3.658859 3.659573 3.659938 3.660076 3.660305 3.660563 3.669938 3.670118 3.670336 3.670471 3.670518 3.671063 3.671078 3.671217 3.671243 3.671332 5.455003 5.488801 
task23
0.412000 0.412938 1.520099 1.520907 2.602227 2.603076 3.682288 3.683245 5.490359 5.491201 
task24
0.414506 0.414667 0.414704 0.415149 1.521163 1.521947 2.603761 2.604532 3.683938 3.684044 3.684336 3.684774 3.684949 3.685462 5.511737 5.520338 5.520632 5.522578 5.522889 5.532295 
task54
0.430548 0.431569 0.433378 0.433790 0.434811 0.434969 0.435096 0.435310 1.541205 1.542215 1.543772 1.545845 1.545891 1.546001 2.620307 2.620915 2.621859 2.622601 2.622715 2.622876 2.622891 2.623117 2.624510 2.624674 2.625950 2.626136 2.626317 2.626409 3.700377 3.701952 3.701979 3.702434 3.703678 3.703787 3.703817 3.704204 3.704506 3.704737 3.704740 3.705408 3.706019 3.706214 5.550249 5.550887 5.550889 5.551814 5.552730 5.553197 5.554484 5.555417 5.555441 5.555619 
task31
0.430548 0.430638 0.430745 0.430871 0.430881 0.431194 0.433378 0.433868 0.434811 0.435048 0.435096 0.435388 1.541205 1.541837 1.543772 1.545420 1.545500 1.546079 2.620308 2.620559 2.621860 2.622077 2.622164 2.622251 2.622715 2.623042 2.624510 2.624752 2.625950 2.626214 2.626317 2.626488 3.700378 3.700834 3.700990 3.701595 3.701979 3.702078 3.703678 3.703768 3.703817 3.704282 3.704506 3.705486 3.706019 3.706293 5.550249 5.550530 5.550889 5.551217 5.551324 5.551457 5.552730 5.553276 5.554484 5.554708 5.554981 5.555698 
task30
0.430548 0.430739 0.430746 0.431147 0.433378 0.434568 0.434811 0.436125 1.541205 1.541953 1.543772 1.546776 2.620308 2.620677 2.621860 2.622127 2.622164 2.622415 2.622715 2.625453 2.625950 2.627216 3.700378 3.700905 3.700990 3.701619 3.701980 3.702191 3.703678 3.706990 5.550249 5.550604 5.550889 5.551224 5.551324 5.551614 5.552730 5.553972 5.554484 5.556397 
task25
0.430548 0.457538 1.541205 1.566853 2.620308 2.648317 3.700378 3.728102 5.550250 5.577572 
task35
0.432055 0.432510 1.542154 1.542679 2.620283 2.620848 3.700343 3.700817 5.550414 5.550973 
task90
0.433225 0.434732 1.543933 1.545424 2.622849 2.624847 3.703635 3.705486 5.555353 5.557366 
task83
0.433225 0.438944 1.543649 1.549571 2.622633 2.630027 3.703635 3.709650 5.552682 5.558877 
task33
0.447096 0.451636 0.503035 0.519302 1.557500 1.562318 1.613688 1.699921 2.636510 2.641590 2.692056 2.795960 3.716740 3.722240 3.772915 3.790378 5.566484 5.571907 5.575022 5.575232 5.575492 5.575694 5.576489 5.576920 5.623339 5.887972 
task86
0.502852 0.515432 1.613506 1.625879 2.691956 2.704836 3.772745 3.786503 5.623025 5.624995 5.985347 5.624995 5.640445 5.624995 5.640415 5.624995 5.640463 5.624995 5.638538 5.625062 5.652310 5.625062 5.958267 5.625062 5.958520 5.625062 5.997297 5.625062 5.997402 5.625062 5.648300 5.625062 5.648304 5.625062 5.636810 5.625062 5.640631 5.625090 5.648478 5.625090 5.958195 5.625090 5.994910 5.625090 5.998256 5.625090 5.997488 5.625090 5.648310 5.625090 5.640657 5.625090 5.640542 5.625090 5.636799 5.625090 
task84
0.503028 0.519351 1.613682 1.629878 2.692032 2.708649 3.772891 3.790378 5.623171 5.623656 5.642971 5.623656 5.639427 5.623656 5.643140 5.623767 5.646998 5.623767 5.654867 5.623767 5.945279 5.623767 5.945562 5.623767 5.949320 5.623767 5.999868 5.623767 5.650843 5.623767 5.643152 5.623767 5.643073 5.624717 5.785644 5.624724 5.793326 5.624724 5.809400 5.624724 5.812910 5.624724 5.820574 5.624724 5.782152 5.624724 5.781719 5.624724 5.789418 5.624724 5.628670 5.624761 5.809326 5.624767 5.813047 5.624767 5.782021 5.624767 5.785816 5.624767 5.791484 5.624767 5.628783 5.624767 5.628728 5.624767 5.824151 5.624767 5.628754 5.624816 5.644403 5.624816 5.652106 5.624816 5.946463 5.624816 5.946748 5.624816 5.950343 5.625062 5.652208 5.625062 5.652212 5.625062 5.640717 5.625090 5.648357 5.625090 5.652386 5.625090 5.946533 5.625090 5.947111 5.625090 5.950455 5.644450 
task26
0.555036 0.609005 1.665689 1.670022 1.670150 1.683922 2.744057 2.748316 2.748768 2.810549 3.824915 3.892072 5.943339 5.946334 5.947142 5.947142 5.972483 5.947142 5.977651 5.947142 5.979935 5.947301 5.972818 5.947301 5.977949 5.947301 5.980178 5.947306 5.968400 5.947306 5.980423 5.947306 5.967344 5.947306 5.979367 5.947306 5.966289 5.947306 5.978312 5.947306 5.965234 5.947306 5.977257 5.947306 5.964178 5.947306 5.976201 5.947306 5.963123 5.947306 5.975146 5.947306 5.962067 5.947306 5.974090 5.947306 5.961012 5.947306 5.973035 5.947336 5.977292 5.947336 5.967561 5.947336 5.972039 5.947336 5.979874 5.947336 5.976236 5.947336 5.966506 5.947336 5.970984 5.947336 5.978818 5.947336 5.975181 5.947336 5.965451 5.947336 5.969929 5.947336 5.977763 5.947336 5.974125 5.947336 5.964395 5.947336 5.968873 5.947336 5.976707 5.947336 5.973070 5.947336 5.963340 5.947336 5.967818 5.947336 5.975652 5.947336 5.972015 5.947336 5.962285 5.947336 5.966763 5.947336 5.974597 5.947336 5.970959 5.947336 5.961229 5.947336 5.965707 5.947336 5.973541 5.947336 5.969904 5.947336 5.960174 5.947336 5.964652 5.947619 5.969895 5.947619 5.975257 5.947619 5.978300 5.947619 5.977505 5.947619 5.968839 5.947619 5.974202 5.947619 5.977244 5.947619 5.976450 5.947619 5.967784 5.947619 5.973146 5.947619 5.976189 5.947619 5.975395 5.947619 5.966729 5.947619 5.972091 5.947619 5.975133 5.947619 5.974339 5.947619 5.965673 5.947619 5.971036 5.947619 5.974078 5.947619 5.973284 5.947619 5.964618 5.947619 5.969980 5.947619 5.973023 5.947619 5.972228 5.947619 5.963562 5.947619 5.968925 5.947619 5.971967 5.947619 5.971173 5.947619 5.962507 5.947664 5.969940 5.947664 5.974806 5.947664 5.978688 5.947664 5.977458 5.947664 5.968885 5.947664 5.973750 5.947664 5.977633 5.947664 5.976402 5.947664 5.967829 5.947664 5.972695 5.947664 5.976578 5.947664 5.975347 5.947664 5.966774 5.947664 5.971639 5.947664 5.975522 5.947664 5.974291 5.947664 5.965719 5.947664 5.970584 5.947664 5.974467 5.947664 5.973236 5.947664 5.964663 5.947664 5.969529 5.947664 5.973411 5.947664 5.972181 5.947664 5.963608 5.947664 5.968473 5.947664 5.972356 5.947664 5.971125 5.947664 5.962553 5.947819 5.971876 5.947819 5.975693 5.947819 5.970820 5.947819 5.974638 5.947819 5.969765 5.947819 5.973582 5.947819 5.968709 5.947819 5.972527 5.947819 5.967654 5.947819 5.971471 5.947819 5.966599 5.947819 5.970416 5.947819 5.965543 5.947819 5.969361 5.947819 5.964488 5.947819 5.968305 5.948006 5.970332 5.948006 5.975450 5.948006 5.978518 5.948006 5.977911 5.948006 5.969277 5.948006 5.974395 5.948006 5.977463 5.948006 5.976855 5.948006 5.968222 5.948006 5.973339 5.948006 5.976407 5.948006 5.975800 5.948006 5.967166 5.948006 5.972284 5.948006 5.975352 5.948006 5.974745 5.948006 5.966111 5.948006 5.971228 5.948006 5.974297 5.948006 5.973689 5.948006 5.965055 5.948006 5.970173 5.948006 5.973241 5.948006 5.972634 5.948006 5.964000 5.948006 5.969118 5.948006 5.972186 5.948006 5.971578 5.948006 5.962945 5.948006 
task85
0.559070 0.570954 1.670149 1.734903 2.748767 2.761422 3.829503 3.890904 5.947140 5.947142 5.973295 5.947142 5.978463 5.947142 5.980747 5.947142 5.969208 5.947142 5.971477 5.947142 5.947300 5.947301 5.973630 5.947301 5.978762 5.947301 5.980990 5.947301 5.969506 5.947301 5.971561 5.947301 5.947305 5.947306 5.974912 5.947306 5.982860 5.947306 5.974100 5.947306 5.982047 5.947306 5.973288 5.947306 5.959957 5.947306 5.964523 5.947306 5.959144 5.947306 5.963711 5.947336 5.974476 5.947336 5.978916 5.947336 5.969186 5.947336 5.972852 5.947336 5.972486 5.947336 5.968848 5.947336 5.959118 5.947336 5.971674 5.947336 5.963596 5.947336 5.968036 5.947336 5.958306 5.947336 5.947618 5.947619 5.971763 5.947619 5.977125 5.947619 5.979373 5.947619 5.967869 5.947619 5.970912 5.947619 5.947663 5.947664 5.971808 5.947664 5.976673 5.947664 5.979325 5.947664 5.967418 5.947664 5.971301 5.947664 5.947817 5.947819 5.974604 5.947819 5.973500 5.947819 5.977318 5.947819 5.964175 5.947819 5.964536 5.947819 5.963363 5.947819 5.963724 5.947819 5.948005 5.948006 5.972200 5.948006 5.977318 5.948006 5.979778 5.948006 5.968062 5.948006 5.971131 5.948006 
task87
0.559071 0.575609 1.670115 1.687521 2.748751 2.767282 3.829469 3.896173 5.947124 5.947142 5.968395 5.947142 5.970680 5.947142 5.964026 5.947284 5.947289 5.947300 5.977999 5.947300 5.983131 5.947300 5.983335 5.947300 5.985359 5.947300 5.947301 5.947301 5.963319 5.947301 5.970748 5.947305 5.979282 5.947305 5.973581 5.947306 5.958332 5.947306 5.962899 5.947312 5.988612 5.947335 5.973555 5.947335 5.984243 5.947336 5.947602 5.947619 5.967057 5.947619 5.969305 5.947619 5.962688 5.947647 5.947663 5.947663 5.976177 5.947663 5.981042 5.947663 5.983058 5.947663 5.983695 5.947663 5.947664 5.947664 5.961497 5.947664 5.970488 5.947819 5.962550 5.947819 5.962911 5.948006 5.967250 5.948006 5.969711 5.948006 5.962881 5.948006 
task28
0.607358 0.627396 1.670115 1.673316 2.748751 2.760785 3.829469 3.832648 5.946851 5.946885 5.982727 5.946885 5.988310 5.946885 5.990565 5.946885 5.999401 5.946885 5.997398 5.946885 5.982431 5.946885 5.988015 5.946885 5.990196 5.946885 5.999696 5.946885 5.997693 5.946885 5.982136 5.946885 5.987720 5.946885 5.989816 5.946885 5.999992 5.946885 5.998063 5.946885 5.998284 5.946885 5.998506 5.946885 5.998653 5.946885 5.998801 5.946885 5.998949 5.946885 5.999097 5.946885 5.999244 5.946885 5.999392 5.947097 5.982913 5.947097 5.988247 5.947097 5.990512 5.947097 5.982765 5.947097 5.988099 5.947097 5.990365 5.947097 5.982617 5.947097 5.987951 5.947097 5.990217 5.947097 5.982470 5.947097 5.987804 5.947097 5.989985 5.947097 5.982247 5.947097 5.987582 5.947097 5.989822 5.947097 5.982099 5.947097 5.987434 5.947097 5.989669 5.947097 5.981952 5.947097 5.987287 5.947097 5.989521 5.947097 5.981804 5.947097 5.987139 5.947097 5.989373 5.947097 5.981656 5.947097 5.986991 5.947097 5.989226 5.947097 5.981435 5.947097 5.986770 5.947097 5.989078 5.947097 5.981287 5.947097 5.986622 5.947097 5.988930 5.947097 5.981139 5.947097 5.986474 5.947097 5.988772 5.947097 5.980992 5.947097 5.986327 5.947104 5.988030 5.947104 5.990478 5.947104 5.996173 5.947104 5.987660 5.947104 5.990183 5.947104 5.995878 5.947104 5.987365 5.947104 5.989814 5.947104 5.995488 5.947104 5.987069 5.947104 5.989518 5.947104 5.995182 5.947104 5.986774 5.947104 5.989223 5.947104 5.994887 5.947104 5.986479 5.947104 5.988854 5.947104 5.994591 5.947104 5.986183 5.947104 5.988558 5.947104 5.994222 5.947104 5.985814 5.947104 5.988263 5.947104 5.993927 5.947104 5.985519 5.947104 5.987894 5.947104 5.993557 5.947104 5.985149 5.947104 5.987598 5.947104 5.993262 5.947104 5.984854 5.947104 5.987229 5.947104 5.992967 5.947104 5.984559 5.947104 5.986860 5.947104 5.992597 5.947104 5.984189 5.947104 5.986564 5.947104 5.992302 5.947104 5.983894 5.947104 5.986195 5.947104 5.992007 5.947104 5.983599 5.947104 5.985900 5.947104 5.991637 5.947104 5.983213 5.947104 5.985530 5.947108 5.995279 5.947125 5.983145 5.947125 5.995427 5.947125 5.982997 5.947125 5.995575 5.947125 5.982849 5.947125 5.995722 5.947125 5.982701 5.947125 5.995870 5.947125 5.982554 5.947125 5.996018 5.947125 5.982406 5.947125 5.996165 5.947125 5.982258 5.947125 5.996313 5.947125 5.982111 5.947125 5.996461 5.947125 5.981963 5.947125 5.996609 5.947125 5.981815 5.947125 5.996830 5.947125 5.981668 5.947125 5.996978 5.947125 5.981520 5.947125 5.997125 5.947125 5.981298 5.947125 5.996053 5.947125 5.997347 5.947125 5.986343 5.947125 5.981003 5.947125 5.998699 5.947125 5.995683 5.947125 5.997642 5.947125 5.986048 5.947125 5.980708 5.947125 5.998995 5.947125 5.995314 5.947125 5.997938 5.947125 5.985678 5.947125 5.980338 5.947125 5.999290 5.947125 5.995019 5.947125 5.998233 5.947125 5.985383 5.947125 5.980043 5.947125 5.999585 5.947125 5.994723 5.947125 5.998529 5.947125 5.985087 5.947125 5.979747 5.947125 5.999881 5.947125 5.994354 5.947125 5.998972 5.947125 5.984718 5.947125 5.994206 5.947125 5.999120 5.947125 5.984571 5.947125 5.994059 5.947125 5.999267 5.947125 5.984423 5.947125 5.993911 5.947125 5.999415 5.947125 5.984275 5.947125 5.993763 5.947125 5.999563 5.947125 5.984054 5.947125 5.993542 5.947125 5.999710 5.947125 5.983906 5.947125 5.993394 5.947125 5.999858 5.947125 5.983758 5.947125 5.993246 5.947125 5.978383 5.947125 5.983463 5.947125 5.992951 5.947125 5.978072 5.947125 5.983093 5.947125 5.992571 5.947125 5.977744 5.947125 5.982724 5.947125 5.992250 5.947125 5.977417 5.947125 5.982355 5.947125 5.991934 5.947125 5.977103 5.947125 5.982060 5.947125 5.991638 5.947125 5.947481 5.947125 5.981838 5.947125 5.947142 5.947142 5.954959 5.947142 5.958770 5.947142 5.962913 5.947142 5.962639 5.947142 5.954811 5.947142 5.958549 5.947142 5.962765 5.947142 5.962418 5.947142 5.954590 5.947142 5.958401 5.947142 5.962618 5.947142 5.962254 5.947142 5.954442 5.947142 5.958253 5.947142 5.962470 5.947142 5.962096 5.947142 5.954221 5.947142 5.958106 5.947142 5.962312 5.947142 5.961949 5.947142 5.954073 5.947142 5.957884 5.947142 5.962148 5.947142 5.961801 5.947142 5.953925 5.947142 5.957736 5.947142 5.962001 5.947142 5.961579 5.947142 5.953778 5.947142 5.957589 5.947142 5.961853 5.947142 5.961432 5.947142 5.953630 5.947142 5.957441 5.947142 5.961705 5.947142 5.961284 5.947142 5.953408 5.947142 5.957293 5.947142 5.961558 5.947142 5.961121 5.947142 5.953261 5.947142 5.957146 5.947142 5.961410 5.947142 5.960957 5.947142 5.953113 5.947142 5.956924 5.947142 5.961183 5.947142 5.960799 5.947142 5.952965 5.947142 5.956776 5.947142 5.961025 5.947142 5.960636 5.947142 5.952817 5.947142 5.956629 5.947142 5.960862 5.947142 5.960488 5.947142 5.952670 5.947142 5.956481 5.947142 5.960699 5.947142 5.960341 5.947142 5.952446 5.947142 5.956333 5.947142 5.960551 5.947142 5.960119 5.947142 5.952282 5.947142 5.956112 5.947142 5.960403 5.947142 5.959971 5.947142 5.952115 5.947142 5.955964 5.947142 5.960256 5.947142 5.959824 5.947142 5.951967 5.947142 5.955816 5.947142 5.960108 5.947142 5.959676 5.947142 5.951803 5.947142 5.955669 5.947142 5.959960 5.947142 5.959528 5.947142 5.951639 5.947142 5.955521 5.947142 5.959739 5.947142 5.959380 5.947142 5.951475 5.947142 5.955299 5.947142 5.959591 5.947142 5.959233 5.947142 5.951310 5.947142 5.955152 5.947142 5.959369 5.947142 5.959085 5.947142 5.951163 5.947142 5.955004 5.947142 5.959222 5.947142 5.958863 5.947301 5.963230 5.947306 5.954812 5.947306 5.955096 5.947306 5.963140 5.947306 5.952744 5.947306 5.954664 5.947306 5.954948 5.947306 5.962992 5.947306 5.952596 5.947306 5.954517 5.947306 5.954800 5.947306 5.962771 5.947306 5.952449 5.947306 5.954369 5.947306 5.954579 5.947306 5.962623 5.947306 5.952301 5.947306 5.954147 5.947306 5.954431 5.947306 5.962475 5.947306 5.952153 5.947306 5.954000 5.947306 5.954283 5.947306 5.962328 5.947306 5.951932 5.947306 5.953778 5.947306 5.954136 5.947306 5.962106 5.947306 5.951710 5.947306 5.953630 5.947306 5.953988 5.947306 5.961958 5.947306 5.951562 5.947306 5.953483 5.947306 5.953840 5.947306 5.961811 5.947306 5.951341 5.947306 5.953261 5.947306 5.953693 5.947306 5.961663 5.947306 5.951193 5.947306 5.953113 5.947306 5.953545 5.947306 5.961515 5.947306 5.951045 5.947306 5.952892 5.947306 5.953397 5.947306 5.961368 5.947306 5.950898 5.947306 5.952744 5.947306 5.953250 5.947306 5.961146 5.947306 5.950750 5.947306 5.952596 5.947306 5.953102 5.947306 5.960998 5.947306 5.950602 5.947306 5.952449 5.947306 5.952954 5.947306 5.960851 5.947306 5.950455 5.947306 5.952301 5.947306 5.952806 5.947306 5.960703 5.947306 5.950307 5.947306 5.952153 5.947306 5.952585 5.947306 5.960555 5.947306 5.950159 5.947306 5.952006 5.947306 5.952437 5.947306 5.960334 5.947306 5.949938 5.947306 5.951858 5.947306 5.952216 5.947306 5.960186 5.947306 5.949790 5.947306 5.951710 5.947306 5.952068 5.947306 5.960038 5.947306 5.949642 5.947306 5.951563 5.947306 5.951920 5.947306 5.959890 5.947306 5.949495 5.947306 5.951415 5.947306 5.951772 5.947306 5.959743 5.947306 5.949347 5.947306 5.951267 5.947306 5.951625 5.947306 5.959521 5.947306 5.949125 5.947306 5.951046 5.947306 5.951477 5.947306 5.959374 5.947306 5.948978 5.947336 5.952312 5.947408 5.979686 5.947408 5.986492 5.947408 5.987461 5.947408 5.999605 5.947408 5.999124 5.947408 5.979317 5.947408 5.986196 5.947408 5.987092 5.947408 5.999946 5.947408 5.999511 5.947415 5.979643 5.947415 5.986103 5.947415 5.987435 5.947415 5.999651 5.947415 5.998662 5.947415 5.979272 5.947415 5.985808 5.947415 5.987140 5.947415 5.999992 5.947415 5.999049 5.947619 5.953427 5.947619 5.957432 5.947619 5.961497 5.947619 5.962074 5.947619 5.953279 5.947619 5.957285 5.947619 5.961349 5.947619 5.961916 5.947619 5.953131 5.947619 5.957063 5.947619 5.961128 5.947619 5.961769 5.947619 5.952983 5.947619 5.956915 5.947619 5.960980 5.947619 5.961621 5.947619 5.952762 5.947619 5.956768 5.947619 5.960832 5.947619 5.961473 5.947619 5.952614 5.947619 5.956546 5.947619 5.960611 5.947619 5.961325 5.947619 5.952466 5.947619 5.956398 5.947619 5.960463 5.947619 5.961178 5.947619 5.952319 5.947619 5.956251 5.947619 5.960315 5.947619 5.961030 5.947619 5.952171 5.947619 5.956103 5.947619 5.960168 5.947619 5.960882 5.947619 5.951950 5.947619 5.955955 5.947619 5.960020 5.947619 5.960735 5.947619 5.951801 5.947619 5.955808 5.947619 5.959798 5.947619 5.960587 5.947619 5.951637 5.947619 5.955586 5.947619 5.959635 5.947619 5.960439 5.947619 5.951489 5.947619 5.955438 5.947619 5.959477 5.947619 5.960218 5.947619 5.951341 5.947619 5.955291 5.947619 5.959329 5.947619 5.960070 5.947619 5.951194 5.947619 5.955143 5.947619 5.959108 5.947619 5.959922 5.947619 5.951046 5.947619 5.954995 5.947619 5.958960 5.947619 5.959759 5.947619 5.950824 5.947619 5.954774 5.947619 5.958812 5.947619 5.959601 5.947619 5.950657 5.947619 5.954626 5.947619 5.958580 5.947619 5.959453 5.947619 5.950509 5.947619 5.954478 5.947619 5.958417 5.947619 5.959305 5.947619 5.950346 5.947619 5.954331 5.947619 5.958269 5.947619 5.959158 5.947619 5.950182 5.947619 5.954183 5.947619 5.958122 5.947619 5.959010 5.947619 5.950018 5.947619 5.953961 5.947619 5.957974 5.947619 5.958862 5.947619 5.949853 5.947619 5.953814 5.947619 5.957826 5.947619 5.958715 5.947619 5.949705 5.947619 5.953666 5.947619 5.957679 5.947619 5.958557 5.947664 5.961687 5.947764 5.988217 5.947764 5.987922 5.947764 5.987626 5.947764 5.987331 5.947764 5.987035 5.947764 5.986592 5.947764 5.986297 5.947764 5.985970 5.947802 5.980523 5.947802 5.986839 5.947802 5.988383 5.947802 5.999520 5.947802 5.998363 5.947802 5.980227 5.947802 5.986543 5.947802 5.988014 5.947802 5.999959 5.947802 5.998733 5.947802 5.998880 5.947802 5.999028 5.947802 5.999176 5.947819 5.952904 5.947819 5.953863 5.947819 5.954488 5.947819 5.957734 5.947819 5.952756 5.947819 5.953641 5.947819 5.954340 5.947819 5.957586 5.947819 5.952609 5.947819 5.953493 5.947819 5.954192 5.947819 5.957438 5.947819 5.952461 5.947819 5.953346 5.947819 5.954045 5.947819 5.957290 5.947819 5.952313 5.947819 5.953198 5.947819 5.953897 5.947819 5.957143 5.947819 5.952166 5.947819 5.953050 5.947819 5.953749 5.947819 5.956921 5.947819 5.952018 5.947819 5.952902 5.947819 5.953601 5.947819 5.956773 5.947819 5.951791 5.947819 5.952755 5.947819 5.953380 5.947819 5.956626 5.947819 5.951628 5.947819 5.952607 5.947819 5.953232 5.947819 5.956478 5.947819 5.951465 5.947819 5.952459 5.947819 5.953011 5.947819 5.956330 5.947819 5.951301 5.947819 5.952312 5.947819 5.952863 5.947819 5.956183 5.947819 5.951148 5.947819 5.952164 5.947819 5.952641 5.947819 5.955961 5.947819 5.951001 5.947819 5.952016 5.947819 5.952420 5.947819 5.955813 5.947819 5.950853 5.947819 5.951869 5.947819 5.952272 5.947819 5.955666 5.947819 5.950705 5.947819 5.951711 5.947819 5.952050 5.947819 5.955518 5.947819 5.950558 5.947819 5.951552 5.947819 5.951903 5.947819 5.955370 5.947819 5.950410 5.947819 5.951394 5.947819 5.951739 5.947819 5.955149 5.947819 5.950262 5.947819 5.951236 5.947819 5.951576 5.947819 5.955001 5.947819 5.950115 5.947819 5.951089 5.947819 5.951413 5.947819 5.954853 5.947819 5.949967 5.947819 5.950867 5.947819 5.951250 5.947819 5.954706 5.947819 5.949819 5.947819 5.950645 5.947819 5.951102 5.947819 5.954558 5.947819 5.949672 5.947819 5.950498 5.947819 5.950954 5.947819 5.954410 5.947819 5.949524 5.947819 5.950276 5.947819 5.950807 5.947819 5.954263 5.947819 5.949376 5.947819 5.950055 5.947819 5.950659 5.947819 5.954041 5.948006 5.962092 5.958734 
task88
0.609484 0.626623 1.739926 1.757924 2.820157 2.838732 3.899399 3.919470 
task27
0.609488 0.626788 1.670080 1.672677 2.748734 2.760142 3.829434 3.831940 5.946816 5.947013 5.997429 5.947013 5.997133 5.947013 5.996838 5.947013 5.990779 5.947062 5.992903 5.947079 5.995566 5.947079 5.992756 5.947079 5.995418 5.947079 5.993125 5.947079 5.995713 5.947079 5.992608 5.947079 5.995270 5.947079 5.993273 5.947079 5.995861 5.947079 5.992460 5.947079 5.995049 5.947079 5.993420 5.947079 5.996009 5.947079 5.992313 5.947079 5.994901 5.947079 5.993642 5.947079 5.996156 5.947079 5.992165 5.947079 5.994679 5.947079 5.993790 5.947079 5.996304 5.947079 5.992017 5.947079 5.994532 5.947079 5.994011 5.947079 5.996452 5.947079 5.991869 5.947079 5.994384 5.947079 5.994159 5.947079 5.996600 5.947079 5.991722 5.947079 5.994162 5.947090 5.998416 5.947108 5.998564 5.947108 5.998194 5.947108 5.998711 5.947108 5.998047 5.947108 5.998859 5.947108 5.997825 5.947108 5.999007 5.947108 5.997677 5.947108 5.999228 5.947108 5.997456 5.947108 5.999376 5.947108 5.997308 5.947108 5.999598 5.947108 5.997160 5.947108 5.999819 5.947108 5.997013 5.947108 5.999967 5.947108 5.996865 5.947108 5.996570 5.947108 5.996200 5.947108 5.986491 5.947108 5.995132 5.947664 5.949560 5.947664 5.953214 5.947664 5.957721 5.947664 5.958471 5.947664 5.949413 5.947664 5.953067 5.947664 5.957499 5.947664 5.958323 5.947664 5.949265 5.947664 5.952919 5.947664 5.957351 5.947664 5.958176 5.947664 5.949117 5.947664 5.952771 5.947664 5.957204 5.947664 5.957954 5.947673 5.990876 5.947673 5.990506 5.947673 5.990211 5.947673 5.989842 5.947673 5.989546 5.947673 5.989251 5.947673 5.988882 5.947673 5.988512 5.958143 
task89
0.671393 0.691386 1.791794 1.798002 2.862193 2.888869 3.951067 3.968118 
task29
0.681149 0.687285 1.742226 1.743374 1.743758 1.744584 2.824162 2.825522 3.904093 3.904715 3.904834 3.905333 3.905404 3.906224 
task36
0.703407 0.709428 0.709454 0.709684 0.717802 0.717975 0.719244 0.719832 0.721294 0.731061 1.810285 1.820522 2.898282 2.910942 3.949020 3.971152 
task37
0.721244 0.724049 1.846322 1.850403 2.931299 2.935840 3.991691 4.003849 
task32
0.721249 0.730436 1.810230 1.819880 2.898220 2.909796 3.951067 3.967900 
task91
0.722056 0.722199 1.804199 1.804368 2.888283 2.888536 3.964343 3.964505 
task92
0.753561 0.805706 1.810224 1.826360 2.890215 2.905085 3.985959 4.013426 
task93
0.759316 0.762388 1.846375 1.858124 2.924346 2.928660 2.931323 2.948187 3.991629 3.999050 
task39
0.759322 0.763428 1.845913 1.898954 2.931311 2.943232 3.991641 3.997806 
task38
0.759328 0.767451 1.905983 1.909097 2.988551 2.990992 2.992433 2.993923 2.994448 3.002391 4.069231 4.072813 
task34
0.759333 0.804081 1.846328 1.856756 2.931260 2.931589 2.932369 2.932943 2.932980 2.933386 3.991653 4.001395 
task40
0.809352 0.927012 1.918407 1.923980 2.994442 2.997107 4.108384 4.110353 4.115426 4.152734 
task42
0.813361 0.817660 1.943999 1.949462 3.026448 3.031714 4.117419 4.127256 
task41
0.813361 0.941640 1.942418 2.048259 3.026449 3.046342 4.117421 4.257244 
task43
0.945604 0.959335 2.052420 2.069237 3.138449 3.151737 4.269464 4.372714 
task46
0.954060 0.954289 2.062204 2.062458 3.218288 3.218427 4.276348 4.276596 
task47
0.956080 0.957369 2.064222 2.065338 3.220288 3.221507 4.278348 4.279476 
task48
1.023389 1.031119 2.130447 2.139222 3.221214 3.222704 3.223059 3.224734 3.224818 3.230832 4.356164 4.364822 
task44
1.027420 1.032787 2.134058 2.135776 3.217191 3.224174 4.359239 4.364108 
task45
1.041452 1.087802 2.150090 2.152609 2.154516 2.194226 3.243949 3.296748 4.379136 4.396108 
task49
1.045860 1.047050 1.047480 1.048788 2.154487 2.156286 3.224784 3.228395 4.376343 4.378861 4.379163 4.402803 
task50
1.085480 1.090491 2.194545 2.199059 3.245895 3.249675 4.379027 4.383434 
task51
1.108070 1.110331 2.214545 2.217085 3.295294 3.298800 4.474273 4.519264 
task52
1.114070 1.114465 1.114570 1.114684 1.116124 1.116302 1.116369 1.117096 2.222928 2.223473 2.224586 2.224799 2.224822 2.225822 3.303322 3.303582 3.303978 3.304316 3.304931 3.305157 3.305189 3.305453 3.305877 3.306522 3.307014 3.307078 4.943372 4.943918 4.943942 4.945405 4.945589 5.088940 
task53
1.116097 1.116256 1.116342 1.116565 1.116583 1.116801 2.224573 2.224693 2.224700 2.224776 2.224795 2.225424 3.305162 3.305267 3.305267 3.305393 3.305837 3.305914 3.305917 3.305958 3.306008 3.306378 3.306987 3.307039 5.455093 5.486781 
task55
1.118124 1.120086 2.226700 2.229010 3.307917 3.311132 5.487107 5.510774 
task56
1.120435 1.130706 2.229020 2.239475 3.310194 3.321731 5.489232 5.509579 
task57
1.446975 1.454808 1.456957 1.466694 2.517473 2.537572 3.598466 3.607719 3.608711 3.655863 5.520618 5.529871 
task73
4.066036 4.067684 4.067705 4.068034 4.068073 4.068765 4.069075 4.104330 
task75
4.069229 4.070085 4.070321 4.071846 
task58
4.069241 4.113976 
task61
4.069463 4.075311 
task62
4.069463 4.078497 
task69
4.069482 4.109490 
task74
4.069541 4.081825 
task76
4.117414 4.117971 4.117977 4.122765 
task59
4.117417 4.272751 
task64
4.117421 4.242588 
task60
4.274015 4.278961 
task63
4.359272 4.364191 
task65
4.378343 4.390697 
task66
4.422348 4.422863 
task67
4.462367 4.599951 
task82
4.474132 4.489328 
task80
4.474188 4.490767 
task71
4.474189 4.506546 
task68
4.474272 4.515815 
task77
4.474272 4.517205 
task70
4.943398 5.089629 
task72
4.943665 5.081403 
task81
4.943718 4.967866 
task78
4.943718 5.068627 
task79
5.455003 5.456917 
