0
0.000000 1000000.000000 999488.000000 999426.000000 999937.000000 1000000.000000 999998.000000 999997.000000 1000000.000000 1000000.000000 999988.000000 1000000.000000 1000000.000000 999937.000000 999997.000000 999997.000000 1000000.000000 1000000.000000 1000000.000000 1000000.000000 1000000.000000 999992.000000 1000000.000000 1000000.000000 999973.000000 999953.000000 999986.000000 1000000.000000 1000000.000000 1000000.000000 1000000.000000 999996.000000 999996.000000 1000000.000000 1000000.000000 999993.000000 999993.000000 1000000.000000 1000000.000000 1000000.000000 999992.000000 1000000.000000 999999.000000 1000000.000000 1000000.000000 999985.000000 999985.000000 999985.000000 999999.000000 999997.000000 999999.000000 999999.000000 999998.000000 999994.000000 1000000.000000 1000000.000000 1000000.000000 1000000.000000 999974.000000 999990.000000 999987.000000 
1
0.000000 33792.000000 369666.000000 697346.000000 999937.000000 1000000.000000 999945.000000 1000000.000000 1000000.000000 999996.000000 999988.000000 1000000.000000 1000000.000000 992064.000000 993537.000000 999986.000000 1000000.000000 999992.000000 1000000.000000 1000000.000000 1000000.000000 1000000.000000 1000000.000000 1000000.000000 999981.000000 999999.000000 999984.000000 1000000.000000 1000000.000000 999992.000000 999996.000000 999996.000000 1000000.000000 1000000.000000 1000000.000000 1000000.000000 999997.000000 1000000.000000 1000000.000000 1000000.000000 999996.000000 1000000.000000 999999.000000 1000000.000000 1000000.000000 1000000.000000 1000000.000000 1000000.000000 1000000.000000 1000000.000000 1000000.000000 1000000.000000 0.000000 0.000000 0.000000 1000000.000000 1000000.000000 999996.000000 999960.000000 999960.000000 999989.000000 
2
0.000000 33792.000000 388098.000000 715778.000000 1000000.000000 1000000.000000 999990.000000 999992.000000 1000000.000000 1000000.000000 999996.000000 1000000.000000 1000000.000000 999961.000000 999993.000000 999986.000000 1000000.000000 999993.000000 999992.000000 1000000.000000 1000000.000000 999976.000000 1000000.000000 1000000.000000 995585.000000 998921.000000 1000000.000000 1000000.000000 1000000.000000 999991.000000 999997.000000 999988.000000 1000000.000000 1000000.000000 1000000.000000 999987.000000 999993.000000 1000000.000000 1000000.000000 1000000.000000 1000000.000000 1000000.000000 999999.000000 1000000.000000 1000000.000000 1000000.000000 999998.000000 1000000.000000 1000000.000000 999999.000000 1000000.000000 1000000.000000 0.000000 0.000000 0.000000 1000000.000000 1000000.000000 999945.000000 999946.000000 999920.000000 999993.000000 
3
0.000000 33792.000000 388098.000000 715778.000000 1000000.000000 1000000.000000 999958.000000 999976.000000 1000000.000000 1000000.000000 1000000.000000 1000000.000000 1000000.000000 999973.000000 999973.000000 999986.000000 1000000.000000 999992.000000 999992.000000 1000000.000000 1000000.000000 999976.000000 1000000.000000 1000000.000000 999981.000000 999965.000000 999986.000000 1000000.000000 1000000.000000 999989.000000 1000000.000000 999984.000000 999992.000000 1000000.000000 1000000.000000 999981.000000 999993.000000 1000000.000000 1000000.000000 1000000.000000 999996.000000 1000000.000000 999999.000000 1000000.000000 1000000.000000 1000000.000000 1000000.000000 999999.000000 999999.000000 999991.000000 999996.000000 1000000.000000 0.000000 0.000000 0.000000 1000000.000000 1000000.000000 999958.000000 999960.000000 999960.000000 999986.000000 
4
0.000000 33792.000000 369986.000000 697666.000000 999937.000000 1000000.000000 999999.000000 1000000.000000 1000000.000000 1000000.000000 999996.000000 1000000.000000 1000000.000000 999997.000000 1000000.000000 999953.000000 1000000.000000 999996.000000 999992.000000 1000000.000000 1000000.000000 999976.000000 1000000.000000 1000000.000000 999993.000000 999969.000000 999986.000000 1000000.000000 1000000.000000 999992.000000 1000000.000000 999976.000000 1000000.000000 1000000.000000 1000000.000000 999993.000000 999953.000000 1000000.000000 1000000.000000 1000000.000000 1000000.000000 1000000.000000 999999.000000 1000000.000000 1000000.000000 1000000.000000 1000000.000000 1000000.000000 1000000.000000 999991.000000 999999.000000 1000000.000000 0.000000 0.000000 0.000000 1000000.000000 1000000.000000 999958.000000 999960.000000 999960.000000 999990.000000 
5
0.000000 33792.000000 369666.000000 697346.000000 999937.000000 1000000.000000 999999.000000 999992.000000 1000000.000000 1000000.000000 999988.000000 1000000.000000 1000000.000000 999981.000000 999997.000000 999945.000000 1000000.000000 999992.000000 999992.000000 1000000.000000 1000000.000000 999976.000000 1000000.000000 1000000.000000 999941.000000 999993.000000 999997.000000 1000000.000000 1000000.000000 999992.000000 1000000.000000 999992.000000 1000000.000000 1000000.000000 1000000.000000 999953.000000 999965.000000 1000000.000000 1000000.000000 1000000.000000 1000000.000000 1000000.000000 1000000.000000 1000000.000000 1000000.000000 1000000.000000 1000000.000000 1000000.000000 1000000.000000 999999.000000 999998.000000 1000000.000000 0.000000 0.000000 0.000000 1000000.000000 1000000.000000 999945.000000 999958.000000 999960.000000 999989.000000 
6
0.000000 33792.000000 369665.000000 697345.000000 999937.000000 1000000.000000 999991.000000 999992.000000 1000000.000000 1000000.000000 999992.000000 1000000.000000 1000000.000000 999995.000000 999999.000000 999905.000000 1000000.000000 1000000.000000 999992.000000 1000000.000000 1000000.000000 999976.000000 1000000.000000 1000000.000000 999985.000000 999999.000000 999986.000000 1000000.000000 1000000.000000 999976.000000 1000000.000000 999992.000000 1000000.000000 1000000.000000 1000000.000000 1000000.000000 999980.000000 1000000.000000 1000000.000000 1000000.000000 1000000.000000 1000000.000000 999999.000000 1000000.000000 1000000.000000 1000000.000000 999999.000000 999999.000000 999999.000000 999989.000000 999999.000000 1000000.000000 0.000000 0.000000 0.000000 1000000.000000 1000000.000000 999945.000000 999960.000000 999989.000000 999988.000000 
7
0.000000 33792.000000 369665.000000 697345.000000 999937.000000 1000000.000000 999999.000000 999992.000000 1000000.000000 1000000.000000 999980.000000 1000000.000000 1000000.000000 999940.000000 1000000.000000 999986.000000 1000000.000000 1000000.000000 999992.000000 1000000.000000 1000000.000000 999976.000000 1000000.000000 1000000.000000 999980.000000 999984.000000 999986.000000 1000000.000000 1000000.000000 999992.000000 1000000.000000 999988.000000 999996.000000 1000000.000000 1000000.000000 999937.000000 999973.000000 1000000.000000 1000000.000000 1000000.000000 999996.000000 1000000.000000 999999.000000 1000000.000000 1000000.000000 1000000.000000 1000000.000000 1000000.000000 1000000.000000 999972.000000 999982.000000 1000000.000000 0.000000 0.000000 0.000000 1000000.000000 1000000.000000 999894.000000 999959.000000 999960.000000 999995.000000 
