0
0.000000 172288.000000 104448.000000 43008.000000 1536.000000 2196.000000 20332.000000 20474.000000 10097.000000 40320.000000 26112.000000 6912.000000 172288.000000 110592.000000 43008.000000 9216.000000 10646.000000 30844.000000 26565.000000 7322.000000 42624.000000 31744.000000 12100.000000 153856.000000 92160.000000 24576.000000 0.000000 43368.000000 16736.000000 22350.000000 20096.000000 30784.000000 19584.000000 2400.000000 141568.000000 79872.000000 12289.000000 0.000000 28168.000000 5912.000000 44120.000000 5488.000000 47496.000000 45521.000000 47148.000000 294164.000000 232534.000000 165784.000000 103881.000000 39369.000000 293541.000000 228509.000000 165153.000000 100580.000000 39132.000000 20511.000000 15496.000000 168416.000000 106256.000000 46984.000000 22612.000000 
1
0.000000 172288.000000 104448.000000 43008.000000 1536.000000 3096.000000 14536.000000 17189.000000 11033.000000 41344.000000 25216.000000 6912.000000 172288.000000 110592.000000 43008.000000 9728.000000 10646.000000 30648.000000 26565.000000 5392.000000 42624.000000 29376.000000 12100.000000 153856.000000 92160.000000 24576.000000 0.000000 43368.000000 17320.000000 22268.000000 20096.000000 30784.000000 19584.000000 2352.000000 141568.000000 79872.000000 12288.000000 0.000000 28168.000000 5912.000000 43913.000000 5505.000000 48432.000000 43980.000000 46404.000000 295781.000000 233270.000000 169404.000000 103467.000000 41771.000000 294585.000000 229553.000000 165299.000000 101590.000000 36774.000000 26458.000000 15496.000000 172020.000000 106256.000000 46984.000000 22372.000000 
2
0.000000 172032.000000 104448.000000 43008.000000 1536.000000 1150.000000 14378.000000 13522.000000 10169.000000 40320.000000 26112.000000 6912.000000 172032.000000 110592.000000 43008.000000 9216.000000 9600.000000 30598.000000 26000.000000 6861.000000 42624.000000 29376.000000 11528.000000 153600.000000 92160.000000 24576.000000 0.000000 50674.000000 17354.000000 22306.000000 20096.000000 30784.000000 19584.000000 2400.000000 141312.000000 79872.000000 12288.000000 0.000000 35514.000000 4472.000000 46237.000000 7968.000000 48156.000000 45344.000000 46404.000000 295117.000000 230056.000000 167484.000000 103401.000000 38889.000000 292520.000000 229864.000000 166753.000000 98420.000000 35548.000000 24580.000000 14800.000000 179136.000000 111552.000000 46984.000000 31368.000000 
3
0.000000 172032.000000 104448.000000 43008.000000 2048.000000 1150.000000 7484.000000 18632.000000 10169.000000 38976.000000 26112.000000 6912.000000 172032.000000 110592.000000 43008.000000 9728.000000 9600.000000 25320.000000 15558.000000 7537.000000 40256.000000 28480.000000 12672.000000 153600.000000 92160.000000 24576.000000 0.000000 45632.000000 18176.000000 22254.000000 19736.000000 30784.000000 16320.000000 2400.000000 141312.000000 79872.000000 12288.000000 0.000000 30396.000000 5720.000000 45877.000000 5914.000000 48016.000000 43800.000000 59282.000000 295647.000000 231969.000000 166833.000000 103513.000000 42073.000000 293715.000000 227259.000000 169507.000000 99424.000000 36768.000000 26458.000000 14800.000000 171858.000000 106349.000000 40840.000000 31996.000000 
4
0.000000 172288.000000 104448.000000 43008.000000 2048.000000 0.000000 7484.000000 17088.000000 9377.000000 34240.000000 22848.000000 8064.000000 172291.000000 110594.000000 43008.000000 9216.000000 0.000000 26166.000000 31600.000000 9033.000000 42304.000000 31744.000000 11520.000000 153856.000000 92160.000000 24576.000000 0.000000 43058.000000 15200.000000 22268.000000 19072.000000 30784.000000 19584.000000 3072.000000 141569.000000 79872.000000 12289.000000 0.000000 32899.000000 1536.000000 46909.000000 12418.000000 48196.000000 45521.000000 46976.000000 279168.000000 215478.000000 154666.000000 88052.000000 22644.000000 54952.000000 0.000000 0.000000 0.000000 0.000000 30725.000000 0.000000 166848.000000 103716.000000 40840.000000 19346.000000 
5
0.000000 172288.000000 104448.000000 43008.000000 1536.000000 0.000000 11168.000000 12179.000000 10169.000000 37952.000000 26112.000000 6340.000000 178176.000000 116736.000000 49152.000000 9216.000000 0.000000 26852.000000 17488.000000 7465.000000 39936.000000 31744.000000 12672.000000 153856.000000 92160.000000 24576.000000 0.000000 43059.000000 13314.000000 22306.000000 19072.000000 30784.000000 19584.000000 2592.000000 141569.000000 79872.000000 12288.000000 0.000000 30378.000000 1536.000000 48065.000000 11638.000000 48432.000000 43980.000000 45730.000000 279826.000000 215634.000000 156649.000000 89113.000000 24617.000000 53481.000000 0.000000 0.000000 0.000000 0.000000 25965.000000 0.000000 174275.000000 106289.000000 40840.000000 18368.000000 
6
0.000000 172032.000000 104448.000000 43008.000000 2048.000000 0.000000 11538.000000 17093.000000 7999.000000 36608.000000 26112.000000 7492.000000 178176.000000 116736.000000 49152.000000 9728.000000 0.000000 25098.000000 20000.000000 8141.000000 39936.000000 29376.000000 12672.000000 153600.000000 92160.000000 24576.000000 0.000000 45596.000000 15358.000000 22350.000000 19072.000000 30784.000000 19584.000000 2592.000000 141313.000000 79872.000000 12288.000000 0.000000 30378.000000 672.000000 46627.000000 10933.000000 48156.000000 43800.000000 45354.000000 280032.000000 217040.000000 152160.000000 90745.000000 22633.000000 54261.000000 0.000000 0.000000 0.000000 0.000000 26656.000000 0.000000 177879.000000 113869.000000 46984.000000 16760.000000 
7
0.000000 172032.000000 104448.000000 43008.000000 1024.000000 0.000000 11696.000000 15639.000000 10097.000000 36608.000000 26112.000000 7492.000000 178176.000000 116736.000000 49152.000000 9216.000000 0.000000 27542.000000 31600.000000 7853.000000 41280.000000 29376.000000 12672.000000 153600.000000 92160.000000 24576.000000 0.000000 50636.000000 12360.000000 22254.000000 18712.000000 30784.000000 19584.000000 2352.000000 141313.000000 79872.000000 12288.000000 0.000000 35476.000000 96.000000 46454.000000 12108.000000 47856.000000 45520.000000 46404.000000 280351.000000 218296.000000 153477.000000 91137.000000 24641.000000 53941.000000 0.000000 0.000000 0.000000 0.000000 32110.000000 0.000000 168384.000000 108826.000000 40840.000000 18910.000000 
8
0.000000 172288.000000 104448.000000 43008.000000 2048.000000 0.000000 8856.000000 9558.000000 8143.000000 36608.000000 26112.000000 7492.000000 172288.000000 110592.000000 43008.000000 9728.000000 0.000000 28278.000000 27144.000000 6645.000000 42624.000000 31744.000000 14404.000000 161861.000000 98117.000000 36864.000000 0.000000 43058.000000 15200.000000 20982.000000 19072.000000 30784.000000 22848.000000 2832.000000 141569.000000 79872.000000 12289.000000 0.000000 32899.000000 5912.000000 47008.000000 13456.000000 46236.000000 45345.000000 50526.000000 287915.000000 226375.000000 161940.000000 99168.000000 34656.000000 57647.000000 0.000000 0.000000 0.000000 0.000000 19819.000000 10213.000000 178358.000000 114360.000000 53128.000000 18184.000000 
9
0.000000 172288.000000 104448.000000 43008.000000 2048.000000 0.000000 11010.000000 9365.000000 8143.000000 36608.000000 26112.000000 7492.000000 172288.000000 110592.000000 43008.000000 9728.000000 0.000000 27566.000000 27144.000000 7105.000000 42624.000000 29376.000000 13824.000000 160001.000000 98305.000000 30720.000000 29.000000 43059.000000 13026.000000 20982.000000 19072.000000 30784.000000 19584.000000 2640.000000 141569.000000 79872.000000 12288.000000 0.000000 27899.000000 4472.000000 46267.000000 11504.000000 46852.000000 40712.000000 50526.000000 288649.000000 224633.000000 158390.000000 94425.000000 32985.000000 56239.000000 0.000000 0.000000 0.000000 0.000000 19819.000000 0.000000 174172.000000 111296.000000 40840.000000 23144.000000 
10
0.000000 172032.000000 104448.000000 43008.000000 2048.000000 0.000000 11010.000000 7337.000000 9377.000000 34240.000000 26112.000000 6340.000000 172032.000000 110592.000000 43008.000000 9728.000000 0.000000 27340.000000 26000.000000 8285.000000 42624.000000 29376.000000 12672.000000 165888.000000 104448.000000 36864.000000 0.000000 45596.000000 12518.000000 19544.000000 19072.000000 30784.000000 19584.000000 3024.000000 141313.000000 79872.000000 12288.000000 0.000000 30436.000000 2784.000000 46325.000000 12030.000000 45692.000000 43800.000000 49946.000000 287519.000000 227092.000000 166363.000000 93972.000000 35604.000000 56186.000000 0.000000 0.000000 0.000000 0.000000 19819.000000 0.000000 171928.000000 106256.000000 40840.000000 23912.000000 
11
0.000000 172032.000000 104448.000000 43008.000000 1536.000000 0.000000 8856.000000 6951.000000 9377.000000 35584.000000 22848.000000 8064.000000 172032.000000 110592.000000 43008.000000 9728.000000 0.000000 28598.000000 26000.000000 5752.000000 41280.000000 28480.000000 11520.000000 159745.000000 98305.000000 30720.000000 0.000000 50636.000000 12360.000000 21624.000000 18712.000000 30784.000000 19584.000000 2832.000000 141313.000000 79872.000000 12288.000000 0.000000 35476.000000 2208.000000 48073.000000 11995.000000 44612.000000 45344.000000 51012.000000 286953.000000 224809.000000 158086.000000 95385.000000 33945.000000 54778.000000 0.000000 0.000000 0.000000 0.000000 19819.000000 0.000000 171822.000000 106331.000000 40840.000000 29390.000000 
12
0.000000 172288.000000 104448.000000 43008.000000 1536.000000 0.000000 9014.000000 6565.000000 9377.000000 36608.000000 26112.000000 7492.000000 172288.000000 110592.000000 43008.000000 9728.000000 0.000000 28278.000000 27144.000000 7249.000000 42624.000000 31744.000000 12672.000000 153856.000000 92160.000000 24576.000000 0.000000 43058.000000 17320.000000 22844.000000 19072.000000 30784.000000 19584.000000 2160.000000 141568.000000 79872.000000 12289.000000 0.000000 32899.000000 1152.000000 39297.000000 11929.000000 48196.000000 47064.000000 45738.000000 285568.000000 220909.000000 157265.000000 90651.000000 28251.000000 54889.000000 0.000000 0.000000 0.000000 0.000000 19819.000000 0.000000 168284.000000 103716.000000 40840.000000 19562.000000 
13
0.000000 172288.000000 104448.000000 43008.000000 1536.000000 0.000000 7642.000000 8786.000000 9377.000000 36608.000000 26112.000000 7492.000000 172288.000000 110592.000000 43008.000000 9728.000000 0.000000 27566.000000 26000.000000 5752.000000 42624.000000 29376.000000 12672.000000 153856.000000 92160.000000 24576.000000 0.000000 43059.000000 17354.000000 22844.000000 19072.000000 30784.000000 19584.000000 1920.000000 141568.000000 79872.000000 12288.000000 0.000000 30378.000000 1056.000000 45367.000000 11300.000000 47664.000000 43980.000000 45730.000000 285301.000000 222213.000000 162327.000000 95161.000000 27321.000000 54261.000000 0.000000 0.000000 0.000000 0.000000 19819.000000 0.000000 171735.000000 106289.000000 40840.000000 18368.000000 
14
0.000000 172032.000000 104448.000000 43008.000000 2048.000000 0.000000 10482.000000 9751.000000 8143.000000 34240.000000 26112.000000 5760.000000 172032.000000 110592.000000 43008.000000 9728.000000 0.000000 27340.000000 26000.000000 7322.000000 41280.000000 28480.000000 12672.000000 153600.000000 92160.000000 24576.000000 0.000000 45596.000000 16256.000000 22830.000000 20096.000000 30784.000000 19584.000000 1920.000000 141312.000000 79872.000000 12288.000000 0.000000 30378.000000 192.000000 47517.000000 11814.000000 48156.000000 43800.000000 45926.000000 285839.000000 223055.000000 159404.000000 96824.000000 28280.000000 54421.000000 0.000000 0.000000 0.000000 0.000000 19819.000000 0.000000 177879.000000 113869.000000 46984.000000 16544.000000 
15
0.000000 172032.000000 104448.000000 43008.000000 1536.000000 0.000000 7642.000000 8302.000000 8143.000000 35584.000000 22848.000000 6912.000000 172032.000000 110592.000000 43008.000000 9216.000000 0.000000 28598.000000 27144.000000 7537.000000 40256.000000 28480.000000 11520.000000 153600.000000 92160.000000 24576.000000 0.000000 50636.000000 16256.000000 22830.000000 19736.000000 30784.000000 16320.000000 2160.000000 141312.000000 79872.000000 12288.000000 0.000000 35476.000000 8800.000000 48050.000000 13413.000000 48016.000000 43800.000000 45730.000000 285307.000000 222219.000000 158799.000000 95161.000000 33465.000000 54951.000000 0.000000 0.000000 0.000000 0.000000 13674.000000 0.000000 168384.000000 108826.000000 40840.000000 18910.000000 
16
0.000000 172288.000000 104448.000000 43008.000000 2048.000000 0.000000 13322.000000 9558.000000 8143.000000 36608.000000 26112.000000 6912.000000 172288.000000 110592.000000 43008.000000 9216.000000 0.000000 28278.000000 27144.000000 7465.000000 42304.000000 31744.000000 11520.000000 153856.000000 92160.000000 24576.000000 0.000000 43058.000000 17320.000000 22844.000000 20096.000000 30784.000000 19584.000000 2400.000000 141568.000000 79872.000000 12289.000000 0.000000 32899.000000 5912.000000 44791.000000 5684.000000 47664.000000 43801.000000 46506.000000 285840.000000 222816.000000 158470.000000 96585.000000 28281.000000 54380.000000 0.000000 0.000000 0.000000 0.000000 25964.000000 0.000000 166848.000000 103716.000000 40840.000000 19346.000000 
17
0.000000 172288.000000 104448.000000 43008.000000 1536.000000 0.000000 9542.000000 9365.000000 8143.000000 36608.000000 26112.000000 7493.000000 172288.000000 110592.000000 43008.000000 9216.000000 0.000000 27566.000000 26000.000000 6717.000000 39936.000000 28480.000000 12672.000000 153856.000000 92160.000000 24576.000000 0.000000 43059.000000 17354.000000 22844.000000 19072.000000 30784.000000 19584.000000 2160.000000 141568.000000 79872.000000 12288.000000 0.000000 30378.000000 4472.000000 45417.000000 5509.000000 48016.000000 45520.000000 46302.000000 285567.000000 220925.000000 158689.000000 90667.000000 28251.000000 54099.000000 0.000000 0.000000 0.000000 0.000000 25964.000000 0.000000 171735.000000 106289.000000 40840.000000 18656.000000 
18
0.000000 172032.000000 104448.000000 43008.000000 2048.000000 0.000000 11696.000000 11295.000000 9377.000000 34240.000000 22848.000000 6912.000000 172032.000000 110592.000000 43008.000000 9216.000000 0.000000 27244.000000 26000.000000 7465.000000 39936.000000 29376.000000 12672.000000 153600.000000 92160.000000 24576.000000 0.000000 45596.000000 16256.000000 22830.000000 20096.000000 30784.000000 19584.000000 2352.000000 141312.000000 79872.000000 12288.000000 0.000000 30378.000000 2400.000000 45343.000000 5488.000000 47568.000000 43800.000000 46302.000000 285205.000000 220469.000000 160343.000000 95161.000000 33465.000000 54099.000000 0.000000 0.000000 0.000000 0.000000 25964.000000 0.000000 177879.000000 113869.000000 46984.000000 16760.000000 
19
0.000000 172032.000000 104448.000000 43008.000000 1536.000000 0.000000 11538.000000 7530.000000 9377.000000 35584.000000 26112.000000 6912.000000 172032.000000 110592.000000 43008.000000 9216.000000 0.000000 28598.000000 27144.000000 6357.000000 41280.000000 29376.000000 12672.000000 153600.000000 92160.000000 24576.000000 0.000000 50636.000000 16256.000000 22830.000000 19736.000000 30784.000000 16320.000000 2400.000000 141312.000000 79872.000000 12288.000000 0.000000 35476.000000 1824.000000 43904.000000 7968.000000 47136.000000 43800.000000 45918.000000 285307.000000 222219.000000 158799.000000 95161.000000 33465.000000 53563.000000 0.000000 0.000000 0.000000 0.000000 19819.000000 0.000000 171988.000000 106286.000000 40840.000000 19198.000000 
20
0.000000 172288.000000 104448.000000 43008.000000 2048.000000 0.000000 10482.000000 17486.000000 10025.000000 38976.000000 26112.000000 8064.000000 172288.000000 110592.000000 43008.000000 9216.000000 0.000000 28278.000000 27144.000000 6645.000000 44672.000000 34112.000000 12672.000000 153856.000000 92160.000000 24576.000000 0.000000 43058.000000 15200.000000 22844.000000 19072.000000 30784.000000 19584.000000 3072.000000 141568.000000 79872.000000 12289.000000 0.000000 27898.000000 960.000000 48718.000000 11523.000000 48196.000000 42080.000000 55244.000000 288350.000000 223762.000000 160591.000000 96169.000000 34729.000000 55782.000000 0.000000 0.000000 0.000000 0.000000 19819.000000 0.000000 166848.000000 103716.000000 40840.000000 19778.000000 
21
0.000000 172288.000000 104448.000000 43008.000000 2048.000000 0.000000 9542.000000 16509.000000 10169.000000 37952.000000 26112.000000 7492.000000 172288.000000 110592.000000 43008.000000 9728.000000 0.000000 26880.000000 27144.000000 7853.000000 44672.000000 30848.000000 11520.000000 153856.000000 92160.000000 24576.000000 0.000000 43059.000000 12834.000000 22830.000000 19072.000000 30784.000000 19584.000000 2880.000000 141568.000000 79872.000000 12288.000000 0.000000 30378.000000 960.000000 47443.000000 11124.000000 48208.000000 42976.000000 50338.000000 288478.000000 223890.000000 162270.000000 99241.000000 34729.000000 57190.000000 0.000000 0.000000 0.000000 0.000000 19819.000000 0.000000 174275.000000 106289.000000 40840.000000 19520.000000 
22
0.000000 172032.000000 104448.000000 43008.000000 1536.000000 0.000000 11696.000000 15829.000000 10169.000000 41344.000000 28480.000000 5760.000000 172032.000000 110592.000000 43008.000000 9728.000000 0.000000 27244.000000 26000.000000 6717.000000 44672.000000 30848.000000 12672.000000 153600.000000 92160.000000 24576.000000 0.000000 45596.000000 15358.000000 22844.000000 19072.000000 30784.000000 19584.000000 2832.000000 141312.000000 79872.000000 12288.000000 0.000000 30378.000000 96.000000 46309.000000 11636.000000 48156.000000 42256.000000 49758.000000 288133.000000 224901.000000 164062.000000 97129.000000 35689.000000 56535.000000 0.000000 0.000000 0.000000 0.000000 19819.000000 0.000000 177879.000000 113869.000000 46984.000000 19300.000000 
23
0.000000 172032.000000 104448.000000 43008.000000 1536.000000 0.000000 11538.000000 21892.000000 7927.000000 37952.000000 22848.000000 6340.000000 172032.000000 110592.000000 43008.000000 9728.000000 0.000000 28598.000000 26000.000000 7537.000000 43648.000000 31744.000000 12672.000000 153600.000000 92160.000000 24576.000000 0.000000 50636.000000 12360.000000 22830.000000 18712.000000 30784.000000 19584.000000 2832.000000 141312.000000 79872.000000 12288.000000 0.000000 35476.000000 8800.000000 47012.000000 11655.000000 50225.000000 44520.000000 51012.000000 287853.000000 224092.000000 159401.000000 96372.000000 34932.000000 56535.000000 0.000000 0.000000 0.000000 0.000000 19819.000000 0.000000 166948.000000 108826.000000 40840.000000 19774.000000 
24
0.000000 172288.000000 104448.000000 43008.000000 2048.000000 0.000000 10482.000000 9558.000000 7999.000000 36608.000000 26112.000000 6912.000000 172288.000000 110592.000000 43008.000000 9216.000000 0.000000 27592.000000 27144.000000 6501.000000 42304.000000 31744.000000 11520.000000 153856.000000 92160.000000 24576.000000 0.000000 43058.000000 15200.000000 20694.000000 19072.000000 30784.000000 22848.000000 2592.000000 141569.000000 79872.000000 12289.000000 0.000000 32899.000000 5912.000000 45419.000000 10920.000000 47664.000000 45345.000000 50064.000000 287481.000000 224249.000000 164329.000000 96793.000000 35353.000000 56239.000000 0.000000 0.000000 0.000000 0.000000 19819.000000 0.000000 166848.000000 103716.000000 40840.000000 19562.000000 
25
0.000000 172032.000000 104448.000000 43008.000000 1536.000000 0.000000 8856.000000 9365.000000 7999.000000 36608.000000 26112.000000 7492.000000 172288.000000 110592.000000 43008.000000 9216.000000 0.000000 26880.000000 26000.000000 6789.000000 39936.000000 28480.000000 12672.000000 153856.000000 92160.000000 24576.000000 0.000000 43059.000000 13218.000000 20252.000000 19072.000000 30784.000000 19584.000000 2592.000000 141313.000000 79872.000000 12288.000000 0.000000 30378.000000 4472.000000 46966.000000 12077.000000 48016.000000 43976.000000 50252.000000 287093.000000 223328.000000 159702.000000 95881.000000 34185.000000 56239.000000 0.000000 0.000000 0.000000 0.000000 19819.000000 0.000000 174275.000000 106289.000000 40840.000000 19136.000000 
26
0.000000 172032.000000 104448.000000 43008.000000 1536.000000 0.000000 8856.000000 7916.000000 7927.000000 34240.000000 22848.000000 6912.000000 172032.000000 110592.000000 43008.000000 9216.000000 0.000000 27148.000000 26000.000000 7322.000000 39936.000000 29376.000000 12672.000000 153600.000000 92160.000000 24576.000000 0.000000 45596.000000 12518.000000 21138.000000 19072.000000 30784.000000 19584.000000 2352.000000 141313.000000 79872.000000 12288.000000 0.000000 30378.000000 2784.000000 45079.000000 12479.000000 47568.000000 43800.000000 54258.000000 287198.000000 224873.000000 158585.000000 97497.000000 32985.000000 54778.000000 0.000000 0.000000 0.000000 0.000000 19819.000000 0.000000 174275.000000 113869.000000 46984.000000 19300.000000 
27
0.000000 172032.000000 104448.000000 43008.000000 1536.000000 0.000000 8698.000000 6951.000000 9377.000000 35584.000000 22848.000000 5760.000000 172032.000000 110592.000000 43008.000000 9216.000000 0.000000 28598.000000 27144.000000 6861.000000 41280.000000 29376.000000 12672.000000 153600.000000 92160.000000 24576.000000 0.000000 50636.000000 11832.000000 21144.000000 18712.000000 30784.000000 19584.000000 2880.000000 141313.000000 79872.000000 12288.000000 0.000000 35476.000000 2304.000000 47175.000000 11812.000000 48016.000000 45344.000000 50330.000000 287866.000000 223483.000000 160491.000000 96107.000000 34667.000000 56186.000000 0.000000 0.000000 0.000000 0.000000 13674.000000 0.000000 171988.000000 106286.000000 40840.000000 19870.000000 
28
0.000000 172288.000000 104448.000000 43008.000000 2048.000000 0.000000 10482.000000 17486.000000 10169.000000 36608.000000 26112.000000 7492.000000 172288.000000 110592.000000 43008.000000 9216.000000 0.000000 28278.000000 27144.000000 7609.000000 44672.000000 34112.000000 12672.000000 153856.000000 92160.000000 24576.000000 0.000000 43058.000000 15200.000000 21078.000000 19072.000000 30784.000000 22848.000000 16842.000000 158155.000000 92004.000000 30720.000000 0.000000 32899.000000 864.000000 49518.000000 11812.000000 47664.000000 45344.000000 53184.000000 286640.000000 223312.000000 158637.000000 95385.000000 33945.000000 54900.000000 0.000000 0.000000 0.000000 0.000000 19819.000000 0.000000 166848.000000 103716.000000 40840.000000 21440.000000 
29
0.000000 172032.000000 104448.000000 43008.000000 1536.000000 0.000000 9542.000000 16316.000000 9377.000000 34240.000000 26112.000000 6912.000000 172032.000000 110592.000000 43008.000000 9216.000000 0.000000 26880.000000 27144.000000 7322.000000 44672.000000 30848.000000 11520.000000 153600.000000 92160.000000 24576.000000 0.000000 45596.000000 12518.000000 19506.000000 19072.000000 30784.000000 19584.000000 3312.000000 148150.000000 86016.000000 18432.000000 0.000000 30378.000000 0.000000 48962.000000 11742.000000 48016.000000 43976.000000 48504.000000 287275.000000 224523.000000 161023.000000 96313.000000 28729.000000 53764.000000 0.000000 0.000000 0.000000 0.000000 19819.000000 0.000000 171735.000000 106289.000000 40840.000000 21056.000000 
30
0.000000 172032.000000 104448.000000 43008.000000 2048.000000 0.000000 11696.000000 15829.000000 7999.000000 35584.000000 22848.000000 6912.000000 172032.000000 110592.000000 43008.000000 9216.000000 0.000000 27244.000000 26000.000000 7997.000000 44672.000000 30848.000000 12672.000000 153600.000000 92160.000000 24576.000000 0.000000 50636.000000 11832.000000 20637.000000 19072.000000 30784.000000 19584.000000 3312.000000 147713.000000 86016.000000 18432.000000 0.000000 35476.000000 0.000000 47416.000000 11918.000000 47568.000000 43800.000000 48504.000000 285765.000000 222917.000000 161838.000000 94905.000000 33465.000000 55344.000000 0.000000 0.000000 0.000000 0.000000 19819.000000 0.000000 174275.000000 113869.000000 46984.000000 21532.000000 
31
0.000000 172032.000000 104448.000000 43008.000000 1536.000000 0.000000 11538.000000 17093.000000 10097.000000 36608.000000 22848.000000 6912.000000 172032.000000 110592.000000 43008.000000 9216.000000 0.000000 28598.000000 26000.000000 5392.000000 43648.000000 31744.000000 12672.000000 153600.000000 92160.000000 24576.000000 0.000000 43056.000000 13218.000000 21720.000000 18712.000000 30784.000000 19584.000000 3600.000000 147458.000000 86016.000000 18432.000000 0.000000 27838.000000 672.000000 41489.000000 11656.000000 48016.000000 46888.000000 48748.000000 285502.000000 224364.000000 160464.000000 96347.000000 28763.000000 54668.000000 0.000000 0.000000 0.000000 0.000000 13674.000000 0.000000 171988.000000 106286.000000 40840.000000 21712.000000 
