0
0.000000 8256.000000 0.000000 0.000000 27009.000000 144118.000000 6337.000000 4497.000000 11760.000000 768.000000 1536.000000 8308.000000 62663.000000 0.000000 0.000000 21249.000000 144118.000000 8274.000000 2560.000000 9088.000000 1152.000000 1536.000000 41844.000000 31755.000000 0.000000 0.000000 32001.000000 145078.000000 3858.000000 9488.000000 5376.000000 128.000000 1536.000000 40176.000000 30187.000000 0.000000 768.000000 35041.000000 140502.000000 3858.000000 13680.000000 19297.000000 2625.000000 43008.000000 49972.000000 54848.000000 0.000000 0.000000 0.000000 0.000000 42526.000000 0.000000 0.000000 0.000000 0.000000 35200.000000 265558.000000 12704.000000 0.000000 0.000000 9874.000000 
1
0.000000 8256.000000 0.000000 0.000000 27009.000000 144118.000000 6337.000000 4497.000000 11760.000000 768.000000 1536.000000 8308.000000 62663.000000 0.000000 0.000000 21249.000000 144118.000000 8274.000000 2560.000000 9088.000000 1152.000000 1536.000000 41844.000000 31755.000000 0.000000 0.000000 32001.000000 145078.000000 3858.000000 9488.000000 5376.000000 128.000000 1536.000000 40176.000000 30187.000000 0.000000 768.000000 35041.000000 140502.000000 3858.000000 13680.000000 19297.000000 2625.000000 43008.000000 49972.000000 54848.000000 0.000000 0.000000 0.000000 0.000000 42526.000000 0.000000 0.000000 0.000000 0.000000 35200.000000 265558.000000 12704.000000 0.000000 0.000000 9874.000000 
2
0.000000 8256.000000 0.000000 0.000000 27009.000000 144118.000000 6337.000000 4497.000000 11760.000000 768.000000 1536.000000 8308.000000 62663.000000 0.000000 0.000000 21249.000000 144118.000000 8274.000000 2560.000000 9088.000000 1152.000000 1536.000000 41844.000000 31755.000000 0.000000 0.000000 32001.000000 145078.000000 3858.000000 9488.000000 5376.000000 128.000000 1536.000000 40176.000000 30187.000000 0.000000 768.000000 35041.000000 140502.000000 3858.000000 13680.000000 19297.000000 2625.000000 43008.000000 49972.000000 54848.000000 0.000000 0.000000 0.000000 0.000000 42526.000000 0.000000 0.000000 0.000000 0.000000 35200.000000 265558.000000 12704.000000 0.000000 0.000000 9874.000000 
3
0.000000 8256.000000 0.000000 0.000000 27009.000000 144118.000000 6337.000000 4497.000000 11760.000000 768.000000 1536.000000 8308.000000 62663.000000 0.000000 0.000000 21249.000000 144118.000000 8274.000000 2560.000000 9088.000000 1152.000000 1536.000000 41844.000000 31755.000000 0.000000 0.000000 32001.000000 145078.000000 3858.000000 9488.000000 5376.000000 128.000000 1536.000000 40176.000000 30187.000000 0.000000 768.000000 35041.000000 140502.000000 3858.000000 13680.000000 19297.000000 2625.000000 43008.000000 49972.000000 54848.000000 0.000000 0.000000 0.000000 0.000000 42526.000000 0.000000 0.000000 0.000000 0.000000 35200.000000 265558.000000 12704.000000 0.000000 0.000000 9874.000000 
4
0.000000 42048.000000 0.000000 0.000000 27009.000000 234758.000000 13089.000000 4497.000000 11760.000000 768.000000 1536.000000 8180.000000 68095.000000 0.000000 0.000000 19585.000000 234758.000000 13090.000000 0.000000 11152.000000 1280.000000 1536.000000 41972.000000 33447.000000 0.000000 0.000000 31233.000000 240550.000000 5778.000000 5376.000000 4864.000000 128.000000 1536.000000 9748.000000 34203.000000 0.000000 1536.000000 23393.000000 235974.000000 5778.000000 13488.000000 19377.000000 2241.000000 43008.000000 57524.000000 54688.000000 0.000000 0.000000 0.000000 0.000000 32510.000000 6529.000000 0.000000 0.000000 0.000000 25271.000000 232294.000000 17472.000000 0.000000 0.000000 18049.000000 
5
0.000000 42048.000000 0.000000 0.000000 27009.000000 234758.000000 13089.000000 4497.000000 11760.000000 768.000000 1536.000000 8180.000000 68095.000000 0.000000 0.000000 19585.000000 234758.000000 13090.000000 0.000000 11152.000000 1280.000000 1536.000000 41972.000000 33447.000000 0.000000 0.000000 31233.000000 240550.000000 5778.000000 5376.000000 4864.000000 128.000000 1536.000000 9748.000000 34203.000000 0.000000 1536.000000 23393.000000 235974.000000 5778.000000 13488.000000 19377.000000 2241.000000 43008.000000 57524.000000 54688.000000 0.000000 0.000000 0.000000 0.000000 32510.000000 6529.000000 0.000000 0.000000 0.000000 25271.000000 232294.000000 17472.000000 0.000000 0.000000 18049.000000 
6
0.000000 42048.000000 0.000000 0.000000 27009.000000 234758.000000 13089.000000 4497.000000 11760.000000 768.000000 1536.000000 8180.000000 68095.000000 0.000000 0.000000 19585.000000 234758.000000 13090.000000 0.000000 11152.000000 1280.000000 1536.000000 41972.000000 33447.000000 0.000000 0.000000 31233.000000 240550.000000 5778.000000 5376.000000 4864.000000 128.000000 1536.000000 9748.000000 34203.000000 0.000000 1536.000000 23393.000000 235974.000000 5778.000000 13488.000000 19377.000000 2241.000000 43008.000000 57524.000000 54688.000000 0.000000 0.000000 0.000000 0.000000 32510.000000 6529.000000 0.000000 0.000000 0.000000 25271.000000 232294.000000 17472.000000 0.000000 0.000000 18049.000000 
7
0.000000 42048.000000 0.000000 0.000000 27009.000000 234758.000000 13089.000000 4497.000000 11760.000000 768.000000 1536.000000 8180.000000 68095.000000 0.000000 0.000000 19585.000000 234758.000000 13090.000000 0.000000 11152.000000 1280.000000 1536.000000 41972.000000 33447.000000 0.000000 0.000000 31233.000000 240550.000000 5778.000000 5376.000000 4864.000000 128.000000 1536.000000 9748.000000 34203.000000 0.000000 1536.000000 23393.000000 235974.000000 5778.000000 13488.000000 19377.000000 2241.000000 43008.000000 57524.000000 54688.000000 0.000000 0.000000 0.000000 0.000000 32510.000000 6529.000000 0.000000 0.000000 0.000000 25271.000000 232294.000000 17472.000000 0.000000 0.000000 18049.000000 
8
0.000000 42048.000000 0.000000 0.000000 27009.000000 231302.000000 11169.000000 4481.000000 11568.000000 768.000000 1536.000000 6612.000000 71695.000000 0.000000 0.000000 28545.000000 234758.000000 15026.000000 2560.000000 9488.000000 1280.000000 0.000000 6548.000000 37903.000000 0.000000 0.000000 32001.000000 240550.000000 5778.000000 9488.000000 5248.000000 0.000000 0.000000 40180.000000 36363.000000 0.000000 1536.000000 35041.000000 235974.000000 5778.000000 13616.000000 19377.000000 2625.000000 43008.000000 57172.000000 54752.000000 0.000000 0.000000 0.000000 0.000000 42910.000000 6529.000000 0.000000 0.000000 0.000000 28727.000000 265702.000000 18096.000000 0.000000 0.000000 18066.000000 
9
0.000000 42048.000000 0.000000 0.000000 27009.000000 231302.000000 11169.000000 4481.000000 11568.000000 768.000000 1536.000000 6612.000000 71695.000000 0.000000 0.000000 28545.000000 234758.000000 15026.000000 2560.000000 9488.000000 1280.000000 0.000000 6548.000000 37903.000000 0.000000 0.000000 32001.000000 240550.000000 5778.000000 9488.000000 5248.000000 0.000000 0.000000 40180.000000 36363.000000 0.000000 1536.000000 35041.000000 235974.000000 5778.000000 13616.000000 19377.000000 2625.000000 43008.000000 57172.000000 54752.000000 0.000000 0.000000 0.000000 0.000000 42910.000000 6529.000000 0.000000 0.000000 0.000000 28727.000000 265702.000000 18096.000000 0.000000 0.000000 18066.000000 
10
0.000000 42048.000000 0.000000 0.000000 27009.000000 231302.000000 11169.000000 4481.000000 11568.000000 768.000000 1536.000000 6612.000000 71695.000000 0.000000 0.000000 28545.000000 234758.000000 15026.000000 2560.000000 9488.000000 1280.000000 0.000000 6548.000000 37903.000000 0.000000 0.000000 32001.000000 240550.000000 5778.000000 9488.000000 5248.000000 0.000000 0.000000 40180.000000 36363.000000 0.000000 1536.000000 35041.000000 235974.000000 5778.000000 13616.000000 19377.000000 2625.000000 43008.000000 57172.000000 54752.000000 0.000000 0.000000 0.000000 0.000000 42910.000000 6529.000000 0.000000 0.000000 0.000000 28727.000000 265702.000000 18096.000000 0.000000 0.000000 18066.000000 
11
0.000000 42048.000000 0.000000 0.000000 27009.000000 231302.000000 11169.000000 4481.000000 11568.000000 768.000000 1536.000000 6612.000000 71695.000000 0.000000 0.000000 28545.000000 234758.000000 15026.000000 2560.000000 9488.000000 1280.000000 0.000000 6548.000000 37903.000000 0.000000 0.000000 32001.000000 240550.000000 5778.000000 9488.000000 5248.000000 0.000000 0.000000 40180.000000 36363.000000 0.000000 1536.000000 35041.000000 235974.000000 5778.000000 13616.000000 19377.000000 2625.000000 43008.000000 57172.000000 54752.000000 0.000000 0.000000 0.000000 0.000000 42910.000000 6529.000000 0.000000 0.000000 0.000000 28727.000000 265702.000000 18096.000000 0.000000 0.000000 18066.000000 
12
0.000000 42048.000000 0.000000 0.000000 27009.000000 235046.000000 13089.000000 3985.000000 9392.000000 768.000000 1536.000000 8052.000000 69531.000000 0.000000 0.000000 28545.000000 235046.000000 15026.000000 2560.000000 11152.000000 1280.000000 1536.000000 40304.000000 34303.000000 0.000000 0.000000 31233.000000 240838.000000 5778.000000 9488.000000 5376.000000 128.000000 1536.000000 43636.000000 31279.000000 0.000000 768.000000 35041.000000 236262.000000 5778.000000 11760.000000 18865.000000 2113.000000 43008.000000 57396.000000 54752.000000 0.000000 0.000000 0.000000 0.000000 40662.000000 6529.000000 0.000000 0.000000 0.000000 28727.000000 265126.000000 17472.000000 0.000000 0.000000 18066.000000 
13
0.000000 42048.000000 0.000000 0.000000 27009.000000 235046.000000 13089.000000 3985.000000 9392.000000 768.000000 1536.000000 8052.000000 69531.000000 0.000000 0.000000 28545.000000 235046.000000 15026.000000 2560.000000 11152.000000 1280.000000 1536.000000 40304.000000 34303.000000 0.000000 0.000000 31233.000000 240838.000000 5778.000000 9488.000000 5376.000000 128.000000 1536.000000 43636.000000 31279.000000 0.000000 768.000000 35041.000000 236262.000000 5778.000000 11760.000000 18865.000000 2113.000000 43008.000000 57396.000000 54752.000000 0.000000 0.000000 0.000000 0.000000 40662.000000 6529.000000 0.000000 0.000000 0.000000 28727.000000 265126.000000 17472.000000 0.000000 0.000000 18066.000000 
14
0.000000 42048.000000 0.000000 0.000000 27009.000000 235046.000000 13089.000000 3985.000000 9392.000000 768.000000 1536.000000 8052.000000 69531.000000 0.000000 0.000000 28545.000000 235046.000000 15026.000000 2560.000000 11152.000000 1280.000000 1536.000000 40304.000000 34303.000000 0.000000 0.000000 31233.000000 240838.000000 5778.000000 9488.000000 5376.000000 128.000000 1536.000000 43636.000000 31279.000000 0.000000 768.000000 35041.000000 236262.000000 5778.000000 11760.000000 18865.000000 2113.000000 43008.000000 57396.000000 54752.000000 0.000000 0.000000 0.000000 0.000000 40662.000000 6529.000000 0.000000 0.000000 0.000000 28727.000000 265126.000000 17472.000000 0.000000 0.000000 18066.000000 
15
0.000000 42048.000000 0.000000 0.000000 27009.000000 235046.000000 13089.000000 3985.000000 9392.000000 768.000000 1536.000000 8052.000000 69531.000000 0.000000 0.000000 28545.000000 235046.000000 15026.000000 2560.000000 11152.000000 1280.000000 1536.000000 40304.000000 34303.000000 0.000000 0.000000 31233.000000 240838.000000 5778.000000 9488.000000 5376.000000 128.000000 1536.000000 43636.000000 31279.000000 0.000000 768.000000 35041.000000 236262.000000 5778.000000 11760.000000 18865.000000 2113.000000 43008.000000 57396.000000 54752.000000 0.000000 0.000000 0.000000 0.000000 40662.000000 6529.000000 0.000000 0.000000 0.000000 28727.000000 265126.000000 17472.000000 0.000000 0.000000 18066.000000 
16
0.000000 42048.000000 0.000000 0.000000 27009.000000 144710.000000 13089.000000 4497.000000 11056.000000 768.000000 1536.000000 8180.000000 36363.000000 0.000000 0.000000 28545.000000 141254.000000 15026.000000 2560.000000 11152.000000 768.000000 1536.000000 41940.000000 37899.000000 0.000000 0.000000 32001.000000 147046.000000 5778.000000 9488.000000 4352.000000 128.000000 1536.000000 43604.000000 36363.000000 0.000000 1536.000000 35041.000000 145926.000000 5778.000000 12176.000000 19169.000000 2497.000000 36864.000000 57428.000000 48608.000000 0.000000 0.000000 0.000000 0.000000 42142.000000 6529.000000 0.000000 0.000000 0.000000 28727.000000 265126.000000 17472.000000 0.000000 0.000000 18066.000000 
17
0.000000 42048.000000 0.000000 0.000000 27009.000000 144710.000000 13089.000000 4497.000000 11056.000000 768.000000 1536.000000 8180.000000 36363.000000 0.000000 0.000000 28545.000000 141254.000000 15026.000000 2560.000000 11152.000000 768.000000 1536.000000 41940.000000 37899.000000 0.000000 0.000000 32001.000000 147046.000000 5778.000000 9488.000000 4352.000000 128.000000 1536.000000 43604.000000 36363.000000 0.000000 1536.000000 35041.000000 145926.000000 5778.000000 12176.000000 19169.000000 2497.000000 36864.000000 57428.000000 48608.000000 0.000000 0.000000 0.000000 0.000000 42142.000000 6529.000000 0.000000 0.000000 0.000000 28727.000000 265126.000000 17472.000000 0.000000 0.000000 18066.000000 
18
0.000000 42048.000000 0.000000 0.000000 27009.000000 144710.000000 13089.000000 4497.000000 11056.000000 768.000000 1536.000000 8180.000000 36363.000000 0.000000 0.000000 28545.000000 141254.000000 15026.000000 2560.000000 11152.000000 768.000000 1536.000000 41940.000000 37899.000000 0.000000 0.000000 32001.000000 147046.000000 5778.000000 9488.000000 4352.000000 128.000000 1536.000000 43604.000000 36363.000000 0.000000 1536.000000 35041.000000 145926.000000 5778.000000 12176.000000 19169.000000 2497.000000 36864.000000 57428.000000 48608.000000 0.000000 0.000000 0.000000 0.000000 42142.000000 6529.000000 0.000000 0.000000 0.000000 28727.000000 265126.000000 17472.000000 0.000000 0.000000 18066.000000 
19
0.000000 42048.000000 0.000000 0.000000 27009.000000 144710.000000 13089.000000 4497.000000 11056.000000 768.000000 1536.000000 8180.000000 36363.000000 0.000000 0.000000 28545.000000 141254.000000 15026.000000 2560.000000 11152.000000 768.000000 1536.000000 41940.000000 37899.000000 0.000000 0.000000 32001.000000 147046.000000 5778.000000 9488.000000 4352.000000 128.000000 1536.000000 43604.000000 36363.000000 0.000000 1536.000000 35041.000000 145926.000000 5778.000000 12176.000000 19169.000000 2497.000000 36864.000000 57428.000000 48608.000000 0.000000 0.000000 0.000000 0.000000 42142.000000 6529.000000 0.000000 0.000000 0.000000 28727.000000 265126.000000 17472.000000 0.000000 0.000000 18066.000000 
20
0.000000 42048.000000 0.000000 0.000000 27009.000000 234758.000000 13089.000000 2449.000000 11760.000000 256.000000 0.000000 8308.000000 71659.000000 0.000000 0.000000 28545.000000 234758.000000 15026.000000 2560.000000 11152.000000 768.000000 1536.000000 42100.000000 35731.000000 0.000000 0.000000 32001.000000 240550.000000 5778.000000 9488.000000 5376.000000 128.000000 1536.000000 41716.000000 34207.000000 0.000000 1536.000000 28513.000000 236070.000000 6290.000000 12656.000000 19377.000000 1601.000000 7936.000000 56016.000000 53184.000000 0.000000 0.000000 0.000000 0.000000 42526.000000 6529.000000 0.000000 0.000000 0.000000 22583.000000 176710.000000 17472.000000 0.000000 0.000000 18065.000000 
21
0.000000 42048.000000 0.000000 0.000000 27009.000000 234758.000000 13089.000000 2449.000000 11760.000000 256.000000 0.000000 8308.000000 71659.000000 0.000000 0.000000 28545.000000 234758.000000 15026.000000 2560.000000 11152.000000 768.000000 1536.000000 42100.000000 35731.000000 0.000000 0.000000 32001.000000 240550.000000 5778.000000 9488.000000 5376.000000 128.000000 1536.000000 41716.000000 34207.000000 0.000000 1536.000000 28513.000000 236070.000000 6290.000000 12656.000000 19377.000000 1601.000000 7936.000000 56016.000000 53184.000000 0.000000 0.000000 0.000000 0.000000 42526.000000 6529.000000 0.000000 0.000000 0.000000 22583.000000 176710.000000 17472.000000 0.000000 0.000000 18065.000000 
22
0.000000 42048.000000 0.000000 0.000000 27009.000000 234758.000000 13089.000000 2449.000000 11760.000000 256.000000 0.000000 8308.000000 71659.000000 0.000000 0.000000 28545.000000 234758.000000 15026.000000 2560.000000 11152.000000 768.000000 1536.000000 42100.000000 35731.000000 0.000000 0.000000 32001.000000 240550.000000 5778.000000 9488.000000 5376.000000 128.000000 1536.000000 41716.000000 34207.000000 0.000000 1536.000000 28513.000000 236070.000000 6290.000000 12656.000000 19377.000000 1601.000000 7936.000000 56016.000000 53184.000000 0.000000 0.000000 0.000000 0.000000 42526.000000 6529.000000 0.000000 0.000000 0.000000 22583.000000 176710.000000 17472.000000 0.000000 0.000000 18065.000000 
23
0.000000 42048.000000 0.000000 0.000000 27009.000000 234758.000000 13089.000000 2449.000000 11760.000000 256.000000 0.000000 8308.000000 71659.000000 0.000000 0.000000 28545.000000 234758.000000 15026.000000 2560.000000 11152.000000 768.000000 1536.000000 42100.000000 35731.000000 0.000000 0.000000 32001.000000 240550.000000 5778.000000 9488.000000 5376.000000 128.000000 1536.000000 41716.000000 34207.000000 0.000000 1536.000000 28513.000000 236070.000000 6290.000000 12656.000000 19377.000000 1601.000000 7936.000000 56016.000000 53184.000000 0.000000 0.000000 0.000000 0.000000 42526.000000 6529.000000 0.000000 0.000000 0.000000 22583.000000 176710.000000 17472.000000 0.000000 0.000000 18065.000000 
24
0.000000 42048.000000 0.000000 0.000000 4097.000000 234758.000000 13089.000000 4497.000000 11568.000000 512.000000 1536.000000 6640.000000 69499.000000 0.000000 0.000000 28545.000000 234950.000000 15026.000000 2560.000000 11152.000000 1152.000000 1536.000000 41972.000000 37899.000000 0.000000 0.000000 22017.000000 240550.000000 5778.000000 9488.000000 3712.000000 128.000000 1536.000000 40244.000000 34923.000000 0.000000 1536.000000 26849.000000 235974.000000 5778.000000 12064.000000 19377.000000 2625.000000 43008.000000 57300.000000 54752.000000 0.000000 0.000000 0.000000 0.000000 42910.000000 6529.000000 0.000000 0.000000 0.000000 28727.000000 265382.000000 17472.000000 0.000000 0.000000 18066.000000 
25
0.000000 42048.000000 0.000000 0.000000 4097.000000 234758.000000 13089.000000 4497.000000 11568.000000 512.000000 1536.000000 6640.000000 69499.000000 0.000000 0.000000 28545.000000 234950.000000 15026.000000 2560.000000 11152.000000 1152.000000 1536.000000 41972.000000 37899.000000 0.000000 0.000000 22017.000000 240550.000000 5778.000000 9488.000000 3712.000000 128.000000 1536.000000 40244.000000 34923.000000 0.000000 1536.000000 26849.000000 235974.000000 5778.000000 12064.000000 19377.000000 2625.000000 43008.000000 57300.000000 54752.000000 0.000000 0.000000 0.000000 0.000000 42910.000000 6529.000000 0.000000 0.000000 0.000000 28727.000000 265382.000000 17472.000000 0.000000 0.000000 18066.000000 
26
0.000000 42048.000000 0.000000 0.000000 4097.000000 234758.000000 13089.000000 4497.000000 11568.000000 512.000000 1536.000000 6640.000000 69499.000000 0.000000 0.000000 28545.000000 234950.000000 15026.000000 2560.000000 11152.000000 1152.000000 1536.000000 41972.000000 37899.000000 0.000000 0.000000 22017.000000 240550.000000 5778.000000 9488.000000 3712.000000 128.000000 1536.000000 40244.000000 34923.000000 0.000000 1536.000000 26849.000000 235974.000000 5778.000000 12064.000000 19377.000000 2625.000000 43008.000000 57300.000000 54752.000000 0.000000 0.000000 0.000000 0.000000 42910.000000 6529.000000 0.000000 0.000000 0.000000 28727.000000 265382.000000 17472.000000 0.000000 0.000000 18066.000000 
27
0.000000 42048.000000 0.000000 0.000000 4097.000000 234758.000000 13089.000000 4497.000000 11568.000000 512.000000 1536.000000 6640.000000 69499.000000 0.000000 0.000000 28545.000000 234950.000000 15026.000000 2560.000000 11152.000000 1152.000000 1536.000000 41972.000000 37899.000000 0.000000 0.000000 22017.000000 240550.000000 5778.000000 9488.000000 3712.000000 128.000000 1536.000000 40244.000000 34923.000000 0.000000 1536.000000 26849.000000 235974.000000 5778.000000 12064.000000 19377.000000 2625.000000 43008.000000 57300.000000 54752.000000 0.000000 0.000000 0.000000 0.000000 42910.000000 6529.000000 0.000000 0.000000 0.000000 28727.000000 265382.000000 17472.000000 0.000000 0.000000 18066.000000 
28
0.000000 42048.000000 0.000000 0.000000 27009.000000 235046.000000 13089.000000 4497.000000 10208.000000 768.000000 1536.000000 6580.000000 71675.000000 0.000000 0.000000 20353.000000 235046.000000 15026.000000 2560.000000 11152.000000 1280.000000 1536.000000 42228.000000 35739.000000 0.000000 0.000000 15617.000000 240934.000000 3842.000000 9488.000000 5376.000000 128.000000 1536.000000 40180.000000 36367.000000 0.000000 0.000000 36577.000000 236358.000000 3842.000000 13200.000000 19377.000000 2625.000000 43008.000000 57428.000000 54656.000000 0.000000 0.000000 0.000000 0.000000 41694.000000 6529.000000 0.000000 0.000000 0.000000 28727.000000 175174.000000 17472.000000 0.000000 0.000000 18066.000000 
29
0.000000 42048.000000 0.000000 0.000000 27009.000000 235046.000000 13089.000000 4497.000000 10208.000000 768.000000 1536.000000 6580.000000 71675.000000 0.000000 0.000000 20353.000000 235046.000000 15026.000000 2560.000000 11152.000000 1280.000000 1536.000000 42228.000000 35739.000000 0.000000 0.000000 15617.000000 240934.000000 3842.000000 9488.000000 5376.000000 128.000000 1536.000000 40180.000000 36367.000000 0.000000 0.000000 36577.000000 236358.000000 3842.000000 13200.000000 19377.000000 2625.000000 43008.000000 57428.000000 54656.000000 0.000000 0.000000 0.000000 0.000000 41694.000000 6529.000000 0.000000 0.000000 0.000000 28727.000000 175174.000000 17472.000000 0.000000 0.000000 18066.000000 
30
0.000000 42048.000000 0.000000 0.000000 27009.000000 235046.000000 13089.000000 4497.000000 10208.000000 768.000000 1536.000000 6580.000000 71675.000000 0.000000 0.000000 20353.000000 235046.000000 15026.000000 2560.000000 11152.000000 1280.000000 1536.000000 42228.000000 35739.000000 0.000000 0.000000 15617.000000 240934.000000 3842.000000 9488.000000 5376.000000 128.000000 1536.000000 40180.000000 36367.000000 0.000000 0.000000 36577.000000 236358.000000 3842.000000 13200.000000 19377.000000 2625.000000 43008.000000 57428.000000 54656.000000 0.000000 0.000000 0.000000 0.000000 41694.000000 6529.000000 0.000000 0.000000 0.000000 28727.000000 175174.000000 17472.000000 0.000000 0.000000 18066.000000 
31
0.000000 42048.000000 0.000000 0.000000 27009.000000 235046.000000 13089.000000 4497.000000 10208.000000 768.000000 1536.000000 6580.000000 71675.000000 0.000000 0.000000 20353.000000 235046.000000 15026.000000 2560.000000 11152.000000 1280.000000 1536.000000 42228.000000 35739.000000 0.000000 0.000000 15617.000000 240934.000000 3842.000000 9488.000000 5376.000000 128.000000 1536.000000 40180.000000 36367.000000 0.000000 0.000000 36577.000000 236358.000000 3842.000000 13200.000000 19377.000000 2625.000000 43008.000000 57428.000000 54656.000000 0.000000 0.000000 0.000000 0.000000 41694.000000 6529.000000 0.000000 0.000000 0.000000 28727.000000 175174.000000 17472.000000 0.000000 0.000000 18066.000000 
