0
0.000000 0.595620 1.051822 0.952621 1.062520 0.812217 0.898457 1.085206 1.011252 0.977414 1.026658 0.997189 0.557134 0.956294 1.047662 0.929522 0.800094 1.028425 0.914210 1.081150 0.964819 1.025733 0.977468 0.925035 0.956752 1.047766 0.815147 0.805082 1.065521 0.961326 0.983824 1.004223 0.980367 1.027248 0.919273 0.956357 1.047869 0.728173 0.950367 0.995607 1.006150 0.981575 0.930042 0.942133 1.045018 1.002424 0.953327 1.036699 0.954380 1.012245 1.016418 1.014133 0.982081 1.015243 0.987539 1.023168 0.772034 0.968535 1.030462 0.918898 1.071048 
1
0.000000 0.000031 1.051822 0.952621 1.064957 0.720538 0.968231 1.035868 0.999476 0.975844 1.005349 1.004270 0.557185 0.956666 1.048118 0.927791 0.726059 1.013658 0.903352 1.092564 0.969387 1.011670 0.994442 0.924164 0.956723 1.047794 0.808807 0.718540 1.057518 0.972503 0.974911 1.004428 0.980619 1.009851 0.918049 0.956453 1.047789 0.630902 0.952127 0.992737 1.021401 0.980541 0.889828 0.965698 1.032371 0.977586 0.970576 0.992720 1.017260 0.974244 1.018158 1.015056 0.992386 0.991490 1.037115 1.002899 0.858924 0.909957 1.086459 0.917971 1.060166 
2
0.000000 0.000015 1.047883 0.952621 1.067761 0.721683 0.952791 1.028781 0.981883 0.978336 1.026225 0.998133 0.557460 0.952830 1.047788 0.926605 0.710524 1.004653 0.903971 1.092248 0.965282 1.011852 0.986718 0.934589 0.952253 1.048011 0.812454 0.688741 1.035675 0.989749 0.973971 1.004515 0.980529 1.009452 0.920021 0.952738 1.047996 0.636977 0.924944 0.995002 0.980806 0.958542 0.923779 0.947236 1.037709 0.979589 1.008329 0.971618 0.990604 1.021895 0.995720 0.969865 0.977004 1.067972 0.987319 0.984698 0.920191 0.904481 1.047665 1.000051 0.934226 
3
0.000000 0.000015 1.047883 0.952621 1.061178 0.706260 0.975958 0.999367 1.001320 0.994080 1.005551 0.991021 0.557783 0.952567 1.048030 0.921303 0.719056 1.006326 0.950804 0.999097 0.953484 0.989151 1.006085 0.913567 0.952656 1.047974 0.862133 0.689532 1.068605 0.966904 0.976709 0.998725 0.980143 1.002500 0.919645 0.952815 1.047806 0.631359 0.922929 1.023689 0.968243 1.007619 0.898402 0.975150 1.020915 0.987614 0.987791 1.014384 0.990390 0.969708 1.015014 1.029447 0.893094 1.090496 0.981792 0.925110 0.859288 0.941672 1.016123 1.017030 0.929501 
4
0.000000 0.000015 1.043692 0.945231 1.053199 0.345495 0.956984 0.992304 1.004786 1.001818 0.982931 0.979236 0.948995 0.956575 1.047544 1.009309 0.485837 0.855956 0.859955 1.115518 0.981642 0.970235 0.993258 0.923510 0.956465 1.047627 0.818606 0.309523 1.049013 0.949606 1.001205 0.989172 0.980695 1.031424 0.930778 0.955755 1.047725 0.732646 0.377736 1.099445 0.982455 0.970860 1.011777 0.952718 1.019550 0.988518 0.990058 0.942554 1.029063 1.030046 0.898423 0.936548 0.000000 0.000000 0.000000 0.332837 0.802906 0.748734 0.978086 0.974234 1.066155 
5
0.000000 0.000015 1.043692 0.945231 1.060926 0.297883 0.963647 0.954687 0.945847 0.994399 0.989770 1.003173 0.561504 0.952621 1.047883 0.998417 0.412491 0.832043 0.962479 1.022146 0.979519 0.984213 0.982444 0.925071 0.956608 1.047980 0.814193 0.234254 1.074292 0.920123 0.997810 0.988566 0.983552 1.027860 0.922768 0.955974 1.048008 0.647227 0.430460 1.059930 0.970909 0.989680 0.985938 0.966032 1.030451 0.948770 0.998450 0.915515 1.044632 1.023217 0.939280 0.889085 0.000000 0.000000 0.000000 0.355888 0.628648 0.766716 0.957443 1.015307 1.027450 
6
0.000000 0.000000 1.039754 0.945231 1.054491 0.221515 0.935855 1.029865 0.999696 0.981790 0.969175 1.003997 0.563659 0.952621 1.047883 0.990376 0.346629 0.859441 0.978186 1.004845 0.989438 0.970143 0.999352 0.940853 0.952616 1.048023 0.813701 0.186193 1.032458 0.912173 1.024583 0.988514 0.980673 1.032928 0.922334 0.951807 1.048124 0.638512 0.421118 1.021045 0.959564 0.997462 0.970842 0.971224 1.009729 0.992429 0.979186 1.002957 0.948760 1.071561 0.897426 0.882410 0.000000 0.000000 0.000000 0.328602 0.601207 0.693373 0.993534 1.037122 1.041749 
7
0.000000 0.000000 1.039754 0.945231 1.058951 0.239181 0.935614 1.023879 0.981395 1.013709 0.968835 1.001956 0.564075 0.952621 1.047883 0.996570 0.362307 0.822443 0.865632 1.119965 0.979078 0.990900 1.000003 0.925151 0.952641 1.047917 0.862870 0.185881 1.068317 0.896660 0.993427 0.982423 1.002810 1.012208 0.918669 0.952296 1.047655 0.654069 0.419260 1.023645 0.964260 0.981114 0.997119 0.946957 1.025724 0.959404 0.966105 1.003165 0.962676 1.042104 0.938077 0.907408 0.000000 0.000000 0.000000 0.326691 0.680747 0.726815 1.039717 0.937289 1.061582 
8
0.000000 0.000015 1.043692 0.945231 1.059795 0.417449 0.961243 0.963993 0.921037 0.999938 0.969040 1.017284 0.562605 0.956571 1.047432 0.927212 0.490815 0.852037 0.904844 1.093083 0.967088 1.025206 0.989804 0.994511 0.988492 0.950974 1.006420 0.309736 1.048909 0.988416 0.975078 0.988764 0.980515 1.025378 0.926741 0.956135 1.047786 0.725498 0.403453 1.060833 1.032475 0.957071 0.999625 1.000605 1.005810 1.003809 1.001499 0.952805 0.969212 1.021745 1.039248 0.968141 0.000000 0.000000 0.000000 0.427873 0.900272 0.921572 0.992714 0.993788 1.080543 
9
0.000000 0.000015 1.043692 0.945231 1.054866 0.256603 0.928079 0.996278 0.917707 1.000111 0.968838 1.008296 0.562955 0.956461 1.048036 0.921137 0.404300 0.850197 0.897178 1.090685 0.968029 1.011185 0.987719 0.962844 0.956560 1.047714 1.008038 0.252910 1.078418 0.953740 0.968150 0.988837 0.980423 1.036973 0.924069 0.955784 1.048178 0.632359 0.445722 0.991715 1.018011 0.990314 0.969958 1.008831 1.003140 0.980990 0.994458 1.026962 0.987692 0.969428 1.029381 0.948334 0.000000 0.000000 0.000000 0.427537 0.676930 0.671080 0.973974 1.092326 1.013585 
10
0.000000 0.000000 1.039754 0.945231 1.060436 0.222268 0.926112 1.040758 0.871152 1.002155 0.982648 0.983731 0.559834 0.952676 1.048008 0.919753 0.364775 0.857772 0.860794 1.113097 0.964872 1.012406 0.990789 0.975180 0.952621 1.048437 0.949635 0.186233 1.074923 0.995282 0.956900 0.988250 0.981006 1.017649 0.929266 0.951568 1.047832 0.638831 0.418580 1.018916 0.995079 0.971302 0.996174 0.967779 1.006197 1.000130 0.938841 0.942127 1.119993 0.916719 1.071982 0.926482 0.000000 0.000000 0.000000 0.419968 0.729787 0.671080 1.016990 1.014049 1.047784 
11
0.000000 0.000000 1.039754 0.945231 1.061236 0.278349 0.960152 1.005671 0.872718 1.001731 1.003928 0.965208 0.570389 0.952633 1.048082 0.920114 0.363832 0.835729 0.875766 1.124373 0.963353 1.005271 1.001664 0.946536 0.952621 1.047668 0.966710 0.185890 1.070510 0.852267 1.008615 0.982920 0.980431 1.020258 0.926045 0.952254 1.047799 0.638717 0.419360 1.020188 0.980211 0.983360 0.997266 0.915236 0.990904 1.014613 0.963824 1.034758 0.968721 0.969923 1.062717 0.894772 0.000000 0.000000 0.000000 0.422276 0.575727 0.710896 1.015683 1.014944 0.919106 
12
0.000000 0.000015 1.043692 0.945231 1.060187 0.361144 0.958579 0.997682 0.861928 1.002034 0.969014 1.015879 0.554409 0.956652 1.047527 0.919857 0.500916 0.852349 0.907293 1.094775 0.959485 1.025506 0.961151 0.932546 0.956612 1.047883 0.815148 0.332089 1.043250 0.980839 1.004747 0.988498 0.980440 1.026712 0.915521 0.956485 1.047837 0.723410 0.403033 1.107016 0.950711 0.888619 0.987582 0.953226 1.043768 0.959421 1.005069 0.984560 1.029165 0.986009 0.974320 0.918835 0.000000 0.000000 0.000000 0.426125 0.553111 0.727812 0.999347 0.974461 1.064896 
13
0.000000 0.000015 1.043692 0.945231 1.060193 0.286393 0.961040 1.000731 0.899563 1.002155 0.969170 1.008604 0.550904 0.956675 1.048272 0.920603 0.400842 0.850675 0.869312 1.125348 0.959046 1.011358 0.985343 0.933272 0.956059 1.047830 0.805832 0.220471 1.035171 0.982986 1.009720 0.988608 0.980428 1.029658 0.912595 0.956807 1.047558 0.635820 0.407652 1.068989 0.961590 0.975686 1.007150 0.978208 1.022100 0.949243 0.980353 0.927008 1.036507 1.067543 0.972813 0.885362 0.000000 0.000000 0.000000 0.428641 0.518250 0.710226 1.014206 1.015828 1.026639 
14
0.000000 0.000000 1.039754 0.945231 1.057741 0.222494 0.951164 0.972944 0.913500 0.999825 0.982637 0.984744 0.563020 0.952555 1.047984 0.929545 0.358247 0.859922 0.860876 1.120236 0.981079 1.005147 0.973007 0.932477 0.952887 1.048105 0.815365 0.185484 1.047741 0.955944 0.988110 1.004388 0.980400 1.023883 0.911260 0.952384 1.047887 0.640038 0.420186 1.030529 0.985682 0.978794 0.983666 0.973332 1.009951 0.986325 0.978377 0.985223 0.966482 1.079626 0.991937 0.911289 0.000000 0.000000 0.000000 0.422809 0.492913 0.692421 0.992806 1.036208 1.043961 
15
0.000000 0.000000 1.039754 0.945231 1.059391 0.234650 0.960687 1.000569 0.883071 0.999817 1.003778 0.983172 0.561120 0.952529 1.047720 0.926973 0.353986 0.834574 0.899485 1.091680 0.964458 0.989497 0.996952 0.916299 0.952812 1.047810 0.863302 0.185445 1.038647 0.926300 1.001287 0.998777 0.980482 1.035033 0.916168 0.952635 1.048281 0.625990 0.419530 1.022911 0.998108 0.952435 1.018864 0.975214 1.018723 0.949237 0.980627 0.983564 0.984655 0.972840 1.064090 0.919714 0.000000 0.000000 0.000000 0.419827 0.492546 0.727466 0.923136 1.054422 1.060383 
16
0.000000 0.000015 1.043692 0.945231 1.053938 0.376844 0.920438 1.016437 0.925953 0.999869 0.969248 1.022623 0.549215 0.956909 1.048067 0.929697 0.514040 0.852825 0.906808 1.096957 0.978586 0.970128 0.998501 0.915786 0.956477 1.047738 0.816576 0.347378 1.043841 0.980870 0.986214 1.004244 0.980107 1.027993 0.919632 0.956524 1.048005 0.719701 0.412454 1.060659 1.028395 0.986196 0.912555 0.980334 1.004902 0.995600 0.981818 0.995645 0.955913 1.075802 0.990279 0.922151 0.000000 0.000000 0.000000 0.332595 0.624487 0.748683 0.978121 0.974182 1.063149 
17
0.000000 0.000000 1.043692 0.945231 1.060187 0.305058 0.957961 0.984143 0.922163 0.984158 0.968921 1.018634 0.562161 0.955963 1.047714 0.928539 0.421814 0.850022 0.868844 1.121415 0.973232 0.983832 0.969724 0.932766 0.956587 1.048204 0.806680 0.258216 1.033612 0.982537 1.002019 0.988418 0.980656 1.023889 0.916123 0.956810 1.047858 0.639575 0.451160 1.041808 1.007556 0.995801 0.900066 0.974487 1.009825 0.967240 1.004718 0.963354 1.050668 0.985675 0.989682 0.888671 0.000000 0.000000 0.000000 0.334319 0.631948 0.710621 1.014414 1.015982 1.022783 
18
0.000000 0.000000 1.039754 0.945231 1.060890 0.250983 0.923374 0.995916 0.936853 1.002025 0.982778 0.970859 0.565053 0.952594 1.047938 0.926551 0.372815 0.859906 0.860998 1.113836 0.962747 0.970221 0.986875 0.932856 0.952887 1.047934 0.812846 0.196656 1.047063 0.957430 0.982045 1.004420 0.980825 1.022759 0.918259 0.952268 1.047828 0.639284 0.431548 1.023046 0.986558 0.997182 0.885076 0.962387 1.007202 0.959260 1.006107 0.930719 1.005941 0.972303 1.065582 0.883909 0.000000 0.000000 0.000000 0.334631 0.588118 0.692595 0.993118 1.037157 1.040354 
19
0.000000 0.000000 1.039754 0.945231 1.058057 0.253238 0.925564 1.035479 0.889681 1.002025 0.953072 1.010116 0.566858 0.952709 1.047914 0.929041 0.369344 0.835248 0.900490 1.097485 0.967057 0.991227 0.987239 0.933127 0.952374 1.047740 0.862440 0.200602 1.041077 0.925261 0.997614 0.999005 0.980049 1.032757 0.919193 0.952835 1.047792 0.625805 0.429437 1.024714 0.984143 0.937697 0.934088 0.963104 1.018796 0.952926 0.980635 0.983484 0.984744 0.972850 1.079524 0.914677 0.000000 0.000000 0.000000 0.328770 0.588844 0.671023 1.017521 1.014516 1.059085 
20
0.000000 0.000015 1.043692 0.945231 1.052610 0.361399 0.964683 0.989845 1.009025 0.976043 1.005358 0.990158 0.567129 0.956347 1.048041 0.926046 0.491628 0.852383 0.904896 1.092589 0.993447 0.970226 1.019400 0.933287 0.956642 1.047837 0.825681 0.333928 1.048698 0.950588 1.004822 0.989027 0.980119 1.009749 0.929427 0.956758 1.047668 0.729128 0.476046 1.033258 0.950997 0.995741 0.981833 1.007638 0.924918 1.058151 1.000732 0.977886 0.994848 0.969208 1.062090 0.920968 0.000000 0.000000 0.000000 0.426425 0.655793 0.748547 0.979125 0.973404 1.049628 
21
0.000000 0.000000 1.043692 0.945231 1.060337 0.280124 0.957138 0.986115 0.998221 1.015171 0.989734 0.989638 0.558921 0.956879 1.047547 0.928131 0.397659 0.860023 0.886035 1.090934 0.967964 0.970446 1.030189 0.915376 0.956429 1.047763 0.809601 0.218971 1.072171 0.871655 1.036159 0.988626 0.980672 1.026623 0.927503 0.956340 1.048141 0.634154 0.417071 1.069064 0.960490 0.994852 0.985645 1.001097 0.994778 0.999924 1.001432 0.956013 0.974522 1.020557 1.036132 0.929265 0.000000 0.000000 0.000000 0.428650 0.565194 0.671673 1.053802 1.015151 1.007624 
22
0.000000 0.000000 1.039754 0.945231 1.060740 0.232770 0.923511 0.971758 1.006566 0.994012 1.005556 1.027811 0.547370 0.952246 1.047789 0.918799 0.364549 0.859768 0.860062 1.123544 0.967831 0.970122 1.014423 0.933854 0.952467 1.048037 0.813886 0.185570 1.031969 0.950911 1.006926 0.988345 0.980650 1.007643 0.925304 0.952546 1.047636 0.637557 0.419978 1.031534 0.975926 0.992984 0.981506 0.998712 1.001715 0.997035 0.983483 0.941780 1.033286 0.968158 1.065569 0.946777 0.000000 0.000000 0.000000 0.432625 0.509670 0.692768 0.992148 1.037678 1.001599 
23
0.000000 0.000000 1.039754 0.945231 1.059357 0.232548 0.925598 0.956613 1.083028 0.980506 0.989974 0.984230 0.556385 0.952904 1.048154 0.923625 0.361760 0.835591 0.875731 1.111055 0.963968 0.990768 0.983964 0.931931 0.952777 1.047930 0.860440 0.185861 1.069114 0.897007 1.002301 0.982726 0.980321 1.003315 0.926062 0.952713 1.048074 0.622740 0.418910 1.024219 1.004363 0.989631 0.977463 0.976463 1.032095 1.013553 0.993672 1.001739 0.974680 0.968923 1.061505 0.948294 0.000000 0.000000 0.000000 0.420986 0.508820 0.748874 0.900351 1.054738 1.045801 
24
0.000000 0.000015 1.043692 0.945231 1.060370 0.366542 0.964518 0.988297 0.921352 0.997194 0.968855 1.022596 0.561437 0.956837 1.047857 0.930861 0.508453 0.862901 0.895573 1.100972 0.975117 0.969935 0.999986 0.914921 0.956308 1.047947 0.824709 0.323249 1.048147 0.984020 0.974888 0.988540 0.980240 1.027043 0.922345 0.955882 1.048029 0.728927 0.392322 1.061422 1.032604 0.982053 0.978401 0.980306 0.993806 1.001143 0.983066 0.929781 1.044522 0.970127 1.068147 0.947137 0.000000 0.000000 0.000000 0.427478 0.551344 0.748738 0.978155 0.974887 1.048993 
25
0.000000 0.000000 1.039754 0.945231 1.063476 0.282139 0.967796 0.967500 0.922235 0.997523 0.968965 1.002386 0.555018 0.956490 1.047841 0.926034 0.387814 0.860922 0.857286 1.127452 0.973891 0.984395 0.969890 0.933905 0.956620 1.047647 0.810804 0.221170 1.076850 0.960618 0.967352 0.988718 0.980397 1.026259 0.922562 0.952047 1.047716 0.635041 0.421912 1.029314 1.016592 0.969268 1.000714 0.975735 1.033299 0.999836 0.986886 0.988083 0.985488 0.973820 1.054188 0.938399 0.000000 0.000000 0.000000 0.428897 0.526539 0.670795 1.053525 1.015047 1.011639 
26
0.000000 0.000000 1.039754 0.945231 1.064124 0.249002 0.967408 0.999777 0.898216 0.980367 0.983463 0.986113 0.543360 0.952760 1.047902 0.928201 0.350497 0.861400 0.859912 1.120423 0.965221 0.970504 0.987008 0.932567 0.952969 1.047810 0.815561 0.185651 1.075080 0.993394 0.950616 0.988485 0.980373 1.024882 0.919427 0.951631 1.047926 0.650176 0.419516 1.016983 0.993728 0.951821 0.995627 0.986847 0.967994 1.061398 0.964034 1.030275 0.942955 1.012293 1.046213 0.900027 0.000000 0.000000 0.000000 0.420034 0.492727 0.748908 0.935940 1.037365 1.001177 
27
0.000000 0.000000 1.039754 0.945231 1.063548 0.212969 0.968463 0.998320 0.875094 1.002164 1.003270 0.978037 0.562362 0.952344 1.047880 0.928639 0.359142 0.835056 0.901633 1.100865 0.959147 0.990574 0.986959 0.932611 0.952542 1.048122 0.861061 0.186107 1.076993 0.845547 1.004512 0.982983 0.980621 1.041839 0.927767 0.952128 1.047921 0.637289 0.419220 1.017406 0.976261 0.978910 0.980118 0.976853 0.999678 1.004005 1.000468 0.979007 0.994876 0.968910 1.056481 0.928676 0.000000 0.000000 0.000000 0.421539 0.494659 0.671848 1.018837 1.014310 1.046402 
28
0.000000 0.000108 1.043692 0.945231 1.053054 0.347884 0.964511 0.989963 0.987020 1.015073 0.968999 1.020175 0.555259 0.956412 1.048066 0.933568 0.497485 0.852209 0.904392 1.098279 0.986527 0.970472 1.019712 0.932706 0.956417 1.047687 0.838762 0.322706 1.047209 0.988191 0.975999 0.988753 0.980539 1.028618 0.963389 1.025629 0.950777 0.950067 0.398703 1.112401 0.939800 0.993496 0.992485 0.958043 0.967865 1.047270 0.984631 1.000525 0.976966 0.968927 1.074103 0.939075 0.000000 0.000000 0.000000 0.427910 0.562967 0.749212 0.977255 0.974009 1.049667 
29
0.000000 0.000000 1.039754 0.945231 1.061571 0.298204 0.956791 0.986115 1.015167 1.002051 0.982813 0.991515 0.561555 0.952425 1.048037 0.931882 0.391396 0.860576 0.887339 1.091440 0.965288 0.970339 1.029943 0.915349 0.952519 1.047984 0.811723 0.221915 1.076059 0.992839 0.953159 0.988562 0.980552 1.027394 0.935687 0.965255 1.047883 0.794237 0.455471 1.034313 0.983362 0.992272 0.981814 0.976330 1.028922 0.978009 0.975519 0.982265 1.000936 1.063885 1.000632 0.895701 0.000000 0.000000 0.000000 0.427426 0.561489 0.709880 1.013755 1.015324 1.010295 
30
0.000000 0.000000 1.039754 0.945231 1.052460 0.221539 0.923683 0.971793 1.030459 0.997636 1.003799 0.950617 0.560968 0.952829 1.047971 0.932666 0.355973 0.859733 0.858400 1.119338 0.976104 0.969987 1.013885 0.933574 0.952823 1.048044 0.815514 0.186198 1.076995 0.941046 0.966021 0.988331 0.980210 1.025797 0.956851 0.957129 1.047883 0.784729 0.418862 1.022702 0.943240 0.990914 0.987569 0.962583 0.999348 0.988204 0.976759 0.945511 1.033248 0.968939 1.055863 0.931048 0.000000 0.000000 0.000000 0.419719 0.510252 0.748387 0.937637 1.037711 1.000567 
31
0.000000 0.000000 1.039754 0.945231 1.057492 0.247459 0.926077 1.040428 0.975780 1.013590 0.968869 1.011781 0.560645 0.952748 1.047495 0.929017 0.355593 0.834597 0.876564 1.128315 0.957765 0.990557 0.984188 0.933001 0.952629 1.047754 0.837567 0.186408 1.077066 0.866610 1.010300 0.983035 0.980459 1.040185 0.937932 0.952652 1.047883 0.791194 0.420324 1.035902 0.947704 0.945330 0.974729 0.949699 1.025668 1.006649 0.952662 0.991128 0.992244 1.064641 0.985915 0.882479 0.000000 0.000000 0.000000 0.422836 0.503751 0.672020 1.018352 1.014880 1.042625 
