task94
0.010110 0.010120 
task10
0.020110 0.020122 
task0
0.020110 0.020122 
task15
0.020110 0.020122 
task13
0.020110 0.020122 
task2
0.020210 0.020272 
task9
0.020210 0.020272 
task6
0.020210 0.020322 
task3
0.020210 0.020322 
task4
0.020210 0.020372 
task7
0.020210 0.020372 
task5
0.020210 0.020432 
task8
0.020210 0.020432 
task14
0.020210 0.020483 
task12
0.020210 0.020423 
task11
0.020210 0.020483 
task1
0.020210 0.020533 
task16
0.030117 0.030123 
task17
0.030210 0.049385 
task20
0.030908 0.078135 
task19
0.143908 0.149941 0.153136 0.155092 
task18
0.175500 0.176655 
task21
0.178004 0.183840 
task22
0.188200 0.188690 0.188693 0.188850 0.188853 0.188861 0.188863 0.188875 0.188878 0.189452 0.189455 0.189463 0.189470 0.189485 0.189485 0.189496 0.189501 0.189529 0.189532 0.189541 0.189547 0.189562 0.189562 0.189574 0.189578 0.189585 0.189593 0.189607 0.189609 0.189618 0.189624 0.189652 0.189655 0.189663 0.189670 0.189685 0.189686 0.189696 0.189701 0.189729 0.189732 0.189741 0.189747 0.189762 0.189763 0.189774 0.189778 0.189785 0.189793 0.189807 0.189809 0.189818 0.189824 0.189852 0.189855 0.189863 0.189870 0.189885 0.189886 0.189896 0.189901 0.189929 0.189932 0.189941 0.189947 0.189962 0.189963 0.189974 0.189978 0.189985 0.189994 0.190007 0.190009 0.190018 0.190024 0.190052 
task23
0.191700 0.192448 
task24
0.192503 0.198888 
task54
0.200101 0.200454 0.200455 0.202705 0.202712 0.204957 0.204965 0.206908 0.206915 0.209140 0.209145 0.211112 0.211117 0.213323 0.213326 0.215315 0.216568 0.219782 0.230664 0.231024 0.231326 0.232112 0.242403 0.262287 
task35
0.200109 0.216610 
task25
0.200121 0.231075 0.231346 0.244848 
task83
0.213974 0.222911 0.224505 0.275038 
task31
0.215319 0.234100 0.244935 0.246013 0.246129 0.247792 
task90
0.216250 0.217825 0.231296 0.234879 
task26
0.216403 0.233137 0.238491 0.291496 
task27
0.233202 0.238332 
task28
0.233468 0.238932 
task30
0.233518 0.233874 0.244775 0.264038 
task33
0.234203 0.235165 0.238141 0.238188 0.238191 0.238197 0.238201 0.238206 0.238211 0.238368 0.238371 0.238377 0.238381 0.238386 
task29
0.242701 0.245804 
task86
0.245901 0.269338 
task84
0.246046 0.288260 
task85
0.250101 0.258565 
task32
0.270201 0.271228 
task36
0.270395 0.271568 
task34
0.288200 0.288792 
task37
0.294601 0.298788 
task87
0.297300 0.303156 
task38
0.307301 0.310153 
task88
0.316201 0.330438 
task89
0.331801 0.348284 
task39
0.370200 0.378146 
task91
0.370808 0.370909 
task92
0.370901 0.377482 
task40
0.380401 0.383802 
task42
0.385801 0.393530 
task41
0.385971 0.398288 
task43
0.407800 0.413589 
task46
0.426606 0.426719 
task47
0.426713 0.427799 
task48
0.427401 0.432095 
task44
0.442501 0.447546 
task45
0.448302 0.454039 
task49
0.460901 0.463735 
task93
0.499401 0.503450 
task50
0.505000 0.508622 
task51
0.511200 0.514596 
task52
0.553500 0.554013 
task53
0.553700 0.553892 0.553953 0.554178 
task55
0.607011 0.609337 
task56
0.608610 0.627589 
task57
0.637017 0.637103 
