5
0.000000 0.012300 1.000000 1.000989 2.000000 2.001648 3.000000 3.010647 4.000000 4.010702 5.000000 5.011029 
0
0.000000 0.024602 1.000000 1.013552 2.000000 2.014611 3.000000 3.022728 4.000000 4.061828 5.000000 5.022934 
4
0.000000 0.077160 1.000000 1.066457 2.000000 2.075734 3.000000 3.076828 4.000000 4.161547 5.000000 5.084755 
1
0.000000 0.251888 1.000000 1.676628 2.000000 2.352937 3.000000 3.440752 4.000000 4.472331 5.000000 5.415137 
2
0.000000 0.611176 1.000000 1.536272 2.000000 2.840957 3.000000 3.655429 4.000000 4.812985 5.000000 5.723235 
3
4.000000 4.533331 
