0
0.000000 99840.000000 100000.000000 99968.000000 0.000000 99993.000000 99987.000000 99987.000000 99987.000000 100000.000000 0.000000 99968.000000 100000.000000 94752.000000 100000.000000 100000.000000 99858.000000 100000.000000 100000.000000 100000.000000 0.000000 99936.000000 99936.000000 99904.000000 0.000000 0.000000 0.000000 99960.000000 0.000000 0.000000 0.000000 99712.000000 99360.000000 100000.000000 76064.000000 100000.000000 100000.000000 100000.000000 99984.000000 100000.000000 100000.000000 100000.000000 98304.000000 98304.000000 98312.000000 98304.000000 98306.000000 98304.000000 98310.000000 98304.000000 100000.000000 99968.000000 99968.000000 99072.000000 100000.000000 100000.000000 100000.000000 99072.000000 100000.000000 99936.000000 0.000000 
1
0.000000 99840.000000 100000.000000 99968.000000 0.000000 99993.000000 99987.000000 99987.000000 99955.000000 100000.000000 0.000000 99960.000000 100000.000000 0.000000 100000.000000 100000.000000 100000.000000 99936.000000 99936.000000 100000.000000 0.000000 100000.000000 99904.000000 99936.000000 0.000000 0.000000 0.000000 99984.000000 0.000000 0.000000 0.000000 99968.000000 100000.000000 100000.000000 100000.000000 100000.000000 100000.000000 99978.000000 99994.000000 0.000000 0.000000 99990.000000 98304.000000 98304.000000 98304.000000 98308.000000 98304.000000 98304.000000 100000.000000 99968.000000 99992.000000 99584.000000 99968.000000 99968.000000 100000.000000 100000.000000 99936.000000 100000.000000 100000.000000 99840.000000 100000.000000 
2
0.000000 99840.000000 100000.000000 99968.000000 0.000000 99993.000000 99987.000000 79443.000000 100000.000000 99968.000000 99840.000000 99968.000000 99844.000000 99968.000000 100000.000000 99996.000000 99993.000000 99779.000000 99984.000000 99840.000000 99968.000000 99968.000000 99840.000000 99840.000000 0.000000 0.000000 0.000000 99984.000000 0.000000 0.000000 0.000000 99968.000000 100000.000000 100000.000000 100000.000000 99840.000000 99968.000000 99556.000000 99986.000000 0.000000 0.000000 99994.000000 98304.000000 98306.000000 98304.000000 99840.000000 93312.000000 100000.000000 99936.000000 99872.000000 100000.000000 99840.000000 99840.000000 100000.000000 100000.000000 98324.000000 99648.000000 99904.000000 99904.000000 99904.000000 99904.000000 
3
0.000000 99872.000000 100000.000000 99984.000000 0.000000 99987.000000 99939.000000 99999.000000 100000.000000 100000.000000 0.000000 99840.000000 99992.000000 0.000000 100000.000000 99996.000000 99993.000000 99984.000000 99984.000000 100000.000000 0.000000 100000.000000 99904.000000 99936.000000 0.000000 0.000000 0.000000 100000.000000 0.000000 0.000000 0.000000 99712.000000 98304.000000 100000.000000 99968.000000 99840.000000 99968.000000 99978.000000 99986.000000 0.000000 0.000000 100000.000000 98304.000000 98310.000000 100000.000000 99552.000000 97920.000000 99968.000000 99968.000000 97920.000000 100000.000000 100000.000000 83776.000000 99968.000000 100000.000000 100000.000000 99952.000000 99968.000000 99192.000000 99712.000000 0.000000 
4
0.000000 99840.000000 99936.000000 99960.000000 0.000000 100000.000000 100000.000000 98784.000000 99968.000000 99968.000000 99840.000000 99840.000000 99840.000000 99840.000000 99840.000000 99840.000000 99840.000000 99840.000000 99840.000000 99840.000000 99840.000000 99840.000000 99840.000000 99840.000000 0.000000 0.000000 0.000000 99984.000000 0.000000 0.000000 0.000000 99968.000000 99936.000000 99984.000000 98856.000000 99984.000000 99960.000000 99984.000000 99984.000000 99984.000000 99984.000000 99984.000000 99984.000000 100000.000000 100000.000000 100000.000000 99968.000000 99936.000000 100000.000000 100000.000000 100000.000000 99648.000000 99648.000000 99648.000000 100000.000000 98296.000000 99648.000000 99904.000000 99648.000000 99648.000000 99648.000000 
5
0.000000 99840.000000 99936.000000 99960.000000 0.000000 99968.000000 100000.000000 99968.000000 99968.000000 100000.000000 0.000000 100000.000000 100000.000000 0.000000 100000.000000 99999.000000 99993.000000 99984.000000 99984.000000 100000.000000 0.000000 100000.000000 99936.000000 99936.000000 0.000000 0.000000 0.000000 99992.000000 0.000000 0.000000 0.000000 99712.000000 98304.000000 100000.000000 76972.000000 100000.000000 100000.000000 100000.000000 99984.000000 100000.000000 100000.000000 100000.000000 80560.000000 100000.000000 100000.000000 100000.000000 0.000000 99977.000000 99987.000000 99995.000000 100000.000000 99840.000000 99840.000000 99984.000000 100000.000000 98488.000000 99840.000000 94400.000000 99436.000000 70124.000000 0.000000 
6
0.000000 99840.000000 99936.000000 99960.000000 0.000000 99968.000000 100000.000000 99904.000000 100000.000000 99984.000000 0.000000 99840.000000 99992.000000 94752.000000 100000.000000 99996.000000 99993.000000 99984.000000 99984.000000 100000.000000 0.000000 100000.000000 99936.000000 99488.000000 0.000000 0.000000 0.000000 99968.000000 0.000000 0.000000 0.000000 99712.000000 98304.000000 99888.000000 99904.000000 99996.000000 99996.000000 99968.000000 99840.000000 99968.000000 99840.000000 100000.000000 99976.000000 99988.000000 100000.000000 100000.000000 0.000000 57128.000000 72616.000000 83304.000000 100000.000000 99840.000000 99840.000000 99984.000000 99940.000000 98436.000000 99840.000000 99968.000000 99840.000000 99840.000000 99840.000000 
7
0.000000 99840.000000 99936.000000 99960.000000 0.000000 99968.000000 100000.000000 99904.000000 100000.000000 100000.000000 0.000000 99960.000000 99840.000000 0.000000 99936.000000 99936.000000 99840.000000 99840.000000 99936.000000 99840.000000 99840.000000 99968.000000 100000.000000 99904.000000 0.000000 0.000000 0.000000 99912.000000 0.000000 0.000000 0.000000 99712.000000 98304.000000 100000.000000 75488.000000 100000.000000 100000.000000 99984.000000 99984.000000 100000.000000 99968.000000 100000.000000 99952.000000 99992.000000 100000.000000 100000.000000 0.000000 56296.000000 72616.000000 83304.000000 100000.000000 99840.000000 99840.000000 100000.000000 99996.000000 99992.000000 99360.000000 97728.000000 97728.000000 99936.000000 99936.000000 
8
0.000000 99840.000000 99840.000000 99984.000000 0.000000 100000.000000 99552.000000 97920.000000 99971.000000 97920.000000 97920.000000 99904.000000 100000.000000 0.000000 100000.000000 100000.000000 97920.000000 97920.000000 97920.000000 97952.000000 97952.000000 97920.000000 97920.000000 97920.000000 97920.000000 0.000000 0.000000 99960.000000 0.000000 0.000000 0.000000 99712.000000 98304.000000 99888.000000 99904.000000 99996.000000 99996.000000 99968.000000 99840.000000 99968.000000 99840.000000 100000.000000 99992.000000 100000.000000 99996.000000 100000.000000 91964.000000 83164.000000 99484.000000 99996.000000 100000.000000 99840.000000 99840.000000 99984.000000 100000.000000 98488.000000 99840.000000 94400.000000 99874.000000 69794.000000 0.000000 
9
0.000000 99840.000000 99840.000000 99984.000000 0.000000 100000.000000 99552.000000 97920.000000 99971.000000 97920.000000 97920.000000 99904.000000 100000.000000 0.000000 99993.000000 99987.000000 100000.000000 100000.000000 100000.000000 99984.000000 0.000000 99904.000000 100000.000000 99992.000000 100000.000000 0.000000 0.000000 99936.000000 0.000000 0.000000 0.000000 99968.000000 100000.000000 100000.000000 100000.000000 99840.000000 99968.000000 99968.000000 99840.000000 99968.000000 99840.000000 100000.000000 99440.000000 100000.000000 100000.000000 100000.000000 0.000000 99990.000000 99998.000000 99998.000000 100000.000000 99840.000000 99968.000000 100000.000000 100000.000000 100000.000000 99552.000000 99984.000000 99968.000000 68480.000000 0.000000 
10
0.000000 99840.000000 99841.000000 99953.000000 0.000000 100000.000000 99987.000000 99680.000000 99968.000000 99984.000000 0.000000 99968.000000 99984.000000 0.000000 100000.000000 100000.000000 99990.000000 99939.000000 100000.000000 99840.000000 99840.000000 99840.000000 99840.000000 99840.000000 99840.000000 99840.000000 99968.000000 99968.000000 99840.000000 99840.000000 99840.000000 99840.000000 99840.000000 99840.000000 99840.000000 99840.000000 100000.000000 99968.000000 99840.000000 99968.000000 99840.000000 99905.888889 100000.000000 99872.000000 99872.000000 99872.000000 99872.000000 100000.000000 99904.000000 99648.000000 99648.000000 100000.000000 99968.000000 99968.000000 99968.000000 99968.000000 100000.000000 99648.000000 99648.000000 99968.000000 0.000000 
11
0.000000 99840.000000 99841.000000 99953.000000 0.000000 100000.000000 99987.000000 99680.000000 99968.000000 99984.000000 0.000000 99956.000000 100000.000000 99616.000000 100000.000000 100000.000000 100000.000000 99984.000000 100000.000000 100000.000000 0.000000 100000.000000 100000.000000 99992.000000 99992.000000 99992.000000 99992.000000 100000.000000 99996.000000 99988.000000 99940.000000 99984.000000 99968.000000 99968.000000 99976.000000 99840.000000 99968.000000 99914.000000 99994.000000 0.000000 0.000000 99996.000000 99984.000000 100000.000000 100000.000000 100000.000000 100000.000000 100000.000000 100000.000000 100000.000000 99968.000000 99840.000000 99968.000000 100000.000000 99996.000000 100000.000000 99968.000000 98312.000000 96488.000000 99952.000000 0.000000 
12
0.000000 99840.000000 99841.000000 99953.000000 0.000000 100000.000000 99987.000000 99936.000000 100000.000000 99792.000000 0.000000 100000.000000 100000.000000 0.000000 99979.000000 99987.000000 99987.000000 99984.000000 100000.000000 100000.000000 0.000000 100000.000000 99936.000000 99968.000000 0.000000 0.000000 0.000000 100000.000000 0.000000 0.000000 0.000000 99968.000000 99936.000000 100000.000000 100000.000000 99840.000000 99904.000000 99798.000000 100000.000000 0.000000 0.000000 99986.000000 100000.000000 99988.000000 100000.000000 99776.000000 99904.000000 100000.000000 99936.000000 99712.000000 100000.000000 99776.000000 99776.000000 99976.000000 100000.000000 99936.000000 99936.000000 100000.000000 100000.000000 100000.000000 100000.000000 
13
0.000000 99840.000000 99841.000000 99953.000000 0.000000 100000.000000 99987.000000 99936.000000 100000.000000 99792.000000 0.000000 100000.000000 99936.000000 0.000000 99998.000000 100000.000000 100000.000000 99984.000000 100000.000000 100000.000000 0.000000 100000.000000 99968.000000 99968.000000 0.000000 0.000000 0.000000 99952.000000 0.000000 0.000000 0.000000 99712.000000 98304.000000 100000.000000 100000.000000 99840.000000 99968.000000 99968.000000 99840.000000 99968.000000 99840.000000 99904.000000 99984.000000 99986.000000 100000.000000 99968.000000 99968.000000 99968.000000 99936.000000 100000.000000 100000.000000 99840.000000 99840.000000 100000.000000 99992.000000 99988.000000 99968.000000 98248.000000 96520.000000 99912.000000 0.000000 
14
0.000000 99840.000000 99840.000000 99984.000000 0.000000 100000.000000 99984.000000 99736.000000 100000.000000 99968.000000 99840.000000 99840.000000 99840.000000 99840.000000 99840.000000 99840.000000 99840.000000 99840.000000 99840.000000 99840.000000 99840.000000 99840.000000 99840.000000 99840.000000 0.000000 0.000000 0.000000 99984.000000 0.000000 0.000000 0.000000 99968.000000 100000.000000 99999.000000 100000.000000 99840.000000 99968.000000 99968.000000 99840.000000 99968.000000 99840.000000 99840.000000 99984.000000 69360.000000 100000.000000 99968.000000 99968.000000 99968.000000 99936.000000 100000.000000 100000.000000 99840.000000 99840.000000 100000.000000 100000.000000 98311.000000 98496.000000 98311.000000 99840.000000 69760.000000 0.000000 
15
0.000000 99840.000000 99840.000000 99984.000000 0.000000 100000.000000 99984.000000 99736.000000 100000.000000 99968.000000 99840.000000 99840.000000 99840.000000 99840.000000 99840.000000 99840.000000 99840.000000 99840.000000 99840.000000 99840.000000 99840.000000 99840.000000 99840.000000 99840.000000 0.000000 0.000000 0.000000 99984.000000 0.000000 0.000000 0.000000 99968.000000 100000.000000 100000.000000 100000.000000 100000.000000 100000.000000 99968.000000 99840.000000 99968.000000 99840.000000 100000.000000 99994.000000 100000.000000 100000.000000 100000.000000 92032.000000 69024.000000 84832.000000 95104.000000 100000.000000 99840.000000 99840.000000 99984.000000 100000.000000 99712.000000 100000.000000 99936.000000 100000.000000 99936.000000 100000.000000 
16
0.000000 99968.000000 100000.000000 100000.000000 100000.000000 100000.000000 100000.000000 100000.000000 100000.000000 100000.000000 99936.000000 100000.000000 99840.000000 0.000000 99979.000000 100000.000000 100000.000000 99984.000000 100000.000000 100000.000000 0.000000 100000.000000 100000.000000 99969.000000 0.000000 0.000000 0.000000 99992.000000 0.000000 0.000000 0.000000 99712.000000 98306.000000 100000.000000 100000.000000 99976.000000 100000.000000 99968.000000 99840.000000 99968.000000 99840.000000 99904.000000 100000.000000 99872.000000 99872.000000 99872.000000 99872.000000 100000.000000 99904.000000 99648.000000 99648.000000 100000.000000 99968.000000 99968.000000 99968.000000 99968.000000 100000.000000 99648.000000 99648.000000 99968.000000 0.000000 
17
0.000000 99840.000000 100000.000000 100000.000000 100000.000000 100000.000000 100000.000000 100000.000000 100000.000000 100000.000000 99936.000000 100000.000000 99840.000000 0.000000 99968.000000 99904.000000 100000.000000 99936.000000 100000.000000 100000.000000 0.000000 100000.000000 100000.000000 99616.000000 0.000000 0.000000 0.000000 100000.000000 0.000000 0.000000 0.000000 99712.000000 98306.000000 100000.000000 79624.000000 99912.000000 99980.000000 100000.000000 100000.000000 100000.000000 100000.000000 100000.000000 99992.000000 99955.000000 100000.000000 100000.000000 100000.000000 100000.000000 100000.000000 100000.000000 100000.000000 99840.000000 99840.000000 99968.000000 100000.000000 99968.000000 99936.000000 99936.000000 99936.000000 99584.000000 0.000000 
18
0.000000 99842.000000 100000.000000 100000.000000 100000.000000 100000.000000 100000.000000 99968.000000 100000.000000 74112.000000 0.000000 99904.000000 99984.000000 96384.000000 99984.000000 100000.000000 99944.000000 100000.000000 100000.000000 99840.000000 99840.000000 99840.000000 99840.000000 99840.000000 99840.000000 99840.000000 99968.000000 99968.000000 99840.000000 99840.000000 99840.000000 99840.000000 99840.000000 99840.000000 99840.000000 99840.000000 99968.000000 99824.000000 99996.000000 0.000000 0.000000 99966.000000 99960.000000 99996.000000 100000.000000 99968.000000 99968.000000 99968.000000 99936.000000 100000.000000 100000.000000 99840.000000 99840.000000 100000.000000 100000.000000 99996.000000 100000.000000 97864.000000 96136.000000 99528.000000 0.000000 
19
0.000000 99842.000000 100000.000000 100000.000000 100000.000000 100000.000000 100000.000000 99968.000000 100000.000000 74112.000000 0.000000 99968.000000 99968.000000 100000.000000 99968.000000 99968.000000 99456.000000 100000.000000 99968.000000 99840.000000 99968.000000 99968.000000 99840.000000 99840.000000 0.000000 0.000000 0.000000 99984.000000 0.000000 0.000000 0.000000 99968.000000 100000.000000 100000.000000 100000.000000 99840.000000 99968.000000 99968.000000 99840.000000 99968.000000 99840.000000 99904.000000 99984.000000 72528.000000 100000.000000 99980.000000 99740.000000 99996.000000 99900.000000 99928.000000 100000.000000 99840.000000 99968.000000 100000.000000 100000.000000 98456.000000 99840.000000 99968.000000 99840.000000 99840.000000 99840.000000 
