0
0.000000 73728.000000 12288.000000 107656.000000 43792.000000 0.000000 0.000000 0.000000 18810.000000 0.000000 0.000000 67584.000000 6144.000000 2880.000000 35520.000000 0.000000 0.000000 400.000000 0.000000 0.000000 0.000000 67584.000000 6144.000000 23712.000000 0.000000 0.000000 0.000000 11600.000000 0.000000 0.000000 0.000000 73728.000000 12288.000000 2992.000000 26400.000000 2900.000000 43015.000000 0.000000 0.000000 0.000000 0.000000 268789.000000 211229.000000 152300.000000 81918.000000 24999.000000 89984.000000 26048.000000 30725.000000 0.000000 0.000000 79872.000000 18432.000000 0.000000 32550.000000 30784.000000 0.000000 0.000000 18435.000000 0.000000 0.000000 
1
0.000000 24576.000000 0.000000 107752.000000 43888.000000 0.000000 0.000000 0.000000 18810.000000 0.000000 0.000000 24576.000000 0.000000 2976.000000 35520.000000 0.000000 0.000000 400.000000 0.000000 0.000000 0.000000 18432.000000 0.000000 23712.000000 0.000000 0.000000 0.000000 11600.000000 0.000000 0.000000 0.000000 30720.000000 0.000000 2992.000000 26400.000000 2900.000000 43015.000000 0.000000 0.000000 0.000000 0.000000 268893.000000 199797.000000 134803.000000 69003.000000 8333.000000 89984.000000 26048.000000 30725.000000 0.000000 0.000000 36864.000000 0.000000 0.000000 32550.000000 30784.000000 0.000000 0.000000 18435.000000 0.000000 0.000000 
2
0.000000 24576.000000 0.000000 107752.000000 43888.000000 0.000000 0.000000 0.000000 18810.000000 0.000000 0.000000 24576.000000 0.000000 2880.000000 35520.000000 0.000000 0.000000 0.000000 0.000000 0.000000 0.000000 18432.000000 0.000000 23712.000000 0.000000 0.000000 0.000000 12000.000000 0.000000 0.000000 0.000000 30720.000000 0.000000 2992.000000 26400.000000 2320.000000 43015.000000 0.000000 0.000000 0.000000 0.000000 260560.000000 189909.000000 125757.000000 60763.000000 0.000000 87616.000000 23680.000000 30725.000000 0.000000 0.000000 43008.000000 0.000000 0.000000 32550.000000 30784.000000 0.000000 0.000000 12290.000000 0.000000 0.000000 
3
0.000000 24576.000000 0.000000 107656.000000 43888.000000 0.000000 0.000000 0.000000 18810.000000 0.000000 0.000000 24576.000000 0.000000 2784.000000 35520.000000 0.000000 0.000000 0.000000 0.000000 0.000000 0.000000 18432.000000 0.000000 23615.000000 0.000000 0.000000 0.000000 11420.000000 0.000000 0.000000 0.000000 30720.000000 0.000000 2992.000000 26400.000000 2320.000000 43015.000000 0.000000 0.000000 0.000000 0.000000 260782.000000 190844.000000 125757.000000 61698.000000 0.000000 87616.000000 23680.000000 24580.000000 0.000000 0.000000 36864.000000 0.000000 0.000000 32550.000000 28416.000000 0.000000 0.000000 12290.000000 0.000000 0.000000 
4
0.000000 30720.000000 0.000000 4320.000000 0.000000 0.000000 0.000000 0.000000 4400.000000 0.000000 0.000000 24576.000000 0.000000 2688.000000 35520.000000 0.000000 0.000000 15784.000000 0.000000 0.000000 0.000000 24576.000000 0.000000 0.000000 0.000000 0.000000 0.000000 0.000000 0.000000 0.000000 0.000000 36864.000000 0.000000 2992.000000 26400.000000 12672.000000 0.000000 0.000000 0.000000 0.000000 0.000000 86016.000000 18432.000000 22898.000000 67292.000000 2112.000000 89984.000000 26048.000000 0.000000 0.000000 0.000000 43008.000000 2048.000000 0.000000 0.000000 33152.000000 0.000000 0.000000 0.000000 0.000000 0.000000 
5
0.000000 24576.000000 0.000000 4224.000000 0.000000 0.000000 0.000000 0.000000 4400.000000 0.000000 0.000000 18432.000000 0.000000 2688.000000 35520.000000 0.000000 0.000000 15784.000000 0.000000 0.000000 0.000000 18432.000000 0.000000 0.000000 0.000000 0.000000 0.000000 0.000000 0.000000 0.000000 0.000000 30720.000000 0.000000 2992.000000 26400.000000 12672.000000 0.000000 0.000000 0.000000 0.000000 0.000000 79872.000000 18432.000000 25000.000000 67662.000000 2640.000000 87616.000000 23680.000000 0.000000 0.000000 0.000000 36864.000000 2048.000000 0.000000 0.000000 33152.000000 0.000000 0.000000 0.000000 0.000000 0.000000 
6
0.000000 24576.000000 0.000000 4224.000000 0.000000 0.000000 0.000000 0.000000 4400.000000 0.000000 0.000000 18432.000000 0.000000 2688.000000 35520.000000 0.000000 0.000000 15272.000000 0.000000 0.000000 0.000000 18432.000000 0.000000 0.000000 0.000000 0.000000 0.000000 0.000000 0.000000 0.000000 0.000000 30720.000000 0.000000 2992.000000 26400.000000 13824.000000 0.000000 0.000000 0.000000 0.000000 0.000000 81408.000000 18432.000000 24100.000000 66234.000000 1584.000000 87616.000000 23680.000000 0.000000 0.000000 0.000000 43008.000000 1536.000000 0.000000 0.000000 33152.000000 0.000000 0.000000 0.000000 0.000000 0.000000 
7
0.000000 24576.000000 0.000000 4224.000000 0.000000 0.000000 0.000000 0.000000 4000.000000 0.000000 0.000000 18432.000000 0.000000 2688.000000 33152.000000 0.000000 0.000000 15560.000000 0.000000 0.000000 0.000000 24576.000000 0.000000 0.000000 0.000000 0.000000 0.000000 0.000000 0.000000 0.000000 0.000000 30720.000000 0.000000 2992.000000 26400.000000 11520.000000 0.000000 0.000000 0.000000 0.000000 0.000000 81408.000000 18432.000000 24100.000000 65708.000000 528.000000 87616.000000 23680.000000 0.000000 0.000000 0.000000 36864.000000 1536.000000 0.000000 0.000000 30784.000000 0.000000 0.000000 0.000000 0.000000 0.000000 
8
0.000000 30720.000000 0.000000 4320.000000 0.000000 0.000000 0.000000 0.000000 4400.000000 0.000000 0.000000 24576.000000 0.000000 2688.000000 35520.000000 0.000000 0.000000 15784.000000 0.000000 0.000000 0.000000 24576.000000 0.000000 0.000000 0.000000 0.000000 0.000000 0.000000 0.000000 0.000000 0.000000 36864.000000 0.000000 4825.000000 22400.000000 12672.000000 30725.000000 0.000000 0.000000 0.000000 0.000000 15360.000000 3456.000000 0.000000 17600.000000 2895.000000 92352.000000 28416.000000 45144.000000 0.000000 0.000000 43008.000000 2048.000000 768.000000 17600.000000 37888.000000 0.000000 0.000000 0.000000 0.000000 0.000000 
9
0.000000 24576.000000 0.000000 4320.000000 0.000000 0.000000 0.000000 0.000000 4400.000000 0.000000 0.000000 18432.000000 0.000000 2784.000000 35520.000000 0.000000 0.000000 15852.000000 0.000000 0.000000 0.000000 18432.000000 0.000000 0.000000 0.000000 0.000000 0.000000 0.000000 0.000000 0.000000 0.000000 24576.000000 0.000000 3474.000000 22400.000000 12672.000000 31417.000000 0.000000 0.000000 0.000000 0.000000 15360.000000 3456.000000 0.000000 17600.000000 3860.000000 92352.000000 28416.000000 45144.000000 0.000000 0.000000 36864.000000 2048.000000 672.000000 17600.000000 35520.000000 0.000000 0.000000 0.000000 0.000000 0.000000 
10
0.000000 24576.000000 0.000000 4128.000000 0.000000 0.000000 0.000000 0.000000 4400.000000 0.000000 0.000000 18432.000000 0.000000 2784.000000 35520.000000 0.000000 0.000000 15340.000000 0.000000 0.000000 0.000000 18432.000000 0.000000 0.000000 0.000000 0.000000 0.000000 0.000000 0.000000 0.000000 0.000000 24576.000000 0.000000 3667.000000 22400.000000 12672.000000 31417.000000 0.000000 0.000000 0.000000 0.000000 12288.000000 3456.000000 0.000000 17600.000000 2895.000000 92352.000000 28416.000000 45144.000000 0.000000 0.000000 43008.000000 1536.000000 576.000000 17600.000000 35520.000000 0.000000 0.000000 0.000000 0.000000 0.000000 
11
0.000000 24576.000000 0.000000 4224.000000 0.000000 0.000000 0.000000 0.000000 4000.000000 0.000000 0.000000 18432.000000 0.000000 2688.000000 33152.000000 0.000000 0.000000 15560.000000 0.000000 0.000000 0.000000 18432.000000 0.000000 0.000000 0.000000 0.000000 0.000000 0.000000 0.000000 0.000000 0.000000 30720.000000 0.000000 3474.000000 22400.000000 11520.000000 31417.000000 0.000000 0.000000 0.000000 0.000000 12288.000000 3240.000000 0.000000 17600.000000 2895.000000 89984.000000 26048.000000 45144.000000 0.000000 0.000000 36864.000000 1536.000000 576.000000 17600.000000 35520.000000 0.000000 0.000000 0.000000 0.000000 0.000000 
12
0.000000 30720.000000 0.000000 4320.000000 0.000000 0.000000 0.000000 0.000000 4400.000000 0.000000 0.000000 24576.000000 0.000000 2784.000000 35520.000000 0.000000 0.000000 16364.000000 0.000000 0.000000 0.000000 24576.000000 0.000000 0.000000 0.000000 0.000000 0.000000 0.000000 0.000000 0.000000 0.000000 36864.000000 0.000000 37884.000000 80512.000000 16576.000000 0.000000 0.000000 0.000000 0.000000 0.000000 73728.000000 6144.000000 0.000000 17600.000000 1344.000000 0.000000 32640.000000 0.000000 0.000000 0.000000 36864.000000 2560.000000 7248.000000 0.000000 37888.000000 0.000000 0.000000 117876.000000 52668.000000 0.000000 
13
0.000000 24576.000000 0.000000 4224.000000 0.000000 0.000000 0.000000 0.000000 4400.000000 0.000000 0.000000 18432.000000 0.000000 2784.000000 35520.000000 0.000000 0.000000 15784.000000 0.000000 0.000000 0.000000 18432.000000 0.000000 0.000000 0.000000 0.000000 0.000000 0.000000 0.000000 0.000000 0.000000 30720.000000 0.000000 38484.000000 80512.000000 16576.000000 0.000000 0.000000 0.000000 0.000000 0.000000 73728.000000 6144.000000 0.000000 17600.000000 1248.000000 0.000000 32640.000000 0.000000 0.000000 0.000000 30720.000000 2560.000000 10460.000000 0.000000 35520.000000 0.000000 0.000000 117876.000000 52668.000000 0.000000 
14
0.000000 24576.000000 0.000000 4128.000000 0.000000 0.000000 0.000000 0.000000 4400.000000 0.000000 0.000000 18432.000000 0.000000 2688.000000 35520.000000 0.000000 0.000000 15852.000000 0.000000 0.000000 0.000000 18432.000000 0.000000 0.000000 0.000000 0.000000 0.000000 0.000000 0.000000 0.000000 0.000000 24576.000000 0.000000 37884.000000 80512.000000 16576.000000 0.000000 0.000000 0.000000 0.000000 0.000000 78336.000000 12288.000000 0.000000 17600.000000 1344.000000 0.000000 32640.000000 0.000000 0.000000 0.000000 36864.000000 2048.000000 18040.000000 0.000000 35520.000000 0.000000 0.000000 117876.000000 52668.000000 0.000000 
15
0.000000 24576.000000 0.000000 4224.000000 0.000000 0.000000 0.000000 0.000000 4000.000000 0.000000 0.000000 18432.000000 0.000000 2688.000000 33152.000000 0.000000 0.000000 15560.000000 0.000000 0.000000 0.000000 18432.000000 0.000000 0.000000 0.000000 0.000000 0.000000 0.000000 0.000000 0.000000 0.000000 30720.000000 0.000000 37280.000000 78144.000000 14208.000000 0.000000 0.000000 0.000000 0.000000 0.000000 73728.000000 6144.000000 0.000000 17600.000000 1248.000000 0.000000 32640.000000 0.000000 0.000000 0.000000 30720.000000 2048.000000 7200.000000 0.000000 35520.000000 0.000000 0.000000 117876.000000 52668.000000 0.000000 
16
0.000000 30720.000000 0.000000 4500.000000 0.000000 0.000000 0.000000 0.000000 4400.000000 0.000000 0.000000 24576.000000 0.000000 24511.000000 123200.000000 61600.000000 0.000000 1200.000000 12290.000000 0.000000 0.000000 24576.000000 0.000000 0.000000 0.000000 0.000000 0.000000 30018.000000 0.000000 0.000000 0.000000 30720.000000 0.000000 3950.000000 0.000000 29376.000000 0.000000 0.000000 0.000000 0.000000 0.000000 84480.000000 18432.000000 0.000000 0.000000 0.000000 92352.000000 28416.000000 45144.000000 0.000000 0.000000 36864.000000 3072.000000 9900.000000 0.000000 8192.000000 71808.000000 6528.000000 18435.000000 0.000000 0.000000 
17
0.000000 24576.000000 0.000000 2700.000000 0.000000 0.000000 0.000000 0.000000 4400.000000 0.000000 0.000000 18432.000000 0.000000 24511.000000 123200.000000 61600.000000 0.000000 1200.000000 12290.000000 0.000000 0.000000 18432.000000 0.000000 0.000000 0.000000 0.000000 0.000000 30692.000000 0.000000 0.000000 0.000000 24576.000000 0.000000 2700.000000 0.000000 29376.000000 0.000000 0.000000 0.000000 0.000000 0.000000 86016.000000 18432.000000 0.000000 0.000000 0.000000 92352.000000 28416.000000 45144.000000 0.000000 0.000000 36864.000000 3072.000000 9000.000000 0.000000 8192.000000 68544.000000 3264.000000 18435.000000 0.000000 0.000000 
18
0.000000 24576.000000 0.000000 2700.000000 0.000000 0.000000 0.000000 0.000000 4400.000000 0.000000 0.000000 18432.000000 0.000000 24511.000000 123200.000000 61600.000000 0.000000 800.000000 12290.000000 0.000000 0.000000 18432.000000 0.000000 0.000000 0.000000 0.000000 0.000000 30692.000000 0.000000 0.000000 0.000000 24576.000000 0.000000 2700.000000 0.000000 29376.000000 0.000000 0.000000 0.000000 0.000000 0.000000 80896.000000 18432.000000 0.000000 0.000000 0.000000 92352.000000 28416.000000 45144.000000 0.000000 0.000000 36864.000000 2560.000000 9000.000000 0.000000 8192.000000 68544.000000 3264.000000 12290.000000 0.000000 0.000000 
19
0.000000 24576.000000 0.000000 1800.000000 0.000000 0.000000 0.000000 0.000000 4000.000000 0.000000 0.000000 18432.000000 0.000000 24511.000000 123200.000000 61600.000000 0.000000 800.000000 6145.000000 0.000000 0.000000 18432.000000 0.000000 0.000000 0.000000 0.000000 0.000000 30692.000000 0.000000 0.000000 0.000000 24576.000000 0.000000 3050.000000 0.000000 26112.000000 0.000000 0.000000 0.000000 0.000000 0.000000 80896.000000 18432.000000 0.000000 0.000000 0.000000 89984.000000 26048.000000 45144.000000 0.000000 0.000000 30720.000000 2560.000000 8450.000000 0.000000 7168.000000 68544.000000 3264.000000 12290.000000 0.000000 0.000000 
20
0.000000 30720.000000 0.000000 4416.000000 0.000000 0.000000 0.000000 0.000000 4400.000000 0.000000 0.000000 24576.000000 0.000000 5080.000000 35520.000000 0.000000 0.000000 2112.000000 0.000000 0.000000 0.000000 24576.000000 0.000000 0.000000 0.000000 0.000000 0.000000 0.000000 0.000000 0.000000 0.000000 30720.000000 0.000000 0.000000 80512.000000 14208.000000 0.000000 0.000000 0.000000 0.000000 0.000000 73728.000000 6144.000000 0.000000 17600.000000 1344.000000 0.000000 32640.000000 0.000000 0.000000 0.000000 36864.000000 2560.000000 34872.000000 0.000000 37888.000000 0.000000 0.000000 0.000000 0.000000 0.000000 
21
0.000000 24576.000000 0.000000 4320.000000 0.000000 0.000000 0.000000 0.000000 4400.000000 0.000000 0.000000 18432.000000 0.000000 7580.000000 35520.000000 0.000000 0.000000 2112.000000 0.000000 0.000000 0.000000 18432.000000 0.000000 0.000000 0.000000 0.000000 0.000000 0.000000 0.000000 0.000000 0.000000 24576.000000 0.000000 0.000000 80512.000000 14208.000000 0.000000 0.000000 0.000000 0.000000 0.000000 73728.000000 6144.000000 0.000000 17600.000000 1344.000000 0.000000 32640.000000 0.000000 0.000000 0.000000 30720.000000 2560.000000 27196.000000 0.000000 35520.000000 0.000000 0.000000 0.000000 0.000000 0.000000 
22
0.000000 24576.000000 0.000000 4224.000000 0.000000 0.000000 0.000000 0.000000 4400.000000 0.000000 0.000000 18432.000000 0.000000 10120.000000 35520.000000 0.000000 0.000000 1312.000000 0.000000 0.000000 0.000000 18432.000000 0.000000 0.000000 0.000000 0.000000 0.000000 0.000000 0.000000 0.000000 0.000000 24576.000000 0.000000 0.000000 80512.000000 14208.000000 0.000000 0.000000 0.000000 0.000000 0.000000 78336.000000 12288.000000 0.000000 17600.000000 1248.000000 0.000000 32640.000000 0.000000 0.000000 0.000000 36864.000000 2048.000000 28488.000000 0.000000 35520.000000 0.000000 0.000000 0.000000 0.000000 0.000000 
23
0.000000 24576.000000 0.000000 4224.000000 0.000000 0.000000 0.000000 0.000000 4000.000000 0.000000 0.000000 18432.000000 0.000000 10120.000000 33152.000000 0.000000 0.000000 1600.000000 0.000000 0.000000 0.000000 24576.000000 0.000000 0.000000 0.000000 0.000000 0.000000 0.000000 0.000000 0.000000 0.000000 30720.000000 0.000000 0.000000 78144.000000 11840.000000 0.000000 0.000000 0.000000 0.000000 0.000000 73728.000000 6144.000000 0.000000 17600.000000 1248.000000 0.000000 32640.000000 0.000000 0.000000 0.000000 30720.000000 2048.000000 34776.000000 0.000000 35520.000000 0.000000 0.000000 0.000000 0.000000 0.000000 
24
0.000000 30720.000000 0.000000 4416.000000 0.000000 0.000000 0.000000 0.000000 4400.000000 0.000000 0.000000 24576.000000 0.000000 10120.000000 40256.000000 0.000000 0.000000 16364.000000 0.000000 0.000000 0.000000 24576.000000 0.000000 0.000000 0.000000 0.000000 0.000000 0.000000 0.000000 0.000000 0.000000 30720.000000 0.000000 38244.000000 85248.000000 21312.000000 30725.000000 0.000000 0.000000 0.000000 0.000000 15360.000000 6912.000000 0.000000 0.000000 579.000000 92352.000000 28416.000000 0.000000 0.000000 0.000000 43008.000000 3072.000000 71724.000000 7784.000000 35520.000000 0.000000 0.000000 0.000000 0.000000 0.000000 
25
0.000000 24576.000000 0.000000 4320.000000 0.000000 0.000000 0.000000 0.000000 4400.000000 0.000000 0.000000 18432.000000 0.000000 0.000000 37888.000000 0.000000 0.000000 16364.000000 0.000000 0.000000 0.000000 18432.000000 0.000000 0.000000 0.000000 0.000000 0.000000 0.000000 0.000000 0.000000 0.000000 24576.000000 0.000000 38772.000000 82880.000000 18944.000000 31417.000000 0.000000 0.000000 0.000000 0.000000 15360.000000 6912.000000 0.000000 0.000000 386.000000 92352.000000 28416.000000 0.000000 0.000000 0.000000 36864.000000 3072.000000 71724.000000 7784.000000 33152.000000 0.000000 0.000000 0.000000 0.000000 0.000000 
26
0.000000 24576.000000 0.000000 4416.000000 0.000000 0.000000 0.000000 0.000000 4400.000000 0.000000 0.000000 18432.000000 0.000000 10120.000000 37888.000000 0.000000 0.000000 15852.000000 0.000000 0.000000 0.000000 18432.000000 0.000000 0.000000 0.000000 0.000000 0.000000 0.000000 0.000000 0.000000 0.000000 30720.000000 0.000000 38772.000000 82880.000000 18944.000000 31417.000000 0.000000 0.000000 0.000000 0.000000 12288.000000 6696.000000 0.000000 0.000000 386.000000 92352.000000 28416.000000 0.000000 0.000000 0.000000 43008.000000 2560.000000 71724.000000 7184.000000 33152.000000 0.000000 0.000000 0.000000 0.000000 0.000000 
27
0.000000 24576.000000 0.000000 4320.000000 0.000000 0.000000 0.000000 0.000000 4000.000000 0.000000 0.000000 18432.000000 0.000000 10120.000000 37888.000000 0.000000 0.000000 16252.000000 0.000000 0.000000 0.000000 18432.000000 0.000000 0.000000 0.000000 0.000000 0.000000 0.000000 0.000000 0.000000 0.000000 30720.000000 0.000000 38772.000000 82880.000000 18944.000000 31417.000000 0.000000 0.000000 0.000000 0.000000 12288.000000 6480.000000 0.000000 0.000000 386.000000 89984.000000 26048.000000 0.000000 0.000000 0.000000 36864.000000 2560.000000 71724.000000 7184.000000 35520.000000 0.000000 0.000000 0.000000 0.000000 0.000000 
28
0.000000 30720.000000 0.000000 4416.000000 0.000000 0.000000 0.000000 0.000000 4400.000000 0.000000 0.000000 24576.000000 0.000000 7580.000000 40256.000000 0.000000 0.000000 1200.000000 0.000000 0.000000 0.000000 24576.000000 0.000000 0.000000 0.000000 0.000000 0.000000 30018.000000 0.000000 0.000000 0.000000 30720.000000 0.000000 0.000000 85248.000000 18944.000000 0.000000 0.000000 0.000000 0.000000 0.000000 73728.000000 6144.000000 0.000000 17600.000000 1248.000000 0.000000 29376.000000 0.000000 0.000000 0.000000 36864.000000 2048.000000 34776.000000 0.000000 37888.000000 0.000000 0.000000 0.000000 0.000000 0.000000 
29
0.000000 24576.000000 0.000000 4320.000000 0.000000 0.000000 0.000000 0.000000 4400.000000 0.000000 0.000000 18432.000000 0.000000 7580.000000 37888.000000 0.000000 0.000000 800.000000 0.000000 0.000000 0.000000 18432.000000 0.000000 0.000000 0.000000 0.000000 0.000000 30692.000000 0.000000 0.000000 0.000000 24576.000000 0.000000 0.000000 82880.000000 16576.000000 0.000000 0.000000 0.000000 0.000000 0.000000 73728.000000 6144.000000 0.000000 17600.000000 1248.000000 0.000000 29376.000000 0.000000 0.000000 0.000000 30720.000000 2560.000000 27196.000000 0.000000 35520.000000 0.000000 0.000000 0.000000 0.000000 0.000000 
30
0.000000 24576.000000 0.000000 4416.000000 0.000000 0.000000 0.000000 0.000000 4000.000000 0.000000 0.000000 18432.000000 0.000000 5080.000000 37888.000000 0.000000 0.000000 800.000000 0.000000 0.000000 0.000000 18432.000000 0.000000 0.000000 0.000000 0.000000 0.000000 30692.000000 0.000000 0.000000 0.000000 24576.000000 0.000000 0.000000 82880.000000 16576.000000 0.000000 0.000000 0.000000 0.000000 0.000000 78336.000000 12288.000000 0.000000 17600.000000 1248.000000 0.000000 32640.000000 0.000000 0.000000 0.000000 36864.000000 2048.000000 34728.000000 0.000000 35520.000000 0.000000 0.000000 0.000000 0.000000 0.000000 
31
0.000000 24576.000000 0.000000 4320.000000 0.000000 0.000000 0.000000 0.000000 4000.000000 0.000000 0.000000 18432.000000 0.000000 10120.000000 37888.000000 0.000000 0.000000 800.000000 0.000000 0.000000 0.000000 18432.000000 0.000000 0.000000 0.000000 0.000000 0.000000 30692.000000 0.000000 0.000000 0.000000 24576.000000 0.000000 0.000000 82880.000000 16576.000000 0.000000 0.000000 0.000000 0.000000 0.000000 73728.000000 6144.000000 0.000000 17600.000000 1152.000000 0.000000 29376.000000 0.000000 0.000000 0.000000 30720.000000 1536.000000 30892.000000 0.000000 35520.000000 0.000000 0.000000 0.000000 0.000000 0.000000 
32
0.000000 30720.000000 0.000000 17700.000000 0.000000 29696.000000 176256.000000 110976.000000 45696.000000 0.000000 0.000000 24576.000000 0.000000 28472.000000 132000.000000 61600.000000 0.000000 1200.000000 12290.000000 0.000000 0.000000 24576.000000 0.000000 22984.000000 52432.000000 0.000000 0.000000 0.000000 0.000000 0.000000 0.000000 30720.000000 0.000000 8232.000000 22400.000000 13824.000000 0.000000 0.000000 0.000000 0.000000 0.000000 640847.000000 571844.000000 507108.000000 441636.000000 377604.000000 316257.000000 249124.000000 184388.000000 118916.000000 54884.000000 15984.000000 2700.000000 0.000000 17600.000000 37888.000000 0.000000 0.000000 0.000000 0.000000 0.000000 
33
0.000000 24576.000000 0.000000 30408.000000 0.000000 29696.000000 176256.000000 110976.000000 45696.000000 0.000000 0.000000 18432.000000 0.000000 25153.000000 123200.000000 61600.000000 0.000000 800.000000 12290.000000 0.000000 0.000000 18432.000000 0.000000 17666.000000 50848.000000 0.000000 0.000000 0.000000 0.000000 0.000000 0.000000 24576.000000 0.000000 7546.000000 19600.000000 13824.000000 0.000000 0.000000 0.000000 0.000000 0.000000 647532.000000 578436.000000 515044.000000 449572.000000 385844.000000 324590.000000 256651.000000 193259.000000 127787.000000 62411.000000 15677.000000 3024.000000 0.000000 17600.000000 35520.000000 0.000000 0.000000 0.000000 0.000000 0.000000 
34
0.000000 24576.000000 0.000000 15160.000000 0.000000 29696.000000 176256.000000 110976.000000 45696.000000 0.000000 0.000000 18432.000000 0.000000 29589.000000 123200.000000 61600.000000 0.000000 800.000000 12290.000000 0.000000 0.000000 18432.000000 0.000000 18590.000000 50848.000000 0.000000 0.000000 0.000000 0.000000 0.000000 0.000000 24576.000000 0.000000 8918.000000 19600.000000 13824.000000 0.000000 0.000000 0.000000 0.000000 0.000000 648549.000000 579453.000000 514077.000000 448605.000000 385213.000000 320932.000000 256651.000000 193259.000000 127787.000000 64059.000000 15677.000000 2916.000000 0.000000 17600.000000 35520.000000 0.000000 0.000000 0.000000 0.000000 0.000000 
35
0.000000 24576.000000 0.000000 12818.000000 0.000000 29696.000000 176256.000000 110976.000000 45696.000000 0.000000 0.000000 18432.000000 0.000000 27699.000000 123200.000000 61600.000000 0.000000 800.000000 6145.000000 0.000000 0.000000 18432.000000 0.000000 12481.000000 57060.000000 0.000000 0.000000 0.000000 0.000000 0.000000 0.000000 30720.000000 0.000000 6860.000000 19600.000000 12672.000000 0.000000 0.000000 0.000000 0.000000 0.000000 640369.000000 571366.000000 508342.000000 442870.000000 379878.000000 320541.000000 251316.000000 188628.000000 125140.000000 61476.000000 15029.000000 2808.000000 0.000000 17600.000000 35520.000000 0.000000 0.000000 0.000000 0.000000 0.000000 
36
0.000000 30720.000000 0.000000 17700.000000 0.000000 29696.000000 176256.000000 110976.000000 45696.000000 0.000000 0.000000 24576.000000 0.000000 24356.000000 40256.000000 0.000000 0.000000 2000.000000 0.000000 0.000000 0.000000 24576.000000 0.000000 15863.000000 27164.000000 136064.000000 70400.000000 7104.000000 0.000000 0.000000 0.000000 36864.000000 0.000000 7546.000000 22400.000000 13824.000000 0.000000 0.000000 0.000000 0.000000 0.000000 73728.000000 6144.000000 0.000000 17600.000000 1248.000000 0.000000 29376.000000 0.000000 0.000000 0.000000 36864.000000 2560.000000 384.000000 0.000000 37888.000000 0.000000 0.000000 0.000000 0.000000 0.000000 
37
0.000000 24576.000000 0.000000 30408.000000 0.000000 29696.000000 176256.000000 110976.000000 45696.000000 0.000000 0.000000 18432.000000 0.000000 29158.000000 37888.000000 0.000000 0.000000 1712.000000 0.000000 0.000000 0.000000 18432.000000 0.000000 20648.000000 25816.000000 136064.000000 70400.000000 7104.000000 0.000000 0.000000 0.000000 30720.000000 0.000000 6860.000000 22400.000000 13824.000000 0.000000 0.000000 0.000000 0.000000 0.000000 73728.000000 6144.000000 0.000000 17600.000000 1248.000000 0.000000 29376.000000 0.000000 0.000000 0.000000 30720.000000 2560.000000 192.000000 0.000000 35520.000000 0.000000 0.000000 0.000000 0.000000 0.000000 
38
0.000000 24576.000000 0.000000 15160.000000 0.000000 29696.000000 176256.000000 110976.000000 45696.000000 0.000000 0.000000 18432.000000 0.000000 24448.000000 37888.000000 0.000000 0.000000 1712.000000 0.000000 0.000000 0.000000 18432.000000 0.000000 12481.000000 20444.000000 136064.000000 70400.000000 7104.000000 0.000000 0.000000 0.000000 30720.000000 0.000000 8232.000000 22400.000000 13824.000000 0.000000 0.000000 0.000000 0.000000 0.000000 72192.000000 6144.000000 0.000000 17600.000000 1344.000000 0.000000 32640.000000 0.000000 0.000000 0.000000 36864.000000 2048.000000 192.000000 0.000000 35520.000000 0.000000 0.000000 0.000000 0.000000 0.000000 
39
0.000000 24576.000000 0.000000 12818.000000 0.000000 29696.000000 176256.000000 110976.000000 45696.000000 0.000000 0.000000 18432.000000 0.000000 25323.000000 37888.000000 0.000000 0.000000 1312.000000 0.000000 0.000000 0.000000 18432.000000 0.000000 15554.000000 26804.000000 136064.000000 70400.000000 7104.000000 0.000000 0.000000 0.000000 30720.000000 0.000000 6860.000000 22400.000000 12672.000000 0.000000 0.000000 0.000000 0.000000 0.000000 73728.000000 6144.000000 0.000000 17600.000000 1248.000000 0.000000 29376.000000 0.000000 0.000000 0.000000 30720.000000 1536.000000 192.000000 0.000000 35520.000000 0.000000 0.000000 0.000000 0.000000 0.000000 
40
0.000000 24576.000000 0.000000 17874.000000 0.000000 0.000000 0.000000 0.000000 4400.000000 0.000000 0.000000 18432.000000 0.000000 28652.000000 40256.000000 0.000000 0.000000 1200.000000 12290.000000 0.000000 0.000000 18432.000000 0.000000 22780.000000 27164.000000 136064.000000 70400.000000 7104.000000 0.000000 0.000000 0.000000 30720.000000 0.000000 23752.000000 26400.000000 12672.000000 0.000000 0.000000 0.000000 0.000000 0.000000 86016.000000 24576.000000 154.000000 17600.000000 1248.000000 0.000000 32640.000000 0.000000 0.000000 0.000000 36864.000000 2560.000000 384.000000 0.000000 37888.000000 0.000000 0.000000 0.000000 0.000000 0.000000 
41
0.000000 24576.000000 0.000000 17748.000000 0.000000 0.000000 0.000000 0.000000 4400.000000 0.000000 0.000000 18432.000000 0.000000 29385.000000 37888.000000 0.000000 0.000000 800.000000 12290.000000 0.000000 0.000000 18432.000000 0.000000 15831.000000 25816.000000 136496.000000 70400.000000 4736.000000 0.000000 0.000000 0.000000 30720.000000 0.000000 23656.000000 26400.000000 12672.000000 0.000000 0.000000 0.000000 0.000000 0.000000 79872.000000 18432.000000 0.000000 17600.000000 1152.000000 0.000000 32640.000000 0.000000 0.000000 0.000000 30720.000000 2560.000000 192.000000 0.000000 35520.000000 0.000000 0.000000 0.000000 0.000000 0.000000 
42
0.000000 24576.000000 0.000000 12765.000000 0.000000 0.000000 0.000000 0.000000 4000.000000 0.000000 0.000000 18432.000000 0.000000 20002.000000 37888.000000 0.000000 0.000000 800.000000 12290.000000 0.000000 0.000000 18432.000000 0.000000 20240.000000 20444.000000 136064.000000 70400.000000 7104.000000 0.000000 0.000000 0.000000 30720.000000 0.000000 24352.000000 26400.000000 12672.000000 0.000000 0.000000 0.000000 0.000000 0.000000 81408.000000 18432.000000 0.000000 17600.000000 1152.000000 0.000000 32640.000000 0.000000 0.000000 0.000000 36864.000000 2048.000000 192.000000 0.000000 35520.000000 0.000000 0.000000 0.000000 0.000000 0.000000 
43
0.000000 24576.000000 0.000000 20394.000000 0.000000 0.000000 0.000000 0.000000 4000.000000 0.000000 0.000000 18432.000000 0.000000 17961.000000 37888.000000 0.000000 0.000000 800.000000 6145.000000 0.000000 0.000000 18432.000000 0.000000 15200.000000 26804.000000 136064.000000 70400.000000 7104.000000 0.000000 0.000000 0.000000 30720.000000 0.000000 23656.000000 26400.000000 12672.000000 0.000000 0.000000 0.000000 0.000000 0.000000 81408.000000 18432.000000 0.000000 17600.000000 1152.000000 0.000000 32640.000000 0.000000 0.000000 0.000000 30720.000000 2048.000000 288.000000 0.000000 35520.000000 0.000000 0.000000 0.000000 0.000000 0.000000 
44
0.000000 24576.000000 0.000000 17874.000000 0.000000 0.000000 0.000000 0.000000 4400.000000 0.000000 0.000000 18432.000000 0.000000 28652.000000 40256.000000 0.000000 0.000000 1200.000000 12290.000000 0.000000 0.000000 18432.000000 0.000000 15863.000000 27092.000000 136064.000000 70400.000000 7104.000000 0.000000 0.000000 0.000000 30720.000000 0.000000 0.000000 26400.000000 12672.000000 0.000000 0.000000 0.000000 0.000000 0.000000 15360.000000 6912.000000 357.000000 0.000000 960.000000 0.000000 29376.000000 30725.000000 0.000000 0.000000 43008.000000 2048.000000 25320.000000 17600.000000 37888.000000 0.000000 0.000000 0.000000 0.000000 0.000000 
45
0.000000 24576.000000 0.000000 17748.000000 0.000000 0.000000 0.000000 0.000000 4400.000000 0.000000 0.000000 18432.000000 0.000000 29385.000000 37888.000000 0.000000 0.000000 800.000000 12290.000000 0.000000 0.000000 18432.000000 0.000000 20648.000000 20444.000000 136064.000000 70400.000000 7104.000000 0.000000 0.000000 0.000000 30720.000000 0.000000 0.000000 26400.000000 12672.000000 0.000000 0.000000 0.000000 0.000000 0.000000 15360.000000 6912.000000 351.000000 0.000000 960.000000 0.000000 29376.000000 30725.000000 0.000000 0.000000 36864.000000 2048.000000 20240.000000 17600.000000 35520.000000 0.000000 0.000000 0.000000 0.000000 0.000000 
46
0.000000 24576.000000 0.000000 12765.000000 0.000000 0.000000 0.000000 0.000000 4000.000000 0.000000 0.000000 18432.000000 0.000000 25042.000000 37888.000000 0.000000 0.000000 800.000000 6145.000000 0.000000 0.000000 18432.000000 0.000000 12481.000000 26804.000000 136064.000000 70400.000000 7104.000000 0.000000 0.000000 0.000000 30720.000000 0.000000 0.000000 26400.000000 12672.000000 0.000000 0.000000 0.000000 0.000000 0.000000 12288.000000 6696.000000 402.000000 0.000000 960.000000 0.000000 29376.000000 30725.000000 0.000000 0.000000 36864.000000 1536.000000 23998.000000 17600.000000 35520.000000 0.000000 0.000000 0.000000 0.000000 0.000000 
47
0.000000 24576.000000 0.000000 20394.000000 0.000000 0.000000 0.000000 0.000000 4000.000000 0.000000 0.000000 18432.000000 0.000000 17961.000000 37888.000000 0.000000 0.000000 800.000000 6145.000000 0.000000 0.000000 18432.000000 0.000000 15554.000000 26488.000000 136064.000000 70400.000000 7104.000000 0.000000 0.000000 0.000000 30720.000000 0.000000 0.000000 26400.000000 11520.000000 0.000000 0.000000 0.000000 0.000000 0.000000 12288.000000 6696.000000 357.000000 0.000000 768.000000 0.000000 26112.000000 24580.000000 0.000000 0.000000 36864.000000 1536.000000 20240.000000 17600.000000 35520.000000 0.000000 0.000000 0.000000 0.000000 0.000000 
48
0.000000 24576.000000 0.000000 3088.000000 0.000000 0.000000 0.000000 0.000000 18810.000000 0.000000 0.000000 18432.000000 0.000000 2976.000000 40256.000000 0.000000 0.000000 400.000000 0.000000 0.000000 0.000000 18432.000000 0.000000 0.000000 0.000000 0.000000 0.000000 30018.000000 0.000000 0.000000 0.000000 24576.000000 0.000000 38076.000000 82880.000000 18944.000000 0.000000 0.000000 0.000000 0.000000 0.000000 72192.000000 6144.000000 0.000000 17600.000000 1056.000000 0.000000 29376.000000 0.000000 0.000000 0.000000 36864.000000 2048.000000 45927.000000 32550.000000 37888.000000 0.000000 0.000000 0.000000 0.000000 0.000000 
49
0.000000 24576.000000 0.000000 3088.000000 0.000000 0.000000 0.000000 0.000000 18810.000000 0.000000 0.000000 24576.000000 0.000000 3072.000000 37888.000000 0.000000 0.000000 0.000000 0.000000 0.000000 0.000000 18432.000000 0.000000 0.000000 0.000000 0.000000 0.000000 30692.000000 0.000000 0.000000 0.000000 24576.000000 0.000000 38628.000000 82880.000000 18944.000000 0.000000 0.000000 0.000000 0.000000 0.000000 72192.000000 6144.000000 0.000000 17600.000000 1056.000000 0.000000 29376.000000 0.000000 0.000000 0.000000 30720.000000 2048.000000 41288.000000 32550.000000 35520.000000 0.000000 0.000000 0.000000 0.000000 0.000000 
50
0.000000 24576.000000 0.000000 3088.000000 0.000000 0.000000 0.000000 0.000000 18810.000000 0.000000 0.000000 24576.000000 0.000000 2880.000000 37888.000000 0.000000 0.000000 0.000000 0.000000 0.000000 0.000000 18432.000000 0.000000 0.000000 0.000000 0.000000 0.000000 30692.000000 0.000000 0.000000 0.000000 30720.000000 0.000000 38628.000000 82880.000000 18944.000000 0.000000 0.000000 0.000000 0.000000 0.000000 70656.000000 6144.000000 0.000000 17600.000000 1056.000000 0.000000 29376.000000 0.000000 0.000000 0.000000 30720.000000 1536.000000 45627.000000 32550.000000 35520.000000 0.000000 0.000000 0.000000 0.000000 0.000000 
51
0.000000 24576.000000 0.000000 2702.000000 0.000000 0.000000 0.000000 0.000000 18810.000000 0.000000 0.000000 24576.000000 0.000000 2784.000000 37888.000000 0.000000 0.000000 0.000000 0.000000 0.000000 0.000000 18432.000000 0.000000 0.000000 0.000000 0.000000 0.000000 30692.000000 0.000000 0.000000 0.000000 24576.000000 0.000000 37280.000000 82880.000000 18944.000000 0.000000 0.000000 0.000000 0.000000 0.000000 66048.000000 0.000000 0.000000 17600.000000 960.000000 0.000000 26112.000000 0.000000 0.000000 0.000000 30720.000000 1536.000000 47312.000000 32550.000000 35520.000000 0.000000 0.000000 0.000000 0.000000 0.000000 
52
0.000000 24576.000000 0.000000 4032.000000 0.000000 0.000000 0.000000 0.000000 18810.000000 18435.000000 0.000000 18432.000000 0.000000 2976.000000 8192.000000 0.000000 0.000000 800.000000 0.000000 0.000000 0.000000 18432.000000 0.000000 0.000000 0.000000 0.000000 0.000000 0.000000 0.000000 0.000000 0.000000 24576.000000 0.000000 38076.000000 82880.000000 16576.000000 0.000000 0.000000 0.000000 0.000000 0.000000 15360.000000 6912.000000 356.000000 0.000000 864.000000 0.000000 29376.000000 30725.000000 0.000000 0.000000 43008.000000 2048.000000 0.000000 0.000000 37888.000000 0.000000 0.000000 0.000000 0.000000 0.000000 
53
0.000000 24576.000000 0.000000 4128.000000 0.000000 0.000000 0.000000 0.000000 18810.000000 18435.000000 0.000000 18432.000000 0.000000 3168.000000 8192.000000 0.000000 0.000000 0.000000 0.000000 0.000000 0.000000 18432.000000 0.000000 0.000000 0.000000 0.000000 0.000000 0.000000 0.000000 0.000000 0.000000 24576.000000 0.000000 38628.000000 82880.000000 16576.000000 0.000000 0.000000 0.000000 0.000000 0.000000 15360.000000 6912.000000 300.000000 0.000000 960.000000 0.000000 29376.000000 30725.000000 0.000000 0.000000 36864.000000 2048.000000 0.000000 0.000000 35520.000000 0.000000 0.000000 0.000000 0.000000 0.000000 
54
0.000000 24576.000000 0.000000 4032.000000 0.000000 0.000000 0.000000 0.000000 18810.000000 12290.000000 0.000000 24576.000000 0.000000 2976.000000 8192.000000 0.000000 0.000000 0.000000 0.000000 0.000000 0.000000 24576.000000 0.000000 0.000000 0.000000 0.000000 0.000000 0.000000 0.000000 0.000000 0.000000 30720.000000 0.000000 38628.000000 82880.000000 16576.000000 0.000000 0.000000 0.000000 0.000000 0.000000 12288.000000 6480.000000 255.000000 0.000000 864.000000 0.000000 29376.000000 24580.000000 0.000000 0.000000 36864.000000 1536.000000 0.000000 0.000000 35520.000000 0.000000 0.000000 0.000000 0.000000 0.000000 
55
0.000000 24576.000000 0.000000 4032.000000 0.000000 0.000000 0.000000 0.000000 18810.000000 12290.000000 0.000000 24576.000000 0.000000 2976.000000 8192.000000 0.000000 0.000000 400.000000 0.000000 0.000000 0.000000 18432.000000 0.000000 0.000000 0.000000 0.000000 0.000000 0.000000 0.000000 0.000000 0.000000 24576.000000 0.000000 37280.000000 82880.000000 16576.000000 0.000000 0.000000 0.000000 0.000000 0.000000 12288.000000 6696.000000 204.000000 0.000000 864.000000 0.000000 26112.000000 24580.000000 0.000000 0.000000 36864.000000 1536.000000 0.000000 0.000000 35520.000000 0.000000 0.000000 0.000000 0.000000 0.000000 
56
0.000000 30720.000000 0.000000 4512.000000 0.000000 0.000000 0.000000 0.000000 18810.000000 18435.000000 0.000000 24576.000000 0.000000 2880.000000 40256.000000 0.000000 0.000000 400.000000 0.000000 0.000000 0.000000 24576.000000 0.000000 17746.000000 58696.000000 0.000000 0.000000 11286.000000 0.000000 0.000000 0.000000 36864.000000 0.000000 0.000000 26400.000000 13824.000000 0.000000 0.000000 0.000000 0.000000 0.000000 70656.000000 6144.000000 253.000000 0.000000 768.000000 0.000000 32640.000000 30725.000000 0.000000 0.000000 36864.000000 2560.000000 17740.000000 17600.000000 8192.000000 68544.000000 3264.000000 18435.000000 0.000000 0.000000 
57
0.000000 24576.000000 0.000000 4512.000000 0.000000 0.000000 0.000000 0.000000 18810.000000 18435.000000 0.000000 18432.000000 0.000000 2880.000000 37888.000000 0.000000 0.000000 0.000000 0.000000 0.000000 0.000000 18432.000000 0.000000 20288.000000 54456.000000 0.000000 0.000000 11286.000000 0.000000 0.000000 0.000000 30720.000000 0.000000 0.000000 26400.000000 13824.000000 0.000000 0.000000 0.000000 0.000000 0.000000 73728.000000 6144.000000 249.000000 0.000000 864.000000 0.000000 32640.000000 30725.000000 0.000000 0.000000 36864.000000 2560.000000 20240.000000 17600.000000 8192.000000 68544.000000 3264.000000 18435.000000 0.000000 0.000000 
58
0.000000 24576.000000 0.000000 4512.000000 0.000000 0.000000 0.000000 0.000000 18810.000000 12290.000000 0.000000 18432.000000 0.000000 2976.000000 37888.000000 0.000000 0.000000 0.000000 0.000000 0.000000 0.000000 18432.000000 0.000000 15206.000000 56916.000000 0.000000 0.000000 11286.000000 0.000000 0.000000 0.000000 30720.000000 0.000000 0.000000 26400.000000 12672.000000 0.000000 0.000000 0.000000 0.000000 0.000000 73728.000000 6144.000000 102.000000 0.000000 864.000000 0.000000 32640.000000 24580.000000 0.000000 0.000000 30720.000000 2048.000000 22828.000000 17600.000000 8192.000000 68544.000000 3264.000000 12290.000000 0.000000 0.000000 
59
0.000000 24576.000000 0.000000 4512.000000 0.000000 0.000000 0.000000 0.000000 18810.000000 12290.000000 0.000000 18432.000000 0.000000 2784.000000 37888.000000 0.000000 0.000000 0.000000 0.000000 0.000000 0.000000 18432.000000 0.000000 15206.000000 57664.000000 0.000000 0.000000 11286.000000 0.000000 0.000000 0.000000 30720.000000 0.000000 0.000000 26400.000000 12672.000000 0.000000 0.000000 0.000000 0.000000 0.000000 73728.000000 6144.000000 153.000000 0.000000 672.000000 0.000000 29376.000000 24580.000000 0.000000 0.000000 30720.000000 2048.000000 20547.000000 17600.000000 7168.000000 68544.000000 3264.000000 12290.000000 0.000000 0.000000 
60
0.000000 30720.000000 0.000000 2702.000000 0.000000 0.000000 0.000000 0.000000 18810.000000 18435.000000 0.000000 30720.000000 0.000000 2976.000000 40256.000000 0.000000 0.000000 400.000000 0.000000 0.000000 0.000000 24576.000000 0.000000 0.000000 0.000000 0.000000 0.000000 30692.000000 0.000000 0.000000 0.000000 36864.000000 0.000000 3740.000000 26400.000000 2900.000000 0.000000 0.000000 0.000000 0.000000 0.000000 46080.000000 6696.000000 253.000000 0.000000 672.000000 0.000000 32640.000000 30725.000000 0.000000 0.000000 36864.000000 2560.000000 22828.000000 17600.000000 37888.000000 0.000000 0.000000 18435.000000 0.000000 0.000000 
61
0.000000 24576.000000 0.000000 3088.000000 0.000000 0.000000 0.000000 0.000000 18810.000000 12290.000000 0.000000 24576.000000 0.000000 2976.000000 37888.000000 0.000000 0.000000 0.000000 0.000000 0.000000 0.000000 18432.000000 0.000000 0.000000 0.000000 0.000000 0.000000 30692.000000 0.000000 0.000000 0.000000 30720.000000 0.000000 3740.000000 26400.000000 2900.000000 0.000000 0.000000 0.000000 0.000000 0.000000 47616.000000 6696.000000 102.000000 0.000000 768.000000 0.000000 32640.000000 30725.000000 0.000000 0.000000 36864.000000 2560.000000 25320.000000 17600.000000 35520.000000 0.000000 0.000000 12290.000000 0.000000 0.000000 
62
0.000000 24576.000000 0.000000 2702.000000 0.000000 0.000000 0.000000 0.000000 18810.000000 12290.000000 0.000000 18432.000000 0.000000 2880.000000 37888.000000 0.000000 0.000000 0.000000 0.000000 0.000000 0.000000 18432.000000 0.000000 0.000000 0.000000 0.000000 0.000000 30692.000000 0.000000 0.000000 0.000000 30720.000000 0.000000 2992.000000 26400.000000 2320.000000 0.000000 0.000000 0.000000 0.000000 0.000000 46080.000000 6480.000000 102.000000 0.000000 768.000000 0.000000 32640.000000 24580.000000 0.000000 0.000000 30720.000000 2048.000000 20498.000000 17600.000000 35520.000000 0.000000 0.000000 12290.000000 0.000000 0.000000 
63
0.000000 24576.000000 0.000000 2895.000000 0.000000 0.000000 0.000000 0.000000 18810.000000 12290.000000 0.000000 24576.000000 0.000000 2880.000000 37888.000000 0.000000 0.000000 0.000000 0.000000 0.000000 0.000000 18432.000000 0.000000 0.000000 0.000000 0.000000 0.000000 30692.000000 0.000000 0.000000 0.000000 30720.000000 0.000000 3740.000000 26400.000000 2320.000000 0.000000 0.000000 0.000000 0.000000 0.000000 47616.000000 6480.000000 102.000000 0.000000 672.000000 0.000000 29376.000000 24580.000000 0.000000 0.000000 30720.000000 2048.000000 20547.000000 17600.000000 35520.000000 0.000000 0.000000 12290.000000 0.000000 0.000000 
64
0.000000 30720.000000 0.000000 17959.000000 0.000000 0.000000 0.000000 0.000000 18810.000000 18435.000000 0.000000 30720.000000 0.000000 3072.000000 7168.000000 179056.000000 113776.000000 48960.000000 0.000000 0.000000 0.000000 24576.000000 0.000000 17666.000000 56460.000000 0.000000 0.000000 0.000000 0.000000 0.000000 0.000000 36864.000000 0.000000 67910.000000 7580.000000 29376.000000 0.000000 0.000000 0.000000 0.000000 0.000000 78336.000000 18432.000000 355.000000 0.000000 864.000000 0.000000 32640.000000 30725.000000 0.000000 0.000000 36864.000000 2560.000000 26136.000000 17600.000000 8192.000000 114240.000000 48960.000000 0.000000 0.000000 0.000000 
65
0.000000 24576.000000 0.000000 18114.000000 0.000000 0.000000 0.000000 0.000000 18810.000000 12290.000000 0.000000 24576.000000 0.000000 2976.000000 8192.000000 176256.000000 110976.000000 45696.000000 0.000000 0.000000 0.000000 18432.000000 0.000000 18590.000000 51760.000000 0.000000 0.000000 0.000000 0.000000 0.000000 0.000000 30720.000000 0.000000 67958.000000 7580.000000 29376.000000 0.000000 0.000000 0.000000 0.000000 0.000000 79872.000000 12288.000000 249.000000 0.000000 864.000000 0.000000 32640.000000 30725.000000 0.000000 0.000000 36864.000000 2048.000000 11010.000000 17600.000000 8192.000000 114240.000000 48960.000000 0.000000 0.000000 0.000000 
66
0.000000 24576.000000 0.000000 17958.000000 0.000000 0.000000 0.000000 0.000000 18810.000000 12290.000000 0.000000 24576.000000 0.000000 2880.000000 8192.000000 176256.000000 110976.000000 45696.000000 0.000000 0.000000 0.000000 18432.000000 0.000000 18590.000000 51668.000000 0.000000 0.000000 0.000000 0.000000 0.000000 0.000000 30720.000000 0.000000 60466.000000 0.000000 29376.000000 0.000000 0.000000 0.000000 0.000000 0.000000 79872.000000 12288.000000 153.000000 0.000000 768.000000 0.000000 32640.000000 24580.000000 0.000000 0.000000 30720.000000 2048.000000 14440.000000 17600.000000 7168.000000 114240.000000 48960.000000 0.000000 0.000000 0.000000 
67
0.000000 24576.000000 0.000000 10120.000000 0.000000 0.000000 0.000000 0.000000 18810.000000 12290.000000 0.000000 24576.000000 0.000000 2976.000000 8192.000000 176256.000000 110976.000000 45696.000000 0.000000 0.000000 0.000000 18432.000000 0.000000 19955.000000 56388.000000 0.000000 0.000000 0.000000 0.000000 0.000000 0.000000 30720.000000 0.000000 60720.000000 0.000000 26112.000000 0.000000 0.000000 0.000000 0.000000 0.000000 78336.000000 12288.000000 204.000000 0.000000 864.000000 0.000000 29376.000000 24580.000000 0.000000 0.000000 30720.000000 2048.000000 23392.000000 17600.000000 7168.000000 110976.000000 45696.000000 0.000000 0.000000 0.000000 
68
0.000000 30720.000000 0.000000 20899.000000 0.000000 0.000000 0.000000 0.000000 18810.000000 0.000000 0.000000 30720.000000 0.000000 3072.000000 8192.000000 0.000000 0.000000 800.000000 0.000000 0.000000 0.000000 24576.000000 0.000000 17666.000000 0.000000 0.000000 0.000000 0.000000 0.000000 0.000000 0.000000 30720.000000 0.000000 67910.000000 7580.000000 29376.000000 0.000000 0.000000 0.000000 0.000000 0.000000 72192.000000 6144.000000 0.000000 17600.000000 1152.000000 0.000000 29376.000000 30725.000000 0.000000 0.000000 43008.000000 3072.000000 13754.000000 0.000000 35520.000000 0.000000 0.000000 18435.000000 0.000000 0.000000 
69
0.000000 24576.000000 0.000000 18006.000000 0.000000 0.000000 0.000000 0.000000 18810.000000 0.000000 0.000000 24576.000000 0.000000 3168.000000 8192.000000 0.000000 0.000000 0.000000 0.000000 0.000000 0.000000 18432.000000 0.000000 18590.000000 0.000000 0.000000 0.000000 0.000000 0.000000 0.000000 0.000000 24576.000000 0.000000 67958.000000 7580.000000 29376.000000 0.000000 0.000000 0.000000 0.000000 0.000000 72192.000000 6144.000000 0.000000 17600.000000 1056.000000 0.000000 29376.000000 30725.000000 0.000000 0.000000 43008.000000 2560.000000 21600.000000 0.000000 35520.000000 0.000000 0.000000 12290.000000 0.000000 0.000000 
70
0.000000 24576.000000 0.000000 12660.000000 0.000000 0.000000 0.000000 0.000000 18810.000000 0.000000 0.000000 24576.000000 0.000000 3072.000000 8192.000000 0.000000 0.000000 400.000000 0.000000 0.000000 0.000000 18432.000000 0.000000 18590.000000 0.000000 0.000000 0.000000 0.000000 0.000000 0.000000 0.000000 24576.000000 0.000000 60466.000000 0.000000 26112.000000 0.000000 0.000000 0.000000 0.000000 0.000000 70656.000000 6144.000000 0.000000 17600.000000 1056.000000 0.000000 29376.000000 24580.000000 0.000000 0.000000 30720.000000 2560.000000 18590.000000 0.000000 35520.000000 0.000000 0.000000 12290.000000 0.000000 0.000000 
71
0.000000 24576.000000 0.000000 12660.000000 0.000000 0.000000 0.000000 0.000000 18810.000000 0.000000 0.000000 24576.000000 0.000000 2976.000000 7168.000000 0.000000 0.000000 0.000000 0.000000 0.000000 0.000000 18432.000000 0.000000 19955.000000 0.000000 0.000000 0.000000 0.000000 0.000000 0.000000 0.000000 24576.000000 0.000000 60720.000000 0.000000 26112.000000 0.000000 0.000000 0.000000 0.000000 0.000000 66048.000000 0.000000 0.000000 17600.000000 1056.000000 0.000000 26112.000000 24580.000000 0.000000 0.000000 30720.000000 2560.000000 15633.000000 0.000000 33152.000000 0.000000 0.000000 12290.000000 0.000000 0.000000 
72
0.000000 30720.000000 0.000000 20899.000000 0.000000 0.000000 0.000000 0.000000 18810.000000 0.000000 0.000000 30720.000000 0.000000 3168.000000 8192.000000 0.000000 0.000000 800.000000 0.000000 0.000000 0.000000 24576.000000 0.000000 17740.000000 23064.000000 136064.000000 70400.000000 7104.000000 0.000000 0.000000 0.000000 30720.000000 0.000000 72990.000000 7580.000000 29376.000000 0.000000 0.000000 0.000000 0.000000 0.000000 72192.000000 6144.000000 0.000000 17600.000000 1152.000000 0.000000 29376.000000 0.000000 0.000000 0.000000 43008.000000 3072.000000 13754.000000 0.000000 37888.000000 0.000000 0.000000 0.000000 0.000000 0.000000 
73
0.000000 24576.000000 0.000000 18006.000000 0.000000 0.000000 0.000000 0.000000 18810.000000 0.000000 0.000000 24576.000000 0.000000 3168.000000 8192.000000 0.000000 0.000000 400.000000 0.000000 0.000000 0.000000 18432.000000 0.000000 15831.000000 23048.000000 136064.000000 70400.000000 7104.000000 0.000000 0.000000 0.000000 24576.000000 0.000000 67958.000000 7580.000000 29376.000000 0.000000 0.000000 0.000000 0.000000 0.000000 72192.000000 6144.000000 0.000000 17600.000000 1152.000000 0.000000 29376.000000 0.000000 0.000000 0.000000 43008.000000 2560.000000 21600.000000 0.000000 35520.000000 0.000000 0.000000 0.000000 0.000000 0.000000 
74
0.000000 24576.000000 0.000000 12660.000000 0.000000 0.000000 0.000000 0.000000 18810.000000 0.000000 0.000000 24576.000000 0.000000 3072.000000 8192.000000 0.000000 0.000000 400.000000 0.000000 0.000000 0.000000 18432.000000 0.000000 22780.000000 26804.000000 136064.000000 70400.000000 7104.000000 0.000000 0.000000 0.000000 24576.000000 0.000000 62870.000000 0.000000 26112.000000 0.000000 0.000000 0.000000 0.000000 0.000000 70656.000000 6144.000000 0.000000 17600.000000 1056.000000 0.000000 29376.000000 0.000000 0.000000 0.000000 36864.000000 2560.000000 18590.000000 0.000000 33152.000000 0.000000 0.000000 0.000000 0.000000 0.000000 
75
0.000000 24576.000000 0.000000 12660.000000 0.000000 0.000000 0.000000 0.000000 18810.000000 0.000000 0.000000 24576.000000 0.000000 2976.000000 7168.000000 0.000000 0.000000 0.000000 0.000000 0.000000 0.000000 18432.000000 0.000000 20240.000000 27164.000000 136064.000000 70400.000000 7104.000000 0.000000 0.000000 0.000000 24576.000000 0.000000 60804.000000 0.000000 26112.000000 0.000000 0.000000 0.000000 0.000000 0.000000 66048.000000 0.000000 0.000000 17600.000000 1056.000000 0.000000 26112.000000 0.000000 0.000000 0.000000 36864.000000 2560.000000 15633.000000 0.000000 35520.000000 0.000000 0.000000 0.000000 0.000000 0.000000 
76
0.000000 30720.000000 0.000000 20899.000000 0.000000 282948.000000 221348.000000 149600.000000 88000.000000 26400.000000 0.000000 30720.000000 0.000000 3072.000000 7168.000000 176256.000000 110976.000000 45696.000000 0.000000 0.000000 0.000000 24576.000000 0.000000 16980.000000 33976.000000 0.000000 0.000000 0.000000 0.000000 0.000000 0.000000 36864.000000 0.000000 70888.000000 7580.000000 29376.000000 0.000000 0.000000 0.000000 0.000000 0.000000 78336.000000 18432.000000 253.000000 458752.000000 394240.000000 329728.000000 261632.000000 197120.000000 132608.000000 68096.000000 33176.000000 2560.000000 116692.000000 52280.000000 35520.000000 0.000000 0.000000 0.000000 0.000000 0.000000 
77
0.000000 24576.000000 0.000000 18006.000000 0.000000 282948.000000 221348.000000 149600.000000 88000.000000 26400.000000 0.000000 18432.000000 0.000000 3168.000000 8192.000000 176256.000000 110976.000000 45696.000000 0.000000 0.000000 0.000000 18432.000000 0.000000 16236.000000 33888.000000 0.000000 0.000000 0.000000 0.000000 0.000000 0.000000 30720.000000 0.000000 62918.000000 0.000000 29376.000000 0.000000 0.000000 0.000000 0.000000 0.000000 79872.000000 12288.000000 249.000000 458752.000000 394240.000000 326144.000000 261632.000000 197120.000000 132608.000000 68096.000000 32960.000000 2048.000000 117948.000000 52860.000000 35520.000000 0.000000 0.000000 0.000000 0.000000 0.000000 
78
0.000000 24576.000000 0.000000 12660.000000 0.000000 281600.000000 220000.000000 149600.000000 88000.000000 17600.000000 0.000000 18432.000000 0.000000 2976.000000 8192.000000 176256.000000 110976.000000 45696.000000 0.000000 0.000000 0.000000 18432.000000 0.000000 16501.000000 34436.000000 0.000000 0.000000 0.000000 0.000000 0.000000 0.000000 30720.000000 0.000000 67910.000000 7580.000000 26112.000000 0.000000 0.000000 0.000000 0.000000 0.000000 79872.000000 12288.000000 153.000000 458752.000000 394240.000000 326144.000000 261632.000000 197120.000000 132608.000000 68096.000000 32960.000000 2048.000000 117948.000000 52860.000000 35520.000000 0.000000 0.000000 0.000000 0.000000 0.000000 
79
0.000000 24576.000000 0.000000 12660.000000 0.000000 281600.000000 220000.000000 149600.000000 88000.000000 17600.000000 0.000000 18432.000000 0.000000 2976.000000 7168.000000 176256.000000 110976.000000 45696.000000 0.000000 0.000000 0.000000 18432.000000 0.000000 18590.000000 35472.000000 0.000000 0.000000 0.000000 0.000000 0.000000 0.000000 30720.000000 0.000000 60418.000000 0.000000 26112.000000 0.000000 0.000000 0.000000 0.000000 0.000000 78336.000000 12288.000000 204.000000 458752.000000 394240.000000 329728.000000 261632.000000 197120.000000 132608.000000 68096.000000 32960.000000 1536.000000 116692.000000 52280.000000 35520.000000 0.000000 0.000000 0.000000 0.000000 0.000000 
