0
0.000000 33792.000000 968736.000000 3176679.000000 3744.000000 8916.000000 79544.000000 95655.000000 0.000000 
1
0.000000 33792.000000 968736.000000 3176679.000000 3744.000000 8916.000000 79544.000000 95655.000000 0.000000 
2
0.000000 33792.000000 968736.000000 3176679.000000 3744.000000 8916.000000 79544.000000 95655.000000 0.000000 
3
0.000000 33792.000000 968736.000000 3176679.000000 3744.000000 8916.000000 79544.000000 95655.000000 0.000000 
4
0.000000 74816.000000 579585.000000 3129578.000000 4512.000000 8916.000000 79544.000000 120231.000000 0.000000 
5
0.000000 74816.000000 579585.000000 3129578.000000 4512.000000 8916.000000 79544.000000 120231.000000 0.000000 
6
0.000000 74816.000000 579585.000000 3129578.000000 4512.000000 8916.000000 79544.000000 120231.000000 0.000000 
7
0.000000 74816.000000 579585.000000 3129578.000000 4512.000000 8916.000000 79544.000000 120231.000000 0.000000 
8
0.000000 41024.000000 579585.000000 3189962.000000 4512.000000 8916.000000 78068.000000 114067.000000 0.000000 
9
0.000000 41024.000000 579585.000000 3189962.000000 4512.000000 8916.000000 78068.000000 114067.000000 0.000000 
10
0.000000 41024.000000 579585.000000 3189962.000000 4512.000000 8916.000000 78068.000000 114067.000000 0.000000 
11
0.000000 41024.000000 579585.000000 3189962.000000 4512.000000 8916.000000 78068.000000 114067.000000 0.000000 
12
0.000000 74816.000000 579585.000000 3178414.000000 4512.000000 5712.000000 79544.000000 114087.000000 0.000000 
13
0.000000 74816.000000 579585.000000 3178414.000000 4512.000000 5712.000000 79544.000000 114087.000000 0.000000 
14
0.000000 74816.000000 579585.000000 3178414.000000 4512.000000 5712.000000 79544.000000 114087.000000 0.000000 
15
0.000000 74816.000000 579585.000000 3178414.000000 4512.000000 5712.000000 79544.000000 114087.000000 0.000000 
16
0.000000 74816.000000 579585.000000 3180308.000000 5024.000000 8916.000000 79544.000000 102908.000000 0.000000 
17
0.000000 74816.000000 579585.000000 3180308.000000 5024.000000 8916.000000 79544.000000 102908.000000 0.000000 
18
0.000000 74816.000000 579585.000000 3180308.000000 5024.000000 8916.000000 79544.000000 102908.000000 0.000000 
19
0.000000 74816.000000 579585.000000 3180308.000000 5024.000000 8916.000000 79544.000000 102908.000000 0.000000 
20
0.000000 74816.000000 579585.000000 3184767.000000 4000.000000 9044.000000 79544.000000 104044.000000 0.000000 
21
0.000000 74816.000000 579585.000000 3184767.000000 4000.000000 9044.000000 79544.000000 104044.000000 0.000000 
22
0.000000 74816.000000 579585.000000 3184767.000000 4000.000000 9044.000000 79544.000000 104044.000000 0.000000 
23
0.000000 74816.000000 579585.000000 3184767.000000 4000.000000 9044.000000 79544.000000 104044.000000 0.000000 
24
0.000000 74816.000000 579585.000000 3181418.000000 5280.000000 8180.000000 40368.000000 104156.000000 0.000000 
25
0.000000 74816.000000 579585.000000 3181418.000000 5280.000000 8180.000000 40368.000000 104156.000000 0.000000 
26
0.000000 74816.000000 579585.000000 3181418.000000 5280.000000 8180.000000 40368.000000 104156.000000 0.000000 
27
0.000000 74816.000000 579585.000000 3181418.000000 5280.000000 8180.000000 40368.000000 104156.000000 0.000000 
28
0.000000 74816.000000 579585.000000 3198264.000000 5280.000000 8916.000000 76592.000000 107228.000000 0.000000 
29
0.000000 74816.000000 579585.000000 3198264.000000 5280.000000 8916.000000 76592.000000 107228.000000 0.000000 
30
0.000000 74816.000000 579585.000000 3198264.000000 5280.000000 8916.000000 76592.000000 107228.000000 0.000000 
31
0.000000 74816.000000 579585.000000 3198264.000000 5280.000000 8916.000000 76592.000000 107228.000000 0.000000 
32
0.000000 74816.000000 575009.000000 2960520.000000 4416.000000 7604.000000 60720.000000 63008.000000 0.000000 
33
0.000000 74816.000000 575009.000000 2960520.000000 4416.000000 7604.000000 60720.000000 63008.000000 0.000000 
34
0.000000 74816.000000 575009.000000 2960520.000000 4416.000000 7604.000000 60720.000000 63008.000000 0.000000 
35
0.000000 74816.000000 575009.000000 2960520.000000 4416.000000 7604.000000 60720.000000 63008.000000 0.000000 
36
0.000000 74816.000000 575009.000000 3138173.000000 3680.000000 8900.000000 7444.000000 98604.000000 0.000000 
37
0.000000 74816.000000 575009.000000 3138173.000000 3680.000000 8900.000000 7444.000000 98604.000000 0.000000 
38
0.000000 74816.000000 575009.000000 3138173.000000 3680.000000 8900.000000 7444.000000 98604.000000 0.000000 
39
0.000000 74816.000000 575009.000000 3138173.000000 3680.000000 8900.000000 7444.000000 98604.000000 0.000000 
40
0.000000 74816.000000 566817.000000 3130520.000000 3616.000000 8900.000000 8920.000000 102924.000000 0.000000 
41
0.000000 74816.000000 566817.000000 3130520.000000 3616.000000 8900.000000 8920.000000 102924.000000 0.000000 
42
0.000000 74816.000000 566817.000000 3130520.000000 3616.000000 8900.000000 8920.000000 102924.000000 0.000000 
43
0.000000 74816.000000 566817.000000 3130520.000000 3616.000000 8900.000000 8920.000000 102924.000000 0.000000 
44
0.000000 74816.000000 589601.000000 3170819.000000 4352.000000 8900.000000 7444.000000 98604.000000 0.000000 
45
0.000000 74816.000000 589601.000000 3170819.000000 4352.000000 8900.000000 7444.000000 98604.000000 0.000000 
46
0.000000 74816.000000 589601.000000 3170819.000000 4352.000000 8900.000000 7444.000000 98604.000000 0.000000 
47
0.000000 74816.000000 589601.000000 3170819.000000 4352.000000 8900.000000 7444.000000 98604.000000 0.000000 
48
0.000000 41024.000000 599585.000000 3136435.000000 3360.000000 8916.000000 60824.000000 107228.000000 0.000000 
49
0.000000 41024.000000 599585.000000 3136435.000000 3360.000000 8916.000000 60824.000000 107228.000000 0.000000 
50
0.000000 41024.000000 599585.000000 3136435.000000 3360.000000 8916.000000 60824.000000 107228.000000 0.000000 
51
0.000000 41024.000000 599585.000000 3136435.000000 3360.000000 8916.000000 60824.000000 107228.000000 0.000000 
52
0.000000 41024.000000 599585.000000 3180291.000000 4576.000000 8916.000000 73476.000000 107228.000000 0.000000 
53
0.000000 41024.000000 599585.000000 3180291.000000 4576.000000 8916.000000 73476.000000 107228.000000 0.000000 
54
0.000000 41024.000000 599585.000000 3180291.000000 4576.000000 8916.000000 73476.000000 107228.000000 0.000000 
55
0.000000 41024.000000 599585.000000 3180291.000000 4576.000000 8916.000000 73476.000000 107228.000000 0.000000 
56
0.000000 40960.000000 566817.000000 3128003.000000 4512.000000 8916.000000 75116.000000 107244.000000 0.000000 
57
0.000000 40960.000000 566817.000000 3128003.000000 4512.000000 8916.000000 75116.000000 107244.000000 0.000000 
58
0.000000 40960.000000 566817.000000 3128003.000000 4512.000000 8916.000000 75116.000000 107244.000000 0.000000 
59
0.000000 40960.000000 566817.000000 3128003.000000 4512.000000 8916.000000 75116.000000 107244.000000 0.000000 
