0
0.000000 0.567169 0.677646 0.625446 1.070462 0.967646 0.000000 0.000000 0.000000 0.000000 0.000000 0.756215 0.480077 0.813477 0.976138 0.876877 0.000000 0.000000 0.000000 0.000000 0.000000 0.756215 0.487969 0.701492 0.950877 0.868892 0.000000 0.000000 0.000000 0.000000 0.000000 0.661692 0.602569 0.769354 1.002077 0.911262 0.000000 0.000000 0.000000 0.000000 0.000000 0.748569 0.862769 1.123108 0.489660 0.873892 0.954308 0.748769 0.000000 0.000000 0.000000 0.661692 0.574600 0.652985 1.071200 0.884046 0.000000 0.000000 0.000000 0.000000 0.000000 
1
0.000000 0.567154 0.724446 0.614138 1.041738 0.888892 0.000000 0.000000 0.000000 0.000000 0.000000 0.756200 0.544769 0.770923 1.015738 0.850846 0.000000 0.000000 0.000000 0.000000 0.000000 0.756200 0.527908 0.673477 0.922877 0.902015 0.000000 0.000000 0.000000 0.000000 0.000000 0.661677 0.622523 0.679000 0.986400 0.905431 0.000000 0.000000 0.000000 0.000000 0.000000 0.747262 0.991138 1.014569 0.493138 0.866523 1.003462 0.729292 0.000000 0.000000 0.000000 0.661677 0.628462 0.786815 0.934677 0.899538 0.000000 0.000000 0.000000 0.000000 0.000000 
2
0.000000 0.567154 0.720477 0.680800 1.000822 0.967015 0.000000 0.000000 0.000000 0.000000 0.000000 0.756200 0.534169 0.784277 0.949738 0.877431 0.000000 0.000000 0.000000 0.000000 0.000000 0.756200 0.534123 0.659892 1.052492 0.897508 0.000000 0.000000 0.000000 0.000000 0.000000 0.661677 0.628692 0.765492 0.973938 0.918046 0.000000 0.000000 0.000000 0.000000 0.000000 0.736508 0.987585 0.920123 0.485185 0.668185 1.110846 0.758323 0.000000 0.000000 0.000000 0.661677 0.638969 0.659554 1.054062 0.862831 0.000000 0.000000 0.000000 0.000000 0.000000 
3
0.000000 0.571092 0.717846 0.680985 0.993831 0.974769 0.000000 0.000000 0.000000 0.000000 0.000000 0.665615 0.629815 0.790692 0.968154 0.778215 0.000000 0.000000 0.000000 0.000000 0.000000 0.760138 0.530031 0.662431 1.051585 0.792338 0.000000 0.000000 0.000000 0.000000 0.000000 0.665615 0.626492 0.759077 0.981369 0.815815 0.000000 0.000000 0.000000 0.000000 0.000000 0.753600 0.987200 1.016462 0.490769 0.744738 1.112446 0.645246 0.000000 0.000000 0.000000 0.665615 0.636769 0.654462 1.063292 0.766738 0.000000 0.000000 0.000000 0.000000 0.000000 
4
0.000000 0.661677 0.583400 0.596215 1.013015 0.942431 0.000000 0.000000 0.000000 0.000000 0.000000 0.756200 0.489908 0.775292 0.906969 0.872954 0.000000 0.000000 0.000000 0.000000 0.000000 0.756200 0.479338 0.701492 0.941277 0.873338 0.000000 0.000000 0.000000 0.000000 0.000000 0.661677 0.593877 0.749785 0.953385 0.880492 0.000000 0.000000 0.000000 0.000000 0.000000 0.748615 0.969292 1.005523 0.494877 0.871231 0.992985 0.782892 0.000000 0.000000 0.000000 0.661677 0.584415 0.696062 1.026646 0.873231 0.000000 0.000000 0.000000 0.000000 0.000000 
5
0.000000 0.661662 0.630246 0.584338 1.066108 0.945431 0.000000 0.000000 0.000000 0.000000 0.000000 0.756185 0.533662 0.738554 0.978662 0.873323 0.000000 0.000000 0.000000 0.000000 0.000000 0.756185 0.533662 0.673477 0.933092 0.857923 0.000000 0.000000 0.000000 0.000000 0.000000 0.661662 0.626615 0.628462 0.948954 0.876554 0.000000 0.000000 0.000000 0.000000 0.000000 0.747262 1.000538 1.004923 0.491723 0.754831 1.117769 0.756462 0.000000 0.000000 0.000000 0.661662 0.640446 0.702631 1.016754 0.887215 0.000000 0.000000 0.000000 0.000000 0.000000 
6
0.000000 0.661662 0.628569 0.684277 0.933492 0.944785 0.000000 0.000000 0.000000 0.000000 0.000000 0.756185 0.532431 0.779662 0.925308 0.775154 0.000000 0.000000 0.000000 0.000000 0.000000 0.756185 0.532431 0.795277 0.915138 0.849708 0.000000 0.000000 0.000000 0.000000 0.000000 0.661662 0.619123 0.782462 0.944692 0.861985 0.000000 0.000000 0.000000 0.000000 0.000000 0.736508 1.002015 1.000892 0.497108 0.693831 1.093185 0.655846 0.000000 0.000000 0.000000 0.661662 0.628231 0.702631 1.023785 0.793969 0.000000 0.000000 0.000000 0.000000 0.000000 
7
0.000000 0.665600 0.628400 0.591815 0.969923 0.862523 0.000000 0.000000 0.000000 0.000000 0.000000 0.760123 0.530031 0.784354 0.980277 0.749646 0.000000 0.000000 0.000000 0.000000 0.000000 0.760123 0.530031 0.797815 0.894908 0.767938 0.000000 0.000000 0.000000 0.000000 0.000000 0.665600 0.622015 0.748092 0.931262 0.801708 0.000000 0.000000 0.000000 0.000000 0.000000 0.753554 0.986108 0.997646 0.465800 0.755892 1.104446 0.656508 0.000000 0.000000 0.000000 0.665600 0.628015 0.697538 1.017262 0.760523 0.000000 0.000000 0.000000 0.000000 0.000000 
8
0.000000 0.661677 0.583400 0.596215 1.019908 0.942431 0.000000 0.000000 0.000000 0.000000 0.000000 0.756200 0.489892 0.782062 0.918138 0.875277 0.000000 0.000000 0.000000 0.000000 0.000000 0.756200 0.487215 0.701492 0.937585 0.873292 0.000000 0.000000 0.000000 0.000000 0.000000 0.661677 0.592492 0.749785 0.953385 0.878923 0.000000 0.000000 0.000000 0.000000 0.000000 0.748569 0.985338 0.996000 0.316985 0.883815 0.997308 0.766631 0.000000 0.000000 0.000000 0.663340 0.584415 0.716462 1.013062 0.862215 0.000000 0.000000 0.000000 0.000000 0.000000 
9
0.000000 0.661662 0.630246 0.584338 1.068554 0.945431 0.000000 0.000000 0.000000 0.000000 0.000000 0.756185 0.535323 0.740031 0.961231 0.842200 0.000000 0.000000 0.000000 0.000000 0.000000 0.756185 0.535323 0.673477 0.933092 0.869262 0.000000 0.000000 0.000000 0.000000 0.000000 0.661662 0.626708 0.628462 0.948954 0.875723 0.000000 0.000000 0.000000 0.000000 0.000000 0.747262 0.987815 1.000877 0.302569 0.776062 1.101585 0.745308 0.000000 0.000000 0.000000 0.661662 0.629846 0.720138 1.011662 0.859077 0.000000 0.000000 0.000000 0.000000 0.000000 
10
0.000000 0.661662 0.628569 0.684277 0.937508 0.850262 0.000000 0.000000 0.000000 0.000000 0.000000 0.756185 0.533662 0.783354 0.946754 0.763138 0.000000 0.000000 0.000000 0.000000 0.000000 0.756185 0.533662 0.795277 0.917923 0.857723 0.000000 0.000000 0.000000 0.000000 0.000000 0.661662 0.619215 0.782462 0.944692 0.856169 0.000000 0.000000 0.000000 0.000000 0.000000 0.736508 0.985969 0.999892 0.316985 0.707169 1.071215 0.659492 0.000000 0.000000 0.000000 0.661662 0.628185 0.720138 1.022846 0.865385 0.000000 0.000000 0.000000 0.000000 0.000000 
11
0.000000 0.665600 0.628400 0.591815 0.956569 0.862508 0.000000 0.000000 0.000000 0.000000 0.000000 0.760123 0.533354 0.776969 0.936631 0.743908 0.000000 0.000000 0.000000 0.000000 0.000000 0.760123 0.533354 0.797815 0.895815 0.787185 0.000000 0.000000 0.000000 0.000000 0.000000 0.665600 0.623077 0.748092 0.931262 0.798015 0.000000 0.000000 0.000000 0.000000 0.000000 0.753600 0.995708 0.969123 0.298031 0.734369 1.072585 0.675415 0.000000 0.000000 0.000000 0.665600 0.627877 0.715231 1.025369 0.781308 0.000000 0.000000 0.000000 0.000000 0.000000 
12
0.000000 0.661677 0.583400 0.596215 1.019908 0.942431 0.000000 0.000000 0.000000 0.000000 0.000000 0.756200 0.489892 0.782062 0.918138 0.875277 0.000000 0.000000 0.000000 0.000000 0.000000 0.756200 0.487215 0.701815 0.937585 0.887985 0.000000 0.000000 0.000000 0.000000 0.000000 0.661677 0.610908 0.749785 0.953385 0.880492 0.000000 0.000000 0.000000 0.000000 0.000000 0.748569 0.951277 0.986200 0.295323 0.871231 0.992985 0.782938 0.000000 0.000000 0.000000 0.661677 0.584415 0.716462 1.028815 0.870408 0.000000 0.000000 0.000000 0.000000 0.000000 
13
0.000000 0.661662 0.630246 0.584338 1.068554 0.945431 0.000000 0.000000 0.000000 0.000000 0.000000 0.756185 0.535323 0.740031 0.961231 0.842200 0.000000 0.000000 0.000000 0.000000 0.000000 0.756185 0.535323 0.746985 0.933092 0.887262 0.000000 0.000000 0.000000 0.000000 0.000000 0.661662 0.629338 0.628462 0.957154 0.858831 0.000000 0.000000 0.000000 0.000000 0.000000 0.747262 1.001046 0.975108 0.316985 0.754831 1.117769 0.756369 0.000000 0.000000 0.000000 0.661662 0.629846 0.720138 1.011662 0.864138 0.000000 0.000000 0.000000 0.000000 0.000000 
14
0.000000 0.661662 0.628569 0.684277 0.937508 0.850262 0.000000 0.000000 0.000000 0.000000 0.000000 0.756185 0.533662 0.783354 0.946754 0.763138 0.000000 0.000000 0.000000 0.000000 0.000000 0.756185 0.533662 0.742277 0.904138 0.899031 0.000000 0.000000 0.000000 0.000000 0.000000 0.661662 0.628323 0.782462 0.944692 0.879708 0.000000 0.000000 0.000000 0.000000 0.000000 0.736600 1.005708 0.975708 0.316985 0.693831 1.093185 0.655846 0.000000 0.000000 0.000000 0.661662 0.628185 0.720138 1.021938 0.880846 0.000000 0.000000 0.000000 0.000000 0.000000 
15
0.000000 0.665600 0.628400 0.591815 0.956569 0.862508 0.000000 0.000000 0.000000 0.000000 0.000000 0.760123 0.533354 0.776969 0.936631 0.743908 0.000000 0.000000 0.000000 0.000000 0.000000 0.760123 0.533354 0.805508 0.895815 0.774400 0.000000 0.000000 0.000000 0.000000 0.000000 0.665600 0.617554 0.748092 0.937908 0.801708 0.000000 0.000000 0.000000 0.000000 0.000000 0.753600 0.997877 0.941815 0.294585 0.755892 1.104446 0.656554 0.000000 0.000000 0.000000 0.665600 0.627877 0.715231 1.010523 0.778108 0.000000 0.000000 0.000000 0.000000 0.000000 
16
0.000000 0.661677 0.760569 0.929031 1.045692 0.888877 0.000000 0.000000 0.000000 0.000000 0.000000 0.756321 0.787200 0.981692 0.994369 0.846554 0.000000 0.000000 0.000000 0.000000 0.000000 0.661798 0.888569 0.870800 1.070246 0.919015 0.000000 0.000000 0.000000 0.000000 0.000000 0.661677 0.859985 0.956400 0.953385 0.882215 0.000000 0.000000 0.000000 0.000000 0.000000 0.791923 0.980062 0.992908 0.719262 0.955477 0.957538 0.771954 0.000000 0.000000 0.000000 0.661677 0.859985 0.854369 1.036646 0.880169 0.000000 0.000000 0.000000 0.000000 0.000000 
17
0.000000 0.661662 0.816431 0.908615 1.054723 0.969969 0.000000 0.000000 0.000000 0.000000 0.000000 0.756185 0.833815 0.981277 0.909492 0.874492 0.000000 0.000000 0.000000 0.000000 0.000000 0.756185 0.832492 0.875338 1.090462 0.875246 0.000000 0.000000 0.000000 0.000000 0.000000 0.661662 0.911169 0.959446 0.934108 0.908908 0.000000 0.000000 0.000000 0.000000 0.000000 0.778569 1.010215 0.984892 0.694185 0.965938 0.993892 0.748023 0.000000 0.000000 0.000000 0.661662 0.926677 0.854938 0.974785 0.881385 0.000000 0.000000 0.000000 0.000000 0.000000 
18
0.000000 0.661662 0.814769 0.965862 0.991123 0.967646 0.000000 0.000000 0.000000 0.000000 0.000000 0.756185 0.831415 0.953492 1.015545 0.819538 0.000000 0.000000 0.000000 0.000000 0.000000 0.756185 0.823877 0.792031 1.090446 0.794631 0.000000 0.000000 0.000000 0.000000 0.000000 0.661662 0.910862 0.837477 0.928938 0.909092 0.000000 0.000000 0.000000 0.000000 0.000000 0.811277 0.990523 0.996785 0.717046 0.961354 0.976523 0.653862 0.000000 0.000000 0.000000 0.661662 0.925938 0.931431 0.920123 0.893846 0.000000 0.000000 0.000000 0.000000 0.000000 
19
0.000000 0.665600 0.816677 0.971985 1.001246 0.971815 0.000000 0.000000 0.000000 0.000000 0.000000 0.760123 0.833323 0.964277 0.969492 0.765446 0.000000 0.000000 0.000000 0.000000 0.000000 0.665600 0.916985 0.868508 0.994077 0.777569 0.000000 0.000000 0.000000 0.000000 0.000000 0.665600 0.910677 0.967108 0.946108 0.789492 0.000000 0.000000 0.000000 0.000000 0.000000 0.791662 0.974431 0.948154 0.704108 0.881600 0.995492 0.633754 0.000000 0.000000 0.000000 0.665600 0.924523 0.926738 0.986985 0.784123 0.000000 0.000000 0.000000 0.000000 0.000000 
20
0.000000 0.661677 0.572108 0.596215 1.015169 0.950308 0.000000 0.000000 0.000000 0.000000 0.000000 0.756200 0.478615 0.782062 0.921908 0.871585 0.000000 0.000000 0.000000 0.000000 0.000000 0.756200 0.486477 0.704400 0.927969 0.864415 0.000000 0.000000 0.000000 0.000000 0.000000 0.661677 0.599431 0.749785 0.953385 0.880492 0.000000 0.000000 0.000000 0.000000 0.000000 0.775031 1.055646 0.954862 0.316246 0.873892 0.954308 0.746723 0.000000 0.000000 0.000000 0.661677 0.573138 0.716462 1.014708 0.912862 0.000000 0.000000 0.000000 0.000000 0.000000 
21
0.000000 0.661662 0.611354 0.584338 1.068492 0.945431 0.000000 0.000000 0.000000 0.000000 0.000000 0.756185 0.514831 0.740031 0.965908 0.840646 0.000000 0.000000 0.000000 0.000000 0.000000 0.756185 0.505938 0.745877 0.909277 0.909877 0.000000 0.000000 0.000000 0.000000 0.000000 0.661662 0.619908 0.628462 0.956708 0.858831 0.000000 0.000000 0.000000 0.000000 0.000000 0.743769 1.076677 0.988569 0.265938 0.865046 1.003462 0.715554 0.000000 0.000000 0.000000 0.661662 0.621569 0.720138 0.958785 0.918877 0.000000 0.000000 0.000000 0.000000 0.000000 
22
0.000000 0.661662 0.627046 0.684277 0.931108 0.850277 0.000000 0.000000 0.000000 0.000000 0.000000 0.756185 0.533846 0.783354 0.938308 0.851000 0.000000 0.000000 0.000000 0.000000 0.000000 0.756185 0.532185 0.742277 0.917292 0.883769 0.000000 0.000000 0.000000 0.000000 0.000000 0.661662 0.626708 0.782462 0.930046 0.896200 0.000000 0.000000 0.000000 0.000000 0.000000 0.803723 0.995446 0.986292 0.315508 0.668185 1.110846 0.738523 0.000000 0.000000 0.000000 0.661662 0.626708 0.720138 0.979231 0.884831 0.000000 0.000000 0.000000 0.000000 0.000000 
23
0.000000 0.665600 0.627477 0.591815 0.961000 0.851846 0.000000 0.000000 0.000000 0.000000 0.000000 0.760123 0.532615 0.776969 0.936631 0.733277 0.000000 0.000000 0.000000 0.000000 0.000000 0.760123 0.532615 0.805508 0.913908 0.767923 0.000000 0.000000 0.000000 0.000000 0.000000 0.665600 0.615938 0.748092 0.937246 0.774554 0.000000 0.000000 0.000000 0.000000 0.000000 0.812538 0.995600 0.981708 0.315508 0.744738 1.112446 0.631154 0.000000 0.000000 0.000000 0.665600 0.627138 0.759785 0.983000 0.814523 0.000000 0.000000 0.000000 0.000000 0.000000 
24
0.000000 0.661677 0.572108 0.676031 0.972277 0.942431 0.000000 0.000000 0.000000 0.000000 0.000000 0.756200 0.478998 0.751662 0.972477 0.873454 0.000000 0.000000 0.000000 0.000000 0.000000 0.756200 0.478998 0.704400 0.927062 0.895800 0.000000 0.000000 0.000000 0.000000 0.000000 0.661677 0.599431 0.774308 0.991369 0.898000 0.000000 0.000000 0.000000 0.000000 0.000000 0.737554 1.051462 0.987354 0.316246 0.873892 0.938554 0.777554 0.000000 0.000000 0.000000 0.661677 0.573537 0.717938 0.997723 0.916969 0.000000 0.000000 0.000000 0.000000 0.000000 
25
0.000000 0.661662 0.611354 0.584338 1.069108 0.945431 0.000000 0.000000 0.000000 0.000000 0.000000 0.756185 0.516492 0.742692 0.995477 0.824908 0.000000 0.000000 0.000000 0.000000 0.000000 0.756185 0.504277 0.745877 0.945708 0.872862 0.000000 0.000000 0.000000 0.000000 0.000000 0.661662 0.609354 0.685369 1.015246 0.879262 0.000000 0.000000 0.000000 0.000000 0.000000 0.755415 1.078123 0.960446 0.287600 0.865046 1.003462 0.719369 0.000000 0.000000 0.000000 0.661662 0.629108 0.806292 0.946969 0.913600 0.000000 0.000000 0.000000 0.000000 0.000000 
26
0.000000 0.661662 0.627046 0.684277 0.918062 0.850277 0.000000 0.000000 0.000000 0.000000 0.000000 0.756185 0.532185 0.764000 0.919292 0.833800 0.000000 0.000000 0.000000 0.000000 0.000000 0.756185 0.530954 0.742277 0.917292 0.890154 0.000000 0.000000 0.000000 0.000000 0.000000 0.661662 0.626708 0.771246 0.983354 0.880631 0.000000 0.000000 0.000000 0.000000 0.000000 0.817508 0.972246 1.011938 0.315508 0.668185 1.110846 0.741477 0.000000 0.000000 0.000000 0.661662 0.629723 0.720138 0.973323 0.819185 0.000000 0.000000 0.000000 0.000000 0.000000 
27
0.000000 0.665600 0.627477 0.591815 0.981062 0.851846 0.000000 0.000000 0.000000 0.000000 0.000000 0.760123 0.532615 0.782923 0.987754 0.729092 0.000000 0.000000 0.000000 0.000000 0.000000 0.760123 0.529292 0.805508 0.935492 0.759585 0.000000 0.000000 0.000000 0.000000 0.000000 0.665600 0.615938 0.766092 0.985908 0.794308 0.000000 0.000000 0.000000 0.000000 0.000000 0.824569 0.863200 1.110031 0.293846 0.744738 1.098662 0.649662 0.000000 0.000000 0.000000 0.665600 0.627138 0.715231 0.966800 0.811800 0.000000 0.000000 0.000000 0.000000 0.000000 
28
0.000000 0.661677 0.572108 0.676031 0.966738 0.942431 0.000000 0.000000 0.000000 0.000000 0.000000 0.756200 0.478600 0.751662 0.972477 0.873385 0.000000 0.000000 0.000000 0.000000 0.000000 0.756200 0.478600 0.704400 0.927062 0.895800 0.000000 0.000000 0.000000 0.000000 0.000000 0.661677 0.599431 0.774308 1.005415 0.867323 0.000000 0.000000 0.000000 0.000000 0.000000 0.775031 1.086246 0.980077 0.298031 0.873892 0.938554 0.777538 0.000000 0.000000 0.000000 0.661677 0.573123 0.697754 0.999892 0.910092 0.000000 0.000000 0.000000 0.000000 0.000000 
29
0.000000 0.661662 0.611354 0.584338 1.069108 0.945431 0.000000 0.000000 0.000000 0.000000 0.000000 0.756185 0.516492 0.742692 0.995477 0.824908 0.000000 0.000000 0.000000 0.000000 0.000000 0.756185 0.504277 0.745877 0.945708 0.872862 0.000000 0.000000 0.000000 0.000000 0.000000 0.661662 0.609354 0.685369 1.001954 0.895785 0.000000 0.000000 0.000000 0.000000 0.000000 0.743769 1.068800 1.005738 0.287600 0.865046 1.003462 0.719354 0.000000 0.000000 0.000000 0.661662 0.621569 0.736385 1.003538 0.898400 0.000000 0.000000 0.000000 0.000000 0.000000 
30
0.000000 0.661662 0.627046 0.684277 0.918062 0.850277 0.000000 0.000000 0.000000 0.000000 0.000000 0.756185 0.532185 0.764000 0.919292 0.833800 0.000000 0.000000 0.000000 0.000000 0.000000 0.756185 0.530954 0.742277 0.917292 0.890154 0.000000 0.000000 0.000000 0.000000 0.000000 0.661662 0.626708 0.771246 0.998738 0.876938 0.000000 0.000000 0.000000 0.000000 0.000000 0.803723 1.001662 0.964908 0.301092 0.668185 1.110846 0.741477 0.000000 0.000000 0.000000 0.661662 0.626708 0.693246 0.961338 0.898077 0.000000 0.000000 0.000000 0.000000 0.000000 
31
0.000000 0.665600 0.627477 0.591815 0.981062 0.851846 0.000000 0.000000 0.000000 0.000000 0.000000 0.760123 0.532615 0.782923 0.987754 0.729092 0.000000 0.000000 0.000000 0.000000 0.000000 0.760123 0.529292 0.805508 0.935492 0.759585 0.000000 0.000000 0.000000 0.000000 0.000000 0.665600 0.615938 0.766092 0.990262 0.768092 0.000000 0.000000 0.000000 0.000000 0.000000 0.812538 0.970815 0.998046 0.315508 0.744738 1.098662 0.649692 0.000000 0.000000 0.000000 0.665600 0.627138 0.689508 0.975969 0.794246 0.000000 0.000000 0.000000 0.000000 0.000000 
32
0.000000 0.661677 0.582185 0.596215 1.022646 0.982000 0.000000 0.000000 0.000000 0.000000 0.000000 0.756200 0.483000 0.789569 0.983815 0.821477 0.000000 0.000000 0.000000 0.000000 0.000000 0.756200 0.498754 0.692385 1.091585 0.885354 0.000000 0.000000 0.000000 0.000000 0.000000 0.661677 0.578446 0.768369 0.929738 0.901246 0.000000 0.000000 0.000000 0.000000 0.000000 0.702123 1.069662 0.994985 0.289354 0.883831 1.011292 0.737692 0.000000 0.000000 0.000000 0.661677 0.583215 0.653200 1.052185 0.910092 0.000000 0.000000 0.000000 0.000000 0.000000 
33
0.000000 0.661662 0.619908 0.584338 1.062508 0.889538 0.000000 0.000000 0.000000 0.000000 0.000000 0.756185 0.539938 0.783585 0.960615 0.858462 0.000000 0.000000 0.000000 0.000000 0.000000 0.756185 0.544969 0.689415 1.071631 0.889662 0.000000 0.000000 0.000000 0.000000 0.000000 0.661662 0.628985 0.764031 0.929677 0.895092 0.000000 0.000000 0.000000 0.000000 0.000000 0.771692 0.974923 0.960523 0.320923 0.777523 1.097830 0.756154 0.000000 0.000000 0.000000 0.661662 0.638692 0.736385 0.998508 0.898400 0.000000 0.000000 0.000000 0.000000 0.000000 
34
0.000000 0.661662 0.636569 0.685754 0.929385 0.881277 0.000000 0.000000 0.000000 0.000000 0.000000 0.756185 0.536785 0.782677 0.939954 0.850892 0.000000 0.000000 0.000000 0.000000 0.000000 0.756185 0.503246 0.665908 1.100615 0.793862 0.000000 0.000000 0.000000 0.000000 0.000000 0.661662 0.630200 0.635877 0.954877 0.794538 0.000000 0.000000 0.000000 0.000000 0.000000 0.770277 0.998954 0.973323 0.341108 0.705692 1.098338 0.742369 0.000000 0.000000 0.000000 0.661662 0.617185 0.650169 0.982369 0.898077 0.000000 0.000000 0.000000 0.000000 0.000000 
35
0.000000 0.665600 0.637031 0.591815 1.003462 0.961015 0.000000 0.000000 0.000000 0.000000 0.000000 0.760123 0.538862 0.788831 0.925108 0.733185 0.000000 0.000000 0.000000 0.000000 0.000000 0.665600 0.628708 0.698277 1.078046 0.777400 0.000000 0.000000 0.000000 0.000000 0.000000 0.665600 0.629215 0.766092 0.918338 0.808708 0.000000 0.000000 0.000000 0.000000 0.000000 0.757646 0.979062 0.999615 0.298554 0.734369 1.092354 0.656554 0.000000 0.000000 0.000000 0.665600 0.636708 0.646431 1.006154 0.794246 0.000000 0.000000 0.000000 0.000000 0.000000 
36
0.000000 0.661677 0.582185 0.596215 1.015169 0.942431 0.000000 0.000000 0.000000 0.000000 0.000000 0.756200 0.473369 0.751662 0.972477 0.874938 0.000000 0.000000 0.000000 0.000000 0.000000 0.756200 0.473369 0.714108 0.950538 0.876185 0.000000 0.000000 0.000000 0.000000 0.000000 0.661677 0.609508 0.774308 1.004231 0.904523 0.000000 0.000000 0.000000 0.000000 0.000000 0.698800 1.072354 0.994385 0.321662 0.873892 0.978554 0.719862 0.000000 0.000000 0.000000 0.661677 0.579062 0.697754 1.008800 0.910108 0.000000 0.000000 0.000000 0.000000 0.000000 
37
0.000000 0.661662 0.637215 0.584338 1.068492 0.945431 0.000000 0.000000 0.000000 0.000000 0.000000 0.756185 0.549815 0.742692 0.995477 0.827031 0.000000 0.000000 0.000000 0.000000 0.000000 0.756185 0.539262 0.748831 0.921923 0.883477 0.000000 0.000000 0.000000 0.000000 0.000000 0.661662 0.629769 0.685369 1.017908 0.894231 0.000000 0.000000 0.000000 0.000000 0.000000 0.700246 1.068431 1.007154 0.342723 0.866523 0.981015 0.731554 0.000000 0.000000 0.000000 0.661662 0.644569 0.736385 0.978969 0.910231 0.000000 0.000000 0.000000 0.000000 0.000000 
38
0.000000 0.661662 0.614138 0.684277 0.931108 0.850277 0.000000 0.000000 0.000000 0.000000 0.000000 0.756185 0.536123 0.764000 0.919292 0.830123 0.000000 0.000000 0.000000 0.000000 0.000000 0.756185 0.536123 0.801246 0.938692 0.878846 0.000000 0.000000 0.000000 0.000000 0.000000 0.661662 0.607369 0.771246 0.976938 0.820277 0.000000 0.000000 0.000000 0.000000 0.000000 0.771015 0.985754 0.907800 0.297923 0.668185 1.123277 0.727508 0.000000 0.000000 0.000000 0.661662 0.630831 0.693246 0.973323 0.887415 0.000000 0.000000 0.000000 0.000000 0.000000 
39
0.000000 0.665600 0.633631 0.591815 0.961000 0.851846 0.000000 0.000000 0.000000 0.000000 0.000000 0.760123 0.537323 0.781446 0.989231 0.725400 0.000000 0.000000 0.000000 0.000000 0.000000 0.760123 0.537323 0.808462 0.920462 0.750277 0.000000 0.000000 0.000000 0.000000 0.000000 0.665600 0.633138 0.766092 0.998677 0.799708 0.000000 0.000000 0.000000 0.000000 0.000000 0.760415 1.004477 0.996000 0.310123 0.744738 1.105108 0.630369 0.000000 0.000000 0.000000 0.665600 0.632031 0.689508 0.976108 0.804754 0.000000 0.000000 0.000000 0.000000 0.000000 
40
0.000000 0.661677 0.604631 0.676031 0.976846 0.955846 0.000000 0.000000 0.000000 0.000000 0.000000 0.756200 0.512646 0.778262 0.970615 0.870892 0.000000 0.000000 0.000000 0.000000 0.000000 0.756200 0.507985 0.714477 0.927969 0.959239 0.000000 0.000000 0.000000 0.000000 0.000000 0.661677 0.617723 0.768262 0.930185 0.899477 0.000000 0.000000 0.000000 0.000000 0.000000 0.722077 0.969292 0.974200 0.311015 0.901400 0.960800 0.734415 0.000000 0.000000 0.000000 0.661677 0.594923 0.697754 0.997723 0.874000 0.000000 0.000000 0.000000 0.000000 0.000000 
41
0.000000 0.661662 0.590754 0.584338 1.077062 0.950385 0.000000 0.000000 0.000000 0.000000 0.000000 0.756185 0.499185 0.745569 1.001846 0.848338 0.000000 0.000000 0.000000 0.000000 0.000000 0.756185 0.494385 0.752892 0.945708 0.860631 0.000000 0.000000 0.000000 0.000000 0.000000 0.661662 0.606985 0.763815 0.949200 0.879262 0.000000 0.000000 0.000000 0.000000 0.000000 0.723508 1.000538 1.000692 0.320923 0.865385 0.979600 0.725492 0.000000 0.000000 0.000000 0.661662 0.601508 0.736385 0.990046 0.881385 0.000000 0.000000 0.000000 0.000000 0.000000 
42
0.000000 0.665600 0.589262 0.684277 0.917631 0.944631 0.000000 0.000000 0.000000 0.000000 0.000000 0.760123 0.479554 0.781815 0.973815 0.869846 0.000000 0.000000 0.000000 0.000000 0.000000 0.760123 0.493323 0.810338 0.917292 0.878646 0.000000 0.000000 0.000000 0.000000 0.000000 0.665600 0.595031 0.763815 0.933508 0.803477 0.000000 0.000000 0.000000 0.000000 0.000000 0.723508 1.002015 0.990831 0.319446 0.891354 1.002292 0.626446 0.000000 0.000000 0.000000 0.665600 0.588846 0.693246 0.973323 0.796569 0.000000 0.000000 0.000000 0.000000 0.000000 
43
0.000000 0.661662 0.596677 0.591815 0.981062 0.857123 0.000000 0.000000 0.000000 0.000000 0.000000 0.756185 0.505123 0.785846 0.962323 0.765908 0.000000 0.000000 0.000000 0.000000 0.000000 0.756185 0.489662 0.811415 0.913908 0.843231 0.000000 0.000000 0.000000 0.000000 0.000000 0.661662 0.577462 0.635277 0.930062 0.775462 0.000000 0.000000 0.000000 0.000000 0.000000 0.716846 0.986108 0.960615 0.320215 0.821431 0.984569 0.637908 0.000000 0.000000 0.000000 0.661662 0.595277 0.689508 0.966800 0.748954 0.000000 0.000000 0.000000 0.000000 0.000000 
44
0.000000 0.661769 0.609229 0.602400 0.996246 0.942431 0.000000 0.000000 0.000000 0.000000 0.000000 0.756200 0.495677 0.748092 0.969631 0.874600 0.000000 0.000000 0.000000 0.000000 0.000000 0.756200 0.497338 0.714477 0.950538 0.876185 0.000000 0.000000 0.000000 0.000000 0.000000 0.661769 0.603431 0.701600 0.988938 0.902492 0.000000 0.000000 0.000000 0.000000 0.000000 0.698800 1.067215 0.992523 0.326323 0.846769 0.980938 0.776031 0.000000 0.000000 0.000000 0.661677 0.597738 0.707369 1.011176 0.910200 0.000000 0.000000 0.000000 0.000000 0.000000 
45
0.000000 0.661662 0.595323 0.601108 0.996631 0.950385 0.000000 0.000000 0.000000 0.000000 0.000000 0.756185 0.505123 0.773631 0.936831 0.840108 0.000000 0.000000 0.000000 0.000000 0.000000 0.756185 0.494385 0.752892 0.921923 0.874569 0.000000 0.000000 0.000000 0.000000 0.000000 0.661662 0.598815 0.783031 0.998831 0.900354 0.000000 0.000000 0.000000 0.000000 0.000000 0.700246 1.074800 0.958062 0.303969 0.749662 1.107631 0.738092 0.000000 0.000000 0.000000 0.661662 0.595631 0.699246 0.951769 0.910185 0.000000 0.000000 0.000000 0.000000 0.000000 
46
0.000000 0.665600 0.575123 0.635985 1.035446 0.850123 0.000000 0.000000 0.000000 0.000000 0.000000 0.760123 0.494108 0.775354 0.953185 0.751385 0.000000 0.000000 0.000000 0.000000 0.000000 0.760123 0.493323 0.810338 0.938699 0.878846 0.000000 0.000000 0.000000 0.000000 0.000000 0.665600 0.589846 0.774200 1.011862 0.808215 0.000000 0.000000 0.000000 0.000000 0.000000 0.771015 0.972692 1.006385 0.273092 0.865431 0.990169 0.738431 0.000000 0.000000 0.000000 0.665600 0.574692 0.697000 0.968892 0.803508 0.000000 0.000000 0.000000 0.000000 0.000000 
47
0.000000 0.661662 0.601262 0.664523 0.995969 0.862631 0.000000 0.000000 0.000000 0.000000 0.000000 0.756185 0.501000 0.775538 0.905031 0.745862 0.000000 0.000000 0.000000 0.000000 0.000000 0.756185 0.500308 0.811415 0.920462 0.750262 0.000000 0.000000 0.000000 0.000000 0.000000 0.661662 0.590169 0.778677 0.983877 0.807677 0.000000 0.000000 0.000000 0.000000 0.000000 0.760415 1.004477 0.995646 0.324938 0.799923 0.996846 0.631815 0.000000 0.000000 0.000000 0.661662 0.599400 0.742908 1.002800 0.815385 0.000000 0.000000 0.000000 0.000000 0.000000 
48
0.000000 0.567138 0.684200 0.647492 0.995985 0.955846 0.000000 0.000000 0.000000 0.000000 0.000000 0.756185 0.506323 0.786677 0.976138 0.859154 0.000000 0.000000 0.000000 0.000000 0.000000 0.756185 0.498877 0.682354 1.076938 0.915338 0.000000 0.000000 0.000000 0.000000 0.000000 0.661662 0.601892 0.701600 0.985631 0.899477 0.000000 0.000000 0.000000 0.000000 0.000000 0.698800 1.087077 0.993831 0.321662 0.846769 0.980938 0.775708 0.000000 0.000000 0.000000 0.661662 0.607169 0.707369 0.995462 0.873985 0.000000 0.000000 0.000000 0.000000 0.000000 
49
0.000000 0.567138 0.689492 0.613600 1.001554 0.950385 0.000000 0.000000 0.000000 0.000000 0.000000 0.756185 0.493462 0.786738 1.015738 0.850846 0.000000 0.000000 0.000000 0.000000 0.000000 0.756185 0.491600 0.676185 1.072615 0.896000 0.000000 0.000000 0.000000 0.000000 0.000000 0.661662 0.606169 0.783031 0.982569 0.898000 0.000000 0.000000 0.000000 0.000000 0.000000 0.700262 1.075877 1.001477 0.310262 0.749662 1.130277 0.715769 0.000000 0.000000 0.000000 0.661662 0.587923 0.699246 0.988769 0.881385 0.000000 0.000000 0.000000 0.000000 0.000000 
50
0.000000 0.571077 0.689477 0.669262 0.998077 0.944631 0.000000 0.000000 0.000000 0.000000 0.000000 0.665600 0.589092 0.800185 0.949738 0.782923 0.000000 0.000000 0.000000 0.000000 0.000000 0.665600 0.587415 0.596662 1.099123 0.791615 0.000000 0.000000 0.000000 0.000000 0.000000 0.665600 0.594969 0.777877 1.011046 0.784738 0.000000 0.000000 0.000000 0.000000 0.000000 0.771015 0.949569 0.944369 0.301231 0.868400 0.990169 0.748554 0.000000 0.000000 0.000000 0.665600 0.600862 0.697000 0.969754 0.796569 0.000000 0.000000 0.000000 0.000000 0.000000 
51
0.000000 0.567138 0.696185 0.626769 1.017600 0.857108 0.000000 0.000000 0.000000 0.000000 0.000000 0.756185 0.503015 0.763923 0.968154 0.767523 0.000000 0.000000 0.000000 0.000000 0.000000 0.756185 0.500308 0.687631 1.078985 0.777554 0.000000 0.000000 0.000000 0.000000 0.000000 0.661662 0.595446 0.775000 1.013708 0.757738 0.000000 0.000000 0.000000 0.000000 0.000000 0.760415 0.986769 1.004723 0.284138 0.799923 0.996846 0.623923 0.000000 0.000000 0.000000 0.661662 0.595677 0.742908 0.986185 0.748938 0.000000 0.000000 0.000000 0.000000 0.000000 
52
0.000000 0.567138 0.701692 0.602400 0.992923 0.955846 0.000000 0.000000 0.000000 0.000000 0.000000 0.661662 0.598062 0.748092 1.012108 0.825954 0.000000 0.000000 0.000000 0.000000 0.000000 0.756185 0.506754 0.701492 0.921523 0.908985 0.000000 0.000000 0.000000 0.000000 0.000000 0.661662 0.614369 0.768262 0.933677 0.895292 0.000000 0.000000 0.000000 0.000000 0.000000 0.745800 0.989569 0.997677 0.494815 0.848246 0.980938 0.771400 0.000000 0.000000 0.000000 0.661662 0.606862 0.664292 1.060000 0.873985 0.000000 0.000000 0.000000 0.000000 0.000000 
53
0.000000 0.567138 0.689338 0.601108 1.025769 0.950385 0.000000 0.000000 0.000000 0.000000 0.000000 0.756185 0.506508 0.773631 0.943354 0.840108 0.000000 0.000000 0.000000 0.000000 0.000000 0.756185 0.495308 0.736708 0.931769 0.882015 0.000000 0.000000 0.000000 0.000000 0.000000 0.661662 0.590754 0.763815 0.926800 0.891723 0.000000 0.000000 0.000000 0.000000 0.000000 0.747262 1.002338 1.008123 0.542140 0.751138 1.130277 0.738754 0.000000 0.000000 0.000000 0.661662 0.593369 0.743800 0.933923 0.881385 0.000000 0.000000 0.000000 0.000000 0.000000 
54
0.000000 0.571077 0.671369 0.635985 0.980308 0.944646 0.000000 0.000000 0.000000 0.000000 0.000000 0.665600 0.581831 0.773877 0.961277 0.758031 0.000000 0.000000 0.000000 0.000000 0.000000 0.665600 0.584523 0.730523 0.932138 0.776846 0.000000 0.000000 0.000000 0.000000 0.000000 0.665600 0.589431 0.763815 0.926738 0.776615 0.000000 0.000000 0.000000 0.000000 0.000000 0.747277 0.988508 0.985277 0.442308 0.866908 0.990169 0.636785 0.000000 0.000000 0.000000 0.665600 0.594569 0.653923 1.034123 0.796569 0.000000 0.000000 0.000000 0.000000 0.000000 
55
0.000000 0.567138 0.696031 0.664523 0.990646 0.857123 0.000000 0.000000 0.000000 0.000000 0.000000 0.756185 0.498677 0.776646 0.903923 0.749554 0.000000 0.000000 0.000000 0.000000 0.000000 0.756185 0.491615 0.797815 0.928754 0.758492 0.000000 0.000000 0.000000 0.000000 0.000000 0.661662 0.590631 0.636754 0.947046 0.755385 0.000000 0.000000 0.000000 0.000000 0.000000 0.740600 0.988508 0.976908 0.450662 0.796969 0.996846 0.630354 0.000000 0.000000 0.000000 0.661662 0.598923 0.655277 1.027600 0.748938 0.000000 0.000000 0.000000 0.000000 0.000000 
56
0.000000 0.567138 0.686246 0.601169 1.035723 0.888877 0.000000 0.000000 0.000000 0.000000 0.000000 0.756185 0.500415 0.790600 0.990123 0.820723 0.000000 0.000000 0.000000 0.000000 0.000000 0.756185 0.498862 0.676415 1.081046 0.882323 0.000000 0.000000 0.000000 0.000000 0.000000 0.661662 0.594168 0.760462 0.948077 0.903308 0.000000 0.000000 0.000000 0.000000 0.000000 0.769585 1.013985 0.975015 0.321662 0.906846 0.988108 0.738108 0.000000 0.000000 0.000000 0.661662 0.583215 0.707369 0.995462 0.873985 0.000000 0.000000 0.000000 0.000000 0.000000 
57
0.000000 0.567138 0.721769 0.598831 1.040262 0.969969 0.000000 0.000000 0.000000 0.000000 0.000000 0.661662 0.629708 0.795785 0.968985 0.852723 0.000000 0.000000 0.000000 0.000000 0.000000 0.756185 0.526938 0.676185 1.096154 0.874277 0.000000 0.000000 0.000000 0.000000 0.000000 0.661662 0.605046 0.754708 0.930323 0.911369 0.000000 0.000000 0.000000 0.000000 0.000000 0.771015 0.995754 0.961800 0.288600 0.907446 0.957892 0.779400 0.000000 0.000000 0.000000 0.661662 0.630138 0.699246 0.983231 0.881385 0.000000 0.000000 0.000000 0.000000 0.000000 
58
0.000000 0.567138 0.710631 0.691508 0.921046 0.967646 0.000000 0.000000 0.000000 0.000000 0.000000 0.661662 0.622938 0.779446 0.977431 0.746123 0.000000 0.000000 0.000000 0.000000 0.000000 0.756185 0.528708 0.596662 1.107385 0.780200 0.000000 0.000000 0.000000 0.000000 0.000000 0.661662 0.634138 0.626492 0.950785 0.786123 0.000000 0.000000 0.000000 0.000000 0.000000 0.771015 0.956938 0.991015 0.319446 0.873200 1.003908 0.643185 0.000000 0.000000 0.000000 0.661662 0.636246 0.697000 0.969754 0.796569 0.000000 0.000000 0.000000 0.000000 0.000000 
59
0.000000 0.567138 0.728462 0.598831 1.002815 0.971815 0.000000 0.000000 0.000000 0.000000 0.000000 0.756185 0.532985 0.788446 0.952692 0.742169 0.000000 0.000000 0.000000 0.000000 0.000000 0.756185 0.529908 0.687631 1.061062 0.807277 0.000000 0.000000 0.000000 0.000000 0.000000 0.661662 0.633938 0.758062 0.913769 0.798800 0.000000 0.000000 0.000000 0.000000 0.000000 0.760400 1.013492 0.984677 0.320215 0.908800 0.988000 0.637938 0.000000 0.000000 0.000000 0.661662 0.636738 0.742908 0.986185 0.748938 0.000000 0.000000 0.000000 0.000000 0.000000 
60
0.000000 0.567138 0.681923 0.601169 1.040215 0.888862 0.000000 0.000000 0.000000 0.000000 0.000000 0.756185 0.503415 0.783215 0.983600 0.851354 0.000000 0.000000 0.000000 0.000000 0.000000 0.756185 0.498862 0.701492 0.921523 0.906031 0.000000 0.000000 0.000000 0.000000 0.000000 0.661662 0.587615 0.766400 0.979800 0.892477 0.000000 0.000000 0.000000 0.000000 0.000000 0.745200 0.989569 0.996108 0.343323 0.846769 1.001615 0.767123 0.000000 0.000000 0.000000 0.661662 0.573646 0.653200 1.055877 0.884046 0.000000 0.000000 0.000000 0.000000 0.000000 
61
0.000000 0.567138 0.727831 0.598831 1.024262 0.969969 0.000000 0.000000 0.000000 0.000000 0.000000 0.661662 0.629277 0.795015 0.992677 0.838569 0.000000 0.000000 0.000000 0.000000 0.000000 0.756185 0.536862 0.736708 0.931769 0.882031 0.000000 0.000000 0.000000 0.000000 0.000000 0.661662 0.620585 0.676046 1.074000 0.894446 0.000000 0.000000 0.000000 0.000000 0.000000 0.747938 0.997000 1.006985 0.206985 0.743031 1.116938 0.730215 0.000000 0.000000 0.000000 0.661662 0.639231 0.650231 1.043646 0.899538 0.000000 0.000000 0.000000 0.000000 0.000000 
62
0.000000 0.567138 0.725492 0.690031 0.928062 0.967646 0.000000 0.000000 0.000000 0.000000 0.000000 0.756185 0.524231 0.779446 0.976708 0.767308 0.000000 0.000000 0.000000 0.000000 0.000000 0.756185 0.528708 0.730523 0.932138 0.787631 0.000000 0.000000 0.000000 0.000000 0.000000 0.661662 0.629415 0.761862 0.984169 0.770569 0.000000 0.000000 0.000000 0.000000 0.000000 0.746538 0.997231 0.971092 0.264723 0.866892 1.003954 0.625338 0.000000 0.000000 0.000000 0.661662 0.634169 0.728262 0.972708 0.768323 0.000000 0.000000 0.000000 0.000000 0.000000 
63
0.000000 0.567138 0.725708 0.601800 1.007292 0.877308 0.000000 0.000000 0.000000 0.000000 0.000000 0.756185 0.534369 0.784015 0.947462 0.760200 0.000000 0.000000 0.000000 0.000000 0.000000 0.756185 0.519985 0.797815 0.928754 0.758523 0.000000 0.000000 0.000000 0.000000 0.000000 0.661662 0.629215 0.758062 0.987138 0.757692 0.000000 0.000000 0.000000 0.000000 0.000000 0.737815 0.987200 0.974708 0.374138 0.873031 0.996846 0.627031 0.000000 0.000000 0.000000 0.661662 0.636062 0.646369 1.033508 0.765123 0.000000 0.000000 0.000000 0.000000 0.000000 
64
0.000000 0.567138 0.680892 0.652200 1.017277 0.947954 0.000000 0.000000 0.000000 0.000000 0.000000 0.756185 0.490185 0.791385 0.976138 0.853754 0.000000 0.000000 0.000000 0.000000 0.000000 0.756185 0.488292 0.679385 1.076938 0.905677 0.000000 0.000000 0.000000 0.000000 0.000000 0.661662 0.593077 0.642092 0.940108 0.881231 0.000000 0.000000 0.000000 0.000000 0.000000 0.762400 1.085231 0.992231 0.325631 0.742646 1.104415 0.766600 0.000000 0.000000 0.000000 0.661662 0.600954 0.696277 0.994785 0.876846 0.000000 0.000000 0.000000 0.000000 0.000000 
65
0.000000 0.567138 0.727492 0.621015 1.001554 0.954077 0.000000 0.000000 0.000000 0.000000 0.000000 0.756185 0.530631 0.750462 1.015738 0.842123 0.000000 0.000000 0.000000 0.000000 0.000000 0.756185 0.537600 0.676185 1.072615 0.902338 0.000000 0.000000 0.000000 0.000000 0.000000 0.661662 0.635631 0.774523 0.939338 0.856615 0.000000 0.000000 0.000000 0.000000 0.000000 0.769569 1.085092 0.995723 0.325769 0.866892 0.999677 0.737154 0.000000 0.000000 0.000000 0.661662 0.630108 0.650231 1.006308 0.887231 0.000000 0.000000 0.000000 0.000000 0.000000 
66
0.000000 0.567138 0.725969 0.632892 0.992538 0.944662 0.000000 0.000000 0.000000 0.000000 0.000000 0.756185 0.535785 0.763815 0.949738 0.771446 0.000000 0.000000 0.000000 0.000000 0.000000 0.756185 0.528708 0.596662 1.099123 0.800415 0.000000 0.000000 0.000000 0.000000 0.000000 0.661662 0.635277 0.727800 0.957077 0.800400 0.000000 0.000000 0.000000 0.000000 0.000000 0.840800 0.971569 0.978369 0.346646 0.747831 1.107785 0.657969 0.000000 0.000000 0.000000 0.661662 0.616969 0.771338 0.958923 0.793985 0.000000 0.000000 0.000000 0.000000 0.000000 
67
0.000000 0.567138 0.727615 0.632892 1.011154 0.857123 0.000000 0.000000 0.000000 0.000000 0.000000 0.756185 0.538369 0.770046 0.968154 0.760662 0.000000 0.000000 0.000000 0.000000 0.000000 0.756185 0.529908 0.687631 1.078985 0.780231 0.000000 0.000000 0.000000 0.000000 0.000000 0.661662 0.616138 0.764615 0.939323 0.781108 0.000000 0.000000 0.000000 0.000000 0.000000 0.842338 0.998477 0.963308 0.219185 0.748046 1.092938 0.669262 0.000000 0.000000 0.000000 0.661662 0.634892 0.646369 1.013108 0.758969 0.000000 0.000000 0.000000 0.000000 0.000000 
68
0.000000 0.567138 0.685554 0.601169 1.005600 0.884062 0.000000 0.000000 0.000000 0.000000 0.000000 0.756185 0.491692 0.783215 0.978308 0.858108 0.000000 0.000000 0.000000 0.000000 0.000000 0.756185 0.498169 0.679385 1.088923 0.897908 0.000000 0.000000 0.000000 0.000000 0.000000 0.661662 0.578523 0.766400 0.979800 0.892554 0.000000 0.000000 0.000000 0.000000 0.000000 0.809815 0.989569 0.996108 0.342631 0.896615 0.973862 0.766169 0.000000 0.000000 0.000000 0.661662 0.588400 0.653200 1.067385 0.876846 0.000000 0.000000 0.000000 0.000000 0.000000 
69
0.000000 0.567138 0.721262 0.590708 1.073062 0.984031 0.000000 0.000000 0.000000 0.000000 0.000000 0.661662 0.631523 0.755662 1.028215 0.836692 0.000000 0.000000 0.000000 0.000000 0.000000 0.756185 0.530615 0.676185 1.102231 0.870015 0.000000 0.000000 0.000000 0.000000 0.000000 0.661662 0.630462 0.676046 1.074000 0.894515 0.000000 0.000000 0.000000 0.000000 0.000000 0.810369 1.002338 0.974723 0.383062 0.865431 1.006446 0.736938 0.000000 0.000000 0.000000 0.661662 0.632862 0.650231 1.032138 0.887231 0.000000 0.000000 0.000000 0.000000 0.000000 
70
0.000000 0.567138 0.726677 0.691508 0.931585 0.982923 0.000000 0.000000 0.000000 0.000000 0.000000 0.661662 0.623385 0.787569 0.971662 0.769415 0.000000 0.000000 0.000000 0.000000 0.000000 0.756185 0.536123 0.737954 0.974892 0.787615 0.000000 0.000000 0.000000 0.000000 0.000000 0.661662 0.629415 0.761862 0.984169 0.770492 0.000000 0.000000 0.000000 0.000000 0.000000 0.818954 0.988508 1.006985 0.207169 0.747446 1.106723 0.639308 0.000000 0.000000 0.000000 0.661662 0.631385 0.728262 0.967169 0.793985 0.000000 0.000000 0.000000 0.000000 0.000000 
71
0.000000 0.567138 0.710015 0.598831 1.030354 0.882108 0.000000 0.000000 0.000000 0.000000 0.000000 0.756185 0.535846 0.784000 0.956846 0.746046 0.000000 0.000000 0.000000 0.000000 0.000000 0.756185 0.519600 0.687631 1.092523 0.781431 0.000000 0.000000 0.000000 0.000000 0.000000 0.661662 0.628523 0.758062 0.987138 0.757692 0.000000 0.000000 0.000000 0.000000 0.000000 0.823015 0.988508 0.973154 0.257600 0.752477 1.102246 0.622508 0.000000 0.000000 0.000000 0.661662 0.632154 0.646369 1.033508 0.758969 0.000000 0.000000 0.000000 0.000000 0.000000 
72
0.000000 0.567138 0.685554 0.689846 0.997308 0.989808 0.000000 0.000000 0.000000 0.000000 0.000000 0.756185 0.490185 0.800246 0.972892 0.838462 0.000000 0.000000 0.000000 0.000000 0.000000 0.756185 0.480308 0.678769 1.081046 0.888185 0.000000 0.000000 0.000000 0.000000 0.000000 0.661662 0.578538 0.760462 0.942308 0.898662 0.000000 0.000000 0.000000 0.000000 0.000000 0.830415 1.013985 0.975015 0.311092 0.904554 0.985400 0.746938 0.000000 0.000000 0.000000 0.661662 0.578523 0.653200 1.031400 0.918154 0.000000 0.000000 0.000000 0.000000 0.000000 
73
0.000000 0.567138 0.721262 0.623277 1.039723 0.892677 0.000000 0.000000 0.000000 0.000000 0.000000 0.756185 0.532123 0.761169 0.966815 0.851185 0.000000 0.000000 0.000000 0.000000 0.000000 0.756185 0.530077 0.666462 1.081308 0.890923 0.000000 0.000000 0.000000 0.000000 0.000000 0.661662 0.630462 0.754708 0.933569 0.905431 0.000000 0.000000 0.000000 0.000000 0.000000 0.838246 0.995754 0.906662 0.299262 0.824985 0.981708 0.768015 0.000000 0.000000 0.000000 0.661662 0.633785 0.650231 0.967046 0.921769 0.000000 0.000000 0.000000 0.000000 0.000000 
74
0.000000 0.567138 0.726677 0.623277 0.990769 0.976585 0.000000 0.000000 0.000000 0.000000 0.000000 0.756185 0.535554 0.813523 0.932477 0.747585 0.000000 0.000000 0.000000 0.000000 0.000000 0.756185 0.535231 0.605523 1.092538 0.807292 0.000000 0.000000 0.000000 0.000000 0.000000 0.661662 0.629415 0.626492 0.919022 0.829354 0.000000 0.000000 0.000000 0.000000 0.000000 0.842015 0.956938 0.991015 0.319446 0.908892 0.997615 0.646262 0.000000 0.000000 0.000000 0.661662 0.630646 0.771338 0.980215 0.811262 0.000000 0.000000 0.000000 0.000000 0.000000 
75
0.000000 0.567138 0.710015 0.624077 0.984031 0.884738 0.000000 0.000000 0.000000 0.000000 0.000000 0.756185 0.535892 0.798323 0.903923 0.742200 0.000000 0.000000 0.000000 0.000000 0.000000 0.756185 0.535569 0.687631 1.075908 0.808185 0.000000 0.000000 0.000000 0.000000 0.000000 0.661662 0.628523 0.758062 0.933277 0.803015 0.000000 0.000000 0.000000 0.000000 0.000000 0.842554 1.013492 0.984677 0.320215 0.859277 1.003754 0.644769 0.000000 0.000000 0.000000 0.661662 0.631846 0.646369 1.005969 0.806231 0.000000 0.000000 0.000000 0.000000 0.000000 
76
0.000000 0.567138 0.685554 0.689846 0.988985 0.884062 0.000000 0.000000 0.000000 0.000000 0.000000 0.756185 0.491692 0.800246 0.947892 0.858092 0.000000 0.000000 0.000000 0.000000 0.000000 0.756185 0.490185 0.679385 1.088923 0.892554 0.000000 0.000000 0.000000 0.000000 0.000000 0.661662 0.578523 0.743615 0.916708 0.915262 0.000000 0.000000 0.000000 0.000000 0.000000 0.814831 0.965969 1.010800 0.489338 0.876462 0.985400 0.768938 0.000000 0.000000 0.000000 0.661662 0.579215 0.702431 1.025431 0.909785 0.000000 0.000000 0.000000 0.000000 0.000000 
77
0.000000 0.567138 0.721262 0.623277 1.045262 0.889523 0.000000 0.000000 0.000000 0.000000 0.000000 0.756185 0.530338 0.761169 0.978292 0.849338 0.000000 0.000000 0.000000 0.000000 0.000000 0.756185 0.530077 0.676185 1.063015 0.894938 0.000000 0.000000 0.000000 0.000000 0.000000 0.661662 0.630462 0.628031 0.938785 0.901523 0.000000 0.000000 0.000000 0.000000 0.000000 0.820477 0.985215 0.993185 0.499877 0.787323 0.997000 0.756477 0.000000 0.000000 0.000000 0.661662 0.642862 0.656600 0.991015 0.897123 0.000000 0.000000 0.000000 0.000000 0.000000 
78
0.000000 0.567138 0.726677 0.623277 0.993554 0.982923 0.000000 0.000000 0.000000 0.000000 0.000000 0.756185 0.535508 0.813523 0.990323 0.749877 0.000000 0.000000 0.000000 0.000000 0.000000 0.756185 0.535231 0.736477 0.997046 0.751308 0.000000 0.000000 0.000000 0.000000 0.000000 0.661662 0.629415 0.741862 0.941692 0.804677 0.000000 0.000000 0.000000 0.000000 0.000000 0.819015 0.998400 1.008738 0.503446 0.882308 1.000785 0.639677 0.000000 0.000000 0.000000 0.661662 0.631431 0.777769 0.970000 0.822923 0.000000 0.000000 0.000000 0.000000 0.000000 
79
0.000000 0.567138 0.710015 0.624077 0.984031 0.976615 0.000000 0.000000 0.000000 0.000000 0.000000 0.661662 0.630369 0.798323 0.910492 0.752938 0.000000 0.000000 0.000000 0.000000 0.000000 0.756185 0.525692 0.687631 1.078585 0.778538 0.000000 0.000000 0.000000 0.000000 0.000000 0.661662 0.628523 0.744000 0.951015 0.778554 0.000000 0.000000 0.000000 0.000000 0.000000 0.819508 0.996692 0.932892 0.488154 0.877185 0.953538 0.679954 0.000000 0.000000 0.000000 0.661662 0.631846 0.651508 0.995908 0.774231 0.000000 0.000000 0.000000 0.000000 0.000000 
