task94
0.012000 0.012000 1.001258 1.001262 2.000709 2.000742 3.011921 3.011943 4.012442 4.073248 5.011976 5.022054 
task19
0.022000 0.026188 1.010639 1.015614 2.010645 2.016089 3.020301 3.027592 4.080353 4.090266 5.030129 5.038163 
task16
0.023626 0.025855 1.013406 1.015631 2.013478 2.015632 3.024286 3.027460 4.084011 4.088582 5.034320 5.037565 
task13
0.023626 0.025857 1.013406 1.015632 2.013478 2.015966 3.024286 3.027462 4.084011 4.088583 5.034320 5.037566 
task10
0.023626 0.025857 1.013406 1.015532 2.013478 2.015826 3.024286 3.027463 4.084011 4.088585 5.034320 5.037385 
task0
0.023626 0.025857 1.013406 1.015685 2.013478 2.015757 3.024286 3.027528 4.084011 4.088586 5.034320 5.037614 
task15
0.023626 0.025857 1.013406 1.015615 2.013478 2.015794 3.024286 3.027414 4.084011 4.088588 5.034320 5.037568 
task20
0.027626 0.028051 1.016302 1.017734 2.016292 2.018031 3.030946 3.032832 4.090011 4.091654 5.039930 5.041978 
task17
0.027626 0.141478 1.016302 1.131060 2.016292 2.143482 3.030946 3.166689 4.089264 4.431937 5.039930 5.196232 
task18
0.030915 0.133923 1.019628 1.124258 2.015336 2.022054 3.027181 3.034355 4.099791 4.419543 5.037020 5.044995 
task3
0.033871 0.133426 1.023614 1.123866 2.021475 2.169269 3.036687 3.156012 4.094544 4.250935 5.047256 5.258489 
task1
0.034129 0.143140 1.023832 1.123538 2.021693 2.122323 3.036686 3.155803 4.100431 4.422194 5.046951 5.258486 
task14
0.034129 0.143140 1.023832 1.123538 2.021692 2.122523 3.037216 3.174906 4.094175 4.241400 5.047256 5.258488 
task11
0.034129 0.143140 1.023727 1.123502 2.021554 2.149811 3.037829 3.239308 4.094807 4.260209 5.047512 5.194280 
task12
0.034129 0.143142 1.023727 1.123502 2.021170 2.169115 3.055793 3.223380 4.094282 4.241505 5.048075 5.258975 
task2
0.034166 0.133592 1.023727 1.123848 2.021553 2.149842 3.037812 3.239308 4.094875 4.259971 5.047428 5.185034 
task9
0.034166 0.133592 1.023727 1.123848 2.021998 2.122325 3.037745 3.249842 4.122183 4.407849 5.047519 5.184957 
task6
0.034166 0.133592 1.023909 1.123988 2.021997 2.122525 3.036516 3.155818 4.122074 4.428620 5.047367 5.184752 
task4
0.034166 0.133592 1.023909 1.123985 2.021830 2.159420 3.037401 3.184074 4.122184 4.419508 5.048380 5.258977 
task7
0.034166 0.133592 1.023909 1.123985 2.021829 2.159420 3.055841 3.225269 4.100736 4.422202 5.047576 5.185114 
task5
0.034166 0.133592 1.023424 1.123498 2.021524 2.149871 3.055844 3.225135 4.094480 4.241480 5.062349 5.240135 
task8
0.034166 0.133592 1.023409 1.123363 2.021859 2.149812 3.036640 3.155818 4.094587 4.241220 5.062371 5.239477 
task21
0.134176 0.145886 1.123646 1.161360 2.023851 2.178820 3.038126 3.226015 4.408480 4.422798 5.049099 5.241046 
task22
0.146434 0.151298 1.160612 1.165502 2.179218 2.183303 3.226823 3.233292 4.423482 4.428762 5.239618 5.246438 
task23
0.151022 0.218365 1.164403 1.236795 2.183993 2.241935 3.232790 3.343474 4.428560 4.468229 5.242719 5.307878 
task24
0.219068 0.219342 0.219363 0.219597 0.220198 0.220365 1.209129 1.209911 2.242033 2.242386 2.242569 2.243242 3.343187 3.343465 3.343982 3.344535 3.344651 3.345103 4.506209 4.506920 4.507213 4.507631 4.507980 4.508329 5.326364 5.326834 5.327256 5.328046 
task83
0.230291 0.238151 1.240453 1.248677 2.250236 2.258946 3.350208 3.362109 4.510276 4.518958 5.390008 5.401869 
task84
0.230297 0.245960 1.240459 1.256492 2.250242 2.266762 3.350218 3.373889 4.510282 4.530683 5.390016 5.413592 
task86
0.230353 0.265382 1.240514 1.279797 2.250297 2.290038 3.350273 3.405603 4.510352 4.561658 5.390093 5.445203 
task25
0.230547 0.276378 1.240708 1.325932 2.250491 2.279235 3.350550 3.398394 4.510601 4.551057 5.390397 5.437506 
task30
0.230890 0.258717 1.241051 1.269329 2.250834 2.279531 3.351135 3.394825 4.511076 4.550285 5.391553 5.435726 
task31
0.230890 0.262012 1.241052 1.272625 2.250835 2.282983 3.351049 3.395060 4.511078 4.551895 5.391376 5.439480 
task33
0.230897 0.265683 1.241058 1.276082 2.250841 2.283135 3.351056 3.398551 4.511006 4.551218 5.390896 5.437594 
task54
0.231068 0.265618 1.241229 1.276058 2.251013 2.283142 3.351341 3.398608 4.511188 4.551222 5.391759 5.439577 
task28
0.231069 0.272772 1.241231 1.283171 2.251014 2.294546 3.351254 3.404015 4.511189 4.566138 5.391073 5.440366 
task27
0.231071 0.273954 1.241232 1.284352 2.251016 2.295728 3.351254 3.406386 4.511192 4.567889 5.391073 5.443025 
task26
0.231071 0.282397 1.241232 1.292795 2.251016 2.304171 3.351254 3.416880 4.511192 4.579458 5.391074 5.454520 
task90
0.231671 0.315828 1.242162 1.326378 2.251127 2.335332 3.350744 3.448925 4.510629 4.600615 5.391983 5.490102 
task85
0.246045 0.276598 1.256355 1.286897 2.266866 2.295891 3.373211 3.378806 4.527292 4.576818 5.413889 5.467566 
task32
0.260071 0.278388 1.270381 1.288671 2.278892 2.297743 3.395225 3.399040 4.550224 4.570218 5.435722 5.461252 
task34
0.262427 0.291332 1.272750 1.303880 2.283262 2.302105 3.398403 3.404148 4.552210 4.560360 5.437765 5.464797 
task55
0.263320 0.298785 1.273322 1.303445 2.284098 2.316303 3.398942 3.408494 4.557236 4.587252 5.440935 5.470680 
task87
0.265873 0.423285 1.276341 1.435194 2.285517 2.422626 3.404439 3.493012 4.561408 4.718768 5.445074 5.602605 
task45
0.283071 0.320988 1.293664 1.316535 2.303512 2.334837 3.415255 3.445514 4.579001 4.606106 5.612987 5.650605 
task29
0.283081 0.325009 1.293669 1.319208 2.303522 2.339588 3.415262 3.448268 4.579008 4.610005 5.612997 5.654762 
task35
0.291975 0.411298 1.295245 1.534706 2.303016 2.527103 3.405231 3.747400 4.557540 4.976742 5.464982 5.608115 
task56
0.299419 0.403766 1.303714 1.531517 2.316761 2.441263 3.409017 3.560832 4.587621 4.693551 5.471320 5.774203 
task36
0.326045 0.330043 1.319674 1.322537 2.339827 2.343805 3.447408 3.451695 4.609014 4.611688 5.655008 5.659229 
task37
0.330056 0.396657 1.322610 1.349477 2.343833 2.378722 3.452006 3.474695 4.613005 4.617591 5.659018 5.734466 
task47
0.330151 0.555763 1.322651 1.550823 2.343696 2.600363 3.452041 3.644525 4.611641 4.833548 5.659128 5.659401 5.761160 5.659401 5.659402 5.659402 5.764038 5.659403 5.659403 5.659404 5.766768 5.659404 5.766862 5.659404 5.766917 5.659405 5.659405 5.659406 5.769646 5.659406 5.769740 5.659406 5.659407 5.659408 5.770545 5.659408 5.772525 5.659408 5.772618 5.659408 5.659408 5.659409 5.773423 5.659410 5.659410 5.659411 5.776302 5.659412 5.659412 5.659413 5.778431 5.659413 5.659414 5.659414 5.781309 5.659414 5.782058 5.659415 5.659415 5.659416 5.784188 5.659416 5.784937 5.659417 5.659417 5.659418 5.787066 5.659418 5.787815 5.659419 5.659419 5.659420 5.789945 5.659420 5.790694 5.659420 5.659421 5.659421 5.792823 5.659421 5.793572 5.659422 5.659422 5.659423 5.795702 5.659423 5.796451 5.659424 5.659424 5.659425 5.798580 5.659425 5.799329 5.659426 5.659426 5.659427 5.801458 5.659427 5.659427 5.659428 5.804188 5.659429 5.659429 5.659430 5.804337 5.659431 5.659431 5.659432 5.807066 5.659432 5.659433 5.659434 5.807215 5.659434 5.659434 5.659435 5.809945 5.659436 5.659436 5.659437 5.810094 5.659438 5.659438 5.659439 5.812823 5.659439 5.659440 5.659440 5.812972 5.659441 5.659441 5.659442 5.815702 5.659443 5.659443 5.659444 5.815851 5.659445 5.659445 5.659446 5.818580 5.659446 5.659447 5.659447 5.818729 5.659448 5.659448 5.659449 5.821458 5.659450 5.659450 5.659451 5.821608 5.659451 5.659452 5.659453 5.824337 5.659453 5.659453 5.659454 5.824486 5.659455 5.659455 5.659456 5.827215 5.659457 5.659457 5.659458 5.827365 5.659458 5.659459 5.659460 5.830094 5.659460 5.659460 5.659461 5.830243 5.659462 5.659462 5.659463 5.832972 5.659464 5.659464 5.659465 5.833122 5.659465 5.659466 5.659466 5.835851 5.659467 5.659467 5.659468 5.836000 5.659469 5.659469 5.659470 5.838729 5.659471 5.659471 5.659472 5.838878 5.659472 5.659473 5.659473 5.841608 5.659474 5.659474 5.659475 5.841757 5.659476 5.659476 5.659477 5.844486 5.659477 5.659478 5.659479 5.844635 5.659479 5.659479 5.659480 5.847365 5.659481 5.659481 5.659482 5.847514 5.659483 5.659483 5.659484 5.850243 5.659484 5.659485 5.659486 5.850392 5.659486 5.659486 5.659487 5.853122 5.659488 5.659488 5.659489 5.853271 5.659490 5.659490 5.659665 5.668375 5.659665 5.866848 5.659666 5.659666 5.659667 5.671185 5.659667 5.866829 5.659667 5.659668 5.659669 5.671343 5.659669 5.869726 5.659669 5.659670 5.659670 5.674154 5.659671 5.869708 5.659671 5.659671 5.659672 5.674222 5.659672 5.676942 5.659672 5.872605 5.659673 5.659673 5.659674 5.677011 5.659674 5.872586 5.659674 5.659675 5.659676 5.679820 5.659676 5.875483 5.659676 5.659676 5.659677 5.679978 5.659678 5.875465 5.659678 5.659678 5.659679 5.682789 5.659679 5.878362 5.659680 5.659680 5.659681 5.682857 5.659681 5.685577 5.659681 5.685668 5.659681 5.685646 5.659681 5.685735 5.659681 5.688455 5.659681 5.688546 5.659681 5.688525 5.659681 5.688614 5.659681 5.691334 5.659681 5.691425 5.659681 5.691403 5.659681 5.691492 5.659681 5.694212 5.659681 5.694303 5.659681 5.694282 5.659681 5.694371 5.659681 5.697091 5.659681 5.697182 5.659681 5.697160 5.659681 5.697249 5.659681 5.699969 5.659681 5.700060 5.659681 5.700038 5.659681 5.700128 5.659681 5.702848 5.659681 5.702938 5.659681 5.702917 5.659681 5.703006 5.659681 5.705726 5.659681 5.878343 5.659681 5.659682 5.659683 5.705795 5.659683 5.881240 5.659683 5.659683 5.659684 5.708605 5.659685 5.881222 5.659685 5.659685 5.659686 5.708674 5.659686 5.884118 5.659686 5.659687 5.659688 5.711483 5.659688 5.884100 5.659688 5.659689 5.659689 5.711552 5.659690 5.886997 5.659690 5.659690 5.659691 5.714362 5.659691 5.886978 5.659692 5.659692 5.659693 5.714431 5.659693 5.889875 5.659693 5.659694 5.659695 5.717240 5.659695 5.889857 5.659695 5.659696 5.659696 5.717309 5.659697 5.892754 5.659697 5.659697 5.659698 5.720118 5.659698 5.892735 5.659699 5.659699 5.659700 5.720188 5.659700 5.895632 5.659700 5.659701 5.659702 5.722997 5.659702 5.895614 5.659702 5.659702 5.659703 5.723066 5.659704 5.898511 5.659704 5.659704 5.659705 5.725875 5.659705 5.898492 5.659705 5.659706 5.659707 5.725945 5.659707 5.901389 5.659707 5.659708 5.659709 5.728754 5.659709 5.901371 5.659709 5.659709 5.659710 5.728823 5.659711 5.904268 5.659711 5.659711 5.659712 5.731632 5.659712 5.904249 5.659712 5.659713 5.659714 5.731702 5.659714 5.907146 5.659714 5.659715 5.659715 5.734511 5.659716 5.907128 5.659716 5.659716 5.659717 5.734580 5.659717 5.910025 5.659718 5.659718 5.659719 5.737389 5.659719 5.910006 5.659719 5.659720 5.659721 5.737458 5.659721 5.912903 5.659721 5.659722 5.659722 5.740268 5.659723 5.912885 5.659723 5.659723 5.659724 5.740337 5.659724 5.915782 5.659725 5.659725 5.659726 5.743146 5.659726 5.915763 5.659726 5.659727 5.659728 5.743215 5.659728 5.918660 5.659728 5.659728 5.659729 5.746025 5.659730 5.918642 5.659730 5.659730 5.659731 5.746094 5.659731 5.921538 5.659731 5.659732 5.659733 5.748903 5.659733 5.921520 5.659733 5.659734 5.659734 5.748972 5.659735 5.924417 5.659735 5.659735 5.659736 5.751782 5.659737 5.924398 5.659737 5.659737 5.659738 5.751851 5.659738 5.927295 5.659738 5.659739 5.659740 5.754660 5.659740 5.927277 5.659740 5.659741 5.659741 5.754729 5.659742 5.930174 5.659742 5.659742 5.659828 5.774752 5.659828 5.826691 5.659828 5.659829 5.659830 5.774765 5.659830 5.829500 5.659830 5.659830 5.659831 5.777640 5.659831 5.777682 5.659831 5.829569 5.659832 5.659832 5.659833 5.780509 5.659833 5.832378 5.659834 5.659834 5.659835 5.780522 5.659835 5.832448 5.659835 5.659836 5.659836 5.783397 5.659836 5.783438 5.659837 5.835257 5.659837 5.659837 5.659838 5.786266 5.659838 5.835326 5.659839 5.659839 5.659840 5.786278 5.659840 5.838135 5.659840 5.659841 5.659842 5.789154 5.659842 5.789195 5.659842 5.838205 5.659842 5.659843 5.659843 5.792023 5.659844 5.841014 5.659844 5.659844 5.659845 5.792035 5.659845 5.794902 5.659845 5.841083 5.659846 5.659846 5.659847 5.794914 5.659847 5.797780 5.659847 5.843892 5.659847 5.659848 5.659849 5.797792 5.659849 5.800658 5.659849 5.843962 5.659849 5.659849 5.659850 5.800671 5.659850 5.803537 5.659851 5.846771 5.659851 5.662906 5.659851 5.659851 5.659852 5.803549 5.659852 5.806415 5.659852 5.846840 5.659852 5.662903 5.659853 5.659853 5.659854 5.806428 5.659854 5.809294 5.659854 5.849649 5.659854 5.665785 5.659854 5.659855 5.659856 5.809306 5.659856 5.812172 5.659856 5.849718 5.659856 5.665782 5.659856 5.659856 5.659857 5.812185 5.659857 5.852528 5.659858 5.668663 5.659858 5.659858 5.659859 5.815060 5.659859 5.852597 5.659859 5.668660 5.659859 5.659860 5.659861 5.815063 5.659861 5.855406 5.659861 5.671542 5.659861 5.659862 5.659862 5.817938 5.659863 5.855475 5.659863 5.671538 5.659863 5.659863 5.659864 5.817942 5.659864 5.858285 5.659864 5.674420 5.659865 5.659865 5.659866 5.820817 5.659866 5.858354 5.659866 5.674417 5.659866 5.659867 5.659868 5.820820 5.659868 5.662908 5.659868 5.861163 5.659868 5.677298 5.659868 5.659869 5.659869 5.823695 5.659870 5.662812 5.659870 5.861232 5.659870 5.677295 5.659870 5.659870 5.659871 5.823698 5.659871 5.665786 5.659871 5.864042 5.659871 5.680177 5.659872 5.659872 5.659873 5.826574 5.659873 5.665691 5.659873 5.864111 5.659873 5.680174 5.659873 5.659874 5.659875 5.826577 5.659875 5.668665 5.659875 5.866920 5.659875 5.683055 5.659875 5.659875 5.659876 5.829452 5.659877 5.668569 5.659877 5.866989 5.659877 5.683052 5.659877 5.659877 5.659878 5.829455 5.659878 5.671543 5.659878 5.869798 5.659878 5.685934 5.659879 5.659879 5.659880 5.832331 5.659880 5.671448 5.659880 5.869868 5.659880 5.685931 5.659880 5.659881 5.659882 5.832334 5.659882 5.674422 5.659882 5.872677 5.659882 5.688812 5.659882 5.659882 5.659883 5.835209 5.659883 5.674326 5.659883 5.872746 5.659884 5.688809 5.659884 5.659884 5.659885 5.835212 5.659885 5.677300 5.659885 5.875555 5.659885 5.691691 5.659885 5.659886 5.659887 5.838088 5.659887 5.677205 5.659887 5.875625 5.659887 5.691688 5.659887 5.659888 5.659888 5.838091 5.659889 5.680178 5.659889 5.878434 5.659889 5.694569 5.659889 5.659889 5.659890 5.840966 5.659890 5.680083 5.659890 5.878503 5.659890 5.694566 5.659891 5.841008 5.659891 5.683038 5.659891 5.878592 5.659891 5.697334 5.659892 5.840969 5.659892 5.683057 5.659892 5.881312 5.659892 5.697448 5.659893 5.843835 5.659893 5.683052 5.659893 5.881403 5.659893 5.697282 5.659894 5.843845 5.659894 5.682962 5.659894 5.881382 5.659894 5.697445 5.659895 5.843886 5.659895 5.685917 5.659895 5.881471 5.659895 5.700212 5.659895 5.843848 5.659896 5.685935 5.659896 5.884191 5.659896 5.700326 5.659896 5.846714 5.659896 5.685931 5.659896 5.884282 5.659896 5.700160 5.659897 5.846723 5.659897 5.685840 5.659897 5.884260 5.659897 5.700323 5.659898 5.846765 5.659898 5.688795 5.659898 5.884349 5.659898 5.703091 5.659899 5.846726 5.659899 5.688814 5.659899 5.887069 5.659899 5.703205 5.659900 5.849592 5.659900 5.688809 5.659900 5.887160 5.659900 5.703038 5.659901 5.849602 5.659901 5.688718 5.659901 5.887138 5.659901 5.703202 5.659901 5.849643 5.659902 5.691674 5.659902 5.887228 5.659902 5.705969 5.659902 5.849605 5.659902 5.691692 5.659903 5.889948 5.659903 5.706083 5.659903 5.852471 5.659903 5.691688 5.659903 5.890038 5.659903 5.705917 5.659904 5.852480 5.659904 5.691597 5.659904 5.890017 5.659904 5.706080 5.659905 5.852522 5.659905 5.694552 5.659905 5.890106 5.659905 5.708848 5.659906 5.852483 5.659906 5.694571 5.659906 5.892826 5.659906 5.708962 5.659907 5.855349 5.659907 5.694566 5.659907 5.892917 5.659907 5.708795 5.659907 5.855358 5.659908 5.694475 5.659908 5.892895 5.659908 5.708958 5.659908 5.855400 5.659909 5.697431 5.659909 5.892985 5.659909 5.711726 5.659909 5.855362 5.659909 5.697449 5.659909 5.895705 5.659909 5.711840 5.659910 5.858228 5.659910 5.697445 5.659910 5.895795 5.659910 5.711674 5.659911 5.858237 5.659911 5.697354 5.659911 5.895774 5.659911 5.711837 5.659912 5.858278 5.659912 5.700309 5.659912 5.895863 5.659912 5.714605 5.659913 5.858240 5.659913 5.700328 5.659913 5.898583 5.659913 5.714718 5.659914 5.861106 5.659914 5.700323 5.659914 5.898674 5.659914 5.714552 5.659914 5.861115 5.659915 5.700232 5.659915 5.898652 5.659915 5.714715 5.659915 5.861157 5.659915 5.703188 5.659915 5.898742 5.659916 5.717483 5.659916 5.861118 5.659916 5.703206 5.659916 5.901462 5.659916 5.717597 5.659917 5.863985 5.659917 5.703202 5.659917 5.901552 5.659917 5.717431 5.659918 5.863994 5.659918 5.703111 5.659918 5.901531 5.659918 5.717594 5.659919 5.864035 5.659919 5.706066 5.659919 5.901620 5.659919 5.720362 5.659920 5.863997 5.659920 5.706085 5.659920 5.904340 5.659920 5.720475 5.659920 5.866863 5.659921 5.706080 5.659921 5.904431 5.659921 5.720309 5.659921 5.866872 5.659922 5.705989 5.659922 5.904409 5.659922 5.720472 5.659922 5.866914 5.659922 5.708945 5.659922 5.904498 5.659922 5.723240 5.659923 5.866875 5.659923 5.708963 5.659923 5.907218 5.659923 5.723354 5.659924 5.869742 5.659924 5.708958 5.659924 5.907309 5.659924 5.723188 5.659925 5.869751 5.659925 5.708868 5.659925 5.907288 5.659925 5.723351 5.659926 5.869792 5.659926 5.711823 5.659926 5.907377 5.659926 5.726118 5.659927 5.869754 5.659927 5.711842 5.659927 5.910097 5.659927 5.726232 5.659927 5.872620 5.659928 5.711837 5.659928 5.910188 5.659928 5.726066 5.659928 5.872629 5.659928 5.711746 5.659928 5.910166 5.659929 5.726229 5.659929 5.872671 5.659929 5.714702 5.659929 5.910255 5.659929 5.728997 5.659930 5.872632 5.659930 5.714720 5.659930 5.912975 5.659930 5.729111 5.659931 5.875498 5.659931 5.714715 5.659931 5.913066 5.659931 5.728945 5.659932 5.875508 5.659932 5.714625 5.659932 5.913045 5.659932 5.729108 5.659933 5.875549 5.659933 5.717580 5.659933 5.913134 5.659933 5.731875 5.659933 5.875511 5.659934 5.717598 5.659934 5.915854 5.659934 5.731989 5.659934 5.878377 5.659935 5.717594 5.659935 5.915945 5.659935 5.731823 5.659935 5.878386 5.659935 5.717503 5.659935 5.915923 5.659935 5.731986 5.659936 5.878428 5.659936 5.720458 5.659936 5.916012 5.659936 5.734754 5.659937 5.878389 5.659937 5.720477 5.659937 5.918732 5.659937 5.734868 5.659938 5.881255 5.659938 5.720472 5.659938 5.918823 5.659938 5.734702 5.659939 5.881265 5.659939 5.720382 5.659939 5.918802 5.659939 5.734865 5.659940 5.881306 5.659940 5.723337 5.659940 5.918891 5.659940 5.737632 5.659940 5.881268 5.659941 5.723355 5.659941 5.921611 5.659941 5.737746 5.659941 5.884134 5.659941 5.723351 5.659941 5.921702 5.659942 5.737580 5.659942 5.884143 5.659942 5.723260 5.659942 5.921680 5.659942 5.737743 5.659943 5.884185 5.659943 5.726215 5.659943 5.921769 5.659943 5.740511 5.659944 5.884146 5.659944 5.726234 5.659944 5.924489 5.659944 5.740625 5.659945 5.887012 5.659945 5.726229 5.659945 5.924580 5.659945 5.740458 5.659946 5.887022 5.659946 5.726138 5.659946 5.924558 5.659946 5.740622 5.659946 5.887063 5.659947 5.729094 5.659947 5.924648 5.659947 5.743389 5.659947 5.887025 5.659948 5.729112 5.659948 5.927368 5.659948 5.743503 5.659948 5.889891 5.659948 5.729108 5.659948 5.927458 5.659948 5.743337 5.659949 5.889900 5.659949 5.729017 5.659949 5.927437 5.659949 5.743500 5.659950 5.889942 5.659950 5.731972 5.659950 5.927526 5.659950 5.746268 5.659951 5.889903 5.659951 5.731991 5.659951 5.930246 5.659951 5.746382 5.659952 5.892769 5.659952 5.731986 5.659952 5.930337 5.659952 5.746215 5.659953 5.892778 5.659953 5.731895 5.659953 5.930315 5.659953 5.746378 5.659953 5.892820 5.659954 5.734851 5.659954 5.930405 5.659954 5.749146 5.659954 5.892782 5.659954 5.734869 5.659954 5.933125 5.659955 5.749260 5.659955 5.895648 5.659955 5.734865 5.659955 5.933215 5.659955 5.749094 5.659956 5.895657 5.659956 5.734774 5.659956 5.933194 5.659956 5.749257 5.659957 5.895698 5.659957 5.737729 5.659957 5.933283 5.659957 5.752025 5.659958 5.895660 5.659958 5.737748 5.659958 5.936003 5.659958 5.752138 5.659959 5.898526 5.659959 5.737743 5.659959 5.936094 5.659959 5.751972 5.659959 5.898535 5.659960 5.737652 5.659960 5.936072 5.659960 5.752135 5.659960 5.898577 5.659961 5.740608 5.659961 5.936162 5.659961 5.754903 5.659961 5.898538 5.659961 5.740626 5.659961 5.938882 5.659961 5.755017 5.659962 5.901405 5.659962 5.740622 5.659962 5.938972 5.659962 5.754851 5.659963 5.901414 5.659963 5.740531 5.659963 5.938951 5.659963 5.755014 5.659964 5.901455 5.659964 5.743486 5.659964 5.939040 5.659964 5.757782 5.659965 5.901417 5.659965 5.743505 5.659965 5.941760 5.659965 5.757895 5.659966 5.904283 5.659966 5.743500 5.659966 5.941851 5.659966 5.757729 5.659966 5.904292 5.659967 5.743409 5.659967 5.941829 5.659967 5.757892 5.659967 5.904334 5.659967 5.746365 5.659967 5.941918 5.659968 5.760660 5.659968 5.904295 5.659968 5.746383 5.659968 5.944638 5.659968 5.760774 5.659969 5.907162 5.659969 5.746378 5.659969 5.944729 5.659969 5.760608 5.659970 5.907171 5.659970 5.746288 5.659970 5.944708 5.659970 5.760771 5.659971 5.907212 5.659971 5.749243 5.659971 5.944797 5.659971 5.763538 5.659972 5.907174 5.659972 5.749262 5.659972 5.947517 5.659972 5.763652 5.659972 5.910040 5.659973 5.749257 5.659973 5.947608 5.659973 5.763486 5.659973 5.910049 5.659974 5.749166 5.659974 5.947586 5.659974 5.763649 5.659974 5.910091 5.659974 5.752122 5.659974 5.947675 5.659974 5.766417 5.659975 5.910052 5.659975 5.752140 5.659975 5.950395 5.659975 5.766531 5.659976 5.912918 5.659976 5.752135 5.659976 5.950486 5.659976 5.766365 5.659977 5.912928 5.659977 5.752045 5.659977 5.950465 5.659977 5.766528 5.659978 5.912969 5.659978 5.755000 5.659978 5.950554 5.659978 5.769295 5.659979 5.912931 5.659979 5.755018 5.659979 5.953274 5.659979 5.769409 5.659979 5.915797 5.659980 5.755014 5.659980 5.953365 5.659980 5.769243 5.659980 5.915806 5.659980 5.754923 5.659980 5.953343 5.659981 5.769406 5.659981 5.915848 5.659981 5.757878 5.659981 5.953432 5.659981 5.772174 5.659982 5.915809 5.659982 5.757897 5.659982 5.956152 5.659982 5.772288 5.659983 5.918675 5.659983 5.757892 5.659983 5.956243 5.659983 5.772122 5.659984 5.918685 5.659984 5.757802 5.659984 5.956222 5.659984 5.772285 5.659985 5.918726 5.659985 5.760757 5.659985 5.956311 5.659985 5.775052 5.659985 5.918688 5.659986 5.760775 5.659986 5.959031 5.659986 5.775166 5.659986 5.921554 5.659986 5.760771 5.659987 5.959122 5.659987 5.775000 5.659987 5.921563 5.659987 5.760680 5.659987 5.959100 5.659987 5.775163 5.659988 5.921605 5.659988 5.763635 5.659988 5.959189 5.659988 5.777931 5.659989 5.921566 5.659989 5.763654 5.659989 5.961909 5.659989 5.778045 5.659990 5.924432 5.659990 5.763649 5.659990 5.962000 5.659990 5.777878 5.659991 5.924442 5.659991 5.763558 5.659991 5.961978 5.659991 5.778042 5.659992 5.924483 5.659992 5.766514 5.659992 5.962068 5.659992 5.780809 5.659992 5.924445 5.659993 5.766532 5.659993 5.964788 5.659993 5.780923 5.659993 5.927311 5.659993 5.766528 5.659993 5.964878 5.659993 5.780757 5.659994 5.927320 5.659994 5.766437 5.659994 5.964857 5.659994 5.780920 5.659995 5.927362 5.659995 5.769392 5.659995 5.964946 5.659995 5.783688 5.659996 5.927323 5.659996 5.769411 5.659996 5.967666 5.659996 5.783802 5.659997 5.930189 5.659997 5.769406 5.659997 5.967757 5.659997 5.783635 5.659998 5.930198 5.659998 5.769315 5.659998 5.783798 5.659998 5.930240 5.659999 5.772271 5.659999 5.786566 5.659999 5.930202 5.659999 5.772289 5.660000 5.786680 5.660000 5.933068 5.660000 5.772285 5.660000 5.786514 5.660001 5.933077 5.660001 5.772194 5.660001 5.786677 5.660002 5.933118 5.660002 5.775149 5.660002 5.789445 5.660003 5.933080 5.660003 5.775168 5.660003 5.789558 5.660004 5.935946 5.660004 5.775163 5.660004 5.789392 5.660004 5.935955 5.660005 5.775072 5.660005 5.789555 5.660005 5.935997 5.660006 5.778028 5.660006 5.792323 5.660006 5.935958 5.660006 5.778046 5.660006 5.792437 5.660007 5.938825 5.660007 5.778042 5.660007 5.792271 5.660008 5.938834 5.660008 5.777951 5.660008 5.792434 5.660009 5.938875 5.660009 5.780906 5.660009 5.795202 5.660010 5.938837 5.660010 5.780925 5.660010 5.795315 5.660011 5.941703 5.660011 5.780920 5.660011 5.795149 5.660011 5.941712 5.660012 5.780829 5.660012 5.795312 5.660012 5.941754 5.660012 5.783785 5.660013 5.798080 5.660013 5.941715 5.660013 5.783803 5.660013 5.798194 5.660014 5.944582 5.660014 5.783798 5.660014 5.798028 5.660015 5.944591 5.660015 5.783708 5.660015 5.798191 5.660016 5.944632 5.660016 5.786663 5.660016 5.800958 5.660017 5.944594 5.660017 5.786682 5.660017 5.801072 5.660017 5.947460 5.660018 5.786677 5.660018 5.800906 5.660018 5.947469 5.660019 5.786586 5.660019 5.801069 5.660019 5.947511 5.660019 5.789542 5.660019 5.803837 5.660020 5.947472 5.660020 5.789560 5.660020 5.803951 5.660021 5.950338 5.660021 5.789555 5.660021 5.803785 5.660022 5.950348 5.660022 5.789465 5.660022 5.803948 5.660023 5.950389 5.660023 5.792420 5.660023 5.806715 5.660024 5.950351 5.660024 5.792438 5.660024 5.806829 5.660024 5.953217 5.660025 5.792434 5.660025 5.806663 5.660025 5.953226 5.660025 5.792343 5.660026 5.806826 5.660026 5.953268 5.660026 5.795298 5.660026 5.809594 5.660027 5.953229 5.660027 5.795317 5.660027 5.809708 5.660028 5.956095 5.660028 5.795312 5.660028 5.809542 5.660029 5.956105 5.660029 5.795222 5.660029 5.809705 5.660030 5.956146 5.660030 5.798177 5.660030 5.812472 5.660030 5.956108 5.660031 5.798195 5.660031 5.812586 5.660031 5.958974 5.660032 5.798191 5.660032 5.812420 5.660032 5.958983 5.660032 5.798100 5.660032 5.812583 5.660033 5.959025 5.660033 5.801055 5.660033 5.815351 5.660034 5.958986 5.660034 5.801074 5.660034 5.815465 5.660035 5.961852 5.660035 5.801069 5.660035 5.815298 5.660036 5.961862 5.660036 5.800978 5.660036 5.815462 5.660037 5.961903 5.660037 5.803934 5.660037 5.818229 5.660037 5.961865 5.660038 5.803952 5.660038 5.818343 5.660038 5.964731 5.660038 5.803948 5.660039 5.818177 5.660039 5.964740 5.660039 5.803857 5.660039 5.818340 5.660040 5.964782 5.660040 5.806812 5.660040 5.821108 5.660041 5.964743 5.660041 5.806831 5.660041 5.821222 5.660042 5.967609 5.660042 5.806826 5.660042 5.821055 5.660043 5.967618 5.660043 5.806735 5.660043 5.821218 5.660043 5.967660 5.660044 5.809691 5.660044 5.823986 5.660044 5.967622 5.660045 5.809709 5.660045 5.824100 5.660045 5.970488 5.660045 5.809705 5.660045 5.823934 5.660046 5.970497 5.660046 5.809614 5.660046 5.824097 5.660047 5.970538 5.660047 5.812569 5.660047 5.826865 5.660048 5.970500 5.660048 5.812588 5.660048 5.826978 5.660049 5.973366 5.660049 5.812583 5.660049 5.826812 5.660050 5.973375 5.660050 5.812492 5.660050 5.826975 5.660050 5.973417 5.660051 5.815448 5.660051 5.829743 5.660051 5.973378 5.660051 5.815466 5.660052 5.829857 5.660052 5.976245 5.660052 5.815462 5.660052 5.829691 5.660053 5.976254 5.660053 5.815371 5.660053 5.829854 5.660054 5.976295 5.660054 5.818326 5.660054 5.832622 5.660055 5.976257 5.660055 5.818345 5.660055 5.832735 5.660056 5.979123 5.660056 5.818340 5.660056 5.832569 5.660056 5.979132 5.660057 5.818249 5.660057 5.832732 5.660057 5.979174 5.660058 5.821205 5.660058 5.835500 5.660058 5.979135 5.660058 5.821223 5.660058 5.835614 5.660059 5.982002 5.660059 5.821218 5.660059 5.835448 5.660060 5.982011 5.660060 5.821128 5.660060 5.835611 5.660061 5.982052 5.660061 5.824083 5.660061 5.838378 5.660062 5.982014 5.660062 5.824102 5.660062 5.838492 5.660063 5.984880 5.660063 5.824097 5.660063 5.838326 5.660063 5.984889 5.660064 5.824006 5.660064 5.838489 5.660064 5.984931 5.660064 5.826962 5.660065 5.841257 5.660065 5.984892 5.660065 5.826980 5.660065 5.841371 5.660066 5.987758 5.660066 5.826975 5.660066 5.841205 5.660067 5.987768 5.660067 5.826885 5.660067 5.841368 5.660068 5.987809 5.660068 5.829840 5.660068 5.844135 5.660069 5.987771 5.660069 5.829858 5.660069 5.844249 5.660069 5.990637 5.660070 5.829854 5.660070 5.844083 5.660070 5.990646 5.660071 5.829763 5.660071 5.844246 5.660071 5.990688 5.660071 5.832718 5.660071 5.847014 5.660072 5.990649 5.660072 5.832737 5.660072 5.847128 5.660073 5.993515 5.660073 5.832732 5.660073 5.846962 5.660074 5.993525 5.660074 5.832642 5.660074 5.847125 5.660075 5.993566 5.660075 5.835597 5.660075 5.849892 5.660076 5.993528 5.660076 5.835615 5.660076 5.850006 5.660076 5.996394 5.660077 5.835611 5.660077 5.849840 5.660077 5.996403 5.660077 5.835520 5.660078 5.850003 5.660078 5.996445 5.660078 5.838475 5.660078 5.852771 5.660079 5.996406 5.660079 5.838494 5.660079 5.852885 5.660080 5.999272 5.660080 5.838489 5.660080 5.852718 5.660081 5.999282 5.660081 5.838398 5.660081 5.852882 5.660082 5.999323 5.660082 5.841354 5.660082 5.855649 5.660082 5.999285 5.660083 5.841372 5.660083 5.855763 5.660083 5.660083 5.660084 5.841277 5.660084 5.855760 5.660085 5.660085 5.660086 5.844251 5.660086 5.858642 5.660087 5.660087 5.660088 5.844155 5.660088 5.858638 5.660088 5.660089 5.660090 5.847129 5.660090 5.861520 5.660090 5.660090 5.660091 5.847034 5.660091 5.861517 5.660092 5.660092 5.660093 5.850008 5.660093 5.864398 5.660094 5.660094 5.660095 5.849912 5.660095 5.864395 5.660095 5.660096 5.660096 5.852886 5.660097 5.867277 5.660097 5.660097 5.660098 5.852791 5.660098 5.867274 5.660099 5.660099 5.660100 5.855765 5.660100 5.870155 5.660101 5.660101 5.660102 5.855669 5.660102 5.870152 5.660102 5.660103 5.660103 5.858643 5.660103 5.873034 5.660104 5.660104 5.660105 5.858548 5.660105 5.873031 5.660106 5.660106 5.660107 5.861522 5.660107 5.875912 5.660108 5.660108 5.660109 5.861426 5.660109 5.875909 5.660109 5.660109 5.660110 5.864400 5.660110 5.878791 5.660111 5.660111 5.660112 5.864305 5.660112 5.878788 5.660113 5.660113 5.660114 5.867278 5.660114 5.881669 5.660114 5.660115 5.660116 5.867183 5.660116 5.881666 5.660116 5.660116 5.660117 5.870157 5.660117 5.884548 5.660118 5.660118 5.660119 5.870062 5.660119 5.884545 5.660120 5.660120 5.660121 5.873035 5.660121 5.887426 5.660121 5.660122 5.660122 5.872940 5.660123 5.887423 5.660123 5.660123 5.660124 5.875914 5.660124 5.890305 5.660125 5.660125 5.660126 5.875818 5.660126 5.890302 5.660127 5.660127 5.660128 5.878792 5.660128 5.893183 5.660128 5.660129 5.660129 5.878697 5.660129 5.893180 5.660130 5.660130 5.660131 5.881671 5.660131 5.896062 5.660132 5.660132 5.660133 5.881575 5.660133 5.896058 5.660134 5.660134 5.660135 5.884549 5.660135 5.898940 5.660135 5.660135 5.660136 5.884454 5.660136 5.898937 5.660137 5.660137 5.660138 5.887428 5.660138 5.901818 5.660139 5.660139 5.660140 5.887332 5.660140 5.901815 5.660140 5.660141 5.660142 5.890306 5.660142 5.904697 5.660142 5.660142 5.660143 5.890211 5.660143 5.904694 5.660144 5.660144 5.660145 5.893185 5.660145 5.907575 5.660146 5.660146 5.660147 5.893089 5.660147 5.907572 5.660147 5.660148 5.660148 5.896063 5.660149 5.910454 5.660149 5.660149 5.660150 5.895968 5.660150 5.910451 5.660151 5.660151 5.660152 5.898942 5.660152 5.913332 5.660153 5.660153 5.660154 5.898846 5.660154 5.913329 5.660154 5.660155 5.660155 5.901820 5.660155 5.916211 5.660156 5.660156 5.660157 5.901725 5.660157 5.916208 5.660158 5.660158 5.660159 5.904698 5.660159 5.919089 5.660160 5.660160 5.660161 5.904603 5.660161 5.919086 5.660161 5.660161 5.660162 5.907577 5.660162 5.921968 5.660163 5.660163 5.660164 5.907482 5.660164 5.921965 5.660165 5.660165 5.660166 5.910455 5.660166 5.924846 5.660166 5.660167 5.660167 5.910360 5.660168 5.924843 5.660168 5.660168 5.660169 5.913334 5.660169 5.927725 5.660170 5.660170 5.660171 5.913238 5.660171 5.927722 5.660172 5.660172 5.660173 5.916212 5.660173 5.930603 5.660174 5.916208 5.660174 5.930437 5.660174 5.916117 5.660175 5.930600 5.660175 5.919072 5.660175 5.933368 5.660176 5.919091 5.660176 5.933482 5.660177 5.919086 5.660177 5.933315 5.660178 5.918995 5.660178 5.933478 5.660179 5.921951 5.660179 5.936246 5.660180 5.921969 5.660180 5.936360 5.660180 5.921965 5.660181 5.936194 5.660181 5.936357 5.660182 5.939125 5.660183 5.939238 5.660184 5.939072 5.660185 5.939235 5.660186 5.942003 5.660187 5.942117 5.660187 5.941951 5.660188 5.942114 5.660189 5.944882 5.660190 5.944995 5.660191 5.944829 5.660191 
task39
0.330440 0.572435 1.322893 1.563482 2.343955 2.615323 3.452245 3.655843 4.611847 4.845557 5.659490 5.659492 5.659493 5.659494 5.659495 5.659495 5.659496 5.659497 5.659497 5.659497 5.659498 5.659499 5.659500 5.659501 5.659502 5.659503 5.659503 5.659504 5.659505 5.659506 5.659507 5.659508 5.659509 5.659509 5.659510 5.659510 5.659510 5.659511 5.659512 5.659513 5.659514 5.659514 5.659515 5.659515 5.659516 5.659516 5.659517 5.659518 5.659519 5.659519 5.659520 5.659520 5.659521 5.659743 5.659744 5.659744 5.659745 5.659746 5.659747 5.659748 5.659749 5.659751 5.659751 5.659753 5.659754 5.659755 5.659756 5.659757 5.659757 5.659758 5.659759 5.659760 5.659761 5.659762 5.659763 5.659765 5.659766 5.659767 5.659768 5.659770 5.659771 5.659772 5.659773 5.659776 5.659891 5.659892 5.659892 5.659893 5.659894 5.659894 5.659895 5.659896 5.659897 5.659898 5.659898 5.659899 5.659900 5.659900 5.659901 5.659902 5.659903 5.659904 5.659905 5.659905 5.659906 5.659907 5.659908 5.659909 5.659910 5.659911 5.659911 5.659911 5.659912 5.659912 5.659913 5.659914 5.659915 5.659916 5.659917 5.659917 5.659918 5.659918 5.659918 5.659919 5.659920 5.659921 5.659922 5.659922 5.659923 5.659923 5.659924 5.659998 5.966008 5.659999 5.966097 5.660000 5.967158 5.660000 5.967248 5.660000 5.968309 5.660001 5.968398 5.660002 5.968817 5.660003 5.968908 5.660004 5.969460 5.660005 5.969549 5.660005 5.969968 5.660006 5.970058 5.660006 5.970611 5.660007 5.970700 5.660008 5.971118 5.660009 5.971209 5.660009 5.971762 5.660010 5.971851 5.660011 5.972269 5.660012 5.972360 5.660012 5.972912 5.660013 5.973002 5.660013 5.973420 5.660014 5.973511 5.660015 5.974063 5.660016 5.974152 5.660017 5.974571 5.660018 5.974662 5.660018 5.975214 5.660019 5.975303 5.660019 5.975722 5.660019 5.975812 5.660020 5.976365 5.660021 5.976454 5.660021 5.976872 5.660022 5.976963 5.660022 5.977515 5.660023 5.977605 5.660024 5.978023 5.660025 5.978114 5.660025 5.978666 5.660025 5.978755 5.660025 5.979174 5.660026 5.979265 5.660027 5.979817 5.660028 5.979906 5.660028 5.980325 5.660029 5.980415 5.660030 5.980968 5.660031 5.981057 5.660032 5.981475 5.660032 5.981566 5.660032 5.982118 5.660033 5.982208 5.660034 5.982626 5.660035 5.982717 5.660036 5.983269 5.660037 5.983358 5.660037 5.983777 5.660038 5.983868 5.660038 5.984420 5.660039 5.984509 5.660040 5.984928 5.660041 5.985018 5.660041 5.985571 5.660042 5.985660 5.660043 5.986078 5.660044 5.986169 5.660045 5.986722 5.660045 5.986811 5.660045 5.987229 5.660046 5.987320 5.660047 5.987872 5.660048 5.987962 5.660173 5.660174 5.660174 5.660175 5.660176 5.660177 5.660179 5.660180 5.660181 5.920146 5.660181 5.921297 5.660182 5.660182 5.660183 5.923102 5.660184 5.923120 5.660185 5.660185 5.660186 5.923598 5.660186 5.924252 5.660187 5.924271 5.660187 5.660187 5.660188 5.924749 5.660189 5.660189 5.660190 5.925422 5.660190 5.925417 5.660191 5.925900 5.660192 5.660192 5.660193 5.926572 5.660193 5.944415 5.660193 5.660193 5.660194 5.927051 5.660194 5.927705 5.660194 5.946032 5.660194 5.946146 5.660195 5.927723 5.660195 5.945980 5.660196 5.927718 5.660196 5.946717 5.660197 5.928202 5.660197 5.947183 5.660198 5.660198 5.660199 5.928874 5.660199 5.928869 5.660199 5.947131 5.660199 5.947868 5.660200 5.929352 5.660200 5.948334 5.660200 5.660200 5.660201 5.930025 5.660201 5.948282 5.660202 5.930020 5.660202 5.949018 5.660203 5.930503 5.660203 5.931157 5.660203 5.949485 5.660203 5.949598 5.660204 5.931175 5.660204 5.949432 5.660205 5.660205 5.660206 5.931654 5.660206 5.950635 5.660206 5.932308 5.660207 5.950749 5.660207 5.660207 5.660208 5.932805 5.660208 5.951786 5.660209 5.933458 5.660209 5.951900 5.660210 5.933477 5.660210 5.951734 5.660211 5.933472 5.660211 5.952471 5.660211 5.660212 5.965709 
task38
0.397843 0.468983 1.350536 1.421625 2.378424 2.459198 3.475460 4.044929 4.651441 4.759788 5.724755 5.760432 
task57
0.403802 0.404132 1.532039 1.532451 1.533583 1.533752 2.393791 2.394392 3.562565 3.562880 4.692004 4.692471 5.774415 5.774480 5.775942 5.776165 
task88
0.423948 0.479235 1.436359 1.599532 2.312911 2.800408 3.493825 3.981237 4.719755 4.964038 5.603770 5.686111 
task89
0.479983 0.494037 1.600470 1.653078 2.800622 2.815288 3.981976 4.013614 4.964251 4.979246 5.686021 5.726755 
task93
0.494240 0.500569 1.652767 1.666529 2.815768 2.821831 4.017378 4.036109 4.978306 4.987165 5.726131 5.744618 
task91
0.494240 0.515671 1.652855 1.705291 2.815819 2.836932 4.017558 4.096515 4.978389 5.010886 5.726298 5.805025 
task92
0.514996 0.529740 1.703976 1.735429 2.837346 2.849248 4.096309 4.271931 5.011761 5.023072 5.805956 5.823517 
task40
0.573052 0.586971 1.563129 1.590186 2.614219 2.639863 3.656249 3.675114 4.879348 4.909668 5.966242 5.966579 5.966584 5.966584 5.966588 5.966593 5.966598 5.966602 5.966607 5.966616 5.966621 5.966625 5.966630 5.966635 5.966639 5.966639 5.966794 5.967183 5.978186 5.967184 5.989102 5.967186 5.989162 5.967186 5.967187 5.967192 5.978169 5.967193 5.989137 5.967195 5.989057 5.967196 5.967197 5.967201 5.979762 5.967203 5.990677 5.967204 5.990737 5.967205 5.967206 5.967210 5.979745 5.967212 5.990712 5.967214 5.990632 5.967214 5.967215 5.967220 5.981337 5.967221 5.992252 5.967223 5.992312 5.967223 5.967224 5.967229 5.981320 5.967230 5.992288 5.967232 5.992208 5.967232 5.967234 5.967238 5.982912 5.967240 5.993828 5.967241 5.993888 5.967242 5.967243 5.967247 5.982895 5.967249 5.993863 5.967251 5.993783 5.967251 5.967252 5.967257 5.984488 5.967258 5.995403 5.967260 5.995463 5.967260 5.967261 5.967266 5.984471 5.967267 5.995438 5.967269 5.995358 5.967270 5.984508 5.967272 5.995363 5.967274 5.997017 5.967275 5.986063 5.967277 5.996978 5.967278 5.997038 5.967280 5.986066 5.967281 5.997029 5.967283 5.997031 5.967284 5.986046 5.967286 5.997014 5.967288 5.996934 5.967289 5.986083 5.967290 5.996938 5.967292 5.998592 5.967294 5.987638 5.967295 5.998554 5.967297 5.998614 5.967298 5.987642 5.967300 5.998605 5.967301 5.998606 5.967303 5.987622 5.967304 5.998589 5.967306 5.998509 5.967307 5.987658 5.967309 5.998514 5.967311 5.967312 5.967315 5.967317 5.967320 5.967321 5.967325 5.967326 5.967329 5.967331 5.967334 5.967335 5.967338 5.967340 5.967343 5.967344 5.967348 5.967349 5.967352 5.967354 5.967357 5.967358 5.967362 5.967363 5.967366 5.967367 5.967371 5.967372 5.967375 5.967377 5.967380 5.967381 5.967385 5.967386 5.967389 5.967391 5.967394 5.967395 5.967398 5.967400 5.967403 5.967404 5.967408 5.967409 5.967414 5.997074 5.967415 5.967418 5.967446 5.967451 5.967455 5.967460 5.967464 5.967469 5.967474 5.967478 5.967483 5.967488 5.967492 5.967497 5.967501 5.967506 5.967511 5.967515 5.967520 5.967525 5.967529 5.967534 5.967538 
task46
0.587199 0.820595 1.590258 1.810217 2.638450 3.105428 3.675628 3.877405 4.909658 5.609411 
task43
0.587483 0.875971 1.590526 1.856738 2.639009 3.215811 3.675872 3.924066 4.910523 5.770100 
task41
0.587488 0.914597 1.590565 1.893169 2.639014 3.291028 3.675908 3.956854 4.910540 5.886678 
task42
0.587524 0.952475 1.590606 1.929654 2.639112 3.368820 3.675913 3.991783 4.910540 4.910540 4.910543 4.910543 4.910587 4.910587 4.910725 4.910725 
task48
0.728186 0.743340 1.550260 1.566522 2.601998 2.609303 3.645309 3.666725 4.867668 4.877917 5.945884 5.953158 
task49
0.744269 0.766155 1.566344 1.580235 2.608753 2.622846 3.665420 3.709029 4.879710 4.894394 5.953917 5.964542 
task50
0.766441 0.789209 1.570563 1.667403 2.621852 2.648537 3.709078 3.795325 4.895710 4.924551 5.964443 5.993412 
task51
0.789959 0.795814 1.668632 1.687402 2.648614 2.653417 3.795739 3.804246 4.925710 4.930146 5.993785 5.995884 5.995885 5.995898 5.998958 5.995903 5.998634 5.995910 5.998898 5.995910 5.999317 5.995912 5.995912 5.995926 5.999029 5.995930 5.999015 5.995937 5.999268 5.995938 5.999334 5.995940 5.995940 5.995954 5.995954 5.995982 5.999382 5.995986 5.999475 5.995993 5.999783 5.995993 5.999760 5.995993 5.995995 5.996009 5.999783 5.996013 5.999794 5.996020 5.996021 5.996023 5.999768 5.996027 5.999754 5.996027 5.999845 5.996034 5.996035 5.996035 5.996037 5.996049 5.996051 5.996055 5.996062 5.996062 5.996063 5.996065 5.996069 5.996076 5.996077 5.996083 5.996090 5.996090 5.996092 5.996104 5.996104 5.996104 5.996106 5.996110 5.996117 5.996120 5.996124 5.996134 5.996138 5.996152 5.996166 5.996166 
task52
0.795959 0.796909 1.688088 1.690720 2.653716 2.653880 2.654106 2.654137 2.654193 2.654349 2.654620 2.654728 2.654814 2.654894 2.654974 2.655154 2.655299 2.655454 3.804806 3.805434 3.805726 3.806109 4.930423 4.930538 4.932001 4.932285 4.932288 4.932369 
task53
0.797106 0.797202 0.797238 0.797352 0.798635 0.798694 0.798704 0.798812 1.691335 1.691583 2.655716 2.655895 2.656106 2.656152 2.656193 2.656365 2.656620 2.656668 2.656814 2.656969 3.806987 3.807437 4.934001 4.934145 4.934152 4.934415 4.934423 4.934571 
task44
0.876637 0.878222 1.855976 1.859157 3.216821 3.218588 3.923226 3.926768 5.771936 5.774395 
task72
4.010754 4.033914 
task73
4.010755 4.034766 
task69
4.011106 4.038103 
task62
4.011114 4.053409 
task64
4.011115 4.051965 
task61
4.011167 4.052075 
task59
4.011169 4.056718 
task58
4.011174 4.059149 
task74
4.011497 4.038475 
task75
4.035138 4.035272 4.035364 4.035495 
task76
4.037177 4.056422 
task65
4.048442 4.185025 
task60
4.052513 4.094162 
task71
4.052514 4.266829 
task63
4.052740 4.287009 
task77
4.057177 4.162442 
task80
4.057177 4.211349 
task67
4.094425 4.153169 
task70
4.153573 4.243114 
task68
4.153607 4.239395 
task82
4.153868 4.393318 
task78
4.162552 4.934908 
task66
4.185403 5.895354 
task81
4.210686 4.228088 
task79
4.936003 4.942215 
