5
0.000000 0.012000 1.000000 1.002094 2.000000 2.002176 3.000000 3.012093 4.000000 4.014176 5.000000 5.012066 
0
0.000000 0.026200 1.000000 1.016061 2.000000 2.016134 3.000000 3.026194 4.000000 4.028133 5.000000 5.028196 
4
0.000000 0.038036 1.000000 1.028130 2.000000 2.028208 3.000000 3.038128 4.000000 4.040211 5.000000 5.040120 
1
0.000000 0.062059 1.000000 1.062153 2.000000 2.052058 3.000000 3.070152 4.000000 4.072213 5.000000 5.070143 
2
0.000000 0.080094 1.000000 1.072176 2.000000 2.070194 3.000000 3.082176 4.000000 4.090214 5.000000 5.088178 
3
4.000000 4.030135 
