0
0.000000 7341212.000000 78109.000000 65693.000000 383659.000000 16626.000000 28932.000000 43776.000000 0.000000 0.000000 0.000000 7341212.000000 78109.000000 65693.000000 383659.000000 19521.000000 12624.000000 45700.000000 0.000000 0.000000 0.000000 7341212.000000 78109.000000 66461.000000 689636.000000 22017.000000 4865.000000 14129.000000 11664.000000 43776.000000 0.000000 7341212.000000 78109.000000 65693.000000 383659.000000 19121.000000 28800.000000 42171.000000 0.000000 0.000000 0.000000 7341212.000000 78109.000000 65693.000000 414379.000000 34529.000000 41520.000000 169040.000000 173126.000000 14528.000000 0.000000 0.000000 0.000000 0.000000 0.000000 0.000000 0.000000 
1
0.000000 65536.000000 77824.000000 56860.000000 407338.000000 29521.000000 28864.000000 103675.000000 11520.000000 0.000000 0.000000 65536.000000 77824.000000 56860.000000 407210.000000 18736.000000 11744.000000 45700.000000 0.000000 0.000000 0.000000 65536.000000 77824.000000 63004.000000 315946.000000 221738.000000 0.000000 16448.000000 28864.000000 55296.000000 0.000000 65536.000000 77824.000000 57628.000000 378282.000000 19376.000000 14592.000000 54459.000000 9368.000000 0.000000 0.000000 65568.000000 77856.000000 57660.000000 407242.000000 32737.000000 51792.000000 172928.000000 33702.000000 14528.000000 0.000000 0.000000 0.000000 0.000000 0.000000 0.000000 0.000000 
2
0.000000 65536.000000 77824.000000 56860.000000 380074.000000 16050.000000 29188.000000 54459.000000 0.000000 0.000000 0.000000 65536.000000 77824.000000 242218.000000 378282.000000 18832.000000 11744.000000 45700.000000 0.000000 0.000000 0.000000 65536.000000 77824.000000 63004.000000 255530.000000 221226.000000 0.000000 25440.000000 29504.000000 43776.000000 0.000000 65536.000000 77824.000000 57628.000000 378282.000000 15696.000000 12432.000000 54459.000000 14898.000000 0.000000 0.000000 65568.000000 77856.000000 57660.000000 549009.000000 55488.000000 252016.000000 287012.000000 57428.000000 9512.000000 6672.000000 6672.000000 6672.000000 6672.000000 6672.000000 6672.000000 14432.000000 
3
0.000000 250864.000000 77841.000000 56877.000000 378299.000000 16050.000000 29188.000000 43776.000000 0.000000 0.000000 0.000000 250864.000000 77841.000000 56877.000000 378299.000000 18641.000000 29120.000000 85179.000000 0.000000 0.000000 0.000000 250864.000000 77841.000000 63021.000000 255547.000000 221243.000000 0.000000 15777.000000 28864.000000 55296.000000 0.000000 250864.000000 77841.000000 57645.000000 378299.000000 17137.000000 11648.000000 54459.000000 0.000000 0.000000 0.000000 250880.000000 79095.000000 58899.000000 549174.000000 19271.000000 200631.000000 190183.000000 11364.000000 30150.000000 0.000000 0.000000 0.000000 0.000000 0.000000 0.000000 0.000000 
4
0.000000 65578.000000 77866.000000 56902.000000 378282.000000 14610.000000 29632.000000 55296.000000 0.000000 0.000000 0.000000 65578.000000 77866.000000 56902.000000 416509.000000 18961.000000 56096.000000 80587.000000 14898.000000 0.000000 0.000000 65578.000000 77866.000000 63046.000000 315946.000000 221226.000000 0.000000 15776.000000 31440.000000 121871.000000 11520.000000 65578.000000 77866.000000 57670.000000 380074.000000 17328.000000 12416.000000 54467.000000 9368.000000 0.000000 0.000000 65578.000000 77866.000000 61126.000000 515131.000000 21514.000000 203792.000000 236672.000000 11888.000000 30024.000000 0.000000 0.000000 0.000000 0.000000 0.000000 0.000000 0.000000 
5
0.000000 65568.000000 77856.000000 56892.000000 378314.000000 14161.000000 29220.000000 54459.000000 0.000000 0.000000 0.000000 65568.000000 77856.000000 242250.000000 378314.000000 17616.000000 11968.000000 43776.000000 0.000000 0.000000 0.000000 65568.000000 77856.000000 63036.000000 255562.000000 221258.000000 0.000000 15824.000000 31472.000000 111195.000000 11520.000000 65568.000000 77856.000000 57660.000000 378314.000000 15728.000000 12448.000000 42171.000000 0.000000 0.000000 0.000000 65568.000000 77856.000000 57660.000000 407242.000000 28081.000000 41680.000000 159788.000000 19360.000000 35910.000000 0.000000 0.000000 0.000000 0.000000 0.000000 0.000000 0.000000 
6
0.000000 65568.000000 77856.000000 60348.000000 378314.000000 14257.000000 29220.000000 54459.000000 0.000000 0.000000 0.000000 65568.000000 77856.000000 60348.000000 378314.000000 56832.000000 11872.000000 45700.000000 0.000000 0.000000 0.000000 65568.000000 77856.000000 63036.000000 314954.000000 221258.000000 0.000000 15824.000000 29220.000000 55296.000000 0.000000 65568.000000 77856.000000 57660.000000 378314.000000 15712.000000 12448.000000 42171.000000 0.000000 0.000000 0.000000 65569.000000 77857.000000 57821.000000 378475.000000 28338.000000 30500.000000 187792.000000 27820.000000 36006.000000 0.000000 0.000000 0.000000 0.000000 0.000000 0.000000 0.000000 
7
0.000000 65568.000000 77856.000000 56892.000000 378314.000000 14610.000000 29188.000000 43008.000000 0.000000 0.000000 0.000000 65568.000000 77856.000000 56892.000000 407242.000000 18928.000000 59552.000000 74399.000000 14898.000000 0.000000 0.000000 65568.000000 77856.000000 63036.000000 260170.000000 222282.000000 0.000000 26048.000000 29060.000000 55296.000000 0.000000 65568.000000 77856.000000 57660.000000 378314.000000 15872.000000 12416.000000 42171.000000 14898.000000 0.000000 0.000000 65568.000000 77856.000000 64572.000000 378314.000000 34961.000000 28832.000000 199856.000000 36006.000000 168.000000 0.000000 0.000000 0.000000 0.000000 0.000000 0.000000 0.000000 
8
0.000000 65536.000000 77824.000000 56860.000000 407210.000000 29381.000000 39795.000000 66359.000000 0.000000 0.000000 0.000000 65536.000000 77824.000000 56860.000000 407210.000000 28645.000000 22707.000000 51007.000000 0.000000 0.000000 0.000000 65536.000000 77824.000000 63004.000000 36608.000000 252458.000000 0.000000 38547.000000 41687.000000 67891.000000 0.000000 65536.000000 77824.000000 57628.000000 357802.000000 31380.000000 24915.000000 89607.000000 12288.000000 0.000000 0.000000 65536.000000 77824.000000 57628.000000 407210.000000 42661.000000 24547.000000 39891.000000 199760.000000 14432.000000 0.000000 0.000000 0.000000 0.000000 0.000000 0.000000 0.000000 
9
0.000000 65568.000000 77856.000000 56892.000000 670262.000000 16274.000000 28964.000000 56736.000000 0.000000 0.000000 0.000000 65568.000000 77856.000000 56892.000000 380234.000000 14257.000000 13312.000000 75583.000000 0.000000 0.000000 0.000000 65568.000000 77856.000000 60348.000000 329034.000000 223178.000000 0.000000 19280.000000 13440.000000 43808.000000 0.000000 65568.000000 77856.000000 60348.000000 380234.000000 16178.000000 11776.000000 85211.000000 11520.000000 0.000000 0.000000 65568.000000 77856.000000 56892.000000 409162.000000 56719.000000 11776.000000 28864.000000 199760.000000 25804.000000 0.000000 0.000000 0.000000 0.000000 0.000000 0.000000 0.000000 
10
0.000000 65568.000000 77856.000000 274954.000000 404682.000000 14546.000000 28752.000000 111199.000000 11520.000000 0.000000 0.000000 65568.000000 77856.000000 274538.000000 251986.000000 21856.000000 13408.000000 64511.000000 0.000000 0.000000 0.000000 65568.000000 77856.000000 63036.000000 404682.000000 15996.000000 14256.000000 16082.000000 11680.000000 77003.000000 0.000000 65568.000000 77856.000000 290406.000000 374474.000000 54304.000000 13600.000000 92091.000000 12288.000000 0.000000 0.000000 65568.000000 77856.000000 56892.000000 407242.000000 28081.000000 29028.000000 179611.000000 27820.000000 36006.000000 0.000000 0.000000 0.000000 0.000000 0.000000 0.000000 0.000000 
11
0.000000 65568.000000 77856.000000 278886.000000 434890.000000 15072.000000 30404.000000 55328.000000 0.000000 0.000000 0.000000 65568.000000 77856.000000 278886.000000 251978.000000 15058.000000 11680.000000 65275.000000 0.000000 0.000000 0.000000 65568.000000 77856.000000 66492.000000 287306.000000 19345.000000 0.000000 25472.000000 29092.000000 55328.000000 0.000000 65568.000000 77856.000000 60348.000000 378314.000000 59200.000000 11872.000000 54491.000000 9368.000000 0.000000 0.000000 65568.000000 77856.000000 56892.000000 407242.000000 28273.000000 29156.000000 179744.000000 27916.000000 36102.000000 0.000000 0.000000 0.000000 0.000000 0.000000 0.000000 0.000000 
12
0.000000 65536.000000 77824.000000 278854.000000 404778.000000 14336.000000 28736.000000 97467.000000 11520.000000 0.000000 0.000000 65536.000000 77824.000000 278854.000000 252074.000000 25248.000000 11648.000000 67131.000000 0.000000 0.000000 0.000000 65536.000000 77824.000000 63004.000000 257066.000000 15857.000000 0.000000 15776.000000 29060.000000 43776.000000 0.000000 65536.000000 77824.000000 279882.000000 404778.000000 16146.000000 11744.000000 56832.000000 768.000000 0.000000 0.000000 65536.000000 77824.000000 290374.000000 34944.000000 343722.000000 206160.000000 243712.000000 32294.000000 2696.000000 0.000000 0.000000 0.000000 0.000000 0.000000 0.000000 0.000000 
13
0.000000 65536.000000 77824.000000 56860.000000 407338.000000 16050.000000 29188.000000 43776.000000 0.000000 0.000000 0.000000 65536.000000 77824.000000 56860.000000 407210.000000 18785.000000 30080.000000 74331.000000 14898.000000 0.000000 0.000000 65536.000000 77824.000000 66460.000000 259882.000000 222250.000000 0.000000 15792.000000 29188.000000 55296.000000 0.000000 65536.000000 77824.000000 290374.000000 591459.000000 16146.000000 11744.000000 56736.000000 14898.000000 0.000000 0.000000 65536.000000 77824.000000 290374.000000 34944.000000 317994.000000 203584.000000 236128.000000 10398.000000 30024.000000 0.000000 0.000000 0.000000 0.000000 0.000000 0.000000 0.000000 
14
0.000000 73728.000000 77824.000000 275018.000000 405162.000000 12736.000000 28932.000000 45216.000000 0.000000 0.000000 0.000000 73728.000000 77824.000000 274602.000000 407210.000000 16338.000000 11936.000000 65275.000000 0.000000 0.000000 0.000000 73728.000000 77824.000000 63004.000000 285738.000000 221226.000000 0.000000 15888.000000 31536.000000 43840.000000 0.000000 73728.000000 77824.000000 56860.000000 378282.000000 18785.000000 11936.000000 55296.000000 0.000000 0.000000 0.000000 73728.000000 77824.000000 56860.000000 407338.000000 28625.000000 29408.000000 169392.000000 25520.000000 35910.000000 0.000000 0.000000 0.000000 0.000000 0.000000 0.000000 0.000000 
