0
0.000000 25765.000000 12288.000000 16689.000000 224514.000000 160900.000000 95415.000000 29930.000000 0.000000 0.000000 0.000000 24576.000000 24576.000000 0.000000 86030.000000 24580.000000 44928.000000 0.000000 0.000000 0.000000 0.000000 0.000000 27648.000000 91496.000000 26176.000000 0.000000 0.000000 0.000000 0.000000 0.000000 0.000000 98305.000000 36865.000000 0.000000 11696.000000 101030.000000 37416.000000 190400.000000 124096.000000 61312.000000 0.000000 202752.000000 146388.000000 78804.000000 17364.000000 6144.000000 61450.000000 0.000000 114400.000000 44000.000000 0.000000 110592.000000 49152.000000 0.000000 34086.000000 72495.000000 9666.000000 257906.000000 193828.000000 128343.000000 62858.000000 
1
0.000000 25764.000000 9216.000000 16689.000000 224514.000000 160900.000000 95415.000000 29930.000000 0.000000 0.000000 0.000000 20052.000000 21504.000000 0.000000 86030.000000 24580.000000 44928.000000 0.000000 0.000000 0.000000 0.000000 0.000000 27648.000000 91496.000000 26176.000000 0.000000 0.000000 0.000000 0.000000 0.000000 0.000000 98304.000000 36864.000000 0.000000 6860.000000 102901.000000 37416.000000 190400.000000 124096.000000 61312.000000 0.000000 202752.000000 146281.000000 78697.000000 17257.000000 6144.000000 61450.000000 0.000000 114400.000000 44000.000000 0.000000 110592.000000 49152.000000 0.000000 34467.000000 72495.000000 9666.000000 257158.000000 193080.000000 127595.000000 62110.000000 
2
0.000000 25764.000000 9216.000000 16786.000000 224514.000000 160900.000000 95415.000000 29930.000000 0.000000 0.000000 0.000000 19945.000000 21504.000000 0.000000 79885.000000 18435.000000 43776.000000 0.000000 0.000000 0.000000 0.000000 0.000000 27648.000000 88656.000000 23336.000000 0.000000 0.000000 0.000000 0.000000 0.000000 0.000000 98304.000000 36864.000000 0.000000 6860.000000 101030.000000 37416.000000 188032.000000 121728.000000 58944.000000 0.000000 196608.000000 146292.000000 78708.000000 17268.000000 3072.000000 61450.000000 0.000000 114400.000000 44000.000000 0.000000 110592.000000 49152.000000 0.000000 34467.000000 72495.000000 9666.000000 257158.000000 193080.000000 127595.000000 62110.000000 
3
0.000000 25764.000000 9216.000000 16593.000000 224887.000000 161273.000000 95788.000000 30303.000000 0.000000 0.000000 0.000000 19944.000000 21504.000000 0.000000 79885.000000 18435.000000 43776.000000 0.000000 0.000000 0.000000 0.000000 0.000000 27648.000000 88656.000000 23336.000000 0.000000 0.000000 0.000000 0.000000 0.000000 0.000000 98304.000000 36864.000000 0.000000 6860.000000 102901.000000 37416.000000 188032.000000 121728.000000 58944.000000 0.000000 196608.000000 146292.000000 78708.000000 17268.000000 3072.000000 55305.000000 0.000000 114400.000000 44000.000000 0.000000 104451.000000 43011.000000 0.000000 34680.000000 67662.000000 4833.000000 257158.000000 193080.000000 127595.000000 62110.000000 
4
0.000000 25765.000000 12288.000000 16496.000000 224514.000000 160900.000000 95415.000000 29930.000000 0.000000 0.000000 0.000000 24576.000000 24576.000000 13023.000000 107391.000000 41906.000000 214080.000000 150144.000000 83840.000000 18944.000000 0.000000 43008.000000 27648.000000 18904.000000 141069.000000 75584.000000 10099.000000 0.000000 0.000000 0.000000 0.000000 61440.000000 0.000000 21504.000000 11696.000000 101030.000000 35545.000000 190400.000000 126464.000000 61312.000000 0.000000 13824.000000 120175.000000 58331.000000 0.000000 6144.000000 61450.000000 0.000000 114400.000000 44000.000000 6544.000000 61440.000000 0.000000 21504.000000 34086.000000 72495.000000 9666.000000 159402.000000 93917.000000 28432.000000 5120.000000 
5
0.000000 25764.000000 9216.000000 16400.000000 224514.000000 160900.000000 95415.000000 29930.000000 0.000000 0.000000 0.000000 20052.000000 21504.000000 13023.000000 107391.000000 41906.000000 214976.000000 151040.000000 84736.000000 21312.000000 0.000000 43008.000000 27648.000000 18904.000000 140694.000000 75209.000000 8976.000000 0.000000 0.000000 0.000000 0.000000 55297.000000 0.000000 21504.000000 6956.000000 101030.000000 35545.000000 190400.000000 126464.000000 61312.000000 0.000000 13824.000000 120175.000000 58331.000000 0.000000 6144.000000 61450.000000 0.000000 114400.000000 44000.000000 6544.000000 61440.000000 0.000000 21504.000000 34467.000000 72495.000000 9666.000000 159402.000000 93917.000000 28432.000000 5120.000000 
6
0.000000 25764.000000 9216.000000 16400.000000 224514.000000 160900.000000 95415.000000 29930.000000 0.000000 0.000000 0.000000 19945.000000 21504.000000 13023.000000 107016.000000 41531.000000 214976.000000 151040.000000 84736.000000 21312.000000 0.000000 43008.000000 27648.000000 16160.000000 140694.000000 75209.000000 8976.000000 0.000000 0.000000 0.000000 0.000000 55296.000000 0.000000 24576.000000 7052.000000 101030.000000 35545.000000 188032.000000 124096.000000 58944.000000 0.000000 13824.000000 117753.000000 58331.000000 0.000000 3072.000000 61450.000000 0.000000 114400.000000 44000.000000 6544.000000 61440.000000 0.000000 18432.000000 34467.000000 67662.000000 4833.000000 158654.000000 93169.000000 27684.000000 5120.000000 
7
0.000000 25764.000000 9216.000000 16400.000000 224887.000000 161273.000000 95788.000000 30303.000000 0.000000 0.000000 0.000000 19944.000000 21504.000000 13120.000000 106268.000000 40783.000000 212608.000000 148672.000000 82368.000000 18944.000000 0.000000 36866.000000 27648.000000 16160.000000 140694.000000 75209.000000 8976.000000 0.000000 0.000000 0.000000 0.000000 55296.000000 0.000000 24576.000000 14440.000000 101030.000000 35545.000000 188032.000000 124096.000000 58944.000000 0.000000 13824.000000 126085.000000 66664.000000 0.000000 3072.000000 55305.000000 0.000000 114400.000000 44000.000000 6544.000000 67584.000000 0.000000 18432.000000 34680.000000 67662.000000 4833.000000 159027.000000 93542.000000 28057.000000 4096.000000 
8
0.000000 25765.000000 12288.000000 16303.000000 224514.000000 160900.000000 95415.000000 29930.000000 0.000000 0.000000 0.000000 24576.000000 9216.000000 94336.000000 31856.000000 0.000000 214080.000000 150144.000000 83840.000000 18944.000000 0.000000 24576.000000 27648.000000 1372.000000 86994.000000 19332.000000 0.000000 0.000000 0.000000 0.000000 0.000000 87552.000000 16896.000000 18432.000000 12382.000000 101030.000000 35545.000000 190400.000000 126464.000000 61312.000000 0.000000 98304.000000 36864.000000 0.000000 0.000000 6144.000000 7525.000000 115998.000000 52384.000000 6144.000000 653824.000000 587520.000000 523584.000000 457280.000000 393344.000000 327040.000000 263104.000000 197248.000000 132608.000000 68672.000000 2368.000000 
9
0.000000 25764.000000 9216.000000 16400.000000 224514.000000 160900.000000 95415.000000 29930.000000 0.000000 0.000000 0.000000 20160.000000 9216.000000 94336.000000 31856.000000 0.000000 214976.000000 151040.000000 84736.000000 21312.000000 0.000000 24576.000000 27648.000000 1372.000000 82161.000000 14499.000000 0.000000 0.000000 0.000000 0.000000 0.000000 87552.000000 16896.000000 18432.000000 7340.000000 101030.000000 35545.000000 188032.000000 124096.000000 58944.000000 0.000000 98304.000000 36864.000000 0.000000 0.000000 6144.000000 7525.000000 115998.000000 52384.000000 6144.000000 653824.000000 587520.000000 523584.000000 457280.000000 393344.000000 329408.000000 263104.000000 197248.000000 132608.000000 68672.000000 2368.000000 
10
0.000000 25764.000000 9216.000000 16400.000000 224514.000000 160900.000000 95415.000000 29930.000000 0.000000 0.000000 0.000000 20160.000000 9216.000000 94336.000000 31856.000000 0.000000 214976.000000 151040.000000 84736.000000 18944.000000 0.000000 24576.000000 27648.000000 1372.000000 82161.000000 14499.000000 0.000000 0.000000 0.000000 0.000000 0.000000 87041.000000 16897.000000 15360.000000 7244.000000 101030.000000 35545.000000 188032.000000 124096.000000 58944.000000 0.000000 92161.000000 30721.000000 0.000000 0.000000 3072.000000 7525.000000 116371.000000 52757.000000 5120.000000 653824.000000 587520.000000 523584.000000 457280.000000 393344.000000 329408.000000 263104.000000 197248.000000 132608.000000 68672.000000 2368.000000 
11
0.000000 25764.000000 9216.000000 16400.000000 224887.000000 161273.000000 95788.000000 30303.000000 0.000000 0.000000 0.000000 20160.000000 9216.000000 97080.000000 34600.000000 0.000000 212608.000000 148672.000000 82368.000000 18944.000000 0.000000 18432.000000 27648.000000 1372.000000 82161.000000 14499.000000 0.000000 0.000000 0.000000 0.000000 0.000000 87040.000000 16384.000000 18432.000000 14440.000000 101030.000000 35545.000000 188032.000000 124096.000000 58944.000000 0.000000 92161.000000 30721.000000 0.000000 0.000000 3072.000000 7332.000000 116371.000000 52757.000000 6144.000000 653824.000000 587520.000000 523584.000000 457280.000000 393344.000000 327040.000000 263104.000000 197248.000000 132608.000000 68672.000000 2368.000000 
12
0.000000 25657.000000 12288.000000 92744.000000 27424.000000 9816.000000 0.000000 0.000000 0.000000 0.000000 0.000000 24576.000000 24576.000000 13023.000000 105520.000000 41906.000000 0.000000 0.000000 0.000000 0.000000 0.000000 30720.000000 27648.000000 1372.000000 86994.000000 19332.000000 0.000000 0.000000 0.000000 0.000000 0.000000 87552.000000 16896.000000 18432.000000 12382.000000 101030.000000 35545.000000 190400.000000 126464.000000 61312.000000 0.000000 104448.000000 43008.000000 0.000000 0.000000 6144.000000 6271.000000 95417.000000 29932.000000 16128.000000 0.000000 96768.000000 26624.000000 58368.000000 34772.000000 62829.000000 0.000000 16800.000000 3272.000000 0.000000 6144.000000 
13
0.000000 25656.000000 9216.000000 92744.000000 27424.000000 9816.000000 0.000000 0.000000 0.000000 0.000000 0.000000 20160.000000 21504.000000 13023.000000 105520.000000 41906.000000 0.000000 0.000000 0.000000 0.000000 0.000000 30720.000000 27648.000000 1372.000000 82161.000000 14499.000000 0.000000 0.000000 0.000000 0.000000 0.000000 87552.000000 17408.000000 15360.000000 7244.000000 101030.000000 35545.000000 188032.000000 124096.000000 58944.000000 0.000000 104448.000000 43008.000000 0.000000 0.000000 6144.000000 6271.000000 95417.000000 29932.000000 16128.000000 0.000000 96257.000000 26113.000000 58368.000000 34467.000000 62829.000000 0.000000 16800.000000 3272.000000 0.000000 6144.000000 
14
0.000000 25656.000000 9216.000000 92744.000000 27424.000000 9816.000000 0.000000 0.000000 0.000000 0.000000 0.000000 20160.000000 21504.000000 13023.000000 105145.000000 41531.000000 0.000000 0.000000 0.000000 0.000000 0.000000 30720.000000 27648.000000 1372.000000 82161.000000 14499.000000 0.000000 0.000000 0.000000 0.000000 0.000000 87041.000000 16385.000000 18432.000000 7244.000000 101030.000000 35545.000000 188032.000000 124096.000000 58944.000000 0.000000 104448.000000 43008.000000 0.000000 0.000000 3072.000000 6271.000000 95790.000000 30305.000000 16128.000000 0.000000 96256.000000 26112.000000 58368.000000 34371.000000 62829.000000 0.000000 16800.000000 3272.000000 0.000000 6144.000000 
15
0.000000 25656.000000 9216.000000 92744.000000 27424.000000 9816.000000 0.000000 0.000000 0.000000 0.000000 0.000000 20160.000000 21504.000000 13120.000000 106268.000000 40783.000000 0.000000 0.000000 0.000000 0.000000 0.000000 30720.000000 27648.000000 1372.000000 82161.000000 14499.000000 0.000000 0.000000 0.000000 0.000000 0.000000 87040.000000 16384.000000 18432.000000 14440.000000 101030.000000 35545.000000 188032.000000 124096.000000 58944.000000 0.000000 98305.000000 36865.000000 0.000000 0.000000 3072.000000 6078.000000 95790.000000 30305.000000 16128.000000 0.000000 96256.000000 26112.000000 58368.000000 34680.000000 57996.000000 0.000000 16800.000000 3272.000000 0.000000 5120.000000 
16
0.000000 25765.000000 12288.000000 10188.000000 224514.000000 160900.000000 95415.000000 29930.000000 0.000000 0.000000 0.000000 24576.000000 3072.000000 17388.000000 14400.000000 70400.000000 0.000000 3272.000000 0.000000 0.000000 0.000000 12288.000000 27648.000000 22788.000000 140694.000000 75209.000000 11595.000000 0.000000 0.000000 0.000000 0.000000 49152.000000 0.000000 30720.000000 7916.000000 102901.000000 37416.000000 190400.000000 124096.000000 61312.000000 0.000000 196608.000000 138733.000000 71149.000000 9709.000000 6144.000000 6078.000000 115998.000000 52384.000000 7168.000000 653824.000000 587520.000000 523584.000000 457280.000000 393344.000000 327040.000000 263104.000000 197248.000000 132608.000000 68672.000000 2368.000000 
17
0.000000 25764.000000 9216.000000 10188.000000 224514.000000 160900.000000 95415.000000 29930.000000 0.000000 0.000000 0.000000 20160.000000 6144.000000 17388.000000 14400.000000 70400.000000 0.000000 3272.000000 0.000000 0.000000 0.000000 12288.000000 27648.000000 22788.000000 140694.000000 75209.000000 11595.000000 0.000000 0.000000 0.000000 0.000000 43008.000000 0.000000 30720.000000 8410.000000 102901.000000 37416.000000 188032.000000 121728.000000 58944.000000 0.000000 190680.000000 138744.000000 71160.000000 5184.000000 6144.000000 5885.000000 115998.000000 52384.000000 5120.000000 653824.000000 587520.000000 523584.000000 457280.000000 393344.000000 327040.000000 263104.000000 197248.000000 132608.000000 68672.000000 2368.000000 
18
0.000000 25764.000000 9216.000000 10800.000000 224514.000000 160900.000000 95415.000000 29930.000000 0.000000 0.000000 0.000000 20160.000000 3072.000000 17100.000000 13680.000000 70400.000000 0.000000 0.000000 0.000000 0.000000 0.000000 6144.000000 27648.000000 23400.000000 140694.000000 75209.000000 11595.000000 0.000000 0.000000 0.000000 0.000000 43008.000000 0.000000 27648.000000 13068.000000 102901.000000 37416.000000 188032.000000 121728.000000 58944.000000 0.000000 190464.000000 138744.000000 71160.000000 5184.000000 3072.000000 5885.000000 116371.000000 52757.000000 6144.000000 653824.000000 587520.000000 523584.000000 457280.000000 393344.000000 327040.000000 263104.000000 197248.000000 132608.000000 68672.000000 2368.000000 
19
0.000000 25764.000000 9216.000000 10800.000000 224887.000000 161273.000000 95788.000000 30303.000000 0.000000 0.000000 0.000000 20160.000000 3072.000000 18000.000000 14040.000000 70400.000000 0.000000 0.000000 0.000000 0.000000 0.000000 6144.000000 27648.000000 23400.000000 140694.000000 75209.000000 11595.000000 0.000000 0.000000 0.000000 0.000000 43008.000000 0.000000 27648.000000 13068.000000 102901.000000 37416.000000 188032.000000 121728.000000 58944.000000 0.000000 196608.000000 138744.000000 71160.000000 5400.000000 3072.000000 5982.000000 116371.000000 52757.000000 5120.000000 653824.000000 587520.000000 523584.000000 457280.000000 393344.000000 327040.000000 263104.000000 197248.000000 132608.000000 68672.000000 2368.000000 
20
0.000000 25765.000000 12288.000000 18435.000000 6145.000000 10781.000000 0.000000 0.000000 0.000000 0.000000 0.000000 24576.000000 24576.000000 2768.000000 107391.000000 41906.000000 214080.000000 150144.000000 83840.000000 18944.000000 0.000000 43008.000000 27648.000000 4432.000000 30725.000000 0.000000 0.000000 0.000000 0.000000 0.000000 0.000000 86017.000000 15361.000000 18432.000000 8492.000000 101030.000000 35545.000000 190400.000000 126464.000000 61312.000000 0.000000 110592.000000 49152.000000 0.000000 0.000000 0.000000 6078.000000 63610.000000 0.000000 16128.000000 6544.000000 95745.000000 26113.000000 6144.000000 34772.000000 72495.000000 4833.000000 257906.000000 193828.000000 128343.000000 62858.000000 
21
0.000000 25764.000000 9216.000000 18435.000000 6145.000000 10781.000000 0.000000 0.000000 0.000000 0.000000 0.000000 20160.000000 21504.000000 2768.000000 107391.000000 41906.000000 214976.000000 151040.000000 84736.000000 21312.000000 0.000000 36865.000000 27648.000000 4432.000000 24580.000000 0.000000 0.000000 0.000000 0.000000 0.000000 0.000000 86016.000000 15360.000000 18432.000000 9178.000000 101030.000000 35545.000000 188032.000000 124096.000000 58944.000000 0.000000 110592.000000 49152.000000 0.000000 0.000000 0.000000 5885.000000 63610.000000 0.000000 16128.000000 6544.000000 95744.000000 26112.000000 6144.000000 34467.000000 72495.000000 4833.000000 257158.000000 193080.000000 127595.000000 62110.000000 
22
0.000000 25764.000000 9216.000000 12290.000000 6145.000000 10781.000000 0.000000 0.000000 0.000000 0.000000 0.000000 20160.000000 21504.000000 7436.000000 107016.000000 41531.000000 214976.000000 151040.000000 84736.000000 21312.000000 0.000000 36864.000000 27648.000000 10496.000000 24580.000000 0.000000 0.000000 0.000000 0.000000 0.000000 0.000000 86016.000000 15360.000000 18432.000000 13068.000000 100282.000000 34797.000000 188032.000000 124096.000000 58944.000000 0.000000 110592.000000 49152.000000 0.000000 0.000000 0.000000 5885.000000 63983.000000 0.000000 16128.000000 6544.000000 95744.000000 26112.000000 6144.000000 34371.000000 67662.000000 0.000000 257158.000000 193080.000000 127595.000000 62110.000000 
23
0.000000 25764.000000 9216.000000 12290.000000 0.000000 10781.000000 0.000000 0.000000 0.000000 0.000000 0.000000 20160.000000 21504.000000 692.000000 106268.000000 40783.000000 212608.000000 148672.000000 82368.000000 18944.000000 0.000000 36864.000000 27648.000000 10624.000000 24580.000000 0.000000 0.000000 0.000000 0.000000 0.000000 0.000000 86016.000000 15360.000000 18432.000000 13068.000000 100282.000000 36668.000000 188032.000000 124096.000000 58944.000000 0.000000 104449.000000 43009.000000 0.000000 0.000000 0.000000 5982.000000 63983.000000 0.000000 16128.000000 6544.000000 95744.000000 26112.000000 6144.000000 34680.000000 67662.000000 0.000000 257158.000000 193080.000000 127595.000000 62110.000000 
24
0.000000 25765.000000 12288.000000 18435.000000 6145.000000 10781.000000 0.000000 0.000000 0.000000 0.000000 0.000000 24576.000000 24576.000000 692.000000 0.000000 70400.000000 0.000000 3272.000000 0.000000 0.000000 0.000000 0.000000 27648.000000 4048.000000 30725.000000 0.000000 0.000000 0.000000 0.000000 0.000000 0.000000 43008.000000 0.000000 30720.000000 10398.000000 101030.000000 37416.000000 190400.000000 124096.000000 61312.000000 0.000000 208896.000000 153600.000000 86016.000000 24576.000000 0.000000 5885.000000 48642.000000 0.000000 16128.000000 6544.000000 61441.000000 0.000000 18432.000000 35783.000000 178205.000000 116755.000000 49160.000000 0.000000 0.000000 6144.000000 
25
0.000000 25764.000000 9216.000000 18435.000000 6145.000000 10781.000000 0.000000 0.000000 0.000000 0.000000 0.000000 20160.000000 21504.000000 0.000000 0.000000 70400.000000 0.000000 6544.000000 0.000000 0.000000 0.000000 0.000000 27648.000000 4048.000000 24580.000000 0.000000 0.000000 0.000000 0.000000 0.000000 0.000000 36865.000000 0.000000 30720.000000 14714.000000 101030.000000 37416.000000 188032.000000 121728.000000 58944.000000 0.000000 208896.000000 153600.000000 86016.000000 24576.000000 0.000000 5885.000000 48642.000000 0.000000 16128.000000 6544.000000 61440.000000 0.000000 18432.000000 36373.000000 178205.000000 116755.000000 49160.000000 0.000000 0.000000 6144.000000 
26
0.000000 25764.000000 9216.000000 12290.000000 6145.000000 10781.000000 0.000000 0.000000 0.000000 0.000000 0.000000 20160.000000 21504.000000 4844.000000 0.000000 70400.000000 0.000000 3272.000000 0.000000 0.000000 0.000000 0.000000 27648.000000 9612.000000 24580.000000 0.000000 0.000000 0.000000 0.000000 0.000000 0.000000 36864.000000 0.000000 27648.000000 14920.000000 100282.000000 36668.000000 188032.000000 121728.000000 58944.000000 0.000000 208896.000000 147457.000000 79873.000000 18433.000000 0.000000 5885.000000 49015.000000 0.000000 16128.000000 6544.000000 61440.000000 0.000000 18432.000000 35848.000000 178205.000000 116755.000000 49160.000000 0.000000 0.000000 5120.000000 
27
0.000000 25764.000000 9216.000000 12290.000000 0.000000 10781.000000 0.000000 0.000000 0.000000 0.000000 0.000000 20052.000000 21504.000000 0.000000 0.000000 70400.000000 0.000000 3272.000000 0.000000 0.000000 0.000000 0.000000 27648.000000 10264.000000 24580.000000 0.000000 0.000000 0.000000 0.000000 0.000000 0.000000 36864.000000 0.000000 27648.000000 14234.000000 102153.000000 36668.000000 188928.000000 122624.000000 58944.000000 0.000000 208896.000000 147457.000000 79873.000000 18433.000000 0.000000 5982.000000 49015.000000 0.000000 16128.000000 6544.000000 61440.000000 0.000000 18432.000000 35848.000000 184350.000000 116755.000000 49160.000000 0.000000 0.000000 5120.000000 
28
0.000000 25765.000000 12288.000000 12290.000000 44305.000000 9816.000000 0.000000 0.000000 0.000000 0.000000 0.000000 24576.000000 24576.000000 1384.000000 0.000000 70400.000000 0.000000 3272.000000 0.000000 0.000000 0.000000 6144.000000 27648.000000 4840.000000 38160.000000 0.000000 0.000000 0.000000 0.000000 0.000000 0.000000 43008.000000 0.000000 30720.000000 9054.000000 102901.000000 37416.000000 190400.000000 124096.000000 61312.000000 0.000000 202752.000000 152317.000000 84733.000000 23293.000000 0.000000 80206.000000 14886.000000 0.000000 16128.000000 0.000000 96768.000000 26624.000000 55296.000000 35783.000000 0.000000 0.000000 16800.000000 3272.000000 0.000000 6144.000000 
29
0.000000 25764.000000 9216.000000 12290.000000 44305.000000 9816.000000 0.000000 0.000000 0.000000 0.000000 0.000000 20160.000000 21504.000000 1384.000000 0.000000 70400.000000 0.000000 3272.000000 0.000000 0.000000 0.000000 6144.000000 27648.000000 4840.000000 38160.000000 0.000000 0.000000 0.000000 0.000000 0.000000 0.000000 43008.000000 0.000000 30720.000000 14714.000000 102901.000000 37416.000000 188032.000000 121728.000000 58944.000000 0.000000 196608.000000 152316.000000 84732.000000 23292.000000 0.000000 79520.000000 14200.000000 0.000000 16128.000000 0.000000 96768.000000 26624.000000 55296.000000 36373.000000 0.000000 0.000000 16800.000000 3272.000000 0.000000 6144.000000 
30
0.000000 25764.000000 9216.000000 12290.000000 44640.000000 9816.000000 0.000000 0.000000 0.000000 0.000000 0.000000 20160.000000 21504.000000 5088.000000 0.000000 70400.000000 0.000000 0.000000 0.000000 0.000000 0.000000 0.000000 27648.000000 11000.000000 38520.000000 0.000000 0.000000 0.000000 0.000000 0.000000 0.000000 43008.000000 0.000000 27648.000000 14920.000000 102153.000000 36668.000000 188032.000000 121728.000000 58944.000000 0.000000 196608.000000 152328.000000 84744.000000 23304.000000 0.000000 79520.000000 14200.000000 0.000000 16128.000000 0.000000 96768.000000 27136.000000 55296.000000 35848.000000 0.000000 0.000000 16800.000000 3272.000000 0.000000 5120.000000 
31
0.000000 25764.000000 9216.000000 12290.000000 44640.000000 9816.000000 0.000000 0.000000 0.000000 0.000000 0.000000 20052.000000 21504.000000 0.000000 0.000000 70400.000000 0.000000 0.000000 0.000000 0.000000 0.000000 0.000000 27648.000000 10364.000000 38520.000000 0.000000 0.000000 0.000000 0.000000 0.000000 0.000000 36865.000000 0.000000 27648.000000 14234.000000 102153.000000 36668.000000 188928.000000 122624.000000 58944.000000 0.000000 196608.000000 152328.000000 84744.000000 23304.000000 0.000000 80206.000000 14886.000000 0.000000 16128.000000 0.000000 96256.000000 26112.000000 55296.000000 35848.000000 0.000000 0.000000 16800.000000 3272.000000 0.000000 5120.000000 
32
0.000000 25980.000000 0.000000 72495.000000 9666.000000 9816.000000 230080.000000 166144.000000 99840.000000 35520.000000 0.000000 24576.000000 6144.000000 13023.000000 107391.000000 41906.000000 214080.000000 150144.000000 83840.000000 18944.000000 0.000000 24576.000000 27648.000000 2058.000000 113004.000000 47519.000000 0.000000 436480.000000 370176.000000 306240.000000 239936.000000 176000.000000 112512.000000 44992.000000 0.000000 43015.000000 0.000000 190400.000000 126464.000000 61312.000000 0.000000 98304.000000 36864.000000 0.000000 0.000000 6144.000000 61450.000000 38520.000000 0.000000 16128.000000 0.000000 96256.000000 26624.000000 52224.000000 37062.000000 72495.000000 9666.000000 250418.000000 185596.000000 120111.000000 54626.000000 
33
0.000000 25872.000000 0.000000 72495.000000 9666.000000 9816.000000 230080.000000 166144.000000 99840.000000 35520.000000 0.000000 20160.000000 9216.000000 13023.000000 107391.000000 41906.000000 214976.000000 151040.000000 84736.000000 21312.000000 0.000000 24576.000000 27648.000000 2058.000000 113004.000000 47519.000000 0.000000 436480.000000 370176.000000 306240.000000 239936.000000 176000.000000 112512.000000 44992.000000 0.000000 43015.000000 0.000000 188032.000000 124096.000000 58944.000000 0.000000 98304.000000 36864.000000 0.000000 0.000000 6144.000000 61450.000000 38520.000000 0.000000 16128.000000 0.000000 96256.000000 26624.000000 49152.000000 37104.000000 72495.000000 9666.000000 250418.000000 185596.000000 120111.000000 56497.000000 
34
0.000000 25872.000000 0.000000 72495.000000 9666.000000 9816.000000 230080.000000 166144.000000 99840.000000 35520.000000 0.000000 20160.000000 6144.000000 11769.000000 107016.000000 41531.000000 214976.000000 151040.000000 84736.000000 21312.000000 0.000000 24576.000000 27648.000000 2058.000000 113377.000000 47892.000000 0.000000 435584.000000 369280.000000 305344.000000 239040.000000 175104.000000 111616.000000 44992.000000 0.000000 43015.000000 0.000000 188032.000000 124096.000000 58944.000000 0.000000 92161.000000 30721.000000 0.000000 0.000000 3072.000000 55305.000000 38880.000000 0.000000 16128.000000 0.000000 96256.000000 26112.000000 49152.000000 37700.000000 67662.000000 4833.000000 250418.000000 185596.000000 120111.000000 56497.000000 
35
0.000000 25872.000000 0.000000 72495.000000 9666.000000 9816.000000 229184.000000 165248.000000 98944.000000 33152.000000 0.000000 20052.000000 9216.000000 13120.000000 106268.000000 40783.000000 212608.000000 148672.000000 82368.000000 18944.000000 0.000000 18434.000000 27648.000000 2058.000000 113377.000000 47892.000000 0.000000 435584.000000 369280.000000 305344.000000 239040.000000 175104.000000 111616.000000 44992.000000 0.000000 43015.000000 0.000000 188928.000000 124992.000000 58944.000000 0.000000 92161.000000 30721.000000 0.000000 0.000000 3072.000000 55305.000000 38880.000000 0.000000 16128.000000 0.000000 96256.000000 26112.000000 49152.000000 37014.000000 67662.000000 4833.000000 249818.000000 184473.000000 120859.000000 55374.000000 
36
0.000000 25980.000000 0.000000 72495.000000 9666.000000 9816.000000 230080.000000 166144.000000 99840.000000 35520.000000 0.000000 24576.000000 6144.000000 13023.000000 107391.000000 41906.000000 214976.000000 151040.000000 84736.000000 21312.000000 0.000000 24576.000000 27648.000000 2058.000000 118617.000000 53132.000000 0.000000 436480.000000 370176.000000 306240.000000 239936.000000 176000.000000 112512.000000 44992.000000 0.000000 43015.000000 0.000000 190400.000000 126464.000000 61312.000000 0.000000 110592.000000 49152.000000 0.000000 0.000000 0.000000 5885.000000 68848.000000 2992.000000 16128.000000 6544.000000 61440.000000 0.000000 18432.000000 37062.000000 72495.000000 9666.000000 186719.000000 123105.000000 57620.000000 0.000000 
37
0.000000 25872.000000 0.000000 72495.000000 9666.000000 9816.000000 230080.000000 166144.000000 99840.000000 35520.000000 0.000000 20160.000000 9216.000000 13023.000000 107391.000000 41906.000000 214976.000000 151040.000000 84736.000000 21312.000000 0.000000 24576.000000 27648.000000 2058.000000 118242.000000 52757.000000 0.000000 436480.000000 370176.000000 306240.000000 239936.000000 176000.000000 112512.000000 44992.000000 0.000000 43015.000000 0.000000 188032.000000 124096.000000 58944.000000 0.000000 110592.000000 49152.000000 0.000000 0.000000 0.000000 5885.000000 68848.000000 2992.000000 16128.000000 6544.000000 61440.000000 0.000000 18432.000000 37104.000000 72495.000000 9666.000000 188590.000000 123105.000000 57620.000000 0.000000 
38
0.000000 25872.000000 0.000000 72495.000000 9666.000000 9816.000000 230080.000000 166144.000000 99840.000000 35520.000000 0.000000 20160.000000 6144.000000 11769.000000 107016.000000 41531.000000 214976.000000 151040.000000 84736.000000 21312.000000 0.000000 24576.000000 27648.000000 2058.000000 118242.000000 52757.000000 0.000000 435584.000000 369280.000000 305344.000000 239040.000000 175104.000000 111616.000000 44992.000000 0.000000 43015.000000 0.000000 188032.000000 124096.000000 58944.000000 0.000000 110592.000000 49152.000000 0.000000 0.000000 0.000000 5885.000000 68848.000000 2992.000000 16128.000000 6544.000000 61440.000000 0.000000 21504.000000 37700.000000 67662.000000 4833.000000 188963.000000 123478.000000 57993.000000 0.000000 
39
0.000000 25872.000000 0.000000 72495.000000 9666.000000 9816.000000 229184.000000 165248.000000 98944.000000 33152.000000 0.000000 20052.000000 9216.000000 13120.000000 106268.000000 40783.000000 212608.000000 148672.000000 82368.000000 18944.000000 0.000000 18434.000000 27648.000000 2058.000000 118242.000000 52757.000000 0.000000 435584.000000 369280.000000 305344.000000 239040.000000 175104.000000 111616.000000 44992.000000 0.000000 43015.000000 0.000000 188928.000000 124992.000000 58944.000000 0.000000 104449.000000 43009.000000 0.000000 0.000000 0.000000 5982.000000 68100.000000 2244.000000 16128.000000 6544.000000 55297.000000 0.000000 21504.000000 37014.000000 67662.000000 4833.000000 188963.000000 123478.000000 57993.000000 0.000000 
40
0.000000 25980.000000 0.000000 72495.000000 9666.000000 9816.000000 230080.000000 166144.000000 99840.000000 35520.000000 0.000000 19621.000000 24576.000000 167679.000000 106326.000000 38664.000000 214976.000000 151040.000000 84736.000000 21312.000000 0.000000 49152.000000 27648.000000 2058.000000 140694.000000 75209.000000 8976.000000 0.000000 0.000000 0.000000 0.000000 43008.000000 0.000000 30720.000000 9150.000000 102901.000000 37416.000000 190400.000000 124096.000000 61312.000000 0.000000 73454.000000 7480.000000 0.000000 0.000000 6144.000000 5885.000000 115998.000000 52384.000000 7168.000000 653824.000000 587520.000000 523584.000000 457280.000000 393344.000000 329408.000000 263104.000000 197248.000000 132608.000000 68672.000000 2368.000000 
41
0.000000 25872.000000 0.000000 72495.000000 9666.000000 9816.000000 230080.000000 166144.000000 99840.000000 35520.000000 0.000000 19620.000000 21504.000000 167679.000000 106326.000000 38664.000000 214976.000000 151040.000000 84736.000000 21312.000000 0.000000 43009.000000 27648.000000 2058.000000 140694.000000 75209.000000 8976.000000 0.000000 0.000000 0.000000 0.000000 43008.000000 0.000000 30720.000000 14714.000000 102901.000000 37416.000000 188032.000000 121728.000000 58944.000000 0.000000 73454.000000 7480.000000 0.000000 0.000000 6144.000000 5885.000000 115998.000000 52384.000000 6144.000000 653824.000000 587520.000000 523584.000000 457280.000000 393344.000000 329408.000000 263104.000000 197248.000000 132608.000000 68672.000000 2368.000000 
42
0.000000 25872.000000 0.000000 72495.000000 9666.000000 9816.000000 230080.000000 166144.000000 99840.000000 35520.000000 0.000000 19620.000000 21504.000000 167679.000000 106326.000000 38664.000000 214976.000000 151040.000000 84736.000000 21312.000000 0.000000 43008.000000 27648.000000 2058.000000 140694.000000 75209.000000 8976.000000 0.000000 0.000000 0.000000 0.000000 36865.000000 0.000000 27648.000000 14920.000000 102153.000000 36668.000000 188032.000000 121728.000000 58944.000000 0.000000 73454.000000 7480.000000 0.000000 0.000000 3072.000000 5885.000000 116371.000000 52757.000000 6144.000000 653824.000000 587520.000000 523584.000000 457280.000000 393344.000000 329408.000000 263104.000000 197248.000000 132608.000000 68672.000000 2368.000000 
43
0.000000 25872.000000 0.000000 72495.000000 9666.000000 9816.000000 229184.000000 165248.000000 98944.000000 33152.000000 0.000000 19620.000000 21504.000000 167583.000000 106326.000000 38664.000000 212608.000000 148672.000000 82368.000000 18944.000000 0.000000 43008.000000 27648.000000 2058.000000 140694.000000 75209.000000 8976.000000 0.000000 0.000000 0.000000 0.000000 36864.000000 0.000000 27648.000000 14234.000000 102153.000000 36668.000000 188928.000000 122624.000000 58944.000000 0.000000 73454.000000 7480.000000 0.000000 0.000000 3072.000000 5982.000000 116371.000000 52757.000000 6144.000000 653824.000000 587520.000000 523584.000000 457280.000000 393344.000000 329408.000000 263104.000000 197248.000000 132608.000000 68672.000000 2368.000000 
44
0.000000 25980.000000 0.000000 72495.000000 9666.000000 9816.000000 230080.000000 166144.000000 99840.000000 35520.000000 0.000000 19621.000000 24576.000000 167679.000000 106326.000000 38664.000000 214976.000000 151040.000000 84736.000000 21312.000000 0.000000 49152.000000 27648.000000 2058.000000 140694.000000 75209.000000 8976.000000 0.000000 0.000000 0.000000 0.000000 43008.000000 0.000000 30720.000000 9246.000000 102901.000000 37416.000000 190400.000000 124096.000000 61312.000000 0.000000 73454.000000 7480.000000 0.000000 0.000000 6144.000000 5885.000000 115998.000000 52384.000000 7168.000000 6544.000000 61440.000000 0.000000 18432.000000 37062.000000 72495.000000 9666.000000 174370.000000 108885.000000 43400.000000 5120.000000 
45
0.000000 25872.000000 0.000000 72495.000000 9666.000000 9816.000000 230080.000000 166144.000000 99840.000000 35520.000000 0.000000 19620.000000 21504.000000 167679.000000 106326.000000 38664.000000 214976.000000 151040.000000 84736.000000 21312.000000 0.000000 43009.000000 27648.000000 2058.000000 140694.000000 75209.000000 8976.000000 0.000000 0.000000 0.000000 0.000000 43008.000000 0.000000 30720.000000 14714.000000 102901.000000 37416.000000 188032.000000 121728.000000 58944.000000 0.000000 73454.000000 7480.000000 0.000000 0.000000 6144.000000 5885.000000 116371.000000 52757.000000 6144.000000 6544.000000 61440.000000 0.000000 21504.000000 37104.000000 72495.000000 9666.000000 174370.000000 108885.000000 43400.000000 5120.000000 
46
0.000000 25872.000000 0.000000 72495.000000 9666.000000 9816.000000 230080.000000 166144.000000 99840.000000 35520.000000 0.000000 19620.000000 21504.000000 167679.000000 106326.000000 38664.000000 212608.000000 148672.000000 82368.000000 18944.000000 0.000000 43008.000000 27648.000000 2058.000000 140694.000000 75209.000000 8976.000000 0.000000 0.000000 0.000000 0.000000 36865.000000 0.000000 27648.000000 14920.000000 102153.000000 36668.000000 188032.000000 121728.000000 58944.000000 0.000000 73454.000000 7480.000000 0.000000 0.000000 3072.000000 5885.000000 116371.000000 52757.000000 6144.000000 6544.000000 55297.000000 0.000000 18432.000000 37700.000000 67662.000000 4833.000000 173622.000000 108137.000000 42652.000000 4096.000000 
47
0.000000 25872.000000 0.000000 72495.000000 9666.000000 9816.000000 229184.000000 165248.000000 98944.000000 33152.000000 0.000000 19620.000000 21504.000000 167583.000000 106326.000000 38664.000000 212608.000000 148672.000000 82368.000000 18944.000000 0.000000 43008.000000 27648.000000 2058.000000 140694.000000 75209.000000 8976.000000 0.000000 0.000000 0.000000 0.000000 36864.000000 0.000000 27648.000000 14234.000000 101778.000000 36293.000000 188928.000000 122624.000000 58944.000000 0.000000 73454.000000 7480.000000 0.000000 0.000000 3072.000000 5982.000000 115623.000000 52009.000000 6144.000000 6544.000000 55296.000000 0.000000 18432.000000 37014.000000 67662.000000 4833.000000 173995.000000 108510.000000 43025.000000 4096.000000 
48
0.000000 25872.000000 0.000000 72495.000000 9666.000000 9816.000000 230080.000000 166144.000000 99840.000000 35520.000000 0.000000 19621.000000 24576.000000 154656.000000 91827.000000 24165.000000 6912.000000 3272.000000 0.000000 0.000000 0.000000 55296.000000 27648.000000 2058.000000 0.000000 0.000000 0.000000 436480.000000 370176.000000 306240.000000 239936.000000 176000.000000 112512.000000 44992.000000 2076.000000 120825.000000 57996.000000 0.000000 2160.000000 0.000000 14000.000000 73454.000000 1102025.000000 1039095.000000 974655.000000 910215.000000 845775.000000 781335.000000 716895.000000 652455.000000 588015.000000 523575.000000 459135.000000 394695.000000 322200.000000 257760.000000 193320.000000 128880.000000 64440.000000 0.000000 480.000000 
49
0.000000 25872.000000 0.000000 72495.000000 9666.000000 9816.000000 230080.000000 166144.000000 99840.000000 35520.000000 0.000000 19620.000000 21504.000000 154656.000000 91827.000000 24165.000000 5760.000000 0.000000 0.000000 0.000000 0.000000 55296.000000 27648.000000 2058.000000 0.000000 0.000000 0.000000 435584.000000 369280.000000 305344.000000 239040.000000 175104.000000 111616.000000 44992.000000 2076.000000 115992.000000 53163.000000 0.000000 1920.000000 0.000000 11200.000000 73454.000000 1102025.000000 1039095.000000 974655.000000 910215.000000 845775.000000 781335.000000 716895.000000 652455.000000 588015.000000 523575.000000 459135.000000 394695.000000 322200.000000 257760.000000 193320.000000 128880.000000 64440.000000 0.000000 480.000000 
50
0.000000 25872.000000 0.000000 72495.000000 9666.000000 9816.000000 230080.000000 166144.000000 99840.000000 35520.000000 0.000000 19620.000000 21504.000000 154656.000000 91827.000000 24165.000000 5760.000000 0.000000 0.000000 0.000000 0.000000 49153.000000 27648.000000 2058.000000 0.000000 0.000000 0.000000 435584.000000 369280.000000 305344.000000 239040.000000 175104.000000 111616.000000 44992.000000 1384.000000 115992.000000 53163.000000 0.000000 1920.000000 0.000000 11200.000000 71470.000000 1102025.000000 1039095.000000 974655.000000 910215.000000 845775.000000 781335.000000 716895.000000 652455.000000 588015.000000 523575.000000 459135.000000 394695.000000 322200.000000 257760.000000 193320.000000 128880.000000 64440.000000 0.000000 480.000000 
51
0.000000 25872.000000 3072.000000 72495.000000 9666.000000 9816.000000 229184.000000 165248.000000 98944.000000 33152.000000 0.000000 19620.000000 21504.000000 154656.000000 91827.000000 24165.000000 5760.000000 0.000000 0.000000 0.000000 0.000000 49153.000000 24576.000000 2058.000000 0.000000 0.000000 0.000000 435584.000000 369280.000000 305344.000000 239040.000000 175104.000000 111616.000000 44992.000000 1384.000000 115992.000000 53163.000000 0.000000 1920.000000 0.000000 11200.000000 73454.000000 1102025.000000 1039095.000000 974655.000000 910215.000000 845775.000000 781335.000000 716895.000000 652455.000000 588015.000000 523575.000000 459135.000000 394695.000000 322200.000000 257760.000000 193320.000000 128880.000000 64440.000000 0.000000 480.000000 
52
0.000000 25872.000000 0.000000 72495.000000 9666.000000 9816.000000 230080.000000 166144.000000 99840.000000 35520.000000 0.000000 19621.000000 24576.000000 154656.000000 91827.000000 24165.000000 6912.000000 3272.000000 0.000000 0.000000 0.000000 43008.000000 27648.000000 2058.000000 140694.000000 75209.000000 11595.000000 0.000000 0.000000 0.000000 0.000000 49152.000000 0.000000 30720.000000 56478.000000 357840.000000 296240.000000 225840.000000 164240.000000 102640.000000 29160.000000 55296.000000 480256.000000 415744.000000 347648.000000 283136.000000 218624.000000 154112.000000 89600.000000 25088.000000 0.000000 73728.000000 12288.000000 15360.000000 34912.000000 73648.000000 8328.000000 242930.000000 177364.000000 113750.000000 48265.000000 
53
0.000000 25872.000000 0.000000 72495.000000 9666.000000 9816.000000 230080.000000 166144.000000 99840.000000 35520.000000 0.000000 19620.000000 21504.000000 154656.000000 91827.000000 24165.000000 5760.000000 0.000000 0.000000 0.000000 0.000000 43008.000000 27648.000000 2058.000000 140694.000000 75209.000000 11595.000000 0.000000 0.000000 0.000000 0.000000 43008.000000 0.000000 27648.000000 61718.000000 357840.000000 296240.000000 225840.000000 164240.000000 102640.000000 29160.000000 55296.000000 480256.000000 415744.000000 351232.000000 283136.000000 218624.000000 154112.000000 89600.000000 25088.000000 0.000000 73728.000000 12288.000000 15360.000000 37104.000000 73648.000000 8328.000000 243078.000000 178860.000000 113375.000000 47890.000000 
54
0.000000 25872.000000 0.000000 72495.000000 9666.000000 9816.000000 230080.000000 166144.000000 99840.000000 35520.000000 0.000000 19620.000000 21504.000000 154656.000000 91827.000000 24165.000000 5760.000000 0.000000 0.000000 0.000000 0.000000 43008.000000 27648.000000 2058.000000 140694.000000 75209.000000 11595.000000 0.000000 0.000000 0.000000 0.000000 43008.000000 0.000000 27648.000000 61328.000000 357840.000000 296240.000000 225840.000000 164240.000000 102640.000000 29160.000000 55296.000000 480256.000000 415744.000000 347648.000000 283136.000000 218624.000000 154112.000000 89600.000000 25088.000000 0.000000 73728.000000 12288.000000 18432.000000 37700.000000 74334.000000 9014.000000 243078.000000 178860.000000 113375.000000 47890.000000 
55
0.000000 25872.000000 3072.000000 72495.000000 9666.000000 9816.000000 229184.000000 165248.000000 98944.000000 33152.000000 0.000000 19620.000000 21504.000000 154656.000000 91827.000000 24165.000000 5760.000000 0.000000 0.000000 0.000000 0.000000 36865.000000 24576.000000 2058.000000 140694.000000 75209.000000 11595.000000 0.000000 0.000000 0.000000 0.000000 43008.000000 0.000000 27648.000000 56923.000000 358200.000000 296600.000000 226200.000000 164600.000000 103000.000000 29520.000000 55296.000000 480256.000000 415744.000000 351232.000000 283136.000000 218624.000000 154112.000000 89600.000000 25088.000000 0.000000 73728.000000 12288.000000 15360.000000 37014.000000 73648.000000 8328.000000 242330.000000 178112.000000 112627.000000 47142.000000 
56
0.000000 25872.000000 0.000000 72495.000000 9666.000000 9816.000000 230080.000000 166144.000000 99840.000000 35520.000000 0.000000 24576.000000 9216.000000 11769.000000 107391.000000 41906.000000 214976.000000 148672.000000 84736.000000 18944.000000 0.000000 0.000000 27648.000000 2058.000000 82161.000000 19332.000000 0.000000 0.000000 0.000000 0.000000 0.000000 98304.000000 36864.000000 0.000000 23838.000000 102901.000000 37416.000000 190400.000000 124096.000000 61312.000000 0.000000 121056.000000 56784.000000 0.000000 0.000000 6144.000000 5885.000000 115998.000000 52384.000000 7168.000000 6544.000000 61440.000000 0.000000 18432.000000 84108.000000 18078.000000 0.000000 0.000000 0.000000 0.000000 720.000000 
57
0.000000 25872.000000 0.000000 72495.000000 9666.000000 9816.000000 230080.000000 166144.000000 99840.000000 35520.000000 0.000000 20052.000000 9216.000000 11769.000000 107391.000000 41906.000000 214976.000000 148672.000000 84736.000000 18944.000000 0.000000 0.000000 27648.000000 2058.000000 77328.000000 14499.000000 0.000000 0.000000 0.000000 0.000000 0.000000 98304.000000 36864.000000 0.000000 29402.000000 102901.000000 37416.000000 188032.000000 121728.000000 58944.000000 0.000000 122592.000000 56672.000000 0.000000 0.000000 6144.000000 5885.000000 116371.000000 52757.000000 6144.000000 6544.000000 61440.000000 0.000000 18432.000000 84108.000000 17982.000000 0.000000 0.000000 0.000000 0.000000 720.000000 
58
0.000000 25872.000000 0.000000 72495.000000 9666.000000 9816.000000 230080.000000 166144.000000 99840.000000 35520.000000 0.000000 19945.000000 9216.000000 11769.000000 107016.000000 41531.000000 212608.000000 146304.000000 82368.000000 16576.000000 0.000000 0.000000 27648.000000 2058.000000 77328.000000 14499.000000 0.000000 0.000000 0.000000 0.000000 0.000000 98304.000000 36864.000000 0.000000 28922.000000 102153.000000 36668.000000 188032.000000 121728.000000 58944.000000 0.000000 121824.000000 55904.000000 0.000000 0.000000 3072.000000 5885.000000 115623.000000 52009.000000 6144.000000 6544.000000 55297.000000 0.000000 18432.000000 84108.000000 18078.000000 0.000000 0.000000 0.000000 0.000000 720.000000 
59
0.000000 25872.000000 3072.000000 72495.000000 9666.000000 9816.000000 229184.000000 165248.000000 98944.000000 33152.000000 0.000000 19944.000000 9216.000000 11673.000000 106268.000000 40783.000000 212608.000000 146304.000000 82368.000000 16576.000000 0.000000 0.000000 24576.000000 2058.000000 77328.000000 14499.000000 0.000000 0.000000 0.000000 0.000000 0.000000 92161.000000 30721.000000 0.000000 23742.000000 101778.000000 36293.000000 188928.000000 122624.000000 58944.000000 0.000000 121824.000000 57552.000000 0.000000 0.000000 3072.000000 5982.000000 115623.000000 52009.000000 6144.000000 6544.000000 61440.000000 0.000000 18432.000000 84203.000000 18174.000000 0.000000 0.000000 0.000000 0.000000 480.000000 
60
0.000000 25872.000000 0.000000 72495.000000 9666.000000 9816.000000 230080.000000 166144.000000 99840.000000 35520.000000 0.000000 24576.000000 9216.000000 11769.000000 107391.000000 41906.000000 214976.000000 148672.000000 84736.000000 18944.000000 0.000000 0.000000 27648.000000 2058.000000 77328.000000 14499.000000 0.000000 0.000000 0.000000 0.000000 0.000000 98304.000000 36864.000000 0.000000 23838.000000 102901.000000 37416.000000 190400.000000 124096.000000 61312.000000 0.000000 121056.000000 56784.000000 0.000000 0.000000 6144.000000 5885.000000 115998.000000 52384.000000 7168.000000 6544.000000 61440.000000 0.000000 18432.000000 51717.000000 0.000000 0.000000 0.000000 0.000000 0.000000 720.000000 
61
0.000000 25872.000000 0.000000 72495.000000 9666.000000 9816.000000 230080.000000 166144.000000 99840.000000 35520.000000 0.000000 20052.000000 9216.000000 11769.000000 107391.000000 41906.000000 214976.000000 148672.000000 84736.000000 18944.000000 0.000000 0.000000 27648.000000 2058.000000 77328.000000 14499.000000 0.000000 0.000000 0.000000 0.000000 0.000000 98304.000000 36864.000000 0.000000 29402.000000 102901.000000 37416.000000 188032.000000 121728.000000 58944.000000 0.000000 122592.000000 56672.000000 0.000000 0.000000 6144.000000 5885.000000 116371.000000 52757.000000 6144.000000 6544.000000 61440.000000 0.000000 15360.000000 51792.000000 0.000000 0.000000 0.000000 0.000000 0.000000 720.000000 
62
0.000000 25872.000000 0.000000 72495.000000 9666.000000 9816.000000 230080.000000 166144.000000 99840.000000 35520.000000 0.000000 19945.000000 9216.000000 11769.000000 106268.000000 40783.000000 212608.000000 146304.000000 82368.000000 16576.000000 0.000000 0.000000 27648.000000 2058.000000 77328.000000 14499.000000 0.000000 0.000000 0.000000 0.000000 0.000000 98304.000000 36864.000000 0.000000 28922.000000 102153.000000 36668.000000 188032.000000 121728.000000 58944.000000 0.000000 121824.000000 55904.000000 0.000000 0.000000 3072.000000 5885.000000 115623.000000 52009.000000 6144.000000 6544.000000 61440.000000 0.000000 15360.000000 51702.000000 0.000000 0.000000 0.000000 0.000000 0.000000 720.000000 
63
0.000000 25872.000000 3072.000000 72495.000000 9666.000000 9816.000000 229184.000000 165248.000000 98944.000000 33152.000000 0.000000 19944.000000 9216.000000 11673.000000 106268.000000 40783.000000 212608.000000 146304.000000 82368.000000 16576.000000 0.000000 0.000000 24576.000000 2058.000000 77328.000000 14499.000000 0.000000 0.000000 0.000000 0.000000 0.000000 92161.000000 30721.000000 0.000000 23742.000000 101778.000000 36293.000000 188928.000000 122624.000000 58944.000000 0.000000 121824.000000 57552.000000 0.000000 0.000000 3072.000000 5982.000000 115623.000000 52009.000000 6144.000000 6544.000000 61441.000000 0.000000 18432.000000 51716.000000 0.000000 0.000000 0.000000 0.000000 0.000000 480.000000 
64
0.000000 31801.000000 12288.000000 16303.000000 113377.000000 47892.000000 230080.000000 166144.000000 99840.000000 35520.000000 0.000000 24576.000000 9216.000000 12830.000000 107391.000000 41906.000000 214976.000000 151040.000000 84736.000000 21312.000000 0.000000 49152.000000 27648.000000 2744.000000 140694.000000 75209.000000 9724.000000 436480.000000 370176.000000 306240.000000 239936.000000 176000.000000 112512.000000 44992.000000 1728.000000 164322.000000 96660.000000 33831.000000 2400.000000 0.000000 14000.000000 73454.000000 1102960.000000 1039095.000000 974655.000000 910215.000000 845775.000000 781335.000000 716895.000000 652455.000000 588015.000000 523575.000000 459135.000000 394695.000000 322200.000000 257760.000000 193320.000000 128880.000000 64440.000000 0.000000 720.000000 
65
0.000000 31800.000000 9216.000000 16400.000000 113750.000000 48265.000000 230080.000000 166144.000000 99840.000000 35520.000000 0.000000 20052.000000 6144.000000 12637.000000 106643.000000 41158.000000 212608.000000 148672.000000 82368.000000 18944.000000 0.000000 49152.000000 27648.000000 2058.000000 140694.000000 75209.000000 8976.000000 435584.000000 369280.000000 305344.000000 239040.000000 175104.000000 111616.000000 44992.000000 1728.000000 164322.000000 96660.000000 33831.000000 2160.000000 0.000000 11200.000000 73454.000000 1102960.000000 1039095.000000 974655.000000 910215.000000 845775.000000 781335.000000 716895.000000 652455.000000 588015.000000 523575.000000 459135.000000 394695.000000 322200.000000 257760.000000 193320.000000 128880.000000 64440.000000 0.000000 720.000000 
66
0.000000 31800.000000 9216.000000 16400.000000 113750.000000 48265.000000 229184.000000 165248.000000 98944.000000 35520.000000 0.000000 19945.000000 6144.000000 12734.000000 106268.000000 40783.000000 212608.000000 148672.000000 82368.000000 18944.000000 0.000000 49152.000000 27648.000000 2744.000000 140694.000000 75209.000000 9724.000000 435584.000000 369280.000000 305344.000000 239040.000000 175104.000000 111616.000000 44992.000000 1728.000000 159489.000000 91827.000000 28998.000000 2160.000000 0.000000 11200.000000 73454.000000 1102960.000000 1039095.000000 974655.000000 910215.000000 845775.000000 781335.000000 716895.000000 652455.000000 588015.000000 523575.000000 459135.000000 394695.000000 322200.000000 257760.000000 193320.000000 128880.000000 64440.000000 0.000000 720.000000 
67
0.000000 31800.000000 9216.000000 16400.000000 113750.000000 48265.000000 229184.000000 165248.000000 98944.000000 33152.000000 0.000000 19944.000000 6144.000000 12734.000000 106268.000000 40783.000000 214080.000000 150144.000000 83840.000000 18944.000000 0.000000 49152.000000 24576.000000 2744.000000 140694.000000 75209.000000 9724.000000 435584.000000 369280.000000 305344.000000 239040.000000 175104.000000 111616.000000 44992.000000 1656.000000 159489.000000 91827.000000 28998.000000 2160.000000 0.000000 11200.000000 73454.000000 1102960.000000 1039095.000000 974655.000000 910215.000000 845775.000000 781335.000000 716895.000000 652455.000000 588015.000000 523575.000000 459135.000000 394695.000000 322200.000000 257760.000000 193320.000000 128880.000000 64440.000000 0.000000 480.000000 
68
0.000000 31801.000000 12288.000000 16303.000000 113377.000000 47892.000000 230080.000000 166144.000000 99840.000000 35520.000000 0.000000 24576.000000 9216.000000 11576.000000 107391.000000 41906.000000 214976.000000 148672.000000 84736.000000 18944.000000 0.000000 0.000000 27648.000000 2744.000000 264000.000000 202400.000000 132000.000000 70400.000000 8800.000000 0.000000 0.000000 49153.000000 0.000000 30720.000000 24126.000000 102901.000000 37416.000000 6380.000000 2880.000000 0.000000 11200.000000 112814.000000 45570.000000 0.000000 0.000000 6144.000000 900.000000 115998.000000 52384.000000 6144.000000 653824.000000 587520.000000 523584.000000 457280.000000 393344.000000 327040.000000 263104.000000 197248.000000 132608.000000 68672.000000 2368.000000 
69
0.000000 31800.000000 9216.000000 16400.000000 113750.000000 48265.000000 230080.000000 166144.000000 99840.000000 35520.000000 0.000000 19837.000000 9216.000000 11383.000000 106643.000000 41158.000000 212608.000000 146304.000000 82368.000000 16576.000000 0.000000 0.000000 27648.000000 2744.000000 264000.000000 202400.000000 132000.000000 70400.000000 8800.000000 0.000000 0.000000 49152.000000 0.000000 27648.000000 29402.000000 102901.000000 37416.000000 5800.000000 2640.000000 0.000000 8400.000000 112814.000000 45570.000000 0.000000 0.000000 6144.000000 900.000000 116371.000000 52757.000000 5120.000000 653824.000000 587520.000000 523584.000000 457280.000000 393344.000000 327040.000000 263104.000000 197248.000000 132608.000000 68672.000000 2368.000000 
70
0.000000 31800.000000 9216.000000 16400.000000 113750.000000 48265.000000 229184.000000 165248.000000 98944.000000 35520.000000 0.000000 19836.000000 12288.000000 11480.000000 106268.000000 40783.000000 212608.000000 146304.000000 82368.000000 16576.000000 0.000000 0.000000 27648.000000 3430.000000 264000.000000 202400.000000 132000.000000 70400.000000 8800.000000 0.000000 0.000000 49152.000000 0.000000 27648.000000 28922.000000 102153.000000 36668.000000 5800.000000 2640.000000 0.000000 8400.000000 114082.000000 47740.000000 0.000000 0.000000 3072.000000 0.000000 115623.000000 52009.000000 6144.000000 653824.000000 587520.000000 523584.000000 457280.000000 393344.000000 329408.000000 263104.000000 197248.000000 132608.000000 68672.000000 2368.000000 
71
0.000000 31800.000000 9216.000000 16400.000000 113750.000000 48265.000000 229184.000000 165248.000000 98944.000000 33152.000000 0.000000 19836.000000 12288.000000 11480.000000 106268.000000 40783.000000 214080.000000 147776.000000 83840.000000 18944.000000 0.000000 0.000000 24576.000000 3430.000000 264000.000000 202400.000000 132000.000000 70400.000000 8800.000000 0.000000 0.000000 49152.000000 0.000000 27648.000000 24126.000000 101778.000000 36293.000000 6380.000000 2640.000000 0.000000 8400.000000 114082.000000 47740.000000 0.000000 0.000000 3072.000000 0.000000 115623.000000 52009.000000 5120.000000 653824.000000 587520.000000 523584.000000 457280.000000 393344.000000 329408.000000 263104.000000 197248.000000 132608.000000 68672.000000 2368.000000 
72
0.000000 31801.000000 12288.000000 16303.000000 113377.000000 47892.000000 230080.000000 166144.000000 99840.000000 35520.000000 0.000000 24576.000000 9216.000000 12830.000000 106643.000000 41158.000000 214976.000000 151040.000000 84736.000000 18944.000000 0.000000 51712.000000 27648.000000 2058.000000 140694.000000 75209.000000 9724.000000 436480.000000 370176.000000 306240.000000 239936.000000 176000.000000 112512.000000 44992.000000 2736.000000 48330.000000 0.000000 5800.000000 2880.000000 0.000000 11200.000000 36864.000000 120175.000000 58331.000000 0.000000 6144.000000 246483.000000 183654.000000 115992.000000 53163.000000 6544.000000 110592.000000 49152.000000 0.000000 51717.000000 0.000000 0.000000 19600.000000 0.000000 0.000000 720.000000 
73
0.000000 31800.000000 9216.000000 16400.000000 113750.000000 48265.000000 230080.000000 166144.000000 99840.000000 35520.000000 0.000000 20052.000000 6144.000000 12637.000000 107016.000000 41531.000000 212608.000000 148672.000000 82368.000000 16576.000000 0.000000 51712.000000 27648.000000 2058.000000 140694.000000 75209.000000 9724.000000 435584.000000 369280.000000 305344.000000 239040.000000 175104.000000 111616.000000 44992.000000 2736.000000 48330.000000 0.000000 5800.000000 2640.000000 0.000000 8400.000000 33792.000000 126041.000000 66664.000000 0.000000 6144.000000 246483.000000 183654.000000 115992.000000 53163.000000 6544.000000 110592.000000 49152.000000 0.000000 51792.000000 0.000000 0.000000 19600.000000 0.000000 0.000000 720.000000 
74
0.000000 31800.000000 9216.000000 16400.000000 113750.000000 48265.000000 229184.000000 165248.000000 98944.000000 35520.000000 0.000000 19945.000000 6144.000000 12734.000000 106268.000000 40783.000000 212608.000000 148672.000000 82368.000000 16576.000000 0.000000 51200.000000 27648.000000 2744.000000 140694.000000 75209.000000 8976.000000 435584.000000 369280.000000 305344.000000 239040.000000 175104.000000 111616.000000 44992.000000 2736.000000 48330.000000 0.000000 5800.000000 2640.000000 0.000000 8400.000000 33792.000000 117708.000000 58331.000000 0.000000 3072.000000 241650.000000 178821.000000 111159.000000 48330.000000 9816.000000 110592.000000 49152.000000 0.000000 51702.000000 0.000000 0.000000 19600.000000 0.000000 0.000000 720.000000 
75
0.000000 31800.000000 9216.000000 16400.000000 113750.000000 48265.000000 229184.000000 165248.000000 98944.000000 33152.000000 0.000000 19944.000000 6144.000000 12734.000000 106268.000000 40783.000000 214080.000000 150144.000000 83840.000000 18944.000000 0.000000 51712.000000 24576.000000 2058.000000 139946.000000 74461.000000 8228.000000 435584.000000 369280.000000 305344.000000 239040.000000 175104.000000 111616.000000 44992.000000 2664.000000 43497.000000 0.000000 5800.000000 2640.000000 0.000000 8400.000000 33792.000000 117708.000000 58331.000000 0.000000 3072.000000 241650.000000 178821.000000 111159.000000 48330.000000 9816.000000 104450.000000 43010.000000 0.000000 51716.000000 0.000000 0.000000 19600.000000 0.000000 0.000000 480.000000 
76
0.000000 31801.000000 12288.000000 16303.000000 113377.000000 47892.000000 230080.000000 166144.000000 99840.000000 35520.000000 0.000000 24576.000000 9216.000000 12830.000000 106643.000000 41158.000000 214976.000000 151040.000000 84736.000000 18944.000000 0.000000 51200.000000 27648.000000 2744.000000 140694.000000 75209.000000 8976.000000 436480.000000 370176.000000 306240.000000 239936.000000 176000.000000 112512.000000 44992.000000 2160.000000 164322.000000 96660.000000 33831.000000 2160.000000 0.000000 11200.000000 36864.000000 120175.000000 58331.000000 0.000000 6144.000000 328644.000000 260982.000000 198153.000000 130491.000000 67662.000000 4833.000000 0.000000 21504.000000 51717.000000 0.000000 0.000000 16800.000000 3272.000000 0.000000 0.000000 
77
0.000000 31800.000000 9216.000000 16400.000000 113750.000000 48265.000000 230080.000000 166144.000000 99840.000000 35520.000000 0.000000 20052.000000 6144.000000 12637.000000 107016.000000 41531.000000 212608.000000 148672.000000 82368.000000 16576.000000 0.000000 51712.000000 27648.000000 2058.000000 140694.000000 75209.000000 9724.000000 435584.000000 369280.000000 305344.000000 239040.000000 175104.000000 111616.000000 44992.000000 2232.000000 164322.000000 96660.000000 33831.000000 2160.000000 0.000000 11200.000000 33792.000000 126041.000000 66664.000000 0.000000 6144.000000 328644.000000 260982.000000 198153.000000 130491.000000 67662.000000 4833.000000 0.000000 21504.000000 51792.000000 0.000000 0.000000 16800.000000 3272.000000 0.000000 0.000000 
78
0.000000 31800.000000 9216.000000 16400.000000 113750.000000 48265.000000 229184.000000 165248.000000 98944.000000 35520.000000 0.000000 19945.000000 6144.000000 12734.000000 106268.000000 40783.000000 212608.000000 148672.000000 82368.000000 16576.000000 0.000000 51200.000000 27648.000000 2744.000000 140694.000000 75209.000000 8976.000000 435584.000000 369280.000000 305344.000000 239040.000000 175104.000000 111616.000000 44992.000000 2160.000000 159489.000000 91827.000000 28998.000000 2160.000000 0.000000 11200.000000 33792.000000 117708.000000 58331.000000 0.000000 3072.000000 328644.000000 260982.000000 198153.000000 130491.000000 67662.000000 0.000000 0.000000 21504.000000 51702.000000 0.000000 0.000000 16800.000000 6544.000000 0.000000 0.000000 
79
0.000000 31800.000000 9216.000000 16400.000000 113750.000000 48265.000000 229184.000000 165248.000000 98944.000000 33152.000000 0.000000 19944.000000 6144.000000 12734.000000 106268.000000 40783.000000 214080.000000 150144.000000 83840.000000 18944.000000 0.000000 51712.000000 24576.000000 2058.000000 139946.000000 74461.000000 8228.000000 435584.000000 369280.000000 305344.000000 239040.000000 175104.000000 111616.000000 44992.000000 2160.000000 159489.000000 91827.000000 28998.000000 2160.000000 0.000000 11200.000000 33792.000000 126040.000000 66664.000000 0.000000 3072.000000 328644.000000 260982.000000 198153.000000 130491.000000 67662.000000 0.000000 0.000000 18432.000000 51716.000000 0.000000 0.000000 16800.000000 3272.000000 0.000000 0.000000 
