0
0.000000 939008.000000 542304.000000 91408.000000 44352.000000 0.000000 0.000000 0.000000 73948.000000 256.000000 0.000000 939009.000000 427776.000000 87040.000000 577536.000000 0.000000 337920.000000 433152.000000 18432.000000 320.000000 0.000000 962560.000000 311040.000000 311328.000000 0.000000 0.000000 0.000000 78780.000000 0.000000 22528.000000 0.000000 1344526.000000 0.000000 0.000000 133502.000000 28624.000000 0.000000 56064.000000 0.000000 0.000000 0.000000 1551262.000000 2491392.000000 0.000000 0.000000 420480.000000 384944.000000 0.000000 18432.000000 0.000000 0.000000 1256457.000000 0.000000 0.000000 150662.000000 337440.000000 0.000000 61296.000000 0.000000 0.000000 0.000000 
1
0.000000 939008.000000 542304.000000 91408.000000 44352.000000 0.000000 0.000000 0.000000 73948.000000 256.000000 0.000000 939009.000000 427776.000000 87040.000000 577536.000000 0.000000 337920.000000 433152.000000 18432.000000 320.000000 0.000000 962560.000000 311040.000000 311328.000000 0.000000 0.000000 0.000000 78780.000000 0.000000 22528.000000 0.000000 1344526.000000 0.000000 0.000000 133502.000000 28624.000000 0.000000 56064.000000 0.000000 0.000000 0.000000 1551262.000000 2491392.000000 0.000000 0.000000 420480.000000 384944.000000 0.000000 18432.000000 0.000000 0.000000 1256457.000000 0.000000 0.000000 150662.000000 337440.000000 0.000000 61296.000000 0.000000 0.000000 0.000000 
2
0.000000 939008.000000 542304.000000 91408.000000 44352.000000 0.000000 0.000000 0.000000 73948.000000 256.000000 0.000000 939009.000000 427776.000000 87040.000000 577536.000000 0.000000 337920.000000 433152.000000 18432.000000 320.000000 0.000000 962560.000000 311040.000000 311328.000000 0.000000 0.000000 0.000000 78780.000000 0.000000 22528.000000 0.000000 1344526.000000 0.000000 0.000000 133502.000000 28624.000000 0.000000 56064.000000 0.000000 0.000000 0.000000 1551262.000000 2491392.000000 0.000000 0.000000 420480.000000 384944.000000 0.000000 18432.000000 0.000000 0.000000 1256457.000000 0.000000 0.000000 150662.000000 337440.000000 0.000000 61296.000000 0.000000 0.000000 0.000000 
3
0.000000 939008.000000 542304.000000 91408.000000 44352.000000 0.000000 0.000000 0.000000 73948.000000 256.000000 0.000000 939009.000000 427776.000000 87040.000000 577536.000000 0.000000 337920.000000 433152.000000 18432.000000 320.000000 0.000000 962560.000000 311040.000000 311328.000000 0.000000 0.000000 0.000000 78780.000000 0.000000 22528.000000 0.000000 1344526.000000 0.000000 0.000000 133502.000000 28624.000000 0.000000 56064.000000 0.000000 0.000000 0.000000 1551262.000000 2491392.000000 0.000000 0.000000 420480.000000 384944.000000 0.000000 18432.000000 0.000000 0.000000 1256457.000000 0.000000 0.000000 150662.000000 337440.000000 0.000000 61296.000000 0.000000 0.000000 0.000000 
4
0.000000 939008.000000 542304.000000 91408.000000 42720.000000 0.000000 0.000000 0.000000 73948.000000 256.000000 0.000000 939009.000000 437760.000000 84832.000000 35808.000000 0.000000 136064.000000 0.000000 0.000000 0.000000 0.000000 873472.000000 311040.000000 130336.000000 38752.000000 0.000000 0.000000 122880.000000 0.000000 22528.000000 0.000000 1352704.000000 0.000000 564064.000000 132662.000000 28576.000000 0.000000 56064.000000 0.000000 0.000000 0.000000 67102.000000 39168.000000 0.000000 0.000000 831360.000000 1861288.000000 33024.000000 18432.000000 0.000000 9728.000000 1451008.000000 0.000000 638880.000000 121502.000000 369024.000000 0.000000 44128.000000 0.000000 0.000000 114848.000000 
5
0.000000 939008.000000 542304.000000 91408.000000 42720.000000 0.000000 0.000000 0.000000 73948.000000 256.000000 0.000000 939009.000000 437760.000000 84832.000000 35808.000000 0.000000 136064.000000 0.000000 0.000000 0.000000 0.000000 873472.000000 311040.000000 130336.000000 38752.000000 0.000000 0.000000 122880.000000 0.000000 22528.000000 0.000000 1352704.000000 0.000000 564064.000000 132662.000000 28576.000000 0.000000 56064.000000 0.000000 0.000000 0.000000 67102.000000 39168.000000 0.000000 0.000000 831360.000000 1861288.000000 33024.000000 18432.000000 0.000000 9728.000000 1451008.000000 0.000000 638880.000000 121502.000000 369024.000000 0.000000 44128.000000 0.000000 0.000000 114848.000000 
6
0.000000 939008.000000 542304.000000 91408.000000 42720.000000 0.000000 0.000000 0.000000 73948.000000 256.000000 0.000000 939009.000000 437760.000000 84832.000000 35808.000000 0.000000 136064.000000 0.000000 0.000000 0.000000 0.000000 873472.000000 311040.000000 130336.000000 38752.000000 0.000000 0.000000 122880.000000 0.000000 22528.000000 0.000000 1352704.000000 0.000000 564064.000000 132662.000000 28576.000000 0.000000 56064.000000 0.000000 0.000000 0.000000 67102.000000 39168.000000 0.000000 0.000000 831360.000000 1861288.000000 33024.000000 18432.000000 0.000000 9728.000000 1451008.000000 0.000000 638880.000000 121502.000000 369024.000000 0.000000 44128.000000 0.000000 0.000000 114848.000000 
7
0.000000 939008.000000 542304.000000 91408.000000 42720.000000 0.000000 0.000000 0.000000 73948.000000 256.000000 0.000000 939009.000000 437760.000000 84832.000000 35808.000000 0.000000 136064.000000 0.000000 0.000000 0.000000 0.000000 873472.000000 311040.000000 130336.000000 38752.000000 0.000000 0.000000 122880.000000 0.000000 22528.000000 0.000000 1352704.000000 0.000000 564064.000000 132662.000000 28576.000000 0.000000 56064.000000 0.000000 0.000000 0.000000 67102.000000 39168.000000 0.000000 0.000000 831360.000000 1861288.000000 33024.000000 18432.000000 0.000000 9728.000000 1451008.000000 0.000000 638880.000000 121502.000000 369024.000000 0.000000 44128.000000 0.000000 0.000000 114848.000000 
8
0.000000 939008.000000 542304.000000 91392.000000 42624.000000 0.000000 0.000000 0.000000 73948.000000 256.000000 0.000000 946177.000000 357888.000000 336128.000000 0.000000 0.000000 152960.000000 0.000000 0.000000 0.000000 0.000000 962560.000000 311040.000000 94496.000000 190944.000000 0.000000 0.000000 78780.000000 0.000000 22016.000000 0.000000 3298048.000000 0.000000 564000.000000 133142.000000 28576.000000 0.000000 55936.000000 0.000000 0.000000 0.000000 1028962.000000 0.000000 0.000000 0.000000 831360.000000 113704.000000 38016.000000 0.000000 34304.000000 97792.000000 0.000000 0.000000 0.000000 0.000000 0.000000 0.000000 0.000000 0.000000 0.000000 0.000000 
9
0.000000 939008.000000 542304.000000 91392.000000 42624.000000 0.000000 0.000000 0.000000 73948.000000 256.000000 0.000000 946177.000000 357888.000000 336128.000000 0.000000 0.000000 152960.000000 0.000000 0.000000 0.000000 0.000000 962560.000000 311040.000000 94496.000000 190944.000000 0.000000 0.000000 78780.000000 0.000000 22016.000000 0.000000 3298048.000000 0.000000 564000.000000 133142.000000 28576.000000 0.000000 55936.000000 0.000000 0.000000 0.000000 1028962.000000 0.000000 0.000000 0.000000 831360.000000 113704.000000 38016.000000 0.000000 34304.000000 97792.000000 0.000000 0.000000 0.000000 0.000000 0.000000 0.000000 0.000000 0.000000 0.000000 0.000000 
10
0.000000 939008.000000 542304.000000 91392.000000 42624.000000 0.000000 0.000000 0.000000 73948.000000 256.000000 0.000000 946177.000000 357888.000000 336128.000000 0.000000 0.000000 152960.000000 0.000000 0.000000 0.000000 0.000000 962560.000000 311040.000000 94496.000000 190944.000000 0.000000 0.000000 78780.000000 0.000000 22016.000000 0.000000 3298048.000000 0.000000 564000.000000 133142.000000 28576.000000 0.000000 55936.000000 0.000000 0.000000 0.000000 1028962.000000 0.000000 0.000000 0.000000 831360.000000 113704.000000 38016.000000 0.000000 34304.000000 97792.000000 0.000000 0.000000 0.000000 0.000000 0.000000 0.000000 0.000000 0.000000 0.000000 0.000000 
11
0.000000 939008.000000 542304.000000 91392.000000 42624.000000 0.000000 0.000000 0.000000 73948.000000 256.000000 0.000000 946177.000000 357888.000000 336128.000000 0.000000 0.000000 152960.000000 0.000000 0.000000 0.000000 0.000000 962560.000000 311040.000000 94496.000000 190944.000000 0.000000 0.000000 78780.000000 0.000000 22016.000000 0.000000 3298048.000000 0.000000 564000.000000 133142.000000 28576.000000 0.000000 55936.000000 0.000000 0.000000 0.000000 1028962.000000 0.000000 0.000000 0.000000 831360.000000 113704.000000 38016.000000 0.000000 34304.000000 97792.000000 0.000000 0.000000 0.000000 0.000000 0.000000 0.000000 0.000000 0.000000 0.000000 0.000000 
12
0.000000 906240.000000 542304.000000 345472.000000 0.000000 6144.000000 22528.000000 0.000000 250780.000000 256.000000 0.000000 946177.000000 510048.000000 84832.000000 35808.000000 0.000000 30208.000000 459264.000000 18432.000000 320.000000 0.000000 962560.000000 311040.000000 94616.000000 190944.000000 0.000000 0.000000 78780.000000 0.000000 11264.000000 0.000000 3298048.000000 0.000000 564000.000000 132662.000000 28576.000000 0.000000 55936.000000 0.000000 0.000000 0.000000 1069922.000000 0.000000 0.000000 0.000000 831360.000000 113704.000000 32608.000000 0.000000 4608.000000 40772.000000 2945920.000000 0.000000 208512.000000 115982.000000 486240.000000 0.000000 18432.000000 20480.000000 7168.000000 114848.000000 
13
0.000000 906240.000000 542304.000000 345472.000000 0.000000 6144.000000 22528.000000 0.000000 250780.000000 256.000000 0.000000 946177.000000 510048.000000 84832.000000 35808.000000 0.000000 30208.000000 459264.000000 18432.000000 320.000000 0.000000 962560.000000 311040.000000 94616.000000 190944.000000 0.000000 0.000000 78780.000000 0.000000 11264.000000 0.000000 3298048.000000 0.000000 564000.000000 132662.000000 28576.000000 0.000000 55936.000000 0.000000 0.000000 0.000000 1069922.000000 0.000000 0.000000 0.000000 831360.000000 113704.000000 32608.000000 0.000000 4608.000000 40772.000000 2945920.000000 0.000000 208512.000000 115982.000000 486240.000000 0.000000 18432.000000 20480.000000 7168.000000 114848.000000 
14
0.000000 906240.000000 542304.000000 345472.000000 0.000000 6144.000000 22528.000000 0.000000 250780.000000 256.000000 0.000000 946177.000000 510048.000000 84832.000000 35808.000000 0.000000 30208.000000 459264.000000 18432.000000 320.000000 0.000000 962560.000000 311040.000000 94616.000000 190944.000000 0.000000 0.000000 78780.000000 0.000000 11264.000000 0.000000 3298048.000000 0.000000 564000.000000 132662.000000 28576.000000 0.000000 55936.000000 0.000000 0.000000 0.000000 1069922.000000 0.000000 0.000000 0.000000 831360.000000 113704.000000 32608.000000 0.000000 4608.000000 40772.000000 2945920.000000 0.000000 208512.000000 115982.000000 486240.000000 0.000000 18432.000000 20480.000000 7168.000000 114848.000000 
15
0.000000 906240.000000 542304.000000 345472.000000 0.000000 6144.000000 22528.000000 0.000000 250780.000000 256.000000 0.000000 946177.000000 510048.000000 84832.000000 35808.000000 0.000000 30208.000000 459264.000000 18432.000000 320.000000 0.000000 962560.000000 311040.000000 94616.000000 190944.000000 0.000000 0.000000 78780.000000 0.000000 11264.000000 0.000000 3298048.000000 0.000000 564000.000000 132662.000000 28576.000000 0.000000 55936.000000 0.000000 0.000000 0.000000 1069922.000000 0.000000 0.000000 0.000000 831360.000000 113704.000000 32608.000000 0.000000 4608.000000 40772.000000 2945920.000000 0.000000 208512.000000 115982.000000 486240.000000 0.000000 18432.000000 20480.000000 7168.000000 114848.000000 
16
0.000000 939008.000000 542304.000000 75552.000000 43888.000000 0.000000 0.000000 0.000000 73948.000000 256.000000 0.000000 946177.000000 419424.000000 122592.000000 262144.000000 12288.000000 0.000000 29696.000000 0.000000 320.000000 0.000000 962560.000000 311040.000000 80832.000000 38848.000000 0.000000 0.000000 124416.000000 0.000000 21504.000000 0.000000 1327104.000000 0.000000 572032.000000 121070.000000 28720.000000 0.000000 55936.000000 0.000000 0.000000 0.000000 1535842.000000 2491392.000000 0.000000 0.000000 831360.000000 113704.000000 37888.000000 0.000000 33792.000000 97792.000000 0.000000 0.000000 0.000000 0.000000 0.000000 0.000000 0.000000 0.000000 0.000000 0.000000 
17
0.000000 939008.000000 542304.000000 75552.000000 43888.000000 0.000000 0.000000 0.000000 73948.000000 256.000000 0.000000 946177.000000 419424.000000 122592.000000 262144.000000 12288.000000 0.000000 29696.000000 0.000000 320.000000 0.000000 962560.000000 311040.000000 80832.000000 38848.000000 0.000000 0.000000 124416.000000 0.000000 21504.000000 0.000000 1327104.000000 0.000000 572032.000000 121070.000000 28720.000000 0.000000 55936.000000 0.000000 0.000000 0.000000 1535842.000000 2491392.000000 0.000000 0.000000 831360.000000 113704.000000 37888.000000 0.000000 33792.000000 97792.000000 0.000000 0.000000 0.000000 0.000000 0.000000 0.000000 0.000000 0.000000 0.000000 0.000000 
18
0.000000 939008.000000 542304.000000 75552.000000 43888.000000 0.000000 0.000000 0.000000 73948.000000 256.000000 0.000000 946177.000000 419424.000000 122592.000000 262144.000000 12288.000000 0.000000 29696.000000 0.000000 320.000000 0.000000 962560.000000 311040.000000 80832.000000 38848.000000 0.000000 0.000000 124416.000000 0.000000 21504.000000 0.000000 1327104.000000 0.000000 572032.000000 121070.000000 28720.000000 0.000000 55936.000000 0.000000 0.000000 0.000000 1535842.000000 2491392.000000 0.000000 0.000000 831360.000000 113704.000000 37888.000000 0.000000 33792.000000 97792.000000 0.000000 0.000000 0.000000 0.000000 0.000000 0.000000 0.000000 0.000000 0.000000 0.000000 
19
0.000000 939008.000000 542304.000000 75552.000000 43888.000000 0.000000 0.000000 0.000000 73948.000000 256.000000 0.000000 946177.000000 419424.000000 122592.000000 262144.000000 12288.000000 0.000000 29696.000000 0.000000 320.000000 0.000000 962560.000000 311040.000000 80832.000000 38848.000000 0.000000 0.000000 124416.000000 0.000000 21504.000000 0.000000 1327104.000000 0.000000 572032.000000 121070.000000 28720.000000 0.000000 55936.000000 0.000000 0.000000 0.000000 1535842.000000 2491392.000000 0.000000 0.000000 831360.000000 113704.000000 37888.000000 0.000000 33792.000000 97792.000000 0.000000 0.000000 0.000000 0.000000 0.000000 0.000000 0.000000 0.000000 0.000000 0.000000 
20
0.000000 939008.000000 542304.000000 738831.000000 196608.000000 26112.000000 16384.000000 0.000000 271708.000000 256.000000 0.000000 946177.000000 512544.000000 715714.000000 35280.000000 0.000000 136064.000000 0.000000 0.000000 0.000000 0.000000 889856.000000 311040.000000 682402.000000 288768.000000 0.000000 0.000000 78780.000000 0.000000 21504.000000 0.000000 3302912.000000 0.000000 564096.000000 134750.000000 28480.000000 0.000000 55936.000000 0.000000 0.000000 0.000000 1102690.000000 0.000000 0.000000 0.000000 831072.000000 113584.000000 27600.000000 0.000000 6144.000000 51012.000000 2912768.000000 0.000000 630528.000000 150542.000000 361920.000000 0.000000 59280.000000 0.000000 0.000000 0.000000 
21
0.000000 939008.000000 542304.000000 738831.000000 196608.000000 26112.000000 16384.000000 0.000000 271708.000000 256.000000 0.000000 946177.000000 512544.000000 715714.000000 35280.000000 0.000000 136064.000000 0.000000 0.000000 0.000000 0.000000 889856.000000 311040.000000 682402.000000 288768.000000 0.000000 0.000000 78780.000000 0.000000 21504.000000 0.000000 3302912.000000 0.000000 564096.000000 134750.000000 28480.000000 0.000000 55936.000000 0.000000 0.000000 0.000000 1102690.000000 0.000000 0.000000 0.000000 831072.000000 113584.000000 27600.000000 0.000000 6144.000000 51012.000000 2912768.000000 0.000000 630528.000000 150542.000000 361920.000000 0.000000 59280.000000 0.000000 0.000000 0.000000 
22
0.000000 939008.000000 542304.000000 738831.000000 196608.000000 26112.000000 16384.000000 0.000000 271708.000000 256.000000 0.000000 946177.000000 512544.000000 715714.000000 35280.000000 0.000000 136064.000000 0.000000 0.000000 0.000000 0.000000 889856.000000 311040.000000 682402.000000 288768.000000 0.000000 0.000000 78780.000000 0.000000 21504.000000 0.000000 3302912.000000 0.000000 564096.000000 134750.000000 28480.000000 0.000000 55936.000000 0.000000 0.000000 0.000000 1102690.000000 0.000000 0.000000 0.000000 831072.000000 113584.000000 27600.000000 0.000000 6144.000000 51012.000000 2912768.000000 0.000000 630528.000000 150542.000000 361920.000000 0.000000 59280.000000 0.000000 0.000000 0.000000 
23
0.000000 939008.000000 542304.000000 738831.000000 196608.000000 26112.000000 16384.000000 0.000000 271708.000000 256.000000 0.000000 946177.000000 512544.000000 715714.000000 35280.000000 0.000000 136064.000000 0.000000 0.000000 0.000000 0.000000 889856.000000 311040.000000 682402.000000 288768.000000 0.000000 0.000000 78780.000000 0.000000 21504.000000 0.000000 3302912.000000 0.000000 564096.000000 134750.000000 28480.000000 0.000000 55936.000000 0.000000 0.000000 0.000000 1102690.000000 0.000000 0.000000 0.000000 831072.000000 113584.000000 27600.000000 0.000000 6144.000000 51012.000000 2912768.000000 0.000000 630528.000000 150542.000000 361920.000000 0.000000 59280.000000 0.000000 0.000000 0.000000 
24
0.000000 939008.000000 542304.000000 738831.000000 196608.000000 26112.000000 16384.000000 0.000000 271704.000000 256.000000 0.000000 937985.000000 512544.000000 630927.000000 104448.000000 12288.000000 0.000000 19456.000000 0.000000 320.000000 0.000000 962560.000000 311040.000000 671223.000000 288768.000000 0.000000 0.000000 204728.000000 0.000000 21504.000000 0.000000 1328128.000000 0.000000 572128.000000 134990.000000 26928.000000 0.000000 55936.000000 0.000000 0.000000 0.000000 1564528.000000 74752.000000 0.000000 0.000000 0.000000 112912.000000 24528.000000 0.000000 6144.000000 51524.000000 1476608.000000 0.000000 637056.000000 151910.000000 1494208.000000 0.000000 0.000000 0.000000 10752.000000 114336.000000 
25
0.000000 939008.000000 542304.000000 738831.000000 196608.000000 26112.000000 16384.000000 0.000000 271704.000000 256.000000 0.000000 937985.000000 512544.000000 630927.000000 104448.000000 12288.000000 0.000000 19456.000000 0.000000 320.000000 0.000000 962560.000000 311040.000000 671223.000000 288768.000000 0.000000 0.000000 204728.000000 0.000000 21504.000000 0.000000 1328128.000000 0.000000 572128.000000 134990.000000 26928.000000 0.000000 55936.000000 0.000000 0.000000 0.000000 1564528.000000 74752.000000 0.000000 0.000000 0.000000 112912.000000 24528.000000 0.000000 6144.000000 51524.000000 1476608.000000 0.000000 637056.000000 151910.000000 1494208.000000 0.000000 0.000000 0.000000 10752.000000 114336.000000 
26
0.000000 939008.000000 542304.000000 738831.000000 196608.000000 26112.000000 16384.000000 0.000000 271704.000000 256.000000 0.000000 937985.000000 512544.000000 630927.000000 104448.000000 12288.000000 0.000000 19456.000000 0.000000 320.000000 0.000000 962560.000000 311040.000000 671223.000000 288768.000000 0.000000 0.000000 204728.000000 0.000000 21504.000000 0.000000 1328128.000000 0.000000 572128.000000 134990.000000 26928.000000 0.000000 55936.000000 0.000000 0.000000 0.000000 1564528.000000 74752.000000 0.000000 0.000000 0.000000 112912.000000 24528.000000 0.000000 6144.000000 51524.000000 1476608.000000 0.000000 637056.000000 151910.000000 1494208.000000 0.000000 0.000000 0.000000 10752.000000 114336.000000 
27
0.000000 939008.000000 542304.000000 738831.000000 196608.000000 26112.000000 16384.000000 0.000000 271704.000000 256.000000 0.000000 937985.000000 512544.000000 630927.000000 104448.000000 12288.000000 0.000000 19456.000000 0.000000 320.000000 0.000000 962560.000000 311040.000000 671223.000000 288768.000000 0.000000 0.000000 204728.000000 0.000000 21504.000000 0.000000 1328128.000000 0.000000 572128.000000 134990.000000 26928.000000 0.000000 55936.000000 0.000000 0.000000 0.000000 1564528.000000 74752.000000 0.000000 0.000000 0.000000 112912.000000 24528.000000 0.000000 6144.000000 51524.000000 1476608.000000 0.000000 637056.000000 151910.000000 1494208.000000 0.000000 0.000000 0.000000 10752.000000 114336.000000 
28
0.000000 939008.000000 542304.000000 737218.000000 441856.000000 29184.000000 23040.000000 0.000000 269952.000000 256.000000 0.000000 937985.000000 486048.000000 660495.000000 104448.000000 12288.000000 0.000000 19456.000000 14848.000000 256.000000 0.000000 962560.000000 311040.000000 686391.000000 446464.000000 0.000000 0.000000 203192.000000 0.000000 21504.000000 0.000000 1344512.000000 0.000000 572128.000000 134750.000000 28624.000000 0.000000 55936.000000 0.000000 0.000000 0.000000 1548130.000000 2475008.000000 0.000000 0.000000 2784.000000 367464.000000 0.000000 0.000000 6144.000000 40772.000000 2925184.000000 0.000000 32256.000000 118190.000000 8448.000000 0.000000 18432.000000 20480.000000 7168.000000 114336.000000 
29
0.000000 939008.000000 542304.000000 737218.000000 441856.000000 29184.000000 23040.000000 0.000000 269952.000000 256.000000 0.000000 937985.000000 486048.000000 660495.000000 104448.000000 12288.000000 0.000000 19456.000000 14848.000000 256.000000 0.000000 962560.000000 311040.000000 686391.000000 446464.000000 0.000000 0.000000 203192.000000 0.000000 21504.000000 0.000000 1344512.000000 0.000000 572128.000000 134750.000000 28624.000000 0.000000 55936.000000 0.000000 0.000000 0.000000 1548130.000000 2475008.000000 0.000000 0.000000 2784.000000 367464.000000 0.000000 0.000000 6144.000000 40772.000000 2925184.000000 0.000000 32256.000000 118190.000000 8448.000000 0.000000 18432.000000 20480.000000 7168.000000 114336.000000 
30
0.000000 939008.000000 542304.000000 737218.000000 441856.000000 29184.000000 23040.000000 0.000000 269952.000000 256.000000 0.000000 937985.000000 486048.000000 660495.000000 104448.000000 12288.000000 0.000000 19456.000000 14848.000000 256.000000 0.000000 962560.000000 311040.000000 686391.000000 446464.000000 0.000000 0.000000 203192.000000 0.000000 21504.000000 0.000000 1344512.000000 0.000000 572128.000000 134750.000000 28624.000000 0.000000 55936.000000 0.000000 0.000000 0.000000 1548130.000000 2475008.000000 0.000000 0.000000 2784.000000 367464.000000 0.000000 0.000000 6144.000000 40772.000000 2925184.000000 0.000000 32256.000000 118190.000000 8448.000000 0.000000 18432.000000 20480.000000 7168.000000 114336.000000 
31
0.000000 939008.000000 542304.000000 737218.000000 441856.000000 29184.000000 23040.000000 0.000000 269952.000000 256.000000 0.000000 937985.000000 486048.000000 660495.000000 104448.000000 12288.000000 0.000000 19456.000000 14848.000000 256.000000 0.000000 962560.000000 311040.000000 686391.000000 446464.000000 0.000000 0.000000 203192.000000 0.000000 21504.000000 0.000000 1344512.000000 0.000000 572128.000000 134750.000000 28624.000000 0.000000 55936.000000 0.000000 0.000000 0.000000 1548130.000000 2475008.000000 0.000000 0.000000 2784.000000 367464.000000 0.000000 0.000000 6144.000000 40772.000000 2925184.000000 0.000000 32256.000000 118190.000000 8448.000000 0.000000 18432.000000 20480.000000 7168.000000 114336.000000 
32
0.000000 946176.000000 739008.000000 201680.000000 0.000000 8960.000000 63104.000000 0.000000 0.000000 0.000000 0.000000 937985.000000 331968.000000 110848.000000 35280.000000 0.000000 136064.000000 0.000000 0.000000 0.000000 0.000000 922624.000000 311040.000000 97352.000000 35056.000000 0.000000 0.000000 167680.000000 0.000000 0.000000 0.000000 0.000000 0.000000 0.000000 133632.000000 680750.000000 0.000000 50304.000000 0.000000 0.000000 0.000000 1028128.000000 0.000000 0.000000 0.000000 831360.000000 371785.000000 262144.000000 0.000000 6144.000000 40732.000000 2905600.000000 0.000000 294240.000000 118190.000000 120768.000000 0.000000 58208.000000 0.000000 0.000000 0.000000 
33
0.000000 946176.000000 739008.000000 201680.000000 0.000000 8960.000000 63104.000000 0.000000 0.000000 0.000000 0.000000 937985.000000 331968.000000 110848.000000 35280.000000 0.000000 136064.000000 0.000000 0.000000 0.000000 0.000000 922624.000000 311040.000000 97352.000000 35056.000000 0.000000 0.000000 167680.000000 0.000000 0.000000 0.000000 0.000000 0.000000 0.000000 133632.000000 680750.000000 0.000000 50304.000000 0.000000 0.000000 0.000000 1028128.000000 0.000000 0.000000 0.000000 831360.000000 371785.000000 262144.000000 0.000000 6144.000000 40732.000000 2905600.000000 0.000000 294240.000000 118190.000000 120768.000000 0.000000 58208.000000 0.000000 0.000000 0.000000 
34
0.000000 946176.000000 739008.000000 201680.000000 0.000000 8960.000000 63104.000000 0.000000 0.000000 0.000000 0.000000 937985.000000 331968.000000 110848.000000 35280.000000 0.000000 136064.000000 0.000000 0.000000 0.000000 0.000000 922624.000000 311040.000000 97352.000000 35056.000000 0.000000 0.000000 167680.000000 0.000000 0.000000 0.000000 0.000000 0.000000 0.000000 133632.000000 680750.000000 0.000000 50304.000000 0.000000 0.000000 0.000000 1028128.000000 0.000000 0.000000 0.000000 831360.000000 371785.000000 262144.000000 0.000000 6144.000000 40732.000000 2905600.000000 0.000000 294240.000000 118190.000000 120768.000000 0.000000 58208.000000 0.000000 0.000000 0.000000 
35
0.000000 946176.000000 739008.000000 201680.000000 0.000000 8960.000000 63104.000000 0.000000 0.000000 0.000000 0.000000 937985.000000 331968.000000 110848.000000 35280.000000 0.000000 136064.000000 0.000000 0.000000 0.000000 0.000000 922624.000000 311040.000000 97352.000000 35056.000000 0.000000 0.000000 167680.000000 0.000000 0.000000 0.000000 0.000000 0.000000 0.000000 133632.000000 680750.000000 0.000000 50304.000000 0.000000 0.000000 0.000000 1028128.000000 0.000000 0.000000 0.000000 831360.000000 371785.000000 262144.000000 0.000000 6144.000000 40732.000000 2905600.000000 0.000000 294240.000000 118190.000000 120768.000000 0.000000 58208.000000 0.000000 0.000000 0.000000 
36
0.000000 946176.000000 739008.000000 201680.000000 0.000000 8960.000000 63104.000000 0.000000 0.000000 0.000000 0.000000 937985.000000 331968.000000 110728.000000 35280.000000 0.000000 136064.000000 0.000000 0.000000 0.000000 0.000000 922624.000000 311040.000000 97352.000000 35920.000000 0.000000 0.000000 167584.000000 0.000000 0.000000 0.000000 0.000000 0.000000 0.000000 133632.000000 647573.000000 24576.000000 50304.000000 0.000000 0.000000 0.000000 1101856.000000 0.000000 0.000000 0.000000 827616.000000 115081.000000 28464.000000 0.000000 6144.000000 47388.000000 1468416.000000 0.000000 637344.000000 123710.000000 120768.000000 0.000000 46784.000000 0.000000 0.000000 84480.000000 
37
0.000000 946176.000000 739008.000000 201680.000000 0.000000 8960.000000 63104.000000 0.000000 0.000000 0.000000 0.000000 937985.000000 331968.000000 110728.000000 35280.000000 0.000000 136064.000000 0.000000 0.000000 0.000000 0.000000 922624.000000 311040.000000 97352.000000 35920.000000 0.000000 0.000000 167584.000000 0.000000 0.000000 0.000000 0.000000 0.000000 0.000000 133632.000000 647573.000000 24576.000000 50304.000000 0.000000 0.000000 0.000000 1101856.000000 0.000000 0.000000 0.000000 827616.000000 115081.000000 28464.000000 0.000000 6144.000000 47388.000000 1468416.000000 0.000000 637344.000000 123710.000000 120768.000000 0.000000 46784.000000 0.000000 0.000000 84480.000000 
38
0.000000 946176.000000 739008.000000 201680.000000 0.000000 8960.000000 63104.000000 0.000000 0.000000 0.000000 0.000000 937985.000000 331968.000000 110728.000000 35280.000000 0.000000 136064.000000 0.000000 0.000000 0.000000 0.000000 922624.000000 311040.000000 97352.000000 35920.000000 0.000000 0.000000 167584.000000 0.000000 0.000000 0.000000 0.000000 0.000000 0.000000 133632.000000 647573.000000 24576.000000 50304.000000 0.000000 0.000000 0.000000 1101856.000000 0.000000 0.000000 0.000000 827616.000000 115081.000000 28464.000000 0.000000 6144.000000 47388.000000 1468416.000000 0.000000 637344.000000 123710.000000 120768.000000 0.000000 46784.000000 0.000000 0.000000 84480.000000 
39
0.000000 946176.000000 739008.000000 201680.000000 0.000000 8960.000000 63104.000000 0.000000 0.000000 0.000000 0.000000 937985.000000 331968.000000 110728.000000 35280.000000 0.000000 136064.000000 0.000000 0.000000 0.000000 0.000000 922624.000000 311040.000000 97352.000000 35920.000000 0.000000 0.000000 167584.000000 0.000000 0.000000 0.000000 0.000000 0.000000 0.000000 133632.000000 647573.000000 24576.000000 50304.000000 0.000000 0.000000 0.000000 1101856.000000 0.000000 0.000000 0.000000 827616.000000 115081.000000 28464.000000 0.000000 6144.000000 47388.000000 1468416.000000 0.000000 637344.000000 123710.000000 120768.000000 0.000000 46784.000000 0.000000 0.000000 84480.000000 
40
0.000000 946176.000000 739008.000000 201680.000000 0.000000 8704.000000 62592.000000 0.000000 0.000000 0.000000 0.000000 939009.000000 1365216.000000 296688.000000 0.000000 0.000000 75648.000000 0.000000 0.000000 0.000000 0.000000 922624.000000 311040.000000 97352.000000 39760.000000 0.000000 0.000000 70808.000000 0.000000 21504.000000 0.000000 1328128.000000 0.000000 572128.000000 134750.000000 28608.000000 0.000000 55680.000000 0.000000 0.000000 0.000000 62512.000000 0.000000 1120.000000 0.000000 827904.000000 115066.000000 36720.000000 0.000000 33792.000000 97408.000000 0.000000 0.000000 0.000000 0.000000 0.000000 0.000000 0.000000 0.000000 0.000000 0.000000 
41
0.000000 946176.000000 739008.000000 201680.000000 0.000000 8704.000000 62592.000000 0.000000 0.000000 0.000000 0.000000 939009.000000 1365216.000000 296688.000000 0.000000 0.000000 75648.000000 0.000000 0.000000 0.000000 0.000000 922624.000000 311040.000000 97352.000000 39760.000000 0.000000 0.000000 70808.000000 0.000000 21504.000000 0.000000 1328128.000000 0.000000 572128.000000 134750.000000 28608.000000 0.000000 55680.000000 0.000000 0.000000 0.000000 62512.000000 0.000000 1120.000000 0.000000 827904.000000 115066.000000 36720.000000 0.000000 33792.000000 97408.000000 0.000000 0.000000 0.000000 0.000000 0.000000 0.000000 0.000000 0.000000 0.000000 0.000000 
42
0.000000 946176.000000 739008.000000 201680.000000 0.000000 8704.000000 62592.000000 0.000000 0.000000 0.000000 0.000000 939009.000000 1365216.000000 296688.000000 0.000000 0.000000 75648.000000 0.000000 0.000000 0.000000 0.000000 922624.000000 311040.000000 97352.000000 39760.000000 0.000000 0.000000 70808.000000 0.000000 21504.000000 0.000000 1328128.000000 0.000000 572128.000000 134750.000000 28608.000000 0.000000 55680.000000 0.000000 0.000000 0.000000 62512.000000 0.000000 1120.000000 0.000000 827904.000000 115066.000000 36720.000000 0.000000 33792.000000 97408.000000 0.000000 0.000000 0.000000 0.000000 0.000000 0.000000 0.000000 0.000000 0.000000 0.000000 
43
0.000000 946176.000000 739008.000000 201680.000000 0.000000 8704.000000 62592.000000 0.000000 0.000000 0.000000 0.000000 939009.000000 1365216.000000 296688.000000 0.000000 0.000000 75648.000000 0.000000 0.000000 0.000000 0.000000 922624.000000 311040.000000 97352.000000 39760.000000 0.000000 0.000000 70808.000000 0.000000 21504.000000 0.000000 1328128.000000 0.000000 572128.000000 134750.000000 28608.000000 0.000000 55680.000000 0.000000 0.000000 0.000000 62512.000000 0.000000 1120.000000 0.000000 827904.000000 115066.000000 36720.000000 0.000000 33792.000000 97408.000000 0.000000 0.000000 0.000000 0.000000 0.000000 0.000000 0.000000 0.000000 0.000000 0.000000 
44
0.000000 946176.000000 739008.000000 201680.000000 0.000000 8704.000000 62592.000000 0.000000 0.000000 0.000000 0.000000 939009.000000 1365216.000000 296688.000000 0.000000 0.000000 75520.000000 0.000000 0.000000 0.000000 0.000000 922624.000000 311040.000000 97352.000000 39760.000000 0.000000 0.000000 70808.000000 0.000000 21504.000000 0.000000 1328128.000000 0.000000 572128.000000 134750.000000 28704.000000 0.000000 55168.000000 0.000000 0.000000 0.000000 62256.000000 0.000000 1120.000000 0.000000 827904.000000 115186.000000 36816.000000 0.000000 33792.000000 79640.000000 1460224.000000 0.000000 637248.000000 138230.000000 120768.000000 0.000000 46976.000000 0.000000 0.000000 44544.000000 
45
0.000000 946176.000000 739008.000000 201680.000000 0.000000 8704.000000 62592.000000 0.000000 0.000000 0.000000 0.000000 939009.000000 1365216.000000 296688.000000 0.000000 0.000000 75520.000000 0.000000 0.000000 0.000000 0.000000 922624.000000 311040.000000 97352.000000 39760.000000 0.000000 0.000000 70808.000000 0.000000 21504.000000 0.000000 1328128.000000 0.000000 572128.000000 134750.000000 28704.000000 0.000000 55168.000000 0.000000 0.000000 0.000000 62256.000000 0.000000 1120.000000 0.000000 827904.000000 115186.000000 36816.000000 0.000000 33792.000000 79640.000000 1460224.000000 0.000000 637248.000000 138230.000000 120768.000000 0.000000 46976.000000 0.000000 0.000000 44544.000000 
46
0.000000 946176.000000 739008.000000 201680.000000 0.000000 8704.000000 62592.000000 0.000000 0.000000 0.000000 0.000000 939009.000000 1365216.000000 296688.000000 0.000000 0.000000 75520.000000 0.000000 0.000000 0.000000 0.000000 922624.000000 311040.000000 97352.000000 39760.000000 0.000000 0.000000 70808.000000 0.000000 21504.000000 0.000000 1328128.000000 0.000000 572128.000000 134750.000000 28704.000000 0.000000 55168.000000 0.000000 0.000000 0.000000 62256.000000 0.000000 1120.000000 0.000000 827904.000000 115186.000000 36816.000000 0.000000 33792.000000 79640.000000 1460224.000000 0.000000 637248.000000 138230.000000 120768.000000 0.000000 46976.000000 0.000000 0.000000 44544.000000 
47
0.000000 946176.000000 739008.000000 201680.000000 0.000000 8704.000000 62592.000000 0.000000 0.000000 0.000000 0.000000 939009.000000 1365216.000000 296688.000000 0.000000 0.000000 75520.000000 0.000000 0.000000 0.000000 0.000000 922624.000000 311040.000000 97352.000000 39760.000000 0.000000 0.000000 70808.000000 0.000000 21504.000000 0.000000 1328128.000000 0.000000 572128.000000 134750.000000 28704.000000 0.000000 55168.000000 0.000000 0.000000 0.000000 62256.000000 0.000000 1120.000000 0.000000 827904.000000 115186.000000 36816.000000 0.000000 33792.000000 79640.000000 1460224.000000 0.000000 637248.000000 138230.000000 120768.000000 0.000000 46976.000000 0.000000 0.000000 44544.000000 
48
0.000000 937984.000000 735744.000000 201560.000000 0.000000 8704.000000 62592.000000 0.000000 0.000000 0.000000 0.000000 939009.000000 1527840.000000 295328.000000 0.000000 0.000000 136704.000000 29184.000000 14848.000000 256.000000 0.000000 816142.000000 307584.000000 97352.000000 122592.000000 0.000000 0.000000 168096.000000 0.000000 0.000000 0.000000 0.000000 0.000000 0.000000 253745.000000 336812.000000 0.000000 0.000000 413184.000000 21524.000000 15296.000000 4352.000000 78336.000000 0.000000 0.000000 0.000000 0.000000 0.000000 0.000000 0.000000 0.000000 0.000000 0.000000 0.000000 0.000000 0.000000 0.000000 0.000000 0.000000 0.000000 230976.000000 
49
0.000000 937984.000000 735744.000000 201560.000000 0.000000 8704.000000 62592.000000 0.000000 0.000000 0.000000 0.000000 939009.000000 1527840.000000 295328.000000 0.000000 0.000000 136704.000000 29184.000000 14848.000000 256.000000 0.000000 816142.000000 307584.000000 97352.000000 122592.000000 0.000000 0.000000 168096.000000 0.000000 0.000000 0.000000 0.000000 0.000000 0.000000 253745.000000 336812.000000 0.000000 0.000000 413184.000000 21524.000000 15296.000000 4352.000000 78336.000000 0.000000 0.000000 0.000000 0.000000 0.000000 0.000000 0.000000 0.000000 0.000000 0.000000 0.000000 0.000000 0.000000 0.000000 0.000000 0.000000 0.000000 230976.000000 
50
0.000000 937984.000000 735744.000000 201560.000000 0.000000 8704.000000 62592.000000 0.000000 0.000000 0.000000 0.000000 939009.000000 1527840.000000 295328.000000 0.000000 0.000000 136704.000000 29184.000000 14848.000000 256.000000 0.000000 816142.000000 307584.000000 97352.000000 122592.000000 0.000000 0.000000 168096.000000 0.000000 0.000000 0.000000 0.000000 0.000000 0.000000 253745.000000 336812.000000 0.000000 0.000000 413184.000000 21524.000000 15296.000000 4352.000000 78336.000000 0.000000 0.000000 0.000000 0.000000 0.000000 0.000000 0.000000 0.000000 0.000000 0.000000 0.000000 0.000000 0.000000 0.000000 0.000000 0.000000 0.000000 230976.000000 
51
0.000000 937984.000000 735744.000000 201560.000000 0.000000 8704.000000 62592.000000 0.000000 0.000000 0.000000 0.000000 939009.000000 1527840.000000 295328.000000 0.000000 0.000000 136704.000000 29184.000000 14848.000000 256.000000 0.000000 816142.000000 307584.000000 97352.000000 122592.000000 0.000000 0.000000 168096.000000 0.000000 0.000000 0.000000 0.000000 0.000000 0.000000 253745.000000 336812.000000 0.000000 0.000000 413184.000000 21524.000000 15296.000000 4352.000000 78336.000000 0.000000 0.000000 0.000000 0.000000 0.000000 0.000000 0.000000 0.000000 0.000000 0.000000 0.000000 0.000000 0.000000 0.000000 0.000000 0.000000 0.000000 230976.000000 
52
0.000000 937984.000000 735744.000000 201560.000000 0.000000 8704.000000 62592.000000 0.000000 0.000000 0.000000 0.000000 939009.000000 1527840.000000 295328.000000 0.000000 0.000000 136704.000000 29184.000000 0.000000 256.000000 0.000000 873472.000000 307584.000000 97472.000000 39760.000000 0.000000 0.000000 122880.000000 0.000000 21504.000000 0.000000 1318912.000000 0.000000 572032.000000 136057.000000 299008.000000 0.000000 0.000000 0.000000 0.000000 0.000000 43776.000000 34816.000000 0.000000 0.000000 0.000000 0.000000 0.000000 0.000000 0.000000 6144.000000 1443328.000000 0.000000 638592.000000 151910.000000 258048.000000 0.000000 57920.000000 0.000000 0.000000 0.000000 
53
0.000000 937984.000000 735744.000000 201560.000000 0.000000 8704.000000 62592.000000 0.000000 0.000000 0.000000 0.000000 939009.000000 1527840.000000 295328.000000 0.000000 0.000000 136704.000000 29184.000000 0.000000 256.000000 0.000000 873472.000000 307584.000000 97472.000000 39760.000000 0.000000 0.000000 122880.000000 0.000000 21504.000000 0.000000 1318912.000000 0.000000 572032.000000 136057.000000 299008.000000 0.000000 0.000000 0.000000 0.000000 0.000000 43776.000000 34816.000000 0.000000 0.000000 0.000000 0.000000 0.000000 0.000000 0.000000 6144.000000 1443328.000000 0.000000 638592.000000 151910.000000 258048.000000 0.000000 57920.000000 0.000000 0.000000 0.000000 
54
0.000000 937984.000000 735744.000000 201560.000000 0.000000 8704.000000 62592.000000 0.000000 0.000000 0.000000 0.000000 939009.000000 1527840.000000 295328.000000 0.000000 0.000000 136704.000000 29184.000000 0.000000 256.000000 0.000000 873472.000000 307584.000000 97472.000000 39760.000000 0.000000 0.000000 122880.000000 0.000000 21504.000000 0.000000 1318912.000000 0.000000 572032.000000 136057.000000 299008.000000 0.000000 0.000000 0.000000 0.000000 0.000000 43776.000000 34816.000000 0.000000 0.000000 0.000000 0.000000 0.000000 0.000000 0.000000 6144.000000 1443328.000000 0.000000 638592.000000 151910.000000 258048.000000 0.000000 57920.000000 0.000000 0.000000 0.000000 
55
0.000000 937984.000000 735744.000000 201560.000000 0.000000 8704.000000 62592.000000 0.000000 0.000000 0.000000 0.000000 939009.000000 1527840.000000 295328.000000 0.000000 0.000000 136704.000000 29184.000000 0.000000 256.000000 0.000000 873472.000000 307584.000000 97472.000000 39760.000000 0.000000 0.000000 122880.000000 0.000000 21504.000000 0.000000 1318912.000000 0.000000 572032.000000 136057.000000 299008.000000 0.000000 0.000000 0.000000 0.000000 0.000000 43776.000000 34816.000000 0.000000 0.000000 0.000000 0.000000 0.000000 0.000000 0.000000 6144.000000 1443328.000000 0.000000 638592.000000 151910.000000 258048.000000 0.000000 57920.000000 0.000000 0.000000 0.000000 
56
0.000000 937984.000000 735744.000000 201560.000000 0.000000 8704.000000 62592.000000 0.000000 0.000000 0.000000 0.000000 939008.000000 328224.000000 87456.000000 35280.000000 0.000000 72448.000000 0.000000 0.000000 0.000000 0.000000 954368.000000 307584.000000 97352.000000 190944.000000 0.000000 0.000000 118712.000000 0.000000 21504.000000 0.000000 1344512.000000 0.000000 0.000000 136897.000000 27024.000000 0.000000 55168.000000 0.000000 0.000000 0.000000 71692.000000 0.000000 0.000000 0.000000 827904.000000 115066.000000 36720.000000 0.000000 33792.000000 83224.000000 1460224.000000 0.000000 637152.000000 125017.000000 0.000000 0.000000 6144.000000 134080.000000 10752.000000 230976.000000 
57
0.000000 937984.000000 735744.000000 201560.000000 0.000000 8704.000000 62592.000000 0.000000 0.000000 0.000000 0.000000 939008.000000 328224.000000 87456.000000 35280.000000 0.000000 72448.000000 0.000000 0.000000 0.000000 0.000000 954368.000000 307584.000000 97352.000000 190944.000000 0.000000 0.000000 118712.000000 0.000000 21504.000000 0.000000 1344512.000000 0.000000 0.000000 136897.000000 27024.000000 0.000000 55168.000000 0.000000 0.000000 0.000000 71692.000000 0.000000 0.000000 0.000000 827904.000000 115066.000000 36720.000000 0.000000 33792.000000 83224.000000 1460224.000000 0.000000 637152.000000 125017.000000 0.000000 0.000000 6144.000000 134080.000000 10752.000000 230976.000000 
58
0.000000 937984.000000 735744.000000 201560.000000 0.000000 8704.000000 62592.000000 0.000000 0.000000 0.000000 0.000000 939008.000000 328224.000000 87456.000000 35280.000000 0.000000 72448.000000 0.000000 0.000000 0.000000 0.000000 954368.000000 307584.000000 97352.000000 190944.000000 0.000000 0.000000 118712.000000 0.000000 21504.000000 0.000000 1344512.000000 0.000000 0.000000 136897.000000 27024.000000 0.000000 55168.000000 0.000000 0.000000 0.000000 71692.000000 0.000000 0.000000 0.000000 827904.000000 115066.000000 36720.000000 0.000000 33792.000000 83224.000000 1460224.000000 0.000000 637152.000000 125017.000000 0.000000 0.000000 6144.000000 134080.000000 10752.000000 230976.000000 
59
0.000000 937984.000000 735744.000000 201560.000000 0.000000 8704.000000 62592.000000 0.000000 0.000000 0.000000 0.000000 939008.000000 328224.000000 87456.000000 35280.000000 0.000000 72448.000000 0.000000 0.000000 0.000000 0.000000 954368.000000 307584.000000 97352.000000 190944.000000 0.000000 0.000000 118712.000000 0.000000 21504.000000 0.000000 1344512.000000 0.000000 0.000000 136897.000000 27024.000000 0.000000 55168.000000 0.000000 0.000000 0.000000 71692.000000 0.000000 0.000000 0.000000 827904.000000 115066.000000 36720.000000 0.000000 33792.000000 83224.000000 1460224.000000 0.000000 637152.000000 125017.000000 0.000000 0.000000 6144.000000 134080.000000 10752.000000 230976.000000 
60
0.000000 937984.000000 735744.000000 201560.000000 0.000000 8704.000000 62592.000000 0.000000 0.000000 0.000000 0.000000 939008.000000 328224.000000 87456.000000 35184.000000 0.000000 72448.000000 0.000000 0.000000 0.000000 0.000000 954368.000000 307584.000000 97352.000000 189312.000000 0.000000 0.000000 118616.000000 0.000000 21504.000000 0.000000 1344512.000000 0.000000 0.000000 136897.000000 27024.000000 0.000000 55168.000000 0.000000 0.000000 0.000000 71692.000000 0.000000 0.000000 0.000000 827904.000000 115066.000000 36720.000000 0.000000 33792.000000 83224.000000 1468416.000000 0.000000 636960.000000 125017.000000 0.000000 0.000000 6144.000000 131776.000000 10240.000000 229440.000000 
61
0.000000 937984.000000 735744.000000 201560.000000 0.000000 8704.000000 62592.000000 0.000000 0.000000 0.000000 0.000000 939008.000000 328224.000000 87456.000000 35184.000000 0.000000 72448.000000 0.000000 0.000000 0.000000 0.000000 954368.000000 307584.000000 97352.000000 189312.000000 0.000000 0.000000 118616.000000 0.000000 21504.000000 0.000000 1344512.000000 0.000000 0.000000 136897.000000 27024.000000 0.000000 55168.000000 0.000000 0.000000 0.000000 71692.000000 0.000000 0.000000 0.000000 827904.000000 115066.000000 36720.000000 0.000000 33792.000000 83224.000000 1468416.000000 0.000000 636960.000000 125017.000000 0.000000 0.000000 6144.000000 131776.000000 10240.000000 229440.000000 
62
0.000000 937984.000000 735744.000000 201560.000000 0.000000 8704.000000 62592.000000 0.000000 0.000000 0.000000 0.000000 939008.000000 328224.000000 87456.000000 35184.000000 0.000000 72448.000000 0.000000 0.000000 0.000000 0.000000 954368.000000 307584.000000 97352.000000 189312.000000 0.000000 0.000000 118616.000000 0.000000 21504.000000 0.000000 1344512.000000 0.000000 0.000000 136897.000000 27024.000000 0.000000 55168.000000 0.000000 0.000000 0.000000 71692.000000 0.000000 0.000000 0.000000 827904.000000 115066.000000 36720.000000 0.000000 33792.000000 83224.000000 1468416.000000 0.000000 636960.000000 125017.000000 0.000000 0.000000 6144.000000 131776.000000 10240.000000 229440.000000 
63
0.000000 937984.000000 735744.000000 201560.000000 0.000000 8704.000000 62592.000000 0.000000 0.000000 0.000000 0.000000 939008.000000 328224.000000 87456.000000 35184.000000 0.000000 72448.000000 0.000000 0.000000 0.000000 0.000000 954368.000000 307584.000000 97352.000000 189312.000000 0.000000 0.000000 118616.000000 0.000000 21504.000000 0.000000 1344512.000000 0.000000 0.000000 136897.000000 27024.000000 0.000000 55168.000000 0.000000 0.000000 0.000000 71692.000000 0.000000 0.000000 0.000000 827904.000000 115066.000000 36720.000000 0.000000 33792.000000 83224.000000 1468416.000000 0.000000 636960.000000 125017.000000 0.000000 0.000000 6144.000000 131776.000000 10240.000000 229440.000000 
64
0.000000 934916.000000 417216.000000 98944.000000 36208.000000 0.000000 40192.000000 0.000000 0.000000 0.000000 0.000000 934912.000000 328320.000000 125616.000000 35088.000000 0.000000 135936.000000 0.000000 0.000000 0.000000 0.000000 942080.000000 312096.000000 86432.000000 39760.000000 0.000000 0.000000 110464.000000 0.000000 0.000000 0.000000 0.000000 0.000000 0.000000 213888.000000 297024.000000 0.000000 0.000000 118272.000000 27532.000000 15296.000000 4352.000000 78336.000000 0.000000 0.000000 0.000000 0.000000 0.000000 0.000000 0.000000 0.000000 0.000000 0.000000 0.000000 0.000000 0.000000 0.000000 0.000000 0.000000 0.000000 229440.000000 
65
0.000000 934916.000000 417216.000000 98944.000000 36208.000000 0.000000 40192.000000 0.000000 0.000000 0.000000 0.000000 934912.000000 328320.000000 125616.000000 35088.000000 0.000000 135936.000000 0.000000 0.000000 0.000000 0.000000 942080.000000 312096.000000 86432.000000 39760.000000 0.000000 0.000000 110464.000000 0.000000 0.000000 0.000000 0.000000 0.000000 0.000000 213888.000000 297024.000000 0.000000 0.000000 118272.000000 27532.000000 15296.000000 4352.000000 78336.000000 0.000000 0.000000 0.000000 0.000000 0.000000 0.000000 0.000000 0.000000 0.000000 0.000000 0.000000 0.000000 0.000000 0.000000 0.000000 0.000000 0.000000 229440.000000 
66
0.000000 934916.000000 417216.000000 98944.000000 36208.000000 0.000000 40192.000000 0.000000 0.000000 0.000000 0.000000 934912.000000 328320.000000 125616.000000 35088.000000 0.000000 135936.000000 0.000000 0.000000 0.000000 0.000000 942080.000000 312096.000000 86432.000000 39760.000000 0.000000 0.000000 110464.000000 0.000000 0.000000 0.000000 0.000000 0.000000 0.000000 213888.000000 297024.000000 0.000000 0.000000 118272.000000 27532.000000 15296.000000 4352.000000 78336.000000 0.000000 0.000000 0.000000 0.000000 0.000000 0.000000 0.000000 0.000000 0.000000 0.000000 0.000000 0.000000 0.000000 0.000000 0.000000 0.000000 0.000000 229440.000000 
67
0.000000 934916.000000 417216.000000 98944.000000 36208.000000 0.000000 40192.000000 0.000000 0.000000 0.000000 0.000000 934912.000000 328320.000000 125616.000000 35088.000000 0.000000 135936.000000 0.000000 0.000000 0.000000 0.000000 942080.000000 312096.000000 86432.000000 39760.000000 0.000000 0.000000 110464.000000 0.000000 0.000000 0.000000 0.000000 0.000000 0.000000 213888.000000 297024.000000 0.000000 0.000000 118272.000000 27532.000000 15296.000000 4352.000000 78336.000000 0.000000 0.000000 0.000000 0.000000 0.000000 0.000000 0.000000 0.000000 0.000000 0.000000 0.000000 0.000000 0.000000 0.000000 0.000000 0.000000 0.000000 229440.000000 
68
0.000000 934916.000000 417216.000000 98944.000000 36208.000000 0.000000 40192.000000 0.000000 0.000000 0.000000 0.000000 902144.000000 328800.000000 87456.000000 35088.000000 0.000000 72576.000000 0.000000 0.000000 0.000000 0.000000 950272.000000 312096.000000 97352.000000 36864.000000 0.000000 0.000000 0.000000 0.000000 16384.000000 0.000000 1344512.000000 0.000000 568576.000000 122377.000000 27008.000000 0.000000 294912.000000 118272.000000 27360.000000 15232.000000 71260.000000 0.000000 0.000000 0.000000 827904.000000 93528.000000 36720.000000 0.000000 33792.000000 98176.000000 0.000000 0.000000 0.000000 0.000000 0.000000 0.000000 0.000000 0.000000 0.000000 0.000000 
69
0.000000 934916.000000 417216.000000 98944.000000 36208.000000 0.000000 40192.000000 0.000000 0.000000 0.000000 0.000000 902144.000000 328800.000000 87456.000000 35088.000000 0.000000 72576.000000 0.000000 0.000000 0.000000 0.000000 950272.000000 312096.000000 97352.000000 36864.000000 0.000000 0.000000 0.000000 0.000000 16384.000000 0.000000 1344512.000000 0.000000 568576.000000 122377.000000 27008.000000 0.000000 294912.000000 118272.000000 27360.000000 15232.000000 71260.000000 0.000000 0.000000 0.000000 827904.000000 93528.000000 36720.000000 0.000000 33792.000000 98176.000000 0.000000 0.000000 0.000000 0.000000 0.000000 0.000000 0.000000 0.000000 0.000000 0.000000 
70
0.000000 934916.000000 417216.000000 98944.000000 36208.000000 0.000000 40192.000000 0.000000 0.000000 0.000000 0.000000 902144.000000 328800.000000 87456.000000 35088.000000 0.000000 72576.000000 0.000000 0.000000 0.000000 0.000000 950272.000000 312096.000000 97352.000000 36864.000000 0.000000 0.000000 0.000000 0.000000 16384.000000 0.000000 1344512.000000 0.000000 568576.000000 122377.000000 27008.000000 0.000000 294912.000000 118272.000000 27360.000000 15232.000000 71260.000000 0.000000 0.000000 0.000000 827904.000000 93528.000000 36720.000000 0.000000 33792.000000 98176.000000 0.000000 0.000000 0.000000 0.000000 0.000000 0.000000 0.000000 0.000000 0.000000 0.000000 
71
0.000000 934916.000000 417216.000000 98944.000000 36208.000000 0.000000 40192.000000 0.000000 0.000000 0.000000 0.000000 902144.000000 328800.000000 87456.000000 35088.000000 0.000000 72576.000000 0.000000 0.000000 0.000000 0.000000 950272.000000 312096.000000 97352.000000 36864.000000 0.000000 0.000000 0.000000 0.000000 16384.000000 0.000000 1344512.000000 0.000000 568576.000000 122377.000000 27008.000000 0.000000 294912.000000 118272.000000 27360.000000 15232.000000 71260.000000 0.000000 0.000000 0.000000 827904.000000 93528.000000 36720.000000 0.000000 33792.000000 98176.000000 0.000000 0.000000 0.000000 0.000000 0.000000 0.000000 0.000000 0.000000 0.000000 0.000000 
72
0.000000 934915.000000 417216.000000 98944.000000 36208.000000 0.000000 40192.000000 0.000000 0.000000 0.000000 0.000000 934912.000000 328032.000000 125616.000000 35184.000000 0.000000 72576.000000 0.000000 0.000000 0.000000 0.000000 3874816.000000 305184.000000 97352.000000 39152.000000 0.000000 0.000000 110464.000000 0.000000 0.000000 0.000000 0.000000 0.000000 0.000000 246720.000000 207008.000000 0.000000 307200.000000 413184.000000 31680.000000 15232.000000 21594.000000 36096.000000 0.000000 0.000000 827904.000000 603408.000000 0.000000 0.000000 0.000000 10752.000000 1398789.000000 0.000000 0.000000 154057.000000 0.000000 0.000000 18432.000000 2176.000000 10240.000000 229440.000000 
73
0.000000 934915.000000 417216.000000 98944.000000 36208.000000 0.000000 40192.000000 0.000000 0.000000 0.000000 0.000000 934912.000000 328032.000000 125616.000000 35184.000000 0.000000 72576.000000 0.000000 0.000000 0.000000 0.000000 3874816.000000 305184.000000 97352.000000 39152.000000 0.000000 0.000000 110464.000000 0.000000 0.000000 0.000000 0.000000 0.000000 0.000000 246720.000000 207008.000000 0.000000 307200.000000 413184.000000 31680.000000 15232.000000 21594.000000 36096.000000 0.000000 0.000000 827904.000000 603408.000000 0.000000 0.000000 0.000000 10752.000000 1398789.000000 0.000000 0.000000 154057.000000 0.000000 0.000000 18432.000000 2176.000000 10240.000000 229440.000000 
74
0.000000 934915.000000 417216.000000 98944.000000 36208.000000 0.000000 40192.000000 0.000000 0.000000 0.000000 0.000000 934912.000000 328032.000000 125616.000000 35184.000000 0.000000 72576.000000 0.000000 0.000000 0.000000 0.000000 3874816.000000 305184.000000 97352.000000 39152.000000 0.000000 0.000000 110464.000000 0.000000 0.000000 0.000000 0.000000 0.000000 0.000000 246720.000000 207008.000000 0.000000 307200.000000 413184.000000 31680.000000 15232.000000 21594.000000 36096.000000 0.000000 0.000000 827904.000000 603408.000000 0.000000 0.000000 0.000000 10752.000000 1398789.000000 0.000000 0.000000 154057.000000 0.000000 0.000000 18432.000000 2176.000000 10240.000000 229440.000000 
75
0.000000 934915.000000 417216.000000 98944.000000 36208.000000 0.000000 40192.000000 0.000000 0.000000 0.000000 0.000000 934912.000000 328032.000000 125616.000000 35184.000000 0.000000 72576.000000 0.000000 0.000000 0.000000 0.000000 3874816.000000 305184.000000 97352.000000 39152.000000 0.000000 0.000000 110464.000000 0.000000 0.000000 0.000000 0.000000 0.000000 0.000000 246720.000000 207008.000000 0.000000 307200.000000 413184.000000 31680.000000 15232.000000 21594.000000 36096.000000 0.000000 0.000000 827904.000000 603408.000000 0.000000 0.000000 0.000000 10752.000000 1398789.000000 0.000000 0.000000 154057.000000 0.000000 0.000000 18432.000000 2176.000000 10240.000000 229440.000000 
76
0.000000 934915.000000 417216.000000 98944.000000 36208.000000 0.000000 40192.000000 0.000000 0.000000 0.000000 0.000000 934912.000000 328032.000000 125616.000000 35168.000000 0.000000 72576.000000 0.000000 0.000000 0.000000 0.000000 3874816.000000 305184.000000 97352.000000 39152.000000 0.000000 0.000000 109952.000000 0.000000 0.000000 0.000000 0.000000 0.000000 0.000000 230592.000000 297024.000000 0.000000 0.000000 116736.000000 24480.000000 14720.000000 21594.000000 36000.000000 0.000000 0.000000 827904.000000 693048.000000 0.000000 0.000000 0.000000 0.000000 0.000000 0.000000 638784.000000 119497.000000 0.000000 0.000000 18432.000000 19456.000000 7168.000000 171072.000000 
77
0.000000 934915.000000 417216.000000 98944.000000 36208.000000 0.000000 40192.000000 0.000000 0.000000 0.000000 0.000000 934912.000000 328032.000000 125616.000000 35168.000000 0.000000 72576.000000 0.000000 0.000000 0.000000 0.000000 3874816.000000 305184.000000 97352.000000 39152.000000 0.000000 0.000000 109952.000000 0.000000 0.000000 0.000000 0.000000 0.000000 0.000000 230592.000000 297024.000000 0.000000 0.000000 116736.000000 24480.000000 14720.000000 21594.000000 36000.000000 0.000000 0.000000 827904.000000 693048.000000 0.000000 0.000000 0.000000 0.000000 0.000000 0.000000 638784.000000 119497.000000 0.000000 0.000000 18432.000000 19456.000000 7168.000000 171072.000000 
78
0.000000 934915.000000 417216.000000 98944.000000 36208.000000 0.000000 40192.000000 0.000000 0.000000 0.000000 0.000000 934912.000000 328032.000000 125616.000000 35168.000000 0.000000 72576.000000 0.000000 0.000000 0.000000 0.000000 3874816.000000 305184.000000 97352.000000 39152.000000 0.000000 0.000000 109952.000000 0.000000 0.000000 0.000000 0.000000 0.000000 0.000000 230592.000000 297024.000000 0.000000 0.000000 116736.000000 24480.000000 14720.000000 21594.000000 36000.000000 0.000000 0.000000 827904.000000 693048.000000 0.000000 0.000000 0.000000 0.000000 0.000000 0.000000 638784.000000 119497.000000 0.000000 0.000000 18432.000000 19456.000000 7168.000000 171072.000000 
79
0.000000 934915.000000 417216.000000 98944.000000 36208.000000 0.000000 40192.000000 0.000000 0.000000 0.000000 0.000000 934912.000000 328032.000000 125616.000000 35168.000000 0.000000 72576.000000 0.000000 0.000000 0.000000 0.000000 3874816.000000 305184.000000 97352.000000 39152.000000 0.000000 0.000000 109952.000000 0.000000 0.000000 0.000000 0.000000 0.000000 0.000000 230592.000000 297024.000000 0.000000 0.000000 116736.000000 24480.000000 14720.000000 21594.000000 36000.000000 0.000000 0.000000 827904.000000 693048.000000 0.000000 0.000000 0.000000 0.000000 0.000000 0.000000 638784.000000 119497.000000 0.000000 0.000000 18432.000000 19456.000000 7168.000000 171072.000000 
