0
0.000000 0.665631 0.892431 0.318477 0.978277 0.949708 1.007262 0.663169 0.000000 0.000000 0.000000 0.760154 0.864677 0.374462 0.500431 0.736523 0.954092 0.790446 0.000000 0.000000 0.000000 0.760154 0.871692 0.304815 0.843815 0.732308 1.036769 0.972477 0.988554 0.813646 0.000000 0.665631 0.895754 0.324169 0.756738 1.086462 0.971631 0.994800 0.000000 0.000000 0.000000 0.665631 0.894092 0.327569 0.904677 0.972138 1.000862 0.952677 1.037338 0.238277 0.000000 0.000000 0.000000 0.000000 0.000000 0.000000 0.000000 
1
0.000000 0.661662 0.814338 0.303415 0.872462 0.862908 1.007262 0.670246 0.000000 0.000000 0.000000 0.756185 0.767077 0.380646 0.394369 0.738615 0.954092 0.874969 0.000000 0.000000 0.000000 0.756185 0.798585 0.372815 0.458708 0.387692 1.007077 0.975431 0.988554 0.719246 0.000000 0.661662 0.816000 0.311308 0.650677 1.082646 0.984308 0.981600 0.000000 0.000000 0.000000 0.661662 0.814338 0.311338 0.895477 0.970462 1.003631 0.997877 1.000862 0.216615 0.000000 0.000000 0.000000 0.000000 0.000000 0.000000 0.000000 
2
0.000000 0.661662 0.802708 0.301569 0.861662 0.840431 1.007262 0.575169 0.000000 0.000000 0.000000 0.756185 0.757108 0.262169 0.500446 0.721923 0.954092 0.871585 0.000000 0.000000 0.000000 0.756185 0.786954 0.262154 0.567385 0.344615 1.021923 0.975431 0.988554 0.719969 0.000000 0.661662 0.806031 0.317292 0.769369 0.824277 0.983200 0.978138 0.000000 0.000000 0.000000 0.661662 0.806031 0.270338 0.931108 0.924246 0.963938 0.986246 1.049877 0.216615 0.000000 0.000000 0.000000 0.000000 0.000000 0.000000 0.000000 
3
0.000000 0.661662 0.799385 0.183385 0.861662 0.840569 0.970831 0.581308 0.000000 0.000000 0.000000 0.756185 0.704862 0.191262 0.597138 0.622600 0.938338 0.887077 0.000000 0.000000 0.000000 0.756185 0.704862 0.183385 0.446446 0.215385 1.021923 0.977123 0.988554 0.802969 0.000000 0.661662 0.801046 0.191262 0.769354 0.822800 0.982092 0.969985 0.000000 0.000000 0.000000 0.661662 0.801046 0.144308 0.931308 0.902508 1.007015 0.936154 1.057385 0.216615 0.000000 0.000000 0.000000 0.000000 0.000000 0.000000 0.000000 
4
0.000000 0.665631 0.894092 0.318615 0.978277 0.973431 0.990523 0.934969 0.283615 0.000000 0.000000 0.760154 0.864677 0.368492 0.500431 0.761569 0.954092 0.881262 0.000000 0.000000 0.000000 0.760154 0.873354 0.374508 0.597292 0.005723 0.000000 0.718846 0.998400 0.610969 0.000000 0.665631 0.894092 0.308969 0.756738 1.073354 0.937600 0.996200 0.094554 0.000000 0.000000 0.665631 0.895754 0.312277 0.920677 0.949508 1.023446 0.975231 1.011692 0.064985 0.000000 0.000000 0.000000 0.000000 0.000000 0.000000 0.000000 
5
0.000000 0.661662 0.814338 0.317292 0.869462 0.873046 0.990523 0.932077 0.283615 0.000000 0.000000 0.756185 0.767077 0.270031 0.508738 0.759508 0.954092 0.962138 0.000000 0.000000 0.000000 0.756185 0.789046 0.380646 0.697538 0.000000 0.000000 0.697138 0.998400 0.608400 0.000000 0.661662 0.814338 0.295538 0.779908 0.937585 0.945662 0.963046 0.094554 0.000000 0.000000 0.661662 0.809354 0.295538 0.915200 0.948862 1.023446 0.987400 1.008000 0.043323 0.000000 0.000000 0.000000 0.000000 0.000000 0.000000 0.000000 
6
0.000000 0.661662 0.802708 0.309431 0.864615 0.865385 0.976738 0.935662 0.189077 0.000000 0.000000 0.756185 0.757108 0.262169 0.502692 0.741462 0.954092 0.868646 0.000000 0.000000 0.000000 0.756185 0.782400 0.262185 0.679508 0.000000 0.000000 0.481492 1.018338 0.488308 0.000000 0.661662 0.802708 0.293677 0.769369 0.802323 0.944862 0.965585 0.094554 0.000000 0.000000 0.661662 0.806031 0.293677 0.917015 0.901600 0.986523 0.998077 1.018969 0.043323 0.000000 0.000000 0.000000 0.000000 0.000000 0.000000 0.000000 
7
0.000000 0.661662 0.799385 0.191262 0.861708 0.862462 0.990523 0.923354 0.283615 0.000000 0.000000 0.756185 0.704862 0.191262 0.592123 0.648031 0.938338 0.884308 0.000000 0.000000 0.000000 0.756185 0.701538 0.260923 0.592123 0.000000 0.000000 0.477431 1.018338 0.487662 0.000000 0.661662 0.799385 0.183385 0.769354 0.799138 0.954154 0.951292 0.094585 0.000000 0.000000 0.661662 0.796062 0.183385 0.902754 0.882785 1.030031 0.951477 1.005877 0.064985 0.000000 0.000000 0.000000 0.000000 0.000000 0.000000 0.000000 
8
0.000000 0.665631 0.890769 0.312354 0.978277 0.950215 1.021046 0.464400 0.000000 0.000000 0.000000 0.760154 0.858462 0.360754 0.394338 0.782600 0.954092 0.790446 0.000000 0.000000 0.000000 0.760154 0.870031 0.382369 0.729723 0.007200 0.000000 0.720754 1.024492 0.715631 0.000000 0.665631 0.894092 0.308954 0.756738 0.837369 0.704000 0.985508 0.189077 0.000000 0.000000 0.665631 0.894092 0.310646 0.996846 0.947692 1.023262 1.016831 0.968431 0.992492 1.047631 0.992492 0.992492 0.992492 0.992492 0.992492 0.667569 
9
0.000000 0.661662 0.812677 0.295538 0.872462 0.847692 1.021046 0.480662 0.000000 0.000000 0.000000 0.756185 0.765415 0.254277 0.500431 0.780908 0.954092 0.874985 0.000000 0.000000 0.000000 0.756185 0.798585 0.380646 0.698277 0.000000 0.000000 0.698246 1.024492 0.621646 0.000000 0.661662 0.814338 0.295538 0.779877 0.700354 0.724677 0.963046 0.094554 0.000000 0.000000 0.661662 0.812677 0.295538 0.960108 0.947692 1.060831 1.031354 1.000908 0.992492 0.992492 0.992492 0.992492 0.992492 0.992492 1.047631 0.624246 
10
0.000000 0.661662 0.802708 0.293677 0.861662 0.830031 0.984615 0.500692 0.000000 0.000000 0.000000 0.756185 0.757108 0.331815 0.500431 0.762123 0.954092 0.871569 0.000000 0.000000 0.000000 0.756185 0.788615 0.270031 0.814154 0.000000 0.000000 0.475954 1.024492 0.620938 0.000000 0.661662 0.802708 0.293677 0.769354 0.547800 0.724677 0.965600 0.094554 0.000000 0.000000 0.661662 0.802708 0.293677 0.977000 0.947692 1.033600 1.032400 0.961031 0.992492 1.047631 0.992492 0.992492 0.992492 0.992492 0.992492 0.667569 
11
0.000000 0.661662 0.799385 0.144308 0.978277 0.824631 0.984615 0.519062 0.000000 0.000000 0.000000 0.756185 0.704862 0.260923 0.592123 0.669431 0.938338 0.887077 0.000000 0.000000 0.000000 0.756185 0.704862 0.260938 0.593600 0.000000 0.000000 0.481062 1.018338 0.703754 0.000000 0.661662 0.799385 0.183385 0.769354 0.543738 0.724677 0.961954 0.094554 0.000000 0.000000 0.661662 0.799385 0.183385 0.972338 0.947692 1.057446 0.986523 1.001431 0.992492 0.992492 0.992492 0.992492 0.992492 0.992492 1.047631 0.645908 
12
0.000000 0.665631 0.894092 0.312477 0.864292 0.950200 0.984615 0.613631 0.000000 0.000000 0.000000 0.760154 0.858462 0.366754 0.500431 1.088385 1.012369 0.654600 0.000000 0.000000 0.000000 0.760154 0.871692 0.374569 0.730462 0.007200 0.000000 0.722231 1.018338 0.582600 0.000000 0.665631 0.894092 0.307308 0.756738 0.879831 0.704000 0.914015 0.000000 0.000000 0.000000 0.665631 0.892431 0.310631 0.996846 0.947692 1.021785 1.020523 1.017615 0.766277 0.000000 0.000000 0.000000 0.000000 0.000000 0.000000 0.000000 
13
0.000000 0.661662 0.812677 0.309415 0.861662 0.847708 1.021046 0.480969 0.000000 0.000000 0.000000 0.756185 0.767077 0.364892 0.394338 1.087385 1.011262 0.737262 0.000000 0.000000 0.000000 0.756185 0.798585 0.372769 0.697538 0.000000 0.000000 0.702615 1.018338 0.585169 0.000000 0.661662 0.814338 0.295538 0.779877 0.742815 0.724677 0.885846 0.000000 0.000000 0.000000 0.661662 0.812677 0.295538 0.960108 0.947692 1.059354 1.020062 0.991769 0.791631 0.000000 0.000000 0.000000 0.000000 0.000000 0.000000 0.000000 
14
0.000000 0.661662 0.802708 0.262492 0.978277 0.830031 0.984615 0.518785 0.000000 0.000000 0.000000 0.756185 0.755446 0.254277 0.500431 1.085077 1.003446 0.725569 0.000000 0.000000 0.000000 0.756185 0.779077 0.262169 0.814154 0.000000 0.000000 0.477062 0.998400 0.513831 0.000000 0.661662 0.804369 0.301538 0.769354 0.587431 0.724677 0.885754 0.000000 0.000000 0.000000 0.661662 0.804369 0.301538 0.977354 0.947692 1.030646 1.031415 0.963246 0.825692 0.000000 0.000000 0.000000 0.000000 0.000000 0.000000 0.000000 
15
0.000000 0.661662 0.799385 0.144308 0.869831 0.824631 0.984615 0.602492 0.000000 0.000000 0.000000 0.756185 0.704862 0.183385 0.592123 1.011769 0.982646 0.729031 0.000000 0.000000 0.000000 0.756185 0.704862 0.260923 0.593600 0.000000 0.000000 0.473000 0.998400 0.513738 0.000000 0.661662 0.799385 0.183385 0.769354 0.583354 0.724677 0.886677 0.000000 0.000000 0.000000 0.661662 0.799385 0.183385 0.971985 0.947692 1.054277 1.004554 0.961538 0.817123 0.000000 0.000000 0.000000 0.000000 0.000000 0.000000 0.000000 
16
0.000000 0.665615 0.894092 0.310692 0.978277 0.963262 0.984615 0.592800 0.000000 0.000000 0.000000 0.760138 0.858462 0.360723 0.500431 1.107846 0.999446 0.882969 0.283646 0.000000 0.000000 0.760138 0.865477 0.382385 0.596554 0.006462 0.000000 0.721200 1.023015 0.925138 0.472692 0.665615 0.894092 0.321262 0.756738 0.887338 0.704000 0.996200 0.094554 0.000000 0.000000 0.665615 0.892431 0.310646 0.996800 0.947692 1.024738 1.034785 0.982108 0.740923 0.000000 0.000000 0.000000 0.000000 0.000000 0.000000 0.000000 
17
0.000000 0.661662 0.812677 0.295538 0.872462 0.866231 0.984615 0.573800 0.000000 0.000000 0.000000 0.756185 0.765415 0.254277 0.507969 1.104938 0.997108 0.885938 0.283631 0.000000 0.000000 0.756185 0.789046 0.372815 0.697538 0.000000 0.000000 0.698000 0.998400 0.949415 0.472692 0.661662 0.814338 0.303446 0.779877 0.751862 0.724677 0.963015 0.094554 0.000000 0.000000 0.661662 0.814338 0.295538 0.956862 0.947692 1.059354 1.016077 1.011954 0.766415 0.000000 0.000000 0.000000 0.000000 0.000000 0.000000 0.000000 
18
0.000000 0.661662 0.802708 0.301538 0.861662 0.845969 0.984615 0.588969 0.000000 0.000000 0.000000 0.756185 0.749231 0.262154 0.503385 1.102846 1.000554 0.884354 0.283631 0.000000 0.000000 0.756185 0.779077 0.262154 0.679508 0.000000 0.000000 0.476446 0.998400 0.937200 0.472692 0.661662 0.804369 0.309415 0.769354 0.602692 0.724677 0.965585 0.094554 0.000000 0.000000 0.661662 0.802708 0.293677 0.983877 0.947692 1.048154 0.972369 1.012000 0.740923 0.000000 0.000000 0.000000 0.000000 0.000000 0.000000 0.000000 
19
0.000000 0.661662 0.799385 0.144308 0.978277 0.848631 0.984615 0.585277 0.000000 0.000000 0.000000 0.756185 0.704862 0.183385 0.592154 1.010277 0.999446 0.885892 0.283631 0.000000 0.000000 0.756185 0.704862 0.260923 0.592123 0.000000 0.000000 0.469431 0.998400 0.943092 0.472692 0.661662 0.801046 0.144323 0.885969 0.592708 0.724677 0.951323 0.094569 0.000000 0.000000 0.661662 0.799385 0.183385 0.965262 0.947692 1.072215 0.975492 0.983492 0.774985 0.000000 0.000000 0.000000 0.000000 0.000000 0.000000 0.000000 
20
0.000000 0.665615 0.892431 0.313938 0.978277 0.945092 1.021046 0.481862 0.000000 0.000000 0.000000 0.760138 0.858462 0.376338 0.394338 0.787400 0.954092 0.882185 0.000000 0.000000 0.000000 0.760138 0.885785 0.366800 0.730462 0.007200 0.000000 0.736277 0.998400 0.927400 0.189077 0.665615 0.895754 0.317985 0.756738 0.899585 0.704000 0.918815 0.000000 0.000000 0.000000 0.665615 0.894092 0.329154 0.946554 0.973954 0.990154 1.011508 0.904415 0.466123 0.000000 0.000000 0.000000 0.000000 0.000000 0.000000 0.000000 
21
0.000000 0.661662 0.814338 0.295538 0.872462 0.848431 1.021046 0.482062 0.000000 0.000000 0.000000 0.756185 0.765415 0.262185 0.500431 0.780169 0.954092 0.878723 0.000000 0.000000 0.000000 0.756185 0.816000 0.364892 0.697538 0.000000 0.000000 0.713754 1.010708 0.913431 0.189077 0.661662 0.816000 0.311292 0.779862 0.756292 0.724677 0.897615 0.000000 0.000000 0.000000 0.661662 0.816000 0.311308 0.941985 0.973938 0.989723 0.989000 0.918800 0.466123 0.000000 0.000000 0.000000 0.000000 0.000000 0.000000 0.000000 
22
0.000000 0.661662 0.802708 0.301538 0.861662 0.827815 0.984615 0.501092 0.000000 0.000000 0.000000 0.756185 0.757108 0.339692 0.500431 0.768769 0.954092 0.784169 0.000000 0.000000 0.000000 0.756185 0.788615 0.254277 0.814154 0.000000 0.000000 0.496585 0.961969 0.956446 0.189077 0.661662 0.804369 0.309431 0.769369 0.601892 0.724677 0.896123 0.000000 0.000000 0.000000 0.661662 0.804369 0.270354 0.979585 0.932231 1.002031 0.971785 0.918800 0.457554 0.000000 0.000000 0.000000 0.000000 0.000000 0.000000 0.000000 
23
0.000000 0.661662 0.796062 0.144308 0.978277 0.817538 0.984615 0.499800 0.000000 0.000000 0.000000 0.756185 0.704862 0.260938 0.592123 0.674985 0.938338 0.882092 0.000000 0.000000 0.000000 0.756185 0.704862 0.260923 0.593600 0.000000 0.000000 0.495523 0.961969 0.948769 0.283615 0.661662 0.801046 0.152185 0.885969 0.596338 0.724677 0.883569 0.000000 0.000000 0.000000 0.661662 0.799385 0.144323 0.979815 0.908954 1.002031 0.970185 0.929769 0.457554 0.000000 0.000000 0.000000 0.000000 0.000000 0.000000 0.000000 
24
0.000000 0.665615 0.894092 0.313938 0.978277 0.942446 1.021046 0.483246 0.000000 0.000000 0.000000 0.760138 0.858462 0.374477 0.500431 0.772569 0.954092 0.790446 0.000000 0.000000 0.000000 0.760138 0.871692 0.289215 0.774154 0.007938 0.000000 0.738923 1.006523 0.599877 0.000000 0.665615 0.892431 0.310569 0.642477 0.842923 0.704000 0.916185 0.000000 0.000000 0.000000 0.665615 0.892431 0.318462 0.941169 0.962877 0.970831 0.962092 1.047138 0.354462 0.000000 0.000000 0.000000 0.000000 0.000000 0.000000 0.000000 
25
0.000000 0.661662 0.809354 0.295538 0.872462 0.836985 1.021046 0.480677 0.000000 0.000000 0.000000 0.756185 0.767077 0.372769 0.394338 0.765185 0.954092 0.874985 0.000000 0.000000 0.000000 0.756185 0.790708 0.372769 0.683815 0.000000 0.000000 0.710108 1.012185 0.598123 0.000000 0.661662 0.814338 0.287708 0.769354 0.706262 0.724677 0.893569 0.000000 0.000000 0.000000 0.661662 0.812677 0.295585 0.933338 0.961769 0.970831 0.968154 1.043046 0.354462 0.000000 0.000000 0.000000 0.000000 0.000000 0.000000 0.000000 
26
0.000000 0.661662 0.802708 0.301538 0.861662 0.815262 0.984615 0.501092 0.000000 0.000000 0.000000 0.756185 0.747569 0.270031 0.500431 0.748246 0.954092 0.871569 0.000000 0.000000 0.000000 0.756185 0.779077 0.254292 0.814892 0.000000 0.000000 0.492938 0.961969 0.549954 0.000000 0.661662 0.802708 0.254585 0.885969 0.552662 0.724677 0.890492 0.000000 0.000000 0.000000 0.661662 0.802708 0.301538 0.929200 0.917831 1.007262 1.003846 0.927108 0.402908 0.000000 0.000000 0.000000 0.000000 0.000000 0.000000 0.000000 
27
0.000000 0.661662 0.796062 0.144308 0.978277 0.810954 0.984615 0.499800 0.000000 0.000000 0.000000 0.756185 0.704862 0.191262 0.592123 0.655785 0.938338 0.887077 0.000000 0.000000 0.000000 0.756185 0.703200 0.183385 0.814154 0.000000 0.000000 0.492938 0.961969 0.546246 0.000000 0.661662 0.799385 0.144308 0.777523 0.548231 0.724677 0.880800 0.000000 0.000000 0.000000 0.661662 0.799385 0.183385 0.931062 0.897154 0.970831 0.942954 1.061523 0.354462 0.000000 0.000000 0.000000 0.000000 0.000000 0.000000 0.000000 
28
0.000000 0.665615 0.894092 0.313969 0.978277 0.946646 1.021046 0.483692 0.000000 0.000000 0.000000 0.760138 0.852246 0.368569 0.500431 1.107631 0.995508 0.843862 0.283631 0.000000 0.000000 0.760138 0.877908 0.382338 0.953846 0.147015 0.000000 0.739600 0.961969 0.690738 0.000000 0.665615 0.894092 0.319662 0.756738 0.831462 0.704000 0.996185 0.094554 0.000000 0.000000 0.665615 0.894092 0.321369 0.941169 0.943385 1.007262 1.022015 1.003215 0.629569 0.000000 0.000000 0.000000 0.000000 0.000000 0.000000 0.000000 
29
0.000000 0.661662 0.809354 0.295538 0.872415 0.850277 1.021046 0.480662 0.000000 0.000000 0.000000 0.756185 0.757538 0.262154 0.507969 1.085892 1.016123 0.822169 0.283631 0.000000 0.000000 0.756185 0.798585 0.380677 0.881662 0.136123 0.000000 0.710431 0.998400 0.655631 0.000000 0.661662 0.814338 0.303431 0.779877 0.701108 0.724677 0.963185 0.189077 0.000000 0.000000 0.661662 0.814338 0.303446 0.933231 0.978338 0.957046 1.039554 0.999769 0.629569 0.000000 0.000000 0.000000 0.000000 0.000000 0.000000 0.000000 
30
0.000000 0.661662 0.802708 0.301538 0.861662 0.822631 0.984615 0.519062 0.000000 0.000000 0.000000 0.756185 0.749231 0.254292 0.503400 1.102846 0.993046 0.826692 0.189169 0.000000 0.000000 0.756185 0.788615 0.262185 0.997538 0.135385 0.000000 0.490000 0.998400 0.658092 0.000000 0.661662 0.806031 0.309415 0.769354 0.541585 0.724677 0.965585 0.094554 0.000000 0.000000 0.661662 0.804369 0.301554 0.931769 0.935877 0.957046 1.033062 1.007846 0.632031 0.000000 0.000000 0.000000 0.000000 0.000000 0.000000 0.000000 
31
0.000000 0.661662 0.796062 0.144308 0.978277 0.819969 0.984615 0.602954 0.000000 0.000000 0.000000 0.756185 0.701538 0.183385 0.592138 1.010292 0.995508 0.824323 0.189092 0.000000 0.000000 0.756185 0.704862 0.260923 0.953846 0.000000 0.000000 0.492877 1.004554 0.648000 0.000000 0.661662 0.801046 0.144323 0.885969 0.537154 0.724677 0.951323 0.094554 0.000000 0.000000 0.661662 0.799385 0.183385 0.928600 0.914446 0.970831 1.016108 1.009231 0.629569 0.000000 0.000000 0.000000 0.000000 0.000000 0.000000 0.000000 
32
0.000000 0.665615 0.892431 0.318492 0.889369 0.768477 0.990523 0.651092 0.000000 0.000000 0.000000 0.760138 0.863446 0.360708 0.575908 0.748369 0.954092 0.862000 0.000000 0.000000 0.000000 0.760138 0.871692 0.374554 0.953846 0.396754 0.000000 0.732031 1.012185 0.587185 0.000000 0.665615 0.894092 0.315108 0.795077 0.881031 0.704000 0.989046 0.567231 0.000000 0.000000 0.665615 0.894092 0.315200 1.012938 0.781385 0.993477 0.993477 0.956446 0.431462 0.000000 0.000000 0.000000 0.000000 0.000000 0.000000 0.000000 
33
0.000000 0.661662 0.812677 0.295585 0.885846 0.691154 0.990523 0.650246 0.000000 0.000000 0.000000 0.756185 0.750892 0.254308 0.659508 0.746523 0.954092 0.864062 0.000000 0.000000 0.000000 0.756185 0.796923 0.372769 0.953846 0.249200 0.000000 0.707646 0.998400 0.600123 0.000000 0.661662 0.812677 0.295585 0.930154 0.742231 0.724677 0.967492 0.567231 0.000000 0.000000 0.661662 0.814338 0.295569 1.004277 0.778415 0.993477 0.993477 0.949446 0.431462 0.000000 0.000000 0.000000 0.000000 0.000000 0.000000 0.000000 
34
0.000000 0.661662 0.804369 0.301538 0.873215 0.672908 0.976738 0.670431 0.000000 0.000000 0.000000 0.756185 0.747569 0.254277 0.650354 0.744831 0.954092 0.857985 0.000000 0.000000 0.000000 0.756185 0.779077 0.270031 0.949538 0.381462 0.000000 0.485000 1.018338 0.486292 0.000000 0.661662 0.804369 0.301538 0.919923 0.595585 0.724677 0.958938 0.567231 0.000000 0.000000 0.661662 0.802708 0.301538 0.987477 0.770985 0.993477 0.993477 0.946969 0.431462 0.000000 0.000000 0.000000 0.000000 0.000000 0.000000 0.000000 
35
0.000000 0.661662 0.799385 0.183385 0.863585 0.676000 0.990523 0.556215 0.000000 0.000000 0.000000 0.756185 0.704862 0.260923 0.664308 0.652215 0.938338 0.885646 0.000000 0.000000 0.000000 0.756185 0.704862 0.183385 1.041231 0.109123 0.000000 0.488631 1.012185 0.487431 0.000000 0.661662 0.799385 0.183385 0.915385 0.586185 0.724677 0.955308 0.567231 0.000000 0.000000 0.661662 0.799385 0.183385 0.979954 0.753185 0.993477 1.007262 0.927554 0.451354 0.000000 0.000000 0.000000 0.000000 0.000000 0.000000 0.000000 
36
0.000000 0.665615 0.892431 0.338892 0.949308 0.822554 0.970831 0.675431 0.000000 0.000000 0.000000 0.760138 0.861785 0.365815 0.894892 0.862400 0.954092 0.874385 0.000000 0.000000 0.000000 0.760138 0.871692 0.373615 0.721723 0.006477 0.000000 0.747492 0.987569 0.663585 0.000000 0.665615 0.895754 0.327754 0.802462 0.600615 0.724677 0.972062 0.378154 0.000000 0.000000 0.665615 0.894092 0.333938 0.920538 0.805108 0.993477 0.993477 0.971754 0.429692 0.000000 0.000000 0.000000 0.000000 0.000000 0.000000 0.000000 
37
0.000000 0.661662 0.812677 0.308969 0.944646 0.726615 0.970831 0.594062 0.000000 0.000000 0.000000 0.756185 0.762092 0.350738 0.862585 0.852708 0.954092 0.854277 0.000000 0.000000 0.000000 0.756185 0.796923 0.366462 0.604369 0.000000 0.000000 0.739615 0.971815 0.660154 0.000000 0.661662 0.809354 0.308923 0.791815 0.600615 0.724677 0.969092 0.378154 0.000000 0.000000 0.661662 0.814338 0.316800 0.906800 0.803308 0.993477 0.993477 0.969877 0.431462 0.000000 0.000000 0.000000 0.000000 0.000000 0.000000 0.000000 
38
0.000000 0.661662 0.802708 0.308923 0.947738 0.698400 1.007262 0.567062 0.000000 0.000000 0.000000 0.756185 0.749231 0.358585 0.741846 0.862400 0.938338 0.869785 0.000000 0.000000 0.000000 0.756185 0.779077 0.374338 0.628123 0.000000 0.000000 0.516600 0.987569 0.645215 0.000000 0.661662 0.802708 0.301062 0.869354 0.600615 0.724677 0.957000 0.472692 0.000000 0.000000 0.661662 0.802708 0.316800 0.909723 0.795708 0.993477 1.007262 0.958523 0.431462 0.000000 0.000000 0.000000 0.000000 0.000000 0.000000 0.000000 
39
0.000000 0.661662 0.799385 0.176923 0.964892 0.692554 1.007262 0.581738 0.000000 0.000000 0.000000 0.756185 0.701538 0.273846 0.781969 0.842954 0.938338 0.870323 0.000000 0.000000 0.000000 0.756185 0.704862 0.287692 0.589046 0.000000 0.000000 0.516215 0.971815 0.743877 0.000000 0.661662 0.799385 0.176923 0.869354 0.600615 0.724677 0.958646 0.472692 0.000000 0.000000 0.661662 0.799385 0.190769 0.910400 0.773431 0.993477 1.007262 0.957538 0.431462 0.000000 0.000000 0.000000 0.000000 0.000000 0.000000 0.000000 
40
0.000000 0.665615 0.953662 0.290554 1.003969 0.617062 1.006277 0.927446 0.283615 0.000000 0.000000 0.760138 0.954892 0.320615 0.518215 0.770785 0.954092 0.958262 0.000000 0.000000 0.000000 0.760138 0.877477 0.358985 0.631492 0.634308 1.016554 0.830062 0.988554 0.694708 0.000000 0.665615 0.992615 0.313354 1.013169 0.486646 0.724677 0.982662 0.567231 0.000000 0.000000 0.665615 0.976862 0.305477 0.949969 0.963862 0.970831 1.015631 0.995754 0.354462 0.000000 0.000000 0.000000 0.000000 0.000000 0.000000 0.000000 
41
0.000000 0.661662 0.896000 0.333062 0.932400 0.520015 0.990523 0.921954 0.283615 0.000000 0.000000 0.756185 0.929169 0.246431 0.580923 0.768954 0.954092 0.948831 0.094538 0.000000 0.000000 0.756185 0.799815 0.254277 0.498154 0.367231 0.998000 0.832877 0.988554 0.694708 0.000000 0.661662 0.976431 0.325908 0.968800 0.487015 0.724677 0.969092 0.567231 0.000000 0.000000 0.661662 0.962338 0.317292 0.936092 0.962769 0.970831 0.938246 1.057431 0.354462 0.000000 0.000000 0.000000 0.000000 0.000000 0.000000 0.000000 
42
0.000000 0.661662 0.886031 0.325185 0.930923 0.518477 0.976738 0.952862 0.189077 0.000000 0.000000 0.756185 0.848308 0.246400 0.572800 0.746831 0.938338 0.964323 0.000000 0.000000 0.000000 0.756185 0.783631 0.323938 0.422800 0.333846 1.001692 0.837308 0.988554 0.700154 0.000000 0.661662 0.802708 0.262462 1.040431 0.432369 0.724677 0.957015 0.567231 0.000000 0.000000 0.661662 0.865723 0.301538 0.932677 0.920292 0.970831 1.007138 0.941492 0.402908 0.000000 0.000000 0.000000 0.000000 0.000000 0.000000 0.000000 
43
0.000000 0.661662 0.794585 0.144308 0.964600 0.517046 0.990523 0.928123 0.283615 0.000000 0.000000 0.756185 0.703385 0.260923 0.599508 0.653938 0.938338 0.964862 0.000000 0.000000 0.000000 0.756185 0.700062 0.260923 0.344308 0.233692 0.998000 0.840262 1.009231 0.694431 0.000000 0.661662 0.797908 0.144308 1.032308 0.428292 0.724677 0.958646 0.567231 0.000000 0.000000 0.661662 0.796246 0.144308 0.975677 0.898138 0.973600 0.956277 1.064938 0.354462 0.000000 0.000000 0.000000 0.000000 0.000000 0.000000 0.000000 
44
0.000000 0.665615 0.977292 0.336846 0.977646 0.607354 0.970831 0.586862 0.000000 0.000000 0.000000 0.760138 0.955323 0.374708 0.617108 0.682631 0.954092 0.958262 0.000000 0.000000 0.000000 0.760138 0.882462 0.358954 0.380154 0.244262 0.000000 0.732585 0.998400 0.654477 0.000000 0.665615 0.989723 0.321185 0.650662 0.844354 0.724677 0.975769 0.094554 0.000000 0.000000 0.665615 0.986400 0.329031 0.907692 0.952108 1.007262 0.927446 1.075908 0.354462 0.000000 0.000000 0.000000 0.000000 0.000000 0.000000 0.000000 
45
0.000000 0.661662 0.949477 0.341677 0.967308 0.482231 1.021046 0.467231 0.000000 0.000000 0.000000 0.756185 0.933723 0.262892 0.707077 0.682631 0.954092 0.948831 0.000000 0.000000 0.000000 0.756185 0.796492 0.254277 0.469908 0.042538 0.000000 0.711908 0.998400 0.655123 0.000000 0.661662 0.971446 0.325169 0.769354 0.703585 0.724677 0.963538 0.094554 0.000000 0.000000 0.661662 0.970215 0.333062 0.898969 0.952123 1.007262 0.922754 1.090292 0.354462 0.000000 0.000000 0.000000 0.000000 0.000000 0.000000 0.000000 
46
0.000000 0.661662 0.799385 0.270338 1.003492 0.477785 1.007262 0.481923 0.000000 0.000000 0.000000 0.756185 0.752123 0.339692 0.585231 0.667538 0.938338 0.964323 0.000000 0.000000 0.000000 0.756185 0.783631 0.323954 0.347200 0.042262 0.000000 0.490000 1.010708 0.641815 0.000000 0.661662 0.801046 0.262462 0.885969 0.556323 0.724677 0.963662 0.094554 0.000000 0.000000 0.661662 0.801046 0.309415 0.898846 0.909646 1.021046 0.923569 1.071815 0.354462 0.000000 0.000000 0.000000 0.000000 0.000000 0.000000 0.000000 
47
0.000000 0.661662 0.794585 0.144308 1.005692 0.475200 1.007262 0.484077 0.000000 0.000000 0.000000 0.756185 0.700062 0.260923 0.585231 0.666062 0.938338 0.964862 0.000000 0.000000 0.000000 0.756185 0.698400 0.260923 0.342831 0.042262 0.000000 0.492877 0.961969 0.684862 0.000000 0.661662 0.796246 0.144308 0.885969 0.551662 0.724677 0.951015 0.094569 0.000000 0.000000 0.661662 0.796246 0.144308 0.938892 0.888600 1.021046 0.913738 1.025062 0.402908 0.000000 0.000000 0.000000 0.000000 0.000000 0.000000 0.000000 
48
0.000000 0.665600 0.994277 0.336846 0.993600 0.600569 0.990523 0.931938 0.283615 0.000000 0.000000 0.760123 0.959877 0.374692 0.566892 0.945815 0.954092 0.874369 0.000000 0.000000 0.000000 0.760123 0.882031 0.358954 0.317277 0.254585 0.000000 0.736215 1.012185 0.681369 0.000000 0.665600 0.981415 0.306154 0.906092 0.602092 0.724677 0.881554 0.094538 0.000000 0.000000 0.665600 0.969846 0.336754 1.012431 1.000354 0.905662 0.991015 1.007815 0.163400 0.000000 0.000000 0.000000 0.000000 0.000000 0.000000 0.000000 
49
0.000000 0.661662 0.976431 0.349538 0.996954 0.494969 0.976738 0.967815 0.283615 0.000000 0.000000 0.756185 0.943262 0.255031 0.665077 0.943231 0.954092 0.948831 0.000000 0.000000 0.000000 0.756185 0.817231 0.238554 0.429292 0.063323 0.000000 0.704831 0.998400 0.605169 0.000000 0.661662 0.962338 0.309415 0.906092 0.600615 0.724677 0.882215 0.094538 0.000000 0.000000 0.661662 0.930400 0.349538 1.004308 1.003692 0.880385 1.014923 0.998892 0.167200 0.000000 0.000000 0.000000 0.000000 0.000000 0.000000 0.000000 
50
0.000000 0.661662 0.802708 0.309415 0.979400 0.493554 0.976738 0.970277 0.189077 0.000000 0.000000 0.756185 0.753785 0.262154 0.654046 0.940646 0.938338 0.869785 0.000000 0.000000 0.000000 0.756185 0.808923 0.238523 0.429292 0.053185 0.000000 0.484400 1.018338 0.582754 0.000000 0.661662 0.883138 0.309431 0.890185 0.600615 0.724677 0.878600 0.000000 0.000000 0.000000 0.661662 0.797723 0.317292 0.996185 1.001923 0.877292 1.031354 0.998892 0.167200 0.000000 0.000000 0.000000 0.000000 0.000000 0.000000 0.000000 
51
0.000000 0.661662 0.797908 0.183385 0.992231 0.490585 0.990523 0.944369 0.283615 0.000000 0.000000 0.756185 0.700062 0.183385 0.745723 0.848185 0.938338 0.870323 0.000000 0.000000 0.000000 0.756185 0.701723 0.183385 0.429292 0.052954 0.000000 0.484385 1.018338 0.669385 0.000000 0.661662 0.797908 0.183385 0.887215 0.599138 0.724677 0.877585 0.000000 0.000000 0.000000 0.661662 0.792923 0.152185 1.039692 0.981846 0.886031 1.002292 0.998892 0.167200 0.000000 0.000000 0.000000 0.000000 0.000000 0.000000 0.000000 
52
0.000000 0.665600 0.992615 0.329062 0.978277 0.954400 0.984615 0.606246 0.000000 0.000000 0.000000 0.760123 0.976862 0.366892 0.500431 1.088385 1.010154 0.918523 0.283677 0.000000 0.000000 0.760123 0.882462 0.358938 0.953846 0.147000 0.000000 0.732954 1.012185 0.605754 0.000000 0.665600 0.990954 0.321215 0.971077 0.602092 0.724677 0.870708 0.189092 0.000000 0.000000 0.665600 0.981846 0.336815 0.991138 1.020692 0.989754 1.005969 0.969200 0.816985 0.000000 0.000000 0.000000 0.000000 0.000000 0.000000 0.000000 
53
0.000000 0.661662 0.976431 0.340923 0.869492 0.853600 0.970831 0.620523 0.000000 0.000000 0.000000 0.756185 0.968554 0.254277 0.507985 1.106646 0.989354 0.917785 0.283631 0.000000 0.000000 0.756185 0.796492 0.254277 0.998277 0.136138 0.000000 0.704138 1.018338 0.604754 0.000000 0.661662 0.985969 0.318062 0.997785 0.596185 0.724677 0.872615 0.094585 0.000000 0.000000 0.661662 0.968554 0.302585 1.026523 0.979246 0.939600 1.024646 0.996938 0.816985 0.000000 0.000000 0.000000 0.000000 0.000000 0.000000 0.000000 
54
0.000000 0.661662 0.802708 0.301538 0.864615 0.830385 0.984615 0.512215 0.000000 0.000000 0.000000 0.756185 0.755446 0.254277 0.503400 1.085077 1.009046 0.917677 0.283631 0.000000 0.000000 0.756185 0.783631 0.246415 0.997538 0.135385 0.000000 0.488877 1.012185 0.510908 0.000000 0.661662 0.802708 0.293662 0.960092 0.602092 0.724677 0.869123 0.094554 0.000000 0.000000 0.661662 0.799385 0.270369 1.018400 0.980338 0.961969 1.022954 0.996938 0.851046 0.000000 0.000000 0.000000 0.000000 0.000000 0.000000 0.000000 
55
0.000000 0.661662 0.797908 0.183385 0.861677 0.833692 0.984615 0.589892 0.000000 0.000000 0.000000 0.756185 0.703385 0.260923 0.592123 0.992508 1.007508 0.902723 0.283631 0.000000 0.000000 0.756185 0.698400 0.260923 0.953846 0.000000 0.000000 0.487400 1.012185 0.508800 0.000000 0.661662 0.797908 0.183385 0.951954 0.602092 0.724677 0.870754 0.094554 0.000000 0.000000 0.661662 0.794585 0.144308 1.015508 0.979077 0.985185 0.998338 0.996938 0.842477 0.000000 0.000000 0.000000 0.000000 0.000000 0.000000 0.000000 
56
0.000000 0.661662 0.897415 0.323754 0.795631 0.596877 1.007262 0.669708 0.000000 0.000000 0.000000 0.756185 0.868000 0.383062 0.500431 0.695985 0.954092 0.958277 0.000000 0.000000 0.000000 0.756185 0.875015 0.382385 0.686769 0.007154 0.000000 0.732277 1.012185 0.675523 0.000000 0.661662 0.900738 0.318000 0.650646 0.858138 0.724677 0.883492 0.094538 0.000000 0.000000 0.661662 0.897415 0.322969 0.924123 0.965769 1.008185 0.908308 1.079862 0.347569 0.000000 0.000000 0.000000 0.000000 0.000000 0.000000 0.000000 
57
0.000000 0.661662 0.811015 0.317292 0.772846 0.496508 0.970831 0.705692 0.000000 0.000000 0.000000 0.756185 0.763754 0.270062 0.617046 0.693031 0.954092 0.948815 0.000000 0.000000 0.000000 0.756185 0.795262 0.262200 0.814154 0.000000 0.000000 0.715646 0.961969 0.627923 0.000000 0.661662 0.811015 0.317292 0.769354 0.726600 0.724677 0.881292 0.000000 0.000000 0.000000 0.661662 0.809354 0.317292 0.916015 0.963615 1.008615 0.918908 1.079862 0.351015 0.000000 0.000000 0.000000 0.000000 0.000000 0.000000 0.000000 
58
0.000000 0.661662 0.804369 0.309415 0.771323 0.484815 1.007262 0.568662 0.000000 0.000000 0.000000 0.756185 0.757108 0.262169 0.507954 0.676492 0.938338 0.964323 0.000000 0.000000 0.000000 0.756185 0.788615 0.262154 0.814154 0.000000 0.000000 0.494046 1.005046 0.581954 0.000000 0.661662 0.804369 0.270338 0.885969 0.570769 0.724677 0.877585 0.000000 0.000000 0.000000 0.661662 0.806031 0.309431 0.911477 0.920785 1.014338 0.922492 0.936600 0.457554 0.000000 0.000000 0.000000 0.000000 0.000000 0.000000 0.000000 
59
0.000000 0.661662 0.799385 0.191262 0.768369 0.490954 1.007262 0.545846 0.000000 0.000000 0.000000 0.756185 0.704862 0.183400 0.594385 0.578031 0.938338 0.964862 0.000000 0.000000 0.000000 0.756185 0.704862 0.260923 0.593600 0.000000 0.000000 0.492938 1.006523 0.664200 0.000000 0.661662 0.801046 0.152185 0.885969 0.566554 0.724677 0.877585 0.000000 0.000000 0.000000 0.661662 0.799385 0.152185 0.955123 0.898615 1.014338 0.896800 1.075769 0.359585 0.000000 0.000000 0.000000 0.000000 0.000000 0.000000 0.000000 
