task94
0.012000 0.012000 1.001375 1.015711 2.001180 2.154111 3.011834 3.146263 4.014734 4.138048 5.010947 5.011112 
task19
0.022000 0.029843 1.020909 1.044358 2.160537 2.176952 3.151355 3.174169 4.140734 4.166365 5.020627 5.029808 
task13
0.022000 0.022202 1.033759 1.063220 2.166210 2.172365 3.161961 3.174331 4.152323 4.262642 5.021568 5.021635 
task10
0.022000 0.022202 1.033451 1.103731 2.166223 2.171438 3.161832 3.209129 4.152423 4.202605 5.021566 5.021718 
task0
0.022000 0.022202 1.033738 1.062683 2.168137 2.168312 3.160286 3.161217 4.151480 4.226226 5.021860 5.021998 
task15
0.022000 0.022202 1.033442 1.086386 2.167941 2.168082 3.161690 3.165846 4.153116 4.243180 5.021987 5.135032 
task2
0.024000 0.024402 1.107761 1.108577 2.169214 2.224203 3.161776 3.208872 4.228277 4.364894 5.024050 5.074803 
task9
0.024000 0.024402 1.107453 1.108314 2.169277 2.177982 3.161963 3.173218 4.228282 4.362411 5.022520 5.074800 
task6
0.024000 0.024402 1.107740 1.108555 2.169290 2.177897 3.161834 3.209215 4.226997 4.315738 5.022652 5.025906 
task3
0.024000 0.024402 1.107444 1.108388 2.169345 2.175826 3.162288 3.162378 4.227417 4.323037 5.022557 5.142346 
task4
0.024000 0.024402 1.107443 1.108409 2.169595 2.223917 3.161997 3.165932 4.227585 4.267460 5.022558 5.142423 
task7
0.024000 0.024402 1.107984 1.108071 2.169519 2.224186 3.162058 3.210409 4.228331 4.286355 5.023796 5.130785 
task1
0.024000 0.024403 1.107679 1.108069 2.168972 2.177980 3.162288 3.162446 4.227112 4.323035 5.023568 5.024037 
task14
0.024000 0.024403 1.107663 1.108057 2.168985 2.177895 3.161692 3.165931 4.227280 4.267458 5.023566 5.023920 
task12
0.024000 0.024003 1.107604 1.108008 2.169040 2.175772 3.161753 3.210408 4.228331 4.286354 5.023860 5.024000 
task11
0.024000 0.024403 1.107604 1.108008 2.169290 2.224077 3.161861 3.207951 4.227946 4.303169 5.023987 5.135118 
task5
0.024305 0.024402 1.107968 1.108058 2.169277 2.177983 3.162166 3.207994 4.228250 4.303171 5.023873 5.023889 
task8
0.024305 0.024402 1.107909 1.108009 2.169290 2.177898 3.162081 3.208874 4.228582 4.364895 5.023871 5.023925 
task16
0.025289 0.029511 1.036116 1.040071 2.168523 2.173977 3.163331 3.173280 4.154093 4.166345 5.025308 5.029495 
task20
0.031289 0.031705 1.041579 1.043283 2.178497 2.179140 2.182589 2.183843 3.173958 3.174538 3.175167 3.176217 4.175980 4.176988 5.035193 5.037042 
task17
0.031289 0.249108 1.041482 1.294378 2.178497 2.429282 3.173406 3.428840 4.175980 4.380574 5.035193 5.321568 
task18
0.037829 0.243914 1.051256 1.133577 2.171947 2.182929 3.182588 3.275443 4.165907 4.176523 5.029059 5.037798 
task21
0.245293 0.276234 1.135556 1.239903 2.185434 2.317983 3.278861 3.324320 4.184107 4.279272 5.045030 5.261620 
task22
0.255409 0.269869 1.240287 1.257635 2.318632 2.339097 3.325389 3.335388 4.264226 4.290435 5.246773 5.264091 
task23
0.271657 0.396751 1.259433 1.418537 2.340889 2.480503 3.337196 3.525728 4.292290 4.479446 5.265926 5.421609 
task24
0.366501 0.366631 0.368610 0.368831 0.370718 0.370831 0.372826 0.373031 0.374934 0.375231 0.377043 0.377231 0.379151 0.379431 0.381309 0.381431 0.383417 0.383631 1.365691 1.365892 1.366466 1.366622 1.367799 1.368092 1.368575 1.368822 1.369909 1.370092 1.370683 1.370822 1.372017 1.372292 1.372791 1.373022 1.374126 1.374292 1.374909 1.375022 1.376234 1.376492 1.377017 1.377222 1.378342 1.378492 1.379126 1.379422 1.379489 1.379772 1.380450 1.380692 2.480932 2.481057 2.481359 2.481658 2.482275 2.482495 2.482526 2.482903 2.483012 2.483257 2.483467 2.483658 2.484383 2.484495 2.484634 2.484903 2.485120 2.485257 2.485575 2.485658 3.474862 3.475058 3.475196 3.475452 3.476970 3.477258 3.477269 3.477452 4.479270 4.479515 4.479676 4.479960 4.480295 4.480538 4.480675 4.480938 4.481378 4.481515 4.481784 4.481960 4.482390 4.482938 4.483486 4.483515 4.483892 4.483960 4.484498 4.484542 4.484606 4.484878 4.484891 4.484938 5.389499 5.389608 5.390000 5.390226 5.391607 5.391808 5.392000 5.392535 5.393715 5.393808 5.394109 5.394209 5.394231 5.394426 
task83
0.401471 0.415169 1.430406 1.445237 2.510316 2.521929 3.530349 3.542129 4.510447 4.521951 5.430135 5.445014 
task84
0.401484 0.430720 1.430417 1.457538 2.510326 2.533717 3.530359 3.549945 4.510456 4.533674 5.430147 5.460645 
task86
0.401568 0.473458 1.430507 1.500232 2.510409 2.568562 3.530435 3.585002 4.510532 4.568600 5.430258 5.504088 
task90
0.402253 0.500646 1.430868 1.515114 2.511570 2.587272 3.530740 3.607509 4.511301 4.566826 5.430771 5.519203 
task25
0.402305 0.403295 0.404000 0.404843 1.432934 1.434308 2.513042 2.515074 3.532268 3.533369 3.533997 3.535302 4.512246 5.102422 5.432459 5.594777 
task30
0.402991 0.403443 0.404717 0.405117 1.433713 1.434420 2.514040 2.515171 3.533266 3.533655 3.534994 3.535449 4.513244 5.102569 5.433145 5.595368 
task31
0.402992 0.404211 0.404718 0.406011 1.433714 1.435415 2.514041 2.517583 3.533267 3.535472 4.513245 5.103825 5.433146 5.596603 
task33
0.402999 0.404237 0.404725 0.405445 1.433722 1.435443 1.435795 1.436355 2.514273 2.517515 3.535005 3.535975 3.537041 3.537557 3.537780 3.538222 4.513258 4.989969 5.433153 5.649540 
task54
0.405280 0.405494 1.436013 1.436060 1.436142 1.436483 2.516761 2.516798 2.517066 2.517168 2.517259 2.517528 3.537265 3.537298 3.537316 3.537552 3.538003 3.538225 4.514512 5.036409 5.434384 5.649546 
task28
0.405282 0.416958 1.436016 1.449332 2.516764 2.535232 3.537267 3.554668 4.516515 5.053529 5.434385 5.609502 
task27
0.410847 0.418885 1.442019 1.451426 2.525266 2.538011 3.545271 3.557323 4.524519 5.055805 5.441643 5.611668 
task26
0.410847 0.432654 1.444019 1.467071 2.527267 2.557949 3.547272 3.577382 4.526520 5.075662 5.441644 5.625331 
task32
0.412848 0.434223 1.444020 1.468538 2.527267 2.559766 3.549272 3.578745 4.989471 4.993023 5.597042 5.702662 
task34
0.413555 0.435682 1.446810 1.469597 2.529994 2.560994 3.550884 3.584212 5.090988 5.211106 5.597749 5.645317 
task55
0.415804 0.437682 1.447266 1.472605 2.530553 2.563434 3.550427 3.582883 5.059864 5.063337 5.656184 5.656284 5.656303 5.656371 5.656384 5.656403 5.656471 5.656484 5.656503 5.656571 5.656583 5.656602 5.656670 5.656670 5.656683 5.656702 5.656770 5.656770 5.656770 5.656802 5.656870 5.656870 5.656902 5.656969 5.656970 5.657003 5.657004 5.657004 5.657069 5.657103 5.657103 5.657103 5.657116 5.657165 5.657203 5.657203 5.657203 5.657216 5.657265 5.657303 5.657303 5.657303 5.657316 5.657350 5.657365 5.657402 5.657403 5.657403 5.657415 5.657450 5.657464 5.657502 5.657502 5.657502 5.657515 5.657550 5.657564 5.657615 5.657650 5.657664 5.657715 5.657749 5.657764 5.657849 
task85
0.432168 0.477855 1.457691 1.497043 2.532835 2.564614 3.553468 3.587869 4.532837 4.569134 5.460646 5.506486 
task45
0.432856 0.461622 1.467925 1.500397 2.555485 2.597649 3.578007 3.617729 5.142423 5.214317 5.627430 5.733449 
task29
0.432863 0.466285 1.467933 1.503542 2.555496 2.601635 3.578007 3.621711 5.142429 5.268094 5.627436 5.677791 
task35
0.436517 0.562940 1.469941 1.614888 2.559506 2.742782 3.581315 3.788418 5.162258 5.373088 5.645633 5.826672 
task56
0.439268 0.600785 1.472639 1.643548 2.566946 2.782005 3.583225 3.779009 5.140859 5.259546 
task36
0.466245 0.590929 1.505081 1.643877 2.607579 2.782348 3.625619 3.829160 5.222096 5.323834 5.680783 5.680783 5.680783 5.680783 5.680784 5.680784 5.680784 5.680784 5.680784 5.680784 5.680784 5.680785 5.680785 5.680785 5.680785 5.680785 5.680785 5.680785 5.680786 5.680786 5.680786 5.680786 5.680786 5.680786 5.680786 5.680787 5.680787 5.680787 5.680787 5.680787 5.680787 5.680787 5.680788 5.680788 5.680788 5.680788 5.680788 5.680788 5.680788 5.680789 5.680789 5.680789 5.680789 5.680789 5.680789 5.680789 5.680790 5.680790 5.680790 5.680790 5.680790 5.681001 5.681002 5.681002 5.681002 5.681002 5.681002 5.681002 5.681002 5.681003 5.681003 5.681003 5.681003 5.681003 5.681003 5.681003 5.681004 5.681004 5.681004 5.681004 5.681004 5.681004 5.681004 5.681005 5.681005 5.681005 5.681005 5.681005 5.681005 5.681005 5.681006 5.681006 5.681006 5.681006 5.681006 5.681006 5.681006 5.681007 5.681007 5.681007 5.681007 5.681007 5.681007 5.681007 5.681008 5.681008 5.681008 5.681008 5.681008 5.681008 5.681008 5.681009 5.681070 5.681070 5.681070 5.681070 5.681070 5.681070 5.681070 5.681071 5.681071 5.681071 5.681071 5.681071 5.681071 5.681071 5.681072 5.681072 5.681072 5.681072 5.681072 5.681072 5.681072 5.681073 5.681073 5.681073 5.681073 5.681073 5.681073 5.681073 5.681074 5.681074 5.681074 5.681074 5.681074 5.681074 5.681074 5.681075 5.681075 5.681075 5.681075 5.681075 5.681075 5.681075 5.681076 5.681076 5.681076 5.681076 5.681076 5.681076 5.681076 5.681077 5.681077 5.681169 5.681169 5.681169 5.681169 5.681169 5.681170 5.681170 5.681170 5.681170 5.681170 5.681170 5.681170 5.681171 5.681171 5.681171 5.681171 5.681171 5.681171 5.681171 5.681172 5.681172 5.681172 5.681172 5.681172 5.681172 5.681172 5.681173 5.681173 5.681173 5.681173 5.681173 5.681173 5.681173 5.681174 5.681174 5.681174 5.681174 5.681174 5.681174 5.681174 5.681175 5.681175 5.681175 5.681175 5.681175 5.681175 5.681175 5.681176 5.681176 5.681176 5.681176 5.681602 5.681602 5.681602 5.681602 5.681602 5.681602 5.681602 5.681602 5.681602 5.681602 5.681603 5.681603 5.681603 5.681603 5.681603 5.681603 5.681603 5.681603 5.681603 5.681603 5.681603 5.681603 5.681603 5.681603 5.681603 5.681603 5.681603 5.681603 5.681603 5.681603 5.681604 5.681604 5.681604 5.681604 5.681604 5.681604 5.681604 5.681604 5.681604 5.681604 5.681604 5.681604 5.681604 5.681604 5.681604 5.681604 5.681604 5.681604 5.681604 5.681604 5.681604 5.681605 5.681605 5.681605 5.681605 5.681605 5.681605 5.681605 5.681605 5.681605 5.681605 5.681605 5.681605 5.681605 5.681605 5.681605 5.681605 5.681605 5.681605 5.681605 5.681605 5.681606 5.681606 5.681606 5.681606 5.681606 5.681606 5.681606 5.681606 5.681606 5.681606 5.681606 5.681606 5.681606 5.681606 5.681606 5.681606 5.681606 5.681606 5.681606 5.681606 5.681606 5.681606 5.681607 5.681607 5.681607 5.681607 5.681607 5.681607 5.681607 5.681607 5.681607 5.681607 5.681607 5.681607 5.681607 5.681607 5.681607 5.681607 5.681607 5.681608 5.681608 5.681608 5.681608 5.681608 5.681608 5.681608 5.681608 5.681608 5.681608 5.681608 5.681608 5.681608 5.681608 5.681608 5.681608 5.681608 5.681608 5.681608 5.681608 5.681608 5.681608 5.681608 5.681608 5.681609 5.681609 5.681609 5.681609 5.681609 5.681609 5.681609 5.681609 5.681609 5.681814 5.681815 5.681815 5.681815 5.681815 5.681815 5.681815 5.681815 5.681816 5.681816 5.681816 5.681816 5.681816 5.681816 5.681816 5.681817 5.681817 5.681817 5.681817 5.681817 5.681817 5.681817 5.681818 5.681818 5.681818 5.681818 5.681818 5.681818 5.681818 5.681819 5.681819 5.681819 5.681819 5.681819 5.681819 5.681819 5.681820 5.681820 5.681820 5.681820 5.681820 5.681820 5.681820 5.681821 5.681821 5.681821 5.681821 5.681821 5.681821 5.681821 5.681822 5.681863 5.681864 5.681864 5.681864 5.681864 5.681864 5.681864 5.681864 5.681865 5.681865 5.681865 5.681865 5.681865 5.681865 5.681865 5.681866 5.681866 5.681866 5.681866 5.681866 5.681866 5.681866 5.681867 5.681867 5.681867 5.681867 5.681867 5.681867 5.681867 5.681868 5.681868 5.681868 5.681868 5.681868 5.681868 5.681868 5.681869 5.681869 5.681869 5.681869 5.681869 5.681869 5.681869 5.681870 5.681870 5.681870 5.681870 5.681870 5.681870 5.681870 5.681871 5.681949 5.681949 5.681949 5.681949 5.681949 5.681950 5.681950 5.681950 5.681950 5.681950 5.681950 5.681950 5.681951 5.681951 5.681951 5.681951 5.681951 5.681951 5.681951 5.681952 5.681952 5.681952 5.681952 5.681952 5.681952 5.681952 5.681952 5.681953 5.681953 5.681953 5.681953 5.681953 5.681953 5.681954 5.681954 5.681954 5.681954 5.681954 5.681954 5.681954 5.681955 5.681955 5.681955 5.681955 5.681955 5.681955 5.681956 
task87
0.473983 0.526862 1.500896 1.524152 2.568015 2.648051 3.588537 3.642169 4.568927 4.647894 5.502679 5.542465 
task88
0.528185 0.583262 1.523309 1.633465 2.648269 2.690298 3.641767 3.684286 4.648010 4.690589 5.542671 5.598598 
task89
0.584217 0.602292 1.633976 1.652975 2.690291 2.708618 3.683794 3.705908 4.690022 4.729272 5.599115 5.618128 
task57
0.593996 0.594131 0.594193 0.594289 0.594314 0.594365 1.652054 1.943086 2.788192 2.788226 2.789589 2.789626 2.789844 2.789891 2.789901 2.789992 3.817093 3.912552 5.261229 5.380437 
task37
0.594017 0.627115 1.645089 1.676928 2.791589 2.807940 3.775410 3.797668 5.325677 5.410218 
task47
0.594061 0.854535 1.645092 1.923492 2.791610 2.933395 3.775442 3.918531 5.325677 5.631498 
task39
0.600231 0.867485 1.652035 1.941937 2.798601 2.918754 3.797835 3.900251 5.331943 5.645552 
task93
0.602702 0.610400 1.652036 1.661555 2.708814 2.715014 3.710365 3.716503 4.729920 4.735818 5.617115 5.629520 
task91
0.602702 0.630514 1.652137 1.691758 2.708855 2.729934 3.710406 3.731605 4.729971 4.750892 5.617213 5.664757 
task38
0.622276 0.873545 1.677486 1.938858 2.808080 2.932909 3.806163 3.924066 5.354457 5.595909 
task92
0.630766 0.652485 1.691420 1.713323 2.728906 2.789300 3.731974 3.743797 4.751153 4.763152 5.668284 5.683186 
task40
0.798854 0.821020 1.930444 1.942197 2.904616 2.955465 3.901315 3.936698 5.589644 5.644812 
task46
0.820507 0.972791 1.942216 2.088298 2.955730 3.142446 3.936918 4.126523 5.647680 5.650668 5.969777 5.650669 5.959431 5.650669 5.650670 5.650671 5.970408 5.650671 5.962960 5.650671 5.650672 5.650673 5.973420 5.650673 5.963074 5.650673 5.650674 5.650675 5.974051 5.650676 5.966603 5.650676 5.650676 5.650678 5.977063 5.650678 5.966717 5.650678 5.650679 5.650680 5.977694 5.650680 5.970246 5.650680 5.650681 5.650682 5.980706 5.650683 5.970360 5.650683 5.650683 5.650685 5.981337 5.650685 5.973889 5.650685 5.650686 5.650687 5.984349 5.650687 5.974003 5.650687 5.650688 5.650689 5.984980 5.650690 5.977532 5.650690 5.650690 5.650691 5.987992 5.650692 5.977646 5.650692 5.650693 5.650694 5.988623 5.650694 5.981175 5.650694 5.650695 5.650696 5.991635 5.650696 5.981289 5.650696 5.650697 5.650698 5.992266 5.650699 5.984818 5.650699 5.650700 5.650701 5.995278 5.650701 5.984932 5.650701 5.650702 5.650703 5.995909 5.650703 5.988462 5.650703 5.650704 5.650705 5.998922 5.650706 5.988540 5.650706 5.650707 5.650708 5.999552 5.650708 5.992105 5.650708 5.650709 5.650709 5.992218 5.650709 5.650710 5.650710 5.992183 5.650710 5.650711 5.650711 5.995697 5.650711 5.650712 5.650713 5.995748 5.650713 5.650713 5.650714 5.995862 5.650714 5.650715 5.650715 5.995826 5.650715 5.650718 5.650817 5.962517 5.650818 5.650819 5.650820 5.965275 5.650820 5.650821 5.650822 5.966160 5.650823 5.650823 5.650824 5.968918 5.650825 5.650826 5.650827 5.969803 5.650827 5.650828 5.650829 5.972562 5.650830 5.650830 5.650831 5.973446 5.650832 5.650832 5.650867 5.650868 5.650869 5.650871 5.650872 5.650873 5.650874 5.650875 5.650876 5.650878 5.650879 5.650880 5.650881 5.650958 5.651951 5.651952 5.651953 5.651955 5.651956 5.651957 5.651958 5.651959 5.651960 5.651962 5.651963 5.651964 5.651965 5.651966 5.651967 5.651968 5.651970 5.651971 5.651972 5.651973 5.651974 5.651975 5.651977 5.651978 5.651979 5.651980 5.651981 5.651982 5.651983 5.651985 5.651986 5.651987 5.651988 5.651989 5.651990 5.651992 5.651993 5.651994 5.651995 5.651996 5.651997 5.651998 5.652000 5.652001 5.652002 5.652003 5.652004 5.652005 5.652007 5.652008 5.652009 5.652010 5.652011 5.652012 5.652013 5.652015 5.652016 5.652017 5.652018 5.652019 5.652021 5.957971 5.652022 5.958512 5.652024 5.958451 5.652025 5.961377 5.652026 5.961614 5.652027 5.962155 5.652028 5.962094 5.652029 5.965020 5.652030 5.965257 5.652032 5.965798 5.652033 5.965737 5.652034 5.968663 5.652035 5.968900 5.652036 5.969442 5.652037 5.969380 5.652039 5.972306 5.652040 5.972543 5.652041 5.973085 5.652042 5.973023 5.652043 5.975949 5.652044 5.976186 5.652045 5.976728 5.652047 5.976666 5.652048 5.979592 5.652049 5.979829 5.652050 5.980371 5.652051 5.980309 5.652052 5.983235 5.652054 5.983472 5.652055 5.984014 5.652056 5.983952 5.652057 5.986878 5.652058 5.987115 5.652059 5.987657 5.652061 5.987595 5.652062 5.990522 5.652063 5.990758 5.652064 5.991300 5.652065 5.991238 5.652066 5.994165 5.652067 5.994402 5.652069 5.994943 5.652070 5.994882 5.652071 5.997808 5.652072 5.998045 5.652073 5.998586 5.652074 5.998525 5.652076 5.652077 5.652078 5.652079 5.652080 5.652081 5.652082 5.652083 5.652084 5.998582 5.652085 5.652085 5.652086 5.998806 5.652087 5.652087 5.652088 5.652088 5.652089 5.652089 5.652091 5.652091 5.652092 5.652092 5.652093 5.652093 5.652094 5.652094 5.652095 5.652095 5.652096 5.652096 5.652097 5.652098 5.652099 5.652099 5.652100 5.652100 5.652101 5.652101 5.652102 5.652102 5.652103 5.652103 5.652104 5.652104 5.652106 5.652106 5.652107 5.652107 5.652108 5.652108 5.652109 5.652109 5.652110 5.652110 5.652111 5.652111 5.652112 5.652113 5.652114 5.652114 5.652115 5.652115 5.652116 5.652116 5.652117 5.652117 5.652118 5.652118 5.652119 5.652119 5.652121 5.652121 5.652122 5.652122 5.652123 5.652123 5.652124 5.652124 5.652125 5.652125 5.652126 5.652126 5.652127 5.652128 5.652129 5.652129 5.652130 5.652130 5.652131 5.652131 5.652132 5.652132 5.652133 5.652133 5.652134 5.652134 5.652136 5.652136 5.652137 5.652138 5.652139 5.652140 5.652141 5.652143 5.652144 5.652145 5.652146 5.652147 5.652148 5.652149 5.652151 5.652152 5.652153 5.652154 5.652155 5.652156 5.652158 5.652159 5.652160 5.652161 5.652162 5.652163 5.652164 5.652166 5.652167 5.652168 5.652169 5.652170 5.652171 5.652173 5.652174 5.652175 5.652176 5.652177 5.652178 5.652179 5.652181 5.652182 5.652183 5.652184 5.652185 5.652186 5.652188 5.652189 5.652190 5.652191 5.652192 5.652193 5.652195 5.652196 5.652197 5.652380 5.652416 5.652417 5.652418 5.652419 5.652421 5.652422 5.652423 5.652424 5.652425 5.652426 5.652428 5.652429 5.652430 5.652431 5.652432 5.652433 5.652434 5.652436 5.652437 5.652438 5.652439 5.652440 5.652441 5.652443 5.652444 5.652445 5.652446 5.652447 5.652448 5.652449 5.652451 5.652452 5.652453 5.652454 5.652455 5.652456 5.652458 5.652459 5.652460 5.652461 5.652462 5.652463 5.652464 5.652466 5.652467 5.652468 5.652469 5.652470 5.652471 5.652473 5.652474 5.652475 5.652476 5.652477 5.652478 5.652479 5.652481 5.652482 5.652483 5.652484 5.652485 5.652486 5.652488 5.652489 5.652490 5.652491 5.652492 5.652493 5.652494 5.652716 5.652716 5.999340 5.652716 5.652717 5.652717 5.999391 5.652717 5.652718 5.652718 5.999505 5.652718 5.652719 5.652720 5.999469 5.652720 5.652720 5.652721 5.652721 5.652722 5.652722 5.652722 5.652723 5.652723 5.652723 5.652724 5.652724 5.652724 5.652725 5.652725 5.652725 5.652726 5.652726 5.652726 5.652727 5.652728 5.652728 5.652728 5.652729 5.652729 5.652730 5.652730 5.652730 5.652731 5.652731 5.652731 5.652732 5.652732 5.652732 5.652733 5.652733 5.652733 5.652734 5.652735 5.652735 5.652735 5.652736 5.652736 5.652737 5.652737 5.652737 5.652738 5.652738 5.652738 5.652739 5.652739 5.652739 5.652740 5.652740 5.652740 5.652741 5.652741 5.652742 5.652742 5.652743 5.652743 5.652743 5.652744 5.652744 5.652745 5.652745 5.652745 5.652746 5.652746 5.652746 5.652747 5.652747 5.652747 5.652748 5.652748 5.652748 5.652749 5.652750 5.652750 5.652750 5.652751 5.652751 5.652752 5.652752 5.652752 5.652753 5.652753 5.652753 5.652754 5.652754 5.652754 5.652755 5.652755 5.652755 5.652756 5.652756 5.652757 5.652757 5.652758 5.652758 5.652758 5.652759 5.652759 5.652760 5.652760 5.652760 5.652761 5.652761 5.652761 5.652762 5.652762 5.652762 5.652763 5.652763 5.652763 5.652764 5.652765 5.652765 5.652765 5.652766 5.652766 5.652767 5.652767 5.652767 5.652768 5.652768 5.652768 5.652769 5.652769 5.652769 5.652770 5.652770 5.652770 5.652771 5.652771 5.652772 5.652772 5.652773 5.652773 5.652773 5.652774 5.652774 5.652775 5.652775 5.652775 5.652776 5.652776 5.652776 5.652777 5.652777 5.652777 5.652778 5.652778 5.652778 5.652779 5.652780 5.652780 5.652780 5.652781 5.652781 5.652782 5.652782 5.652782 5.652783 5.652783 5.652783 5.652784 5.652784 5.652784 5.652785 5.652785 5.652785 5.652786 5.652787 5.652787 5.652787 5.652788 5.652788 5.652788 5.652789 5.652789 5.652790 5.652790 5.652790 5.652791 5.652791 5.652791 5.652792 5.652792 5.652792 5.652793 5.652793 5.652793 5.652794 5.652795 5.652795 5.652795 5.652796 5.652796 5.652797 5.652797 5.652797 5.652798 5.652798 5.652798 5.652799 5.652799 5.652799 5.652800 5.652800 5.652800 5.652801 5.652802 5.652802 5.652802 5.652803 5.652803 5.652804 5.652804 5.652804 5.652805 5.652805 5.652805 5.652806 5.652806 5.652806 5.652807 5.652807 5.652807 5.652808 5.652808 5.652808 5.652809 5.652810 5.652810 5.652810 5.652811 5.652811 5.652812 5.652812 5.652812 5.652813 5.652813 5.652813 5.652814 5.652814 5.652814 5.652815 5.652815 5.652815 5.652816 5.652817 5.652817 5.652817 5.652818 5.652818 5.652819 5.652819 5.652819 5.652820 5.652820 5.652820 5.652821 5.652821 5.652821 5.652822 5.652822 5.652822 5.652823 5.652823 5.652823 5.652824 5.652825 5.652825 5.652833 5.652834 5.652835 5.652837 5.652838 5.652839 5.652840 5.652841 5.652842 5.652843 5.652845 5.652846 5.652847 5.652848 5.652849 5.652850 5.652852 5.652853 5.652854 5.652855 5.652856 5.652857 5.652858 5.652860 5.652861 5.652862 5.652863 5.652864 5.652865 5.652867 5.652868 5.652869 5.652870 5.652871 5.652872 5.652874 5.652875 5.652876 5.652877 5.652878 5.652879 5.652880 5.652882 5.652882 5.652883 5.652883 5.652884 5.652884 5.652885 5.652886 5.652886 5.652887 5.652887 5.652888 5.652889 5.652889 5.652890 5.652890 5.652891 5.652891 5.652892 5.652893 5.652893 5.652894 5.652894 5.652895 5.652895 5.652896 5.652897 5.652897 5.652898 5.652898 5.652899 5.652899 5.652900 5.652901 5.652901 5.652902 5.652902 5.652903 5.652904 5.652904 5.652905 5.652905 5.652906 5.652906 5.652907 5.652908 5.652908 5.652909 5.652909 5.652910 5.652910 5.652911 5.652912 5.652912 5.652913 5.652913 5.652914 5.652914 5.652915 5.652916 5.652916 5.652917 5.652917 5.652918 5.652919 5.652919 5.652920 5.652920 5.652921 5.652921 5.652922 5.652923 5.652923 5.652924 5.652924 5.652925 5.652925 5.652926 5.652927 5.652927 5.652928 5.652928 5.652929 5.652929 5.652930 5.652931 5.652931 5.652932 5.652932 5.652933 5.652934 5.652934 5.652935 5.652935 5.652936 5.652936 5.652937 5.652938 5.652938 5.652939 5.652939 5.652940 5.652940 5.652941 5.652942 5.652942 5.652943 5.652944 5.652946 5.652947 5.652948 5.652949 5.652950 5.652951 5.652953 5.652954 5.652955 5.652956 5.652957 5.652958 5.652960 5.652961 5.652962 5.652963 5.652964 5.652965 5.652966 5.652968 5.652969 5.652970 5.652971 5.652972 5.652973 5.652975 5.652976 5.652977 5.652978 5.652979 5.652980 5.652981 5.652983 5.652984 5.652985 5.652986 5.652987 5.652988 5.652990 5.652991 5.653073 5.956482 5.653074 5.957175 5.653075 5.960097 5.653077 5.960125 5.653078 5.960248 5.653079 5.960818 5.653080 5.963740 5.653081 5.963768 5.653082 5.963891 5.653084 5.964462 5.653085 5.967383 5.653086 5.967411 5.653087 5.967534 5.653088 5.968105 5.653089 5.971026 5.653090 5.971054 5.653092 5.971177 5.653093 5.971748 5.653094 5.974669 5.653095 5.974697 5.653096 5.974820 5.653097 5.975391 5.653099 5.978312 5.653100 5.978340 5.653101 5.978463 5.653102 5.979034 5.653103 5.981955 5.653104 5.981983 5.653105 5.982106 5.653107 5.982677 5.653108 5.985598 5.653109 5.985626 5.653110 5.985749 5.653111 5.986320 5.653112 5.989242 5.653114 5.989269 5.653115 5.989392 5.653116 5.989963 5.653117 5.992885 5.653118 5.992912 5.653119 5.993035 5.653120 5.993606 5.653122 5.996528 5.653123 5.996555 5.653124 5.996678 5.653125 5.997249 5.653126 5.653127 5.653129 5.653130 5.653131 5.653132 5.653133 5.653134 5.653135 5.653137 5.653138 5.653139 5.653140 5.653141 5.653142 5.653144 5.653145 5.653146 5.653147 5.653148 5.653149 5.653151 5.653152 5.653153 5.653154 5.653155 5.653156 5.653157 5.653159 5.653160 5.653161 5.653162 5.653163 5.653164 5.653166 5.653167 5.653168 5.653169 5.653170 5.653171 5.653172 5.653174 5.653175 5.653176 5.653177 5.653178 5.653179 5.653181 5.653182 
task43
0.841571 1.091682 1.977883 2.091849 2.969780 3.147494 3.961691 4.168077 5.652825 5.652826 5.652826 5.652827 5.652827 5.652827 5.652828 5.652828 5.652828 5.652829 5.652829 5.652829 5.652830 5.652830 5.652830 5.652943 5.652992 5.653183 5.654020 5.654022 5.654023 5.654023 5.654024 5.654025 5.654026 5.654027 5.654029 5.654030 5.654031 5.654032 5.654033 5.654034 5.654035 5.654035 5.654037 5.654038 5.654039 5.654040 5.654041 5.654042 5.654044 5.654046 5.654047 5.654048 5.654049 5.654050 5.654052 5.654053 5.654054 5.654055 5.654056 5.654057 5.654059 5.654060 5.654061 5.654062 5.654063 5.654064 5.654065 5.654067 5.654068 5.654069 5.654070 5.654071 5.654137 5.654138 5.654139 5.654140 5.654141 5.654142 5.654144 5.654145 5.654146 5.654147 5.654148 5.654149 5.654151 5.654152 5.654153 5.654153 5.654154 5.654155 5.654156 5.654158 5.654159 5.654160 5.654161 5.654163 5.654164 5.654166 5.654167 5.654168 5.654169 5.654170 5.654171 5.654173 5.654174 5.654175 5.654176 5.654177 5.654178 5.654179 5.654181 5.654182 5.654183 5.654184 5.654185 5.654186 5.654188 5.654189 5.654198 5.654199 5.654200 5.654201 5.654203 5.654204 5.654205 5.654206 5.654207 5.654208 5.654210 5.654211 5.654212 5.654213 5.654214 5.654215 5.654216 5.654218 5.654219 5.654220 5.654221 5.654222 5.654223 5.654225 5.654226 5.654227 5.654228 5.654229 5.654230 5.654231 5.654233 5.654234 5.654235 5.654236 5.654237 5.654238 5.654240 5.654241 5.654242 5.654243 5.654244 5.654245 5.654246 5.654248 5.654249 5.654250 5.654251 5.654252 5.654496 5.654497 5.654498 5.654499 5.654500 5.654501 5.654503 5.654504 5.654505 5.654506 5.654507 5.654508 5.654509 5.654511 5.654512 5.654513 5.654514 5.654515 5.654516 5.654518 5.654519 5.654520 5.654521 5.654522 5.654523 5.654525 5.654526 5.654527 5.654528 5.654529 5.654530 5.654531 5.654533 5.654534 5.654535 5.654536 5.654537 5.654538 5.654540 5.654541 5.654542 5.654543 5.654544 5.654545 5.654546 5.654548 5.654549 5.654550 5.654831 5.654832 5.654832 5.654832 5.654833 5.654833 5.654834 5.654834 5.654834 5.654835 5.654835 5.654835 5.654836 5.654836 5.654836 5.654837 5.654837 5.654837 5.654838 5.654838 5.654839 5.654839 5.654840 5.654840 5.654840 5.654841 5.654841 5.654842 5.654842 5.654842 5.654843 5.654843 5.654843 5.654844 5.654844 5.654844 5.654845 5.654845 5.654845 5.654846 5.654847 5.654847 5.654847 5.654848 5.654848 5.654849 5.654849 5.654849 5.654850 5.654850 5.654850 5.654851 5.654851 5.654851 5.654852 5.654852 5.654852 5.654853 5.654853 5.654854 5.654854 5.654855 5.654855 5.654855 5.654856 5.654856 5.654857 5.654857 5.654857 5.654858 5.654858 5.654858 5.654859 5.654859 5.654859 5.654860 5.654860 5.654860 5.654861 5.654862 5.654862 5.654862 5.654863 5.654863 5.654864 5.654864 5.654864 5.654865 5.654865 5.654865 5.654866 5.654866 5.654866 5.654867 5.654867 5.654867 5.654868 5.654868 5.654869 5.654869 5.654870 5.654870 5.654870 5.654871 5.654871 5.654872 5.654872 5.654872 5.654873 5.654873 5.654873 5.654874 5.654874 5.654874 5.654875 5.654875 5.654875 5.654876 5.654877 5.654877 5.654877 5.654878 5.654878 5.654879 5.654879 5.654879 5.654880 5.654880 5.654880 5.654881 5.654881 5.654881 5.654882 5.654882 5.654882 5.654883 5.654884 5.654884 5.654884 5.654885 5.654885 5.654885 5.654886 5.654886 5.654887 5.654887 5.654943 5.654944 5.654945 5.654946 5.654947 5.654949 5.654950 5.654951 5.654952 5.654953 5.654954 5.654955 5.654957 5.654958 5.654959 5.654960 5.654961 5.654962 5.654964 5.654965 5.654966 5.654967 5.654968 5.654969 5.654971 5.654972 5.654973 5.654974 5.654975 5.654976 5.654977 5.654979 5.654980 5.654981 5.654982 5.654983 5.654984 5.654986 5.654987 5.654988 5.654989 5.654990 5.654991 5.654992 5.654992 5.654993 5.654994 5.654994 5.654995 5.654995 5.654996 5.654996 5.654997 5.654998 5.654999 5.655000 5.655001 5.655002 5.655003 5.655005 5.655006 5.655007 5.655008 5.655009 5.655010 5.655011 5.655013 5.655014 5.655015 5.655016 5.655017 5.655018 5.655020 5.655021 5.655022 5.655023 5.655024 5.655025 5.655026 5.655028 5.655029 5.655030 5.655031 5.655032 5.655033 5.655035 5.655036 5.655037 5.655038 5.655039 5.655040 5.655041 5.655043 5.655044 5.655045 5.655046 5.655183 5.655184 5.655185 5.655185 5.655186 5.655187 5.655189 5.655190 5.655191 5.655192 5.655193 5.655194 5.655196 5.655197 5.655198 5.655198 5.655199 5.655200 5.655201 5.655202 5.655204 5.655205 5.655206 5.655208 5.655209 5.655211 5.655212 5.655213 5.655214 5.655215 5.655216 5.655217 5.655219 5.655220 5.655221 5.655222 5.655223 5.655224 5.655226 5.655227 5.655228 5.655229 5.655230 5.655231 5.655232 5.655234 
task41
0.844811 1.057889 1.985052 2.160977 2.977563 3.166275 3.966638 4.171497 5.654072 5.654074 5.654075 5.654076 5.654077 5.654078 5.654079 5.654080 5.654082 5.654082 5.654083 5.654084 5.654085 5.654086 5.654087 5.654089 5.654090 5.654091 5.654092 5.654094 5.654095 5.654097 5.654098 5.654099 5.654100 5.654101 5.654102 5.654102 5.654104 5.654105 5.654106 5.654107 5.654108 5.654109 5.654110 5.654112 5.654113 5.654114 5.654115 5.654116 5.654117 5.654119 5.654120 5.654121 5.654122 5.654123 5.654124 5.654126 5.654127 5.654190 5.654191 5.654192 5.654193 5.654194 5.654196 5.654197 5.654198 5.654199 5.654200 5.654201 5.654203 5.654204 5.654205 5.654206 5.654207 5.654208 5.654209 5.654211 5.654212 5.654212 5.654213 5.654214 5.654215 5.654216 5.654218 5.654219 5.654220 5.654222 5.654223 5.654224 5.654226 5.654227 5.654228 5.654229 5.654230 5.654231 5.654233 5.654234 5.654235 5.654236 5.654237 5.654238 5.654239 5.654241 5.654242 5.654243 5.654244 5.654245 5.654253 5.654255 5.654256 5.654257 5.654258 5.654259 5.654260 5.654261 5.654263 5.654264 5.654265 5.654266 5.654267 5.654268 5.654270 5.654271 5.654272 5.654273 5.654274 5.654275 5.654276 5.654278 5.654279 5.654280 5.654281 5.654282 5.654283 5.654285 5.654286 5.654287 5.654288 5.654289 5.654290 5.654292 5.654293 5.654294 5.654295 5.654296 5.654297 5.654298 5.654300 5.654301 5.654302 5.654303 5.654304 5.654305 5.654307 5.654308 5.654309 5.654310 5.654311 5.654551 5.654552 5.654553 5.654555 5.654556 5.654557 5.654558 5.654559 5.654560 5.654561 5.654563 5.654564 5.654565 5.654566 5.654567 5.654568 5.654570 5.654571 5.654572 5.654573 5.654574 5.654575 5.654576 5.654578 5.654579 5.654580 5.654581 5.654582 5.654583 5.654585 5.654586 5.654587 5.654588 5.654589 5.654590 5.654591 5.654593 5.654594 5.654595 5.654596 5.654597 5.654598 5.654600 5.654601 5.654602 5.654603 5.654604 5.654605 5.654606 5.654608 5.654609 5.654610 5.654887 5.654888 5.654888 5.654888 5.654890 5.654890 5.654890 5.654891 5.654892 5.654892 5.654892 5.654893 5.654893 5.654894 5.654894 5.654894 5.654895 5.654895 5.654895 5.654896 5.654896 5.654896 5.654897 5.654897 5.654897 5.654898 5.654899 5.654899 5.654899 5.654900 5.654900 5.654901 5.654901 5.654901 5.654902 5.654902 5.654902 5.654903 5.654903 5.654903 5.654904 5.654904 5.654904 5.654905 5.654905 5.654905 5.654906 5.654907 5.654907 5.654907 5.654908 5.654908 5.654909 5.654909 5.654909 5.654910 5.654910 5.654910 5.654911 5.654911 5.654911 5.654912 5.654912 5.654912 5.654913 5.654914 5.654914 5.654914 5.654915 5.654915 5.654916 5.654916 5.654916 5.654917 5.654917 5.654917 5.654918 5.654918 5.654918 5.654919 5.654919 5.654919 5.654920 5.654920 5.654920 5.654921 5.654922 5.654922 5.654922 5.654923 5.654923 5.654924 5.654924 5.654924 5.654925 5.654925 5.654925 5.654926 5.654926 5.654926 5.654927 5.654927 5.654927 5.654928 5.654929 5.654929 5.654929 5.654930 5.654930 5.654931 5.654931 5.654931 5.654932 5.654932 5.654932 5.654933 5.654933 5.654933 5.654934 5.654934 5.654934 5.654935 5.654935 5.654936 5.654936 5.654937 5.654937 5.654937 5.654938 5.654938 5.654939 5.654939 5.654939 5.654940 5.654940 5.654940 5.654941 5.654941 5.654941 5.654942 5.654942 5.654942 5.654943 5.654944 5.654944 5.654944 5.654945 5.654945 5.654998 5.654999 5.655001 5.655002 5.655003 5.655004 5.655005 5.655006 5.655007 5.655009 5.655010 5.655011 5.655012 5.655013 5.655014 5.655016 5.655017 5.655018 5.655019 5.655020 5.655021 5.655022 5.655024 5.655025 5.655026 5.655027 5.655028 5.655029 5.655031 5.655032 5.655033 5.655034 5.655035 5.655036 5.655037 5.655039 5.655040 5.655041 5.655042 5.655043 5.655044 5.655046 5.655047 5.655047 5.655048 5.655048 5.655049 5.655050 5.655050 5.655051 5.655051 5.655052 5.655052 5.655053 5.655054 5.655054 5.655055 5.655055 5.655056 5.655057 5.655058 5.655059 5.655060 5.655061 5.655062 5.655063 5.655065 5.655066 5.655067 5.655068 5.655069 5.655070 5.655072 5.655073 5.655074 5.655075 5.655076 5.655077 5.655078 5.655080 5.655081 5.655082 5.655083 5.655084 5.655085 5.655087 5.655088 5.655089 5.655090 5.655091 5.655092 5.655093 5.655095 5.655096 5.655097 5.655098 5.655099 5.655100 5.655102 5.655103 5.655104 5.655105 5.655235 5.655236 5.655237 5.655238 5.655239 5.655241 5.655242 5.655243 5.655245 5.655246 5.655248 5.655249 5.655250 5.655251 5.655252 5.655253 5.655254 5.655256 5.655256 5.655257 5.655258 5.655259 5.655260 5.655261 5.655263 5.655264 5.655266 5.655267 5.655268 5.655269 5.655271 5.655272 5.655273 5.655274 5.655275 5.655276 5.655278 5.655279 5.655280 5.655281 5.655282 5.655283 5.655284 5.655286 5.655287 5.655288 5.655289 
task42
0.854828 1.061549 1.989258 2.216088 2.984083 3.208320 3.974525 4.151946 5.654128 5.654246 5.654312 5.655057 5.655106 5.655290 5.656129 5.656130 5.656131 5.656134 5.656135 5.656136 5.656137 5.656138 5.656139 5.656141 5.656142 5.656143 5.656144 5.656145 5.656146 5.656147 5.656149 5.656150 5.656151 5.656151 5.656152 5.656153 5.656154 5.656156 5.656157 5.656158 5.656159 5.656161 5.656162 5.656164 5.656165 5.656166 5.656167 5.656168 5.656169 5.656171 5.656172 5.656173 5.656174 5.656175 5.656176 5.656177 5.656179 5.656180 5.656181 5.656182 5.656183 5.656248 5.656249 5.656250 5.656251 5.656252 5.656253 5.656255 5.656256 5.656257 5.656258 5.656259 5.656260 5.656261 5.656263 5.656264 5.656265 5.656266 5.656267 5.656268 5.656270 5.656272 5.656273 5.656274 5.656275 5.656276 5.656278 5.656279 5.656280 5.656280 5.656281 5.656282 5.656283 5.656285 5.656286 5.656287 5.656288 5.656289 5.656290 5.656291 5.656293 5.656294 5.656295 5.656296 5.656297 5.656298 5.656300 5.656301 5.656302 5.656313 5.656315 5.656316 5.656317 5.656318 5.656319 5.656320 5.656322 5.656323 5.656324 5.656325 5.656326 5.656327 5.656328 5.656330 5.656331 5.656332 5.656333 5.656334 5.656335 5.656337 5.656338 5.656339 5.656340 5.656341 5.656342 5.656343 5.656345 5.656346 5.656347 5.656348 5.656349 5.656350 5.656352 5.656353 5.656354 5.656355 5.656356 5.656357 5.656358 5.656360 5.656361 5.656362 5.656363 5.656364 5.656365 5.656367 5.656368 5.656369 5.656370 5.656611 5.656612 5.656613 5.656615 5.656616 5.656617 5.656618 5.656619 5.656620 5.656622 5.656623 5.656624 5.656625 5.656626 5.656627 5.656628 5.656630 5.656631 5.656632 5.656633 5.656634 5.656635 5.656637 5.656638 5.656639 5.656640 5.656641 5.656642 5.656643 5.656645 5.656646 5.656647 5.656648 5.656649 5.656650 5.656652 5.656653 5.656654 5.656655 5.656656 5.656657 5.656658 5.656660 5.656661 5.656662 5.656663 5.656664 5.656665 5.656667 5.656668 5.656669 5.656946 5.656946 5.656946 5.656946 5.656946 5.656946 5.656947 5.656947 5.656947 5.656948 5.656948 5.656948 5.656949 5.656949 5.656949 5.656950 5.656950 5.656951 5.656951 5.656952 5.656952 5.656952 5.656953 5.656953 5.656954 5.656954 5.656954 5.656955 5.656955 5.656955 5.656956 5.656956 5.656956 5.656957 5.656957 5.656957 5.656958 5.656959 5.656959 5.656959 5.656960 5.656960 5.656961 5.656961 5.656961 5.656962 5.656962 5.656962 5.656963 5.656963 5.656963 5.656964 5.656964 5.656964 5.656965 5.656965 5.656966 5.656966 5.656967 5.656967 5.656967 5.656968 5.656968 5.656969 5.656969 5.656969 5.656970 5.656970 5.656970 5.656971 5.656971 5.656971 5.656972 5.656972 5.656972 5.656973 5.656974 5.656974 5.656974 5.656975 5.656975 5.656976 5.656976 5.656976 5.656977 5.656977 5.656977 5.656978 5.656978 5.656978 5.656979 5.656979 5.656979 5.656980 5.656981 5.656981 5.656981 5.656982 5.656982 5.656982 5.656983 5.656983 5.656984 5.656984 5.656984 5.656985 5.656985 5.656985 5.656986 5.656986 5.656986 5.656987 5.656987 5.656987 5.656988 5.656989 5.656989 5.656989 5.656990 5.656990 5.656991 5.656991 5.656991 5.656992 5.656992 5.656992 5.656993 5.656993 5.656993 5.656994 5.656994 5.656994 5.656995 5.656996 5.656996 5.656996 5.656997 5.656997 5.656998 5.656998 5.656998 5.656999 5.656999 5.656999 5.657000 5.657000 5.657000 5.657001 5.657001 5.657001 5.657002 5.657002 5.657002 5.657058 5.657059 5.657061 5.657062 5.657063 5.657064 5.657065 5.657066 5.657067 5.657069 5.657070 5.657071 5.657072 5.657073 5.657074 5.657076 5.657077 5.657078 5.657079 5.657080 5.657081 5.657083 5.657084 5.657085 5.657086 5.657087 5.657088 5.657089 5.657091 5.657092 5.657093 5.657094 5.657095 5.657096 5.657098 5.657099 5.657100 5.657101 5.657102 5.657103 5.657104 5.657106 5.657107 5.657107 5.657108 5.657108 5.657109 5.657110 5.657110 5.657111 5.657111 5.657112 5.657113 5.657113 5.657114 5.657114 5.657115 5.657115 5.657117 5.657118 5.657119 5.657120 5.657121 5.657122 5.657123 5.657125 5.657126 5.657127 5.657128 5.657129 5.657130 5.657132 5.657133 5.657134 5.657135 5.657136 5.657137 5.657138 5.657140 5.657141 5.657142 5.657143 5.657144 5.657145 5.657147 5.657148 5.657149 5.657150 5.657151 5.657152 5.657153 5.657155 5.657156 5.657157 5.657158 5.657159 5.657160 5.657162 5.657163 5.657164 5.657291 5.657293 5.657294 5.657295 5.657296 5.657297 5.657298 5.657299 5.657301 5.657302 5.657303 5.657304 5.657305 5.657306 5.657308 5.657309 5.657310 5.657311 5.657312 5.657313 5.657314 5.657316 5.657317 5.657318 5.657319 5.657320 5.657321 5.657323 5.657324 5.657325 5.657326 5.657327 5.657328 5.657329 5.657331 5.657332 5.657333 5.657334 5.657335 5.657336 5.657338 5.657339 5.657340 5.657341 5.657342 5.657343 5.657344 5.657346 5.657347 5.657348 5.657349 
task48
0.858927 1.016298 1.923092 1.930131 2.921256 2.932572 3.919710 3.936286 5.626883 5.654218 
task49
1.016845 1.067514 1.930292 1.944305 2.933572 2.945898 3.934942 3.946440 5.704877 5.715906 
task44
1.107441 1.108608 2.091938 2.218791 3.147682 3.209785 4.098320 4.256163 
task50
1.107740 1.128103 1.992154 2.160112 2.936007 2.980571 3.980835 4.150769 5.715404 5.749712 
task51
1.128336 1.132926 2.166210 2.176154 2.984144 3.146508 4.151420 4.249088 5.751018 5.758195 
task52
1.132932 1.133098 1.133131 1.133254 1.133258 1.133335 2.184689 2.224098 3.147331 3.161140 4.232250 4.267503 5.756474 5.757349 5.757669 5.758325 
task53
1.133258 1.133345 1.134932 1.135117 1.135131 1.135272 2.215870 2.217203 2.217263 2.217388 2.217640 2.217858 3.161690 3.162369 4.287653 4.374555 5.759045 5.759248 5.759647 5.759737 5.760079 5.760362 5.761010 5.761234 
task72
4.010284 4.179472 
task73
4.010285 4.180978 
task74
4.012951 4.185963 
task69
4.012951 4.185895 
task62
4.012967 4.246794 
task58
4.014419 4.262272 
task64
4.014970 4.249463 
task61
4.015089 4.247883 
task59
4.015096 4.255034 
task75
4.206902 4.207335 4.207850 4.231694 
task71
4.212913 4.282808 
task63
4.212980 4.287183 
task60
4.287653 4.376748 
task65
4.296603 4.335342 
task67
4.300801 4.372943 
task76
4.311019 4.365297 
task66
4.336703 4.847917 
task70
4.360090 4.904092 
task68
4.360122 4.883669 
task82
4.363057 4.960743 
task77
4.440089 5.083923 
task80
4.440089 5.090440 
task81
5.039860 5.044408 
task78
5.082957 5.212425 
task79
5.218258 5.316169 
