0
0.000000 94968.000000 33528.000000 43008.000000 0.000000 19880.000000 2800.000000 0.000000 13312.000000 77040.000000 10736.000000 98304.000000 36864.000000 55296.000000 0.000000 0.000000 0.000000 0.000000 0.000000 0.000000 108672.000000 42624.000000 129024.000000 61440.000000 0.000000 0.000000 31240.000000 5600.000000 40941.000000 19524.000000 117120.000000 52224.000000 147456.000000 79872.000000 52224.000000 0.000000 28400.000000 0.000000 74840.000000 10795.000000 139712.000000 75776.000000 36416.000000 76800.000000 12288.000000 0.000000 31240.000000 19600.000000 0.000000 0.000000 0.000000 104448.000000 36864.000000 58368.000000 0.000000 7580.000000 11200.000000 0.000000 0.000000 0.000000 0.000000 
1
0.000000 94968.000000 33528.000000 39936.000000 0.000000 19880.000000 2800.000000 0.000000 13312.000000 77040.000000 10736.000000 98304.000000 36864.000000 52224.000000 0.000000 0.000000 0.000000 0.000000 0.000000 0.000000 106304.000000 42624.000000 129024.000000 61440.000000 0.000000 0.000000 31240.000000 5600.000000 39070.000000 19496.000000 118016.000000 52224.000000 141312.000000 79872.000000 52224.000000 0.000000 28400.000000 0.000000 74840.000000 12666.000000 139712.000000 75776.000000 36416.000000 73728.000000 9216.000000 0.000000 31240.000000 19600.000000 0.000000 0.000000 0.000000 104448.000000 36864.000000 55296.000000 0.000000 7580.000000 11200.000000 0.000000 0.000000 0.000000 0.000000 
2
0.000000 94860.000000 33420.000000 43008.000000 0.000000 19880.000000 2800.000000 0.000000 13312.000000 76672.000000 10368.000000 98304.000000 36864.000000 52224.000000 0.000000 0.000000 0.000000 0.000000 0.000000 0.000000 104832.000000 40256.000000 129024.000000 61440.000000 0.000000 0.000000 31240.000000 5600.000000 39070.000000 19496.000000 114752.000000 48960.000000 141312.000000 73728.000000 52224.000000 0.000000 28400.000000 0.000000 72969.000000 12955.000000 139712.000000 75776.000000 35904.000000 73728.000000 9216.000000 0.000000 31240.000000 19600.000000 0.000000 0.000000 0.000000 104448.000000 36864.000000 55296.000000 0.000000 0.000000 11200.000000 0.000000 0.000000 0.000000 0.000000 
3
0.000000 94860.000000 33420.000000 43008.000000 0.000000 19880.000000 0.000000 0.000000 13312.000000 76672.000000 10368.000000 92160.000000 30720.000000 52224.000000 0.000000 0.000000 0.000000 0.000000 0.000000 0.000000 103936.000000 40256.000000 122880.000000 55296.000000 0.000000 0.000000 31240.000000 5600.000000 39593.000000 19884.000000 114752.000000 48960.000000 141312.000000 73728.000000 49152.000000 0.000000 28400.000000 0.000000 72969.000000 12595.000000 137344.000000 73408.000000 36096.000000 73728.000000 9216.000000 0.000000 31240.000000 19600.000000 0.000000 0.000000 0.000000 98304.000000 30720.000000 55296.000000 0.000000 0.000000 8400.000000 0.000000 0.000000 0.000000 0.000000 
4
0.000000 94968.000000 33528.000000 43008.000000 0.000000 19880.000000 2800.000000 0.000000 13312.000000 110560.000000 44256.000000 153600.000000 92160.000000 24576.000000 0.000000 0.000000 26400.000000 8680.000000 0.000000 0.000000 115264.000000 48960.000000 122880.000000 55296.000000 67584.000000 3072.000000 0.000000 5600.000000 81353.000000 16089.000000 96672.000000 32736.000000 55296.000000 5632.000000 39936.000000 0.000000 0.000000 8400.000000 74840.000000 11226.000000 92352.000000 26048.000000 122880.000000 132096.000000 67584.000000 3072.000000 0.000000 0.000000 0.000000 0.000000 0.000000 107520.000000 39936.000000 55296.000000 0.000000 7580.000000 11200.000000 0.000000 0.000000 0.000000 0.000000 
5
0.000000 94968.000000 33528.000000 39936.000000 0.000000 19880.000000 2800.000000 0.000000 13312.000000 110560.000000 44256.000000 153600.000000 92160.000000 24576.000000 0.000000 0.000000 17600.000000 8680.000000 0.000000 0.000000 115264.000000 48960.000000 122880.000000 55296.000000 64512.000000 0.000000 0.000000 5600.000000 80605.000000 16089.000000 96704.000000 32768.000000 55296.000000 5632.000000 36864.000000 0.000000 0.000000 5600.000000 74840.000000 9355.000000 92352.000000 26048.000000 122880.000000 129024.000000 64512.000000 0.000000 0.000000 0.000000 0.000000 0.000000 0.000000 107520.000000 39936.000000 55296.000000 0.000000 7580.000000 11200.000000 0.000000 0.000000 0.000000 0.000000 
6
0.000000 94860.000000 33420.000000 43008.000000 0.000000 19880.000000 2800.000000 0.000000 13312.000000 110160.000000 43856.000000 153600.000000 86016.000000 24576.000000 0.000000 0.000000 17600.000000 8680.000000 0.000000 0.000000 116352.000000 50048.000000 122880.000000 55296.000000 64512.000000 0.000000 0.000000 5600.000000 80978.000000 15714.000000 96704.000000 32768.000000 49152.000000 5632.000000 36864.000000 0.000000 0.000000 5600.000000 74840.000000 9355.000000 89984.000000 23680.000000 116736.000000 129024.000000 64512.000000 0.000000 0.000000 0.000000 0.000000 0.000000 0.000000 107520.000000 39936.000000 55296.000000 0.000000 0.000000 11200.000000 0.000000 0.000000 0.000000 0.000000 
7
0.000000 94860.000000 33420.000000 43008.000000 0.000000 19880.000000 0.000000 0.000000 13312.000000 110160.000000 43856.000000 153600.000000 86016.000000 24576.000000 0.000000 0.000000 17600.000000 8680.000000 0.000000 0.000000 115200.000000 48896.000000 122880.000000 55296.000000 64512.000000 0.000000 0.000000 5600.000000 80753.000000 16837.000000 96464.000000 32528.000000 49152.000000 5632.000000 36864.000000 0.000000 0.000000 5600.000000 74840.000000 9355.000000 89984.000000 23680.000000 116736.000000 129024.000000 64512.000000 0.000000 0.000000 0.000000 0.000000 0.000000 0.000000 107520.000000 39936.000000 55296.000000 0.000000 0.000000 8400.000000 0.000000 0.000000 0.000000 0.000000 
8
0.000000 94968.000000 33528.000000 64512.000000 0.000000 0.000000 2800.000000 0.000000 0.000000 79440.000000 15504.000000 135168.000000 67584.000000 79872.000000 15360.000000 0.000000 0.000000 8680.000000 0.000000 0.000000 114112.000000 47808.000000 116736.000000 49152.000000 61440.000000 0.000000 0.000000 5600.000000 81353.000000 17960.000000 135456.000000 71520.000000 52428.000000 8704.000000 36864.000000 0.000000 0.000000 8400.000000 72969.000000 11875.000000 120192.000000 56256.000000 126464.000000 74240.000000 9216.000000 0.000000 0.000000 19600.000000 0.000000 0.000000 0.000000 110592.000000 43008.000000 55296.000000 0.000000 7580.000000 11200.000000 0.000000 0.000000 0.000000 0.000000 
9
0.000000 94860.000000 33420.000000 61440.000000 0.000000 0.000000 2800.000000 0.000000 0.000000 79472.000000 15536.000000 135168.000000 67584.000000 76800.000000 12288.000000 0.000000 0.000000 8680.000000 0.000000 0.000000 115200.000000 48896.000000 116736.000000 49152.000000 61440.000000 0.000000 0.000000 5600.000000 80605.000000 17960.000000 135456.000000 71520.000000 52428.000000 8704.000000 36864.000000 0.000000 0.000000 5600.000000 74840.000000 11875.000000 120192.000000 56256.000000 126464.000000 74240.000000 9216.000000 0.000000 0.000000 19600.000000 0.000000 0.000000 0.000000 110592.000000 43008.000000 55296.000000 0.000000 7580.000000 11200.000000 0.000000 0.000000 0.000000 0.000000 
10
0.000000 94860.000000 33420.000000 61440.000000 0.000000 900.000000 2800.000000 0.000000 0.000000 79472.000000 15536.000000 135168.000000 67584.000000 76800.000000 12288.000000 0.000000 0.000000 8680.000000 0.000000 0.000000 115200.000000 48896.000000 116736.000000 49152.000000 61440.000000 0.000000 0.000000 5600.000000 80978.000000 17585.000000 135488.000000 71552.000000 49984.000000 8192.000000 36864.000000 0.000000 0.000000 5600.000000 74840.000000 11515.000000 120192.000000 56256.000000 126464.000000 74240.000000 9216.000000 0.000000 0.000000 19600.000000 0.000000 0.000000 0.000000 110592.000000 43008.000000 55296.000000 0.000000 0.000000 11200.000000 0.000000 0.000000 0.000000 0.000000 
11
0.000000 94860.000000 33420.000000 61440.000000 0.000000 0.000000 0.000000 0.000000 0.000000 79072.000000 15136.000000 135168.000000 67584.000000 76800.000000 12288.000000 0.000000 0.000000 8680.000000 0.000000 0.000000 115200.000000 48896.000000 116736.000000 49152.000000 61440.000000 0.000000 0.000000 5600.000000 80753.000000 16837.000000 135248.000000 71312.000000 49960.000000 8192.000000 36864.000000 0.000000 0.000000 5600.000000 74840.000000 11515.000000 119040.000000 55104.000000 126464.000000 74240.000000 9216.000000 0.000000 0.000000 19600.000000 0.000000 0.000000 0.000000 104448.000000 36864.000000 55296.000000 0.000000 0.000000 8400.000000 0.000000 0.000000 0.000000 0.000000 
12
0.000000 94968.000000 33528.000000 61440.000000 0.000000 19880.000000 2800.000000 0.000000 13312.000000 80000.000000 16320.000000 122880.000000 61440.000000 70656.000000 6144.000000 1800.000000 26400.000000 0.000000 0.000000 0.000000 104192.000000 40256.000000 153600.000000 86016.000000 24576.000000 0.000000 0.000000 5600.000000 81353.000000 16089.000000 117120.000000 52224.000000 44304.000000 7168.000000 36864.000000 0.000000 0.000000 8400.000000 72969.000000 11875.000000 119040.000000 55104.000000 153600.000000 86016.000000 18432.000000 0.000000 0.000000 0.000000 0.000000 0.000000 0.000000 110592.000000 43008.000000 58368.000000 0.000000 7580.000000 11200.000000 0.000000 0.000000 0.000000 0.000000 
13
0.000000 94860.000000 33420.000000 61440.000000 0.000000 19880.000000 2800.000000 0.000000 13312.000000 80000.000000 16320.000000 122880.000000 61440.000000 70656.000000 6144.000000 900.000000 17600.000000 0.000000 0.000000 0.000000 104192.000000 37888.000000 153600.000000 86016.000000 24576.000000 0.000000 0.000000 5600.000000 80605.000000 15341.000000 114752.000000 48960.000000 44208.000000 7168.000000 36864.000000 0.000000 0.000000 5600.000000 74840.000000 11875.000000 119040.000000 55104.000000 147456.000000 79872.000000 12288.000000 0.000000 0.000000 0.000000 0.000000 0.000000 0.000000 104448.000000 36864.000000 55296.000000 0.000000 7580.000000 11200.000000 0.000000 0.000000 0.000000 0.000000 
14
0.000000 94860.000000 33420.000000 61440.000000 0.000000 19880.000000 2800.000000 0.000000 13312.000000 77632.000000 13056.000000 122880.000000 61440.000000 70656.000000 6144.000000 900.000000 17600.000000 0.000000 0.000000 0.000000 101824.000000 35520.000000 153600.000000 86016.000000 24576.000000 0.000000 0.000000 5600.000000 80978.000000 15714.000000 114752.000000 48960.000000 44208.000000 7168.000000 36864.000000 0.000000 0.000000 5600.000000 74840.000000 11515.000000 118976.000000 55040.000000 147456.000000 79872.000000 12288.000000 0.000000 0.000000 0.000000 0.000000 0.000000 0.000000 104448.000000 36864.000000 55296.000000 0.000000 0.000000 11200.000000 0.000000 0.000000 0.000000 0.000000 
15
0.000000 94860.000000 33420.000000 61440.000000 0.000000 19880.000000 0.000000 0.000000 12288.000000 80000.000000 13056.000000 116736.000000 55296.000000 67584.000000 3072.000000 8480.000000 17600.000000 0.000000 0.000000 0.000000 101824.000000 35520.000000 153600.000000 86016.000000 24576.000000 0.000000 0.000000 5600.000000 80753.000000 16837.000000 114752.000000 48960.000000 44208.000000 7168.000000 36864.000000 0.000000 0.000000 5600.000000 74840.000000 11515.000000 119040.000000 55104.000000 147456.000000 79872.000000 12288.000000 0.000000 0.000000 0.000000 0.000000 0.000000 0.000000 104448.000000 36864.000000 55296.000000 0.000000 0.000000 8400.000000 0.000000 0.000000 0.000000 0.000000 
16
0.000000 94968.000000 33528.000000 61440.000000 0.000000 0.000000 2800.000000 0.000000 0.000000 79440.000000 15504.000000 16956.000000 22016.000000 52224.000000 0.000000 0.000000 0.000000 0.000000 0.000000 0.000000 106304.000000 42624.000000 116736.000000 55296.000000 64512.000000 0.000000 0.000000 5600.000000 81353.000000 17960.000000 137824.000000 71520.000000 59868.000000 15872.000000 36864.000000 0.000000 0.000000 8400.000000 72969.000000 11875.000000 142080.000000 78144.000000 29760.000000 73728.000000 9216.000000 0.000000 0.000000 0.000000 0.000000 0.000000 0.000000 104448.000000 36864.000000 55296.000000 0.000000 12600.000000 0.000000 0.000000 0.000000 0.000000 0.000000 
17
0.000000 94860.000000 33420.000000 61440.000000 0.000000 0.000000 2800.000000 0.000000 0.000000 79472.000000 15536.000000 16848.000000 21504.000000 52224.000000 0.000000 0.000000 0.000000 0.000000 0.000000 0.000000 103936.000000 40256.000000 116736.000000 55296.000000 64512.000000 0.000000 0.000000 8400.000000 80605.000000 17212.000000 137824.000000 71520.000000 59868.000000 15872.000000 36864.000000 0.000000 0.000000 5600.000000 74840.000000 11875.000000 139712.000000 75776.000000 29952.000000 73728.000000 9216.000000 0.000000 0.000000 0.000000 0.000000 0.000000 0.000000 104448.000000 36864.000000 55296.000000 0.000000 11700.000000 0.000000 0.000000 0.000000 0.000000 0.000000 
18
0.000000 94860.000000 33420.000000 61440.000000 0.000000 0.000000 0.000000 0.000000 0.000000 79072.000000 15136.000000 16848.000000 21504.000000 52224.000000 0.000000 0.000000 0.000000 0.000000 0.000000 0.000000 103936.000000 40256.000000 116736.000000 55296.000000 64512.000000 0.000000 0.000000 5600.000000 80978.000000 17585.000000 137616.000000 71312.000000 62672.000000 15360.000000 36864.000000 0.000000 0.000000 5600.000000 74840.000000 11515.000000 139712.000000 75776.000000 29952.000000 73728.000000 9216.000000 0.000000 0.000000 0.000000 0.000000 0.000000 0.000000 103936.000000 36352.000000 55296.000000 0.000000 17480.000000 0.000000 0.000000 0.000000 0.000000 0.000000 
19
0.000000 94860.000000 33420.000000 61440.000000 0.000000 0.000000 0.000000 0.000000 0.000000 79072.000000 15136.000000 16848.000000 21504.000000 52224.000000 0.000000 7580.000000 0.000000 0.000000 0.000000 0.000000 103936.000000 40256.000000 116736.000000 55296.000000 64512.000000 0.000000 0.000000 8400.000000 80753.000000 16837.000000 137616.000000 71312.000000 59768.000000 15360.000000 36864.000000 0.000000 0.000000 5600.000000 74840.000000 11515.000000 139712.000000 75776.000000 29440.000000 73728.000000 9216.000000 0.000000 0.000000 0.000000 0.000000 0.000000 0.000000 103936.000000 36352.000000 55296.000000 0.000000 17480.000000 0.000000 0.000000 0.000000 0.000000 0.000000 
20
0.000000 94968.000000 33528.000000 61440.000000 0.000000 0.000000 2800.000000 0.000000 0.000000 130240.000000 66304.000000 49152.000000 13824.000000 52224.000000 0.000000 0.000000 0.000000 0.000000 0.000000 0.000000 108672.000000 42624.000000 122880.000000 55296.000000 55296.000000 0.000000 31240.000000 5600.000000 81353.000000 16089.000000 117120.000000 52224.000000 147456.000000 86016.000000 18432.000000 0.000000 28400.000000 5600.000000 76711.000000 11226.000000 139712.000000 75776.000000 31488.000000 73728.000000 9216.000000 0.000000 31240.000000 19600.000000 0.000000 0.000000 0.000000 151552.000000 83968.000000 59392.000000 0.000000 19800.000000 0.000000 0.000000 0.000000 0.000000 0.000000 
21
0.000000 94860.000000 33420.000000 61440.000000 0.000000 0.000000 2800.000000 0.000000 0.000000 127872.000000 63936.000000 55296.000000 17408.000000 52224.000000 0.000000 0.000000 0.000000 0.000000 0.000000 0.000000 106304.000000 40256.000000 122880.000000 55296.000000 52224.000000 0.000000 31240.000000 5600.000000 80605.000000 15341.000000 119488.000000 52224.000000 147456.000000 86016.000000 18432.000000 0.000000 28400.000000 5600.000000 76711.000000 11226.000000 139712.000000 75776.000000 31488.000000 73728.000000 9216.000000 0.000000 31240.000000 19600.000000 0.000000 0.000000 0.000000 151552.000000 83968.000000 59392.000000 0.000000 19800.000000 0.000000 0.000000 0.000000 0.000000 0.000000 
22
0.000000 94860.000000 33420.000000 61440.000000 0.000000 0.000000 0.000000 0.000000 0.000000 127872.000000 63936.000000 50124.000000 17408.000000 52224.000000 0.000000 7580.000000 0.000000 0.000000 0.000000 0.000000 106304.000000 40256.000000 122880.000000 55296.000000 52224.000000 0.000000 34080.000000 5600.000000 80978.000000 15714.000000 119488.000000 55488.000000 153600.000000 86016.000000 24576.000000 0.000000 28400.000000 5600.000000 74840.000000 9355.000000 137344.000000 73408.000000 31680.000000 73728.000000 9216.000000 0.000000 31240.000000 19600.000000 0.000000 0.000000 0.000000 151040.000000 83456.000000 61952.000000 0.000000 24680.000000 0.000000 0.000000 0.000000 0.000000 0.000000 
23
0.000000 94860.000000 33420.000000 61440.000000 0.000000 0.000000 0.000000 0.000000 0.000000 127872.000000 63936.000000 50124.000000 17408.000000 52224.000000 0.000000 7580.000000 0.000000 0.000000 0.000000 0.000000 106304.000000 40256.000000 116736.000000 49152.000000 52224.000000 0.000000 31240.000000 5600.000000 80753.000000 16837.000000 120384.000000 55488.000000 147456.000000 79872.000000 18432.000000 0.000000 28400.000000 5600.000000 74840.000000 9355.000000 137344.000000 73408.000000 31680.000000 73728.000000 9216.000000 0.000000 31240.000000 19600.000000 0.000000 0.000000 0.000000 151040.000000 83456.000000 58880.000000 0.000000 23780.000000 0.000000 0.000000 0.000000 0.000000 0.000000 
24
0.000000 100248.000000 38808.000000 64512.000000 0.000000 0.000000 2800.000000 0.000000 0.000000 127872.000000 63936.000000 129024.000000 61440.000000 70656.000000 6144.000000 9900.000000 26400.000000 8680.000000 0.000000 0.000000 143232.000000 76928.000000 41664.000000 12800.000000 43008.000000 0.000000 0.000000 0.000000 87716.000000 22452.000000 108928.000000 44992.000000 135168.000000 67584.000000 86016.000000 18432.000000 4500.000000 0.000000 74840.000000 9363.000000 101824.000000 35520.000000 129024.000000 116736.000000 52224.000000 0.000000 0.000000 0.000000 0.000000 0.000000 0.000000 99840.000000 32256.000000 55296.000000 0.000000 6336.000000 0.000000 0.000000 0.000000 0.000000 0.000000 
25
0.000000 100248.000000 38808.000000 61440.000000 0.000000 0.000000 2800.000000 0.000000 0.000000 127872.000000 63936.000000 129024.000000 61440.000000 70656.000000 6144.000000 9000.000000 17600.000000 8680.000000 0.000000 0.000000 142080.000000 75776.000000 42048.000000 11776.000000 39936.000000 0.000000 0.000000 0.000000 85845.000000 20581.000000 108928.000000 44992.000000 135168.000000 67584.000000 82944.000000 15360.000000 4500.000000 0.000000 74840.000000 9363.000000 101824.000000 35520.000000 122880.000000 116736.000000 52224.000000 0.000000 0.000000 0.000000 0.000000 0.000000 0.000000 99840.000000 32256.000000 55296.000000 0.000000 6336.000000 0.000000 0.000000 0.000000 0.000000 0.000000 
26
0.000000 100248.000000 38808.000000 61440.000000 0.000000 0.000000 0.000000 0.000000 0.000000 127872.000000 63936.000000 129024.000000 61440.000000 70656.000000 6144.000000 9000.000000 17600.000000 8680.000000 0.000000 0.000000 143168.000000 76864.000000 41600.000000 12288.000000 39936.000000 0.000000 0.000000 0.000000 85845.000000 20581.000000 106560.000000 42624.000000 135168.000000 67584.000000 82944.000000 15360.000000 3600.000000 0.000000 74840.000000 9363.000000 101824.000000 35520.000000 122880.000000 116736.000000 52224.000000 0.000000 0.000000 0.000000 0.000000 0.000000 0.000000 99840.000000 32256.000000 55296.000000 0.000000 10220.000000 0.000000 0.000000 0.000000 0.000000 0.000000 
27
0.000000 100248.000000 38808.000000 61440.000000 0.000000 0.000000 0.000000 0.000000 0.000000 127872.000000 63936.000000 124824.000000 57240.000000 73728.000000 9216.000000 9000.000000 17600.000000 8680.000000 0.000000 0.000000 143168.000000 76864.000000 41600.000000 12288.000000 39936.000000 0.000000 0.000000 0.000000 86368.000000 20581.000000 106560.000000 42624.000000 135168.000000 67584.000000 82944.000000 15360.000000 4500.000000 0.000000 74840.000000 9363.000000 99456.000000 33152.000000 122880.000000 113664.000000 49152.000000 0.000000 0.000000 0.000000 0.000000 0.000000 0.000000 99328.000000 31744.000000 55296.000000 0.000000 10220.000000 0.000000 0.000000 0.000000 0.000000 0.000000 
28
0.000000 100248.000000 38808.000000 61440.000000 0.000000 0.000000 2800.000000 0.000000 0.000000 127872.000000 63936.000000 129024.000000 67584.000000 73728.000000 9216.000000 0.000000 26400.000000 8680.000000 0.000000 0.000000 142080.000000 75776.000000 81472.000000 20480.000000 39936.000000 0.000000 0.000000 0.000000 85845.000000 20581.000000 108928.000000 42624.000000 135168.000000 67584.000000 82944.000000 15360.000000 28400.000000 0.000000 74840.000000 11226.000000 89984.000000 26048.000000 122880.000000 129024.000000 64512.000000 0.000000 0.000000 0.000000 0.000000 0.000000 0.000000 99328.000000 31744.000000 55296.000000 0.000000 6336.000000 0.000000 0.000000 0.000000 0.000000 0.000000 
29
0.000000 100248.000000 38808.000000 61440.000000 0.000000 0.000000 2800.000000 0.000000 0.000000 127872.000000 63936.000000 129024.000000 61440.000000 73728.000000 9216.000000 0.000000 17600.000000 8680.000000 0.000000 0.000000 143168.000000 76864.000000 81024.000000 18944.000000 39936.000000 0.000000 0.000000 0.000000 85845.000000 20581.000000 108928.000000 42624.000000 135168.000000 67584.000000 82944.000000 15360.000000 28400.000000 0.000000 74840.000000 9366.000000 89984.000000 23680.000000 122880.000000 129024.000000 64512.000000 0.000000 0.000000 0.000000 0.000000 0.000000 0.000000 99328.000000 31744.000000 55296.000000 0.000000 6336.000000 0.000000 0.000000 0.000000 0.000000 0.000000 
30
0.000000 100248.000000 38808.000000 61440.000000 0.000000 0.000000 0.000000 0.000000 0.000000 127872.000000 63936.000000 129024.000000 61440.000000 73728.000000 9216.000000 0.000000 17600.000000 10850.000000 0.000000 0.000000 143168.000000 76864.000000 81024.000000 18944.000000 39936.000000 0.000000 0.000000 0.000000 85845.000000 20581.000000 106560.000000 40256.000000 135168.000000 67584.000000 82944.000000 15360.000000 28400.000000 0.000000 74840.000000 9366.000000 89984.000000 26048.000000 116736.000000 129024.000000 64512.000000 0.000000 0.000000 0.000000 0.000000 0.000000 0.000000 99328.000000 31744.000000 55296.000000 0.000000 10220.000000 0.000000 0.000000 0.000000 0.000000 0.000000 
31
0.000000 100248.000000 38808.000000 61440.000000 0.000000 0.000000 0.000000 0.000000 0.000000 127872.000000 63936.000000 124716.000000 57132.000000 73728.000000 9216.000000 0.000000 17600.000000 8680.000000 0.000000 0.000000 142016.000000 75712.000000 81408.000000 20480.000000 39936.000000 0.000000 0.000000 0.000000 86368.000000 20581.000000 106560.000000 40256.000000 129024.000000 61440.000000 76800.000000 12288.000000 28400.000000 0.000000 74840.000000 9365.000000 89984.000000 23680.000000 116736.000000 129024.000000 64512.000000 0.000000 0.000000 0.000000 0.000000 0.000000 0.000000 98816.000000 31232.000000 55296.000000 0.000000 10220.000000 0.000000 0.000000 0.000000 0.000000 0.000000 
32
0.000000 100248.000000 38808.000000 61440.000000 0.000000 0.000000 2800.000000 0.000000 0.000000 109760.000000 45824.000000 73728.000000 31744.000000 52224.000000 0.000000 9900.000000 17600.000000 0.000000 0.000000 0.000000 112896.000000 48960.000000 129024.000000 61440.000000 0.000000 0.000000 0.000000 5600.000000 81353.000000 16089.000000 103680.000000 37376.000000 135168.000000 67584.000000 82944.000000 15360.000000 0.000000 0.000000 84566.000000 19081.000000 116416.000000 52480.000000 147456.000000 86016.000000 18432.000000 0.000000 0.000000 19600.000000 0.000000 0.000000 0.000000 133120.000000 65536.000000 76800.000000 12288.000000 0.000000 11200.000000 0.000000 0.000000 0.000000 0.000000 
33
0.000000 100248.000000 38808.000000 61440.000000 0.000000 0.000000 2800.000000 0.000000 0.000000 109760.000000 45824.000000 73728.000000 31744.000000 52224.000000 0.000000 9900.000000 17600.000000 0.000000 0.000000 0.000000 112896.000000 48960.000000 122880.000000 55296.000000 0.000000 0.000000 0.000000 5600.000000 80605.000000 17212.000000 100416.000000 34112.000000 135168.000000 67584.000000 82944.000000 15360.000000 0.000000 0.000000 84566.000000 19081.000000 116416.000000 52480.000000 141312.000000 79872.000000 12288.000000 0.000000 0.000000 19600.000000 0.000000 0.000000 0.000000 132608.000000 65024.000000 79872.000000 15360.000000 0.000000 11200.000000 0.000000 0.000000 0.000000 0.000000 
34
0.000000 100248.000000 38808.000000 61440.000000 0.000000 0.000000 0.000000 0.000000 0.000000 109760.000000 45824.000000 73728.000000 31744.000000 52224.000000 0.000000 9000.000000 17600.000000 0.000000 0.000000 0.000000 113984.000000 50048.000000 122880.000000 55296.000000 0.000000 0.000000 0.000000 5600.000000 80978.000000 15714.000000 100416.000000 34112.000000 135168.000000 67584.000000 82944.000000 15360.000000 0.000000 0.000000 84191.000000 18706.000000 117504.000000 53568.000000 141312.000000 79872.000000 12288.000000 0.000000 0.000000 19600.000000 0.000000 0.000000 0.000000 132608.000000 65024.000000 76800.000000 12288.000000 7580.000000 8400.000000 0.000000 0.000000 0.000000 0.000000 
35
0.000000 100248.000000 38808.000000 61440.000000 0.000000 0.000000 0.000000 0.000000 0.000000 109392.000000 45456.000000 73728.000000 25088.000000 52224.000000 0.000000 9900.000000 17600.000000 0.000000 0.000000 0.000000 112832.000000 48896.000000 122880.000000 55296.000000 0.000000 0.000000 0.000000 5600.000000 80753.000000 16837.000000 101312.000000 35008.000000 135168.000000 67584.000000 82944.000000 15360.000000 0.000000 0.000000 84191.000000 18706.000000 116352.000000 52416.000000 141312.000000 79872.000000 12288.000000 0.000000 0.000000 19600.000000 0.000000 0.000000 0.000000 132608.000000 65024.000000 76800.000000 12288.000000 7580.000000 8400.000000 0.000000 0.000000 0.000000 0.000000 
36
0.000000 100248.000000 38808.000000 61440.000000 0.000000 0.000000 2800.000000 0.000000 0.000000 109360.000000 45424.000000 135168.000000 67584.000000 46080.000000 0.000000 0.000000 0.000000 8680.000000 0.000000 0.000000 144448.000000 80512.000000 43200.000000 11264.000000 39936.000000 0.000000 0.000000 0.000000 85845.000000 20581.000000 97360.000000 31056.000000 147456.000000 79872.000000 18432.000000 0.000000 0.000000 0.000000 84566.000000 19081.000000 97472.000000 33152.000000 129024.000000 116736.000000 52224.000000 0.000000 0.000000 0.000000 0.000000 0.000000 0.000000 110080.000000 42496.000000 55296.000000 0.000000 6336.000000 0.000000 0.000000 0.000000 0.000000 0.000000 
37
0.000000 100248.000000 38808.000000 61440.000000 0.000000 0.000000 2800.000000 0.000000 0.000000 109360.000000 45424.000000 135168.000000 67584.000000 46080.000000 0.000000 0.000000 0.000000 8680.000000 0.000000 0.000000 144448.000000 80512.000000 42688.000000 11264.000000 39936.000000 0.000000 0.000000 0.000000 85845.000000 20581.000000 97152.000000 30848.000000 147456.000000 79872.000000 18432.000000 0.000000 0.000000 0.000000 84566.000000 19081.000000 96000.000000 30784.000000 122880.000000 116736.000000 52224.000000 0.000000 0.000000 0.000000 0.000000 0.000000 0.000000 109568.000000 41984.000000 55296.000000 0.000000 6336.000000 0.000000 0.000000 0.000000 0.000000 0.000000 
38
0.000000 100248.000000 38808.000000 61440.000000 0.000000 0.000000 0.000000 0.000000 0.000000 108992.000000 45056.000000 141312.000000 73728.000000 46080.000000 0.000000 0.000000 0.000000 8680.000000 0.000000 0.000000 142080.000000 78144.000000 42880.000000 13312.000000 39936.000000 0.000000 0.000000 0.000000 85845.000000 20581.000000 97152.000000 30848.000000 141312.000000 73728.000000 12288.000000 0.000000 0.000000 0.000000 84191.000000 18706.000000 96000.000000 30784.000000 122880.000000 113664.000000 49152.000000 0.000000 0.000000 0.000000 0.000000 0.000000 0.000000 109568.000000 41984.000000 55296.000000 0.000000 10220.000000 0.000000 0.000000 0.000000 0.000000 0.000000 
39
0.000000 100248.000000 38808.000000 61440.000000 0.000000 0.000000 0.000000 0.000000 0.000000 108992.000000 45056.000000 135168.000000 67584.000000 43008.000000 0.000000 0.000000 0.000000 8680.000000 0.000000 0.000000 142080.000000 78144.000000 42880.000000 13312.000000 39936.000000 0.000000 0.000000 0.000000 86368.000000 20581.000000 97152.000000 30848.000000 141312.000000 73728.000000 12288.000000 0.000000 0.000000 0.000000 84191.000000 18706.000000 97472.000000 33152.000000 122880.000000 113664.000000 49152.000000 0.000000 0.000000 0.000000 0.000000 0.000000 0.000000 109568.000000 41984.000000 55296.000000 0.000000 10220.000000 0.000000 0.000000 0.000000 0.000000 0.000000 
40
0.000000 0.000000 0.000000 0.000000 0.000000 63660.000000 130307.000000 113250.000000 47765.000000 101824.000000 35520.000000 135168.000000 67584.000000 82944.000000 12288.000000 0.000000 0.000000 8680.000000 0.000000 0.000000 142080.000000 75776.000000 116288.000000 55296.000000 64512.000000 0.000000 0.000000 5600.000000 81353.000000 16089.000000 120384.000000 55488.000000 153600.000000 86016.000000 24576.000000 0.000000 0.000000 0.000000 84566.000000 19081.000000 107648.000000 42432.000000 122880.000000 129024.000000 64512.000000 0.000000 0.000000 0.000000 0.000000 0.000000 0.000000 43080.000000 77010.000000 19205.000000 129658.000000 83801.000000 33174.000000 358227.000000 290856.000000 226920.000000 160616.000000 
41
0.000000 0.000000 0.000000 0.000000 0.000000 68077.000000 130537.000000 114645.000000 49160.000000 101824.000000 37888.000000 135168.000000 67584.000000 79872.000000 12288.000000 0.000000 0.000000 8680.000000 0.000000 0.000000 143168.000000 76864.000000 116352.000000 54272.000000 64512.000000 0.000000 0.000000 5600.000000 80605.000000 15341.000000 119488.000000 52224.000000 147456.000000 86016.000000 18432.000000 0.000000 0.000000 0.000000 84566.000000 19081.000000 107648.000000 42432.000000 116736.000000 129024.000000 64512.000000 0.000000 0.000000 0.000000 0.000000 0.000000 0.000000 43080.000000 76817.000000 19113.000000 129686.000000 83895.000000 33246.000000 358219.000000 290848.000000 226912.000000 160608.000000 
42
0.000000 0.000000 0.000000 0.000000 0.000000 63564.000000 128436.000000 113179.000000 47694.000000 104192.000000 37888.000000 129024.000000 67584.000000 76800.000000 12288.000000 0.000000 0.000000 8680.000000 0.000000 0.000000 142016.000000 75712.000000 116736.000000 55808.000000 64512.000000 0.000000 0.000000 5600.000000 80978.000000 15714.000000 117120.000000 52224.000000 141312.000000 79872.000000 12288.000000 0.000000 0.000000 0.000000 84191.000000 18706.000000 107648.000000 42432.000000 116736.000000 129024.000000 64512.000000 0.000000 0.000000 0.000000 0.000000 0.000000 0.000000 43008.000000 77106.000000 19112.000000 129658.000000 83801.000000 33246.000000 358215.000000 290844.000000 226908.000000 160604.000000 
43
0.000000 0.000000 0.000000 0.000000 0.000000 63564.000000 130830.000000 112446.000000 46961.000000 104192.000000 37888.000000 129024.000000 61440.000000 76800.000000 12288.000000 0.000000 0.000000 8680.000000 0.000000 0.000000 142016.000000 75712.000000 116736.000000 55808.000000 64512.000000 0.000000 0.000000 5600.000000 80753.000000 14966.000000 119488.000000 55488.000000 141312.000000 79872.000000 12288.000000 0.000000 0.000000 0.000000 84191.000000 18706.000000 110912.000000 45696.000000 116736.000000 125952.000000 61440.000000 0.000000 0.000000 0.000000 0.000000 0.000000 0.000000 43024.000000 77010.000000 19150.000000 130003.000000 83801.000000 33102.000000 358207.000000 290836.000000 226900.000000 160596.000000 
44
0.000000 0.000000 0.000000 0.000000 0.000000 63660.000000 130307.000000 112862.000000 47377.000000 101824.000000 35520.000000 0.000000 0.000000 0.000000 0.000000 91895.000000 30405.000000 161894.000000 96409.000000 32795.000000 102656.000000 38720.000000 122880.000000 55296.000000 55296.000000 0.000000 0.000000 0.000000 81353.000000 17960.000000 135456.000000 71520.000000 59112.000000 11776.000000 36864.000000 0.000000 5400.000000 5600.000000 84566.000000 19081.000000 110912.000000 45696.000000 122880.000000 129024.000000 64512.000000 0.000000 0.000000 0.000000 0.000000 0.000000 0.000000 43080.000000 78071.000000 19205.000000 130018.000000 83801.000000 32982.000000 364147.000000 296776.000000 232840.000000 166536.000000 
45
0.000000 0.000000 0.000000 0.000000 0.000000 68077.000000 130537.000000 114285.000000 48800.000000 101824.000000 37888.000000 0.000000 0.000000 0.000000 0.000000 93400.000000 30469.000000 164054.000000 98569.000000 33084.000000 106048.000000 39744.000000 122880.000000 55296.000000 52224.000000 0.000000 0.000000 0.000000 80605.000000 17212.000000 137824.000000 71520.000000 59112.000000 10752.000000 36864.000000 0.000000 4500.000000 5600.000000 84566.000000 19081.000000 107648.000000 42432.000000 122880.000000 129024.000000 64512.000000 0.000000 0.000000 0.000000 0.000000 0.000000 0.000000 43080.000000 78071.000000 19113.000000 129658.000000 83801.000000 32910.000000 364139.000000 296768.000000 232832.000000 166528.000000 
46
0.000000 0.000000 0.000000 0.000000 0.000000 63564.000000 128436.000000 112819.000000 47334.000000 104192.000000 37888.000000 0.000000 0.000000 0.000000 0.000000 93400.000000 30469.000000 164034.000000 98549.000000 33064.000000 106048.000000 39744.000000 122880.000000 55296.000000 52224.000000 0.000000 0.000000 0.000000 80978.000000 17585.000000 137616.000000 71312.000000 62672.000000 11264.000000 36864.000000 0.000000 4500.000000 5600.000000 84191.000000 18706.000000 107648.000000 42432.000000 116736.000000 129024.000000 64512.000000 0.000000 0.000000 0.000000 0.000000 0.000000 0.000000 43008.000000 77106.000000 19112.000000 129658.000000 83209.000000 32968.000000 364115.000000 296744.000000 232808.000000 166504.000000 
47
0.000000 0.000000 0.000000 0.000000 0.000000 63564.000000 130830.000000 112431.000000 46946.000000 104192.000000 37888.000000 0.000000 0.000000 0.000000 0.000000 93400.000000 30469.000000 164039.000000 98554.000000 33069.000000 106048.000000 39744.000000 116736.000000 49152.000000 52224.000000 0.000000 0.000000 0.000000 80753.000000 16837.000000 137616.000000 71312.000000 59012.000000 10752.000000 36864.000000 0.000000 4500.000000 5600.000000 84191.000000 18706.000000 107648.000000 42432.000000 116736.000000 129024.000000 64512.000000 0.000000 0.000000 0.000000 0.000000 0.000000 0.000000 43024.000000 77010.000000 19150.000000 129671.000000 83799.000000 33054.000000 364147.000000 296776.000000 232840.000000 166536.000000 
48
0.000000 0.000000 0.000000 0.000000 0.000000 63468.000000 86228.000000 67943.000000 2520.000000 130240.000000 63936.000000 2900.000000 0.000000 0.000000 0.000000 94751.000000 35302.000000 150618.000000 87004.000000 21519.000000 106560.000000 40256.000000 122880.000000 55296.000000 55296.000000 0.000000 0.000000 5600.000000 81353.000000 17960.000000 137824.000000 71520.000000 59004.000000 7168.000000 36864.000000 0.000000 0.000000 5600.000000 83818.000000 19081.000000 107648.000000 42432.000000 129024.000000 116736.000000 52224.000000 0.000000 0.000000 0.000000 0.000000 0.000000 0.000000 43080.000000 76817.000000 17970.000000 129658.000000 83711.000000 32718.000000 385171.000000 317800.000000 253864.000000 187560.000000 
49
0.000000 0.000000 0.000000 0.000000 0.000000 63532.000000 84880.000000 67583.000000 2880.000000 127872.000000 61568.000000 2901.000000 0.000000 0.000000 0.000000 94751.000000 35302.000000 150618.000000 87004.000000 21519.000000 104192.000000 40256.000000 122880.000000 55296.000000 52224.000000 0.000000 0.000000 5600.000000 80605.000000 17212.000000 137824.000000 71520.000000 59004.000000 6144.000000 36864.000000 0.000000 0.000000 5600.000000 84191.000000 18706.000000 107648.000000 42432.000000 122880.000000 116736.000000 52224.000000 0.000000 0.000000 0.000000 0.000000 0.000000 0.000000 43008.000000 77106.000000 17878.000000 129714.000000 83710.000000 32694.000000 385163.000000 317792.000000 251488.000000 187552.000000 
50
0.000000 0.000000 0.000000 0.000000 0.000000 63468.000000 83009.000000 69383.000000 2880.000000 127872.000000 61568.000000 3480.000000 0.000000 0.000000 0.000000 94114.000000 35238.000000 152418.000000 86933.000000 21448.000000 101824.000000 37888.000000 122880.000000 55296.000000 52224.000000 0.000000 0.000000 5600.000000 80978.000000 17585.000000 137616.000000 71312.000000 59012.000000 6656.000000 36864.000000 0.000000 0.000000 5600.000000 84191.000000 18706.000000 107648.000000 42432.000000 122880.000000 113664.000000 49152.000000 0.000000 0.000000 0.000000 0.000000 0.000000 0.000000 43008.000000 72177.000000 17926.000000 129658.000000 83119.000000 32752.000000 385139.000000 317768.000000 253832.000000 187528.000000 
51
0.000000 0.000000 0.000000 0.000000 0.000000 63468.000000 84880.000000 67512.000000 2520.000000 127872.000000 61568.000000 3480.000000 0.000000 0.000000 0.000000 94558.000000 35302.000000 150618.000000 85133.000000 21519.000000 101824.000000 37888.000000 116736.000000 49152.000000 52224.000000 0.000000 0.000000 8400.000000 80753.000000 16837.000000 137616.000000 71312.000000 59012.000000 6144.000000 36864.000000 0.000000 0.000000 5600.000000 84191.000000 18706.000000 107648.000000 42432.000000 122880.000000 113664.000000 49152.000000 0.000000 0.000000 0.000000 0.000000 0.000000 0.000000 43024.000000 76817.000000 17877.000000 129615.000000 83710.000000 32798.000000 385234.000000 317960.000000 254024.000000 187720.000000 
52
0.000000 0.000000 0.000000 0.000000 0.000000 63532.000000 127611.000000 110920.000000 47306.000000 99456.000000 35520.000000 0.000000 0.000000 0.000000 0.000000 93921.000000 30405.000000 165522.000000 100037.000000 34552.000000 114752.000000 48960.000000 0.000000 0.000000 0.000000 0.000000 123315.000000 61643.000000 44904.000000 16560.000000 113216.000000 49216.000000 0.000000 0.000000 0.000000 0.000000 112925.000000 50984.000000 95421.000000 29936.000000 111744.000000 107624.000000 45113.000000 47016.000000 381730.000000 386890.000000 349746.000000 285306.000000 220866.000000 154113.000000 88960.000000 76382.000000 115540.000000 51705.000000 161795.000000 115045.000000 65056.000000 338022.000000 274636.000000 207944.000000 144008.000000 
53
0.000000 0.000000 0.000000 0.000000 0.000000 63468.000000 128959.000000 111004.000000 45519.000000 99456.000000 35520.000000 0.000000 0.000000 0.000000 0.000000 94558.000000 30469.000000 163337.000000 97852.000000 34238.000000 115648.000000 52224.000000 0.000000 0.000000 0.000000 0.000000 121328.000000 61675.000000 44904.000000 16920.000000 114688.000000 48320.000000 0.000000 0.000000 0.000000 0.000000 113022.000000 50984.000000 95421.000000 29936.000000 112832.000000 107644.000000 45212.000000 46947.000000 387482.000000 386804.000000 349155.000000 284715.000000 220275.000000 153522.000000 88569.000000 76773.000000 115472.000000 51801.000000 161915.000000 114454.000000 63177.000000 337165.000000 274179.000000 207584.000000 143648.000000 
54
0.000000 0.000000 0.000000 0.000000 0.000000 63468.000000 127611.000000 110905.000000 47291.000000 101824.000000 37888.000000 0.000000 0.000000 0.000000 0.000000 94558.000000 35302.000000 163337.000000 97852.000000 34238.000000 112384.000000 50496.000000 0.000000 0.000000 0.000000 0.000000 123315.000000 61643.000000 44904.000000 16560.000000 115584.000000 51584.000000 0.000000 0.000000 0.000000 0.000000 112925.000000 50888.000000 95421.000000 29936.000000 112832.000000 107889.000000 45217.000000 46946.000000 387482.000000 386804.000000 349155.000000 284715.000000 220275.000000 153522.000000 88569.000000 76885.000000 115488.000000 51712.000000 162127.000000 115044.000000 65007.000000 337499.000000 274348.000000 207656.000000 143720.000000 
55
0.000000 0.000000 0.000000 0.000000 0.000000 63468.000000 127088.000000 110976.000000 45491.000000 101824.000000 37888.000000 0.000000 0.000000 0.000000 0.000000 94558.000000 30469.000000 163696.000000 98211.000000 34597.000000 112384.000000 49984.000000 0.000000 0.000000 0.000000 0.000000 128052.000000 64556.000000 41162.000000 17640.000000 113216.000000 49216.000000 0.000000 0.000000 0.000000 0.000000 112829.000000 50888.000000 93550.000000 28065.000000 112832.000000 106648.000000 44936.000000 47016.000000 379329.000000 387522.000000 349155.000000 284715.000000 220275.000000 153522.000000 88786.000000 76236.000000 110711.000000 51757.000000 161767.000000 115044.000000 65055.000000 337636.000000 274636.000000 207944.000000 144008.000000 
56
0.000000 0.000000 0.000000 0.000000 0.000000 63532.000000 128959.000000 111323.000000 45838.000000 117056.000000 51584.000000 0.000000 0.000000 0.000000 0.000000 94558.000000 30469.000000 163337.000000 97852.000000 34238.000000 115648.000000 52224.000000 0.000000 0.000000 0.000000 0.000000 121617.000000 61099.000000 85845.000000 20581.000000 137824.000000 71520.000000 8096.000000 0.000000 0.000000 0.000000 148714.000000 84656.000000 65978.000000 10871.000000 89728.000000 68312.000000 7920.000000 23040.000000 371372.000000 354799.000000 316879.000000 244384.000000 179944.000000 116052.000000 50579.000000 39424.000000 74598.000000 13002.000000 128147.000000 81073.000000 31216.000000 328222.000000 263316.000000 199380.000000 135444.000000 
57
0.000000 0.000000 0.000000 0.000000 0.000000 63468.000000 127611.000000 111653.000000 48039.000000 117952.000000 52480.000000 0.000000 0.000000 0.000000 0.000000 94558.000000 35302.000000 163337.000000 97852.000000 34238.000000 112384.000000 49984.000000 0.000000 0.000000 0.000000 0.000000 123026.000000 61163.000000 85845.000000 20581.000000 137824.000000 71520.000000 8096.000000 0.000000 0.000000 0.000000 147306.000000 84688.000000 67322.000000 15191.000000 90624.000000 68068.000000 7409.000000 23041.000000 371372.000000 354799.000000 316879.000000 244384.000000 179944.000000 116052.000000 50579.000000 39424.000000 74695.000000 13002.000000 127787.000000 81079.000000 31072.000000 328234.000000 263328.000000 199392.000000 135456.000000 
58
0.000000 0.000000 0.000000 0.000000 0.000000 63468.000000 128959.000000 111364.000000 45879.000000 115584.000000 52480.000000 0.000000 0.000000 0.000000 0.000000 94558.000000 30469.000000 163696.000000 98211.000000 34597.000000 112384.000000 49984.000000 0.000000 0.000000 0.000000 0.000000 122447.000000 61163.000000 85845.000000 20581.000000 137856.000000 71552.000000 7673.000000 0.000000 0.000000 0.000000 147306.000000 84688.000000 67322.000000 15191.000000 87360.000000 68255.000000 7200.000000 23040.000000 365620.000000 354885.000000 308824.000000 244384.000000 179944.000000 121804.000000 50379.000000 37712.000000 72659.000000 17898.000000 128132.000000 81079.000000 31120.000000 333063.000000 263324.000000 199388.000000 135452.000000 
59
0.000000 0.000000 0.000000 0.000000 0.000000 63468.000000 127088.000000 111336.000000 45851.000000 117952.000000 54848.000000 0.000000 0.000000 0.000000 0.000000 93921.000000 30405.000000 165522.000000 100037.000000 34552.000000 112384.000000 49472.000000 0.000000 0.000000 0.000000 0.000000 123026.000000 61163.000000 86368.000000 20581.000000 137616.000000 71312.000000 7916.000000 0.000000 0.000000 0.000000 147306.000000 84592.000000 69097.000000 15262.000000 87360.000000 68254.000000 8640.000000 23040.000000 363219.000000 354582.000000 309414.000000 244974.000000 180534.000000 116462.000000 49402.000000 37640.000000 74116.000000 13002.000000 125972.000000 83082.000000 31218.000000 333138.000000 265864.000000 199560.000000 135624.000000 
60
0.000000 0.000000 0.000000 0.000000 0.000000 63532.000000 128959.000000 111323.000000 45838.000000 125120.000000 62016.000000 0.000000 0.000000 0.000000 0.000000 94558.000000 29413.000000 161846.000000 98232.000000 32747.000000 112384.000000 45696.000000 0.000000 0.000000 0.000000 0.000000 117565.000000 54634.000000 85845.000000 22452.000000 108928.000000 42624.000000 0.000000 0.000000 0.000000 0.000000 117372.000000 53993.000000 82324.000000 16839.000000 92992.000000 83880.000000 23008.000000 24598.000000 363033.000000 354396.000000 317043.000000 244548.000000 180108.000000 116222.000000 51146.000000 39424.000000 77299.000000 17860.000000 127427.000000 81098.000000 29598.000000 333940.000000 268840.000000 204904.000000 138600.000000 
61
0.000000 0.000000 0.000000 0.000000 0.000000 63468.000000 127611.000000 111653.000000 48039.000000 124224.000000 58752.000000 0.000000 0.000000 0.000000 0.000000 94558.000000 29413.000000 164054.000000 98569.000000 33084.000000 113280.000000 48960.000000 0.000000 0.000000 0.000000 0.000000 118877.000000 54890.000000 85845.000000 20581.000000 106560.000000 40256.000000 0.000000 0.000000 0.000000 0.000000 112636.000000 51560.000000 82324.000000 16839.000000 89728.000000 83372.000000 23308.000000 24598.000000 371365.000000 354792.000000 316357.000000 243862.000000 179422.000000 115537.000000 50064.000000 39424.000000 72466.000000 17871.000000 127427.000000 81193.000000 29526.000000 333920.000000 268820.000000 204884.000000 138580.000000 
62
0.000000 0.000000 0.000000 0.000000 0.000000 63468.000000 128959.000000 111364.000000 45879.000000 121856.000000 58752.000000 0.000000 0.000000 0.000000 0.000000 88413.000000 28452.000000 164054.000000 98569.000000 33084.000000 110016.000000 47232.000000 0.000000 0.000000 0.000000 0.000000 118877.000000 54890.000000 85845.000000 20581.000000 106560.000000 40256.000000 0.000000 0.000000 0.000000 0.000000 112636.000000 51464.000000 80453.000000 14968.000000 87360.000000 83388.000000 23929.000000 24597.000000 365620.000000 354885.000000 316357.000000 243862.000000 179422.000000 121282.000000 49857.000000 41296.000000 73055.000000 13003.000000 127772.000000 80507.000000 29488.000000 333343.000000 268340.000000 204404.000000 138100.000000 
63
0.000000 0.000000 0.000000 0.000000 0.000000 63468.000000 127088.000000 111336.000000 45851.000000 121856.000000 58752.000000 0.000000 0.000000 0.000000 0.000000 93921.000000 28389.000000 164067.000000 98582.000000 33097.000000 110016.000000 46720.000000 0.000000 0.000000 0.000000 0.000000 112732.000000 54697.000000 86368.000000 20581.000000 106560.000000 40256.000000 0.000000 0.000000 0.000000 0.000000 112636.000000 51464.000000 80453.000000 14968.000000 87360.000000 83393.000000 20992.000000 24597.000000 371511.000000 354003.000000 316357.000000 243862.000000 179422.000000 115391.000000 49918.000000 41224.000000 73248.000000 13003.000000 129283.000000 81097.000000 29486.000000 334132.000000 269032.000000 202728.000000 138792.000000 
64
0.000000 0.000000 0.000000 0.000000 0.000000 63468.000000 127611.000000 111668.000000 48054.000000 101824.000000 35520.000000 0.000000 0.000000 0.000000 0.000000 89281.000000 29925.000000 161851.000000 98237.000000 32752.000000 98368.000000 36928.000000 0.000000 0.000000 0.000000 0.000000 117179.000000 54634.000000 84497.000000 20581.000000 108928.000000 44992.000000 0.000000 0.000000 0.000000 0.000000 141064.000000 78831.000000 61465.000000 16228.000000 98688.000000 95272.000000 32448.000000 30104.000000 343595.000000 325038.000000 277039.000000 212599.000000 148159.000000 87045.000000 16860.000000 43008.000000 74598.000000 13110.000000 127427.000000 80995.000000 29310.000000 329068.000000 263968.000000 197664.000000 133728.000000 
65
0.000000 0.000000 0.000000 0.000000 0.000000 63532.000000 128959.000000 111364.000000 45879.000000 101824.000000 37888.000000 0.000000 0.000000 0.000000 0.000000 93246.000000 32934.000000 164057.000000 98572.000000 33087.000000 98368.000000 33152.000000 0.000000 0.000000 0.000000 0.000000 118491.000000 54890.000000 85845.000000 20581.000000 106560.000000 42624.000000 0.000000 0.000000 0.000000 0.000000 141161.000000 78831.000000 61465.000000 15840.000000 98880.000000 95276.000000 31420.000000 33832.000000 335219.000000 325533.000000 285094.000000 212599.000000 148159.000000 87088.000000 17436.000000 43008.000000 74695.000000 13110.000000 127412.000000 80309.000000 29344.000000 328143.000000 263140.000000 199204.000000 132900.000000 
66
0.000000 0.000000 0.000000 0.000000 0.000000 63468.000000 128959.000000 111336.000000 45851.000000 99456.000000 35520.000000 0.000000 0.000000 0.000000 0.000000 88606.000000 29925.000000 164056.000000 98571.000000 33086.000000 98368.000000 33152.000000 0.000000 0.000000 0.000000 0.000000 118491.000000 54890.000000 86368.000000 22452.000000 106560.000000 42624.000000 0.000000 0.000000 0.000000 0.000000 142473.000000 78895.000000 60217.000000 17336.000000 98880.000000 95118.000000 32194.000000 32343.000000 337472.000000 324867.000000 285189.000000 212694.000000 148254.000000 84930.000000 17244.000000 41296.000000 73913.000000 17664.000000 127067.000000 80899.000000 29310.000000 329184.000000 264084.000000 197780.000000 133844.000000 
67
0.000000 0.000000 0.000000 0.000000 0.000000 63468.000000 127088.000000 111308.000000 45823.000000 101824.000000 37888.000000 0.000000 0.000000 0.000000 0.000000 88413.000000 29925.000000 164057.000000 98572.000000 33087.000000 98368.000000 33152.000000 0.000000 0.000000 0.000000 0.000000 112346.000000 54697.000000 83149.000000 18710.000000 106560.000000 42624.000000 0.000000 0.000000 0.000000 0.000000 142473.000000 78799.000000 61992.000000 16976.000000 98880.000000 95010.000000 31967.000000 33093.000000 337751.000000 325146.000000 277724.000000 213284.000000 148844.000000 85241.000000 17258.000000 41224.000000 74116.000000 13020.000000 129255.000000 80899.000000 29270.000000 328320.000000 263220.000000 199284.000000 132980.000000 
68
0.000000 0.000000 0.000000 0.000000 0.000000 63468.000000 127611.000000 111668.000000 48054.000000 124224.000000 58752.000000 0.000000 0.000000 0.000000 0.000000 95137.000000 34246.000000 162571.000000 98957.000000 33472.000000 112384.000000 49472.000000 0.000000 0.000000 0.000000 0.000000 116206.000000 59530.000000 85845.000000 20581.000000 137824.000000 71520.000000 8608.000000 0.000000 0.000000 0.000000 141161.000000 76431.000000 59065.000000 11220.000000 142080.000000 134992.000000 73936.000000 73386.000000 402986.000000 398209.000000 352429.000000 287989.000000 223549.000000 159109.000000 97200.000000 79546.000000 112992.000000 56728.000000 164448.000000 117789.000000 69431.000000 364629.000000 302776.000000 236084.000000 169780.000000 
69
0.000000 0.000000 0.000000 0.000000 0.000000 63468.000000 128959.000000 111364.000000 45879.000000 121856.000000 58752.000000 0.000000 0.000000 0.000000 0.000000 95233.000000 34246.000000 162571.000000 98957.000000 33472.000000 110016.000000 46208.000000 0.000000 0.000000 0.000000 0.000000 121135.000000 59467.000000 85845.000000 20581.000000 137824.000000 71520.000000 8608.000000 0.000000 0.000000 0.000000 136328.000000 75150.000000 56472.000000 12716.000000 142080.000000 134740.000000 74164.000000 73704.000000 405502.000000 397704.000000 352524.000000 288084.000000 223644.000000 159204.000000 94767.000000 80667.000000 118670.000000 57114.000000 164851.000000 119066.000000 69485.000000 365660.000000 304161.000000 235004.000000 171068.000000 
70
0.000000 0.000000 0.000000 0.000000 0.000000 63532.000000 128959.000000 111336.000000 45851.000000 121856.000000 58752.000000 0.000000 0.000000 0.000000 0.000000 88992.000000 30885.000000 163666.000000 98181.000000 32696.000000 110016.000000 46208.000000 0.000000 0.000000 0.000000 0.000000 123122.000000 59723.000000 85845.000000 20581.000000 137616.000000 71312.000000 8471.000000 0.000000 0.000000 0.000000 140968.000000 76431.000000 59065.000000 10472.000000 139712.000000 134488.000000 74152.000000 73536.000000 411113.000000 398592.000000 351838.000000 287398.000000 222958.000000 158518.000000 96623.000000 81199.000000 118381.000000 55886.000000 164463.000000 119751.000000 69498.000000 366030.000000 304153.000000 237364.000000 171060.000000 
71
0.000000 0.000000 0.000000 0.000000 0.000000 63468.000000 127088.000000 111308.000000 45823.000000 121856.000000 58752.000000 0.000000 0.000000 0.000000 0.000000 88992.000000 30789.000000 163342.000000 97857.000000 34243.000000 110016.000000 46208.000000 0.000000 0.000000 0.000000 0.000000 123122.000000 59723.000000 86368.000000 20581.000000 137616.000000 71312.000000 8925.000000 0.000000 0.000000 0.000000 136424.000000 75054.000000 58247.000000 11968.000000 139712.000000 134728.000000 74152.000000 69704.000000 402007.000000 397866.000000 359893.000000 287398.000000 222958.000000 158518.000000 96952.000000 79502.000000 117438.000000 56331.000000 164103.000000 119074.000000 67845.000000 365042.000000 303565.000000 236776.000000 170472.000000 
72
0.000000 0.000000 0.000000 0.000000 0.000000 61932.000000 128959.000000 111351.000000 45866.000000 121856.000000 58752.000000 0.000000 0.000000 0.000000 0.000000 95426.000000 34246.000000 154385.000000 90771.000000 25286.000000 144448.000000 78144.000000 17568.000000 0.000000 0.000000 0.000000 119263.000000 54890.000000 85845.000000 20581.000000 137344.000000 71040.000000 7104.000000 0.000000 0.000000 0.000000 136328.000000 75150.000000 56472.000000 11968.000000 142080.000000 133872.000000 73056.000000 72017.000000 406042.000000 391633.000000 354249.000000 289809.000000 225369.000000 160929.000000 96492.000000 81874.000000 116934.000000 56621.000000 164075.000000 118901.000000 68600.000000 364787.000000 299328.000000 235004.000000 171068.000000 
73
0.000000 0.000000 0.000000 0.000000 0.000000 61995.000000 127611.000000 111653.000000 48039.000000 124224.000000 58752.000000 0.000000 0.000000 0.000000 0.000000 94751.000000 34246.000000 156547.000000 91062.000000 25577.000000 144448.000000 78144.000000 17343.000000 0.000000 0.000000 0.000000 119263.000000 54890.000000 85845.000000 20581.000000 137136.000000 70832.000000 6924.000000 0.000000 0.000000 0.000000 136328.000000 75054.000000 56376.000000 11968.000000 139712.000000 134016.000000 73200.000000 71959.000000 403462.000000 392074.000000 353658.000000 289218.000000 224778.000000 160338.000000 98493.000000 79375.000000 116863.000000 56798.000000 163728.000000 118806.000000 68625.000000 364870.000000 303352.000000 234292.000000 170356.000000 
74
0.000000 0.000000 0.000000 0.000000 0.000000 61932.000000 128959.000000 111364.000000 45879.000000 121856.000000 58752.000000 0.000000 0.000000 0.000000 0.000000 93246.000000 33222.000000 156555.000000 91070.000000 25585.000000 144448.000000 78144.000000 17342.000000 0.000000 0.000000 0.000000 113118.000000 54697.000000 85845.000000 20581.000000 137136.000000 70832.000000 6924.000000 0.000000 0.000000 0.000000 141161.000000 76431.000000 59065.000000 11220.000000 139712.000000 133748.000000 73172.000000 73416.000000 410128.000000 392256.000000 353658.000000 289218.000000 224778.000000 160338.000000 98708.000000 79324.000000 112245.000000 57112.000000 163503.000000 116843.000000 68581.000000 363830.000000 303277.000000 234120.000000 170184.000000 
75
0.000000 0.000000 0.000000 0.000000 0.000000 61932.000000 127088.000000 111308.000000 45823.000000 121856.000000 58752.000000 0.000000 0.000000 0.000000 0.000000 88413.000000 33285.000000 156598.000000 91113.000000 25628.000000 142080.000000 77824.000000 17488.000000 0.000000 0.000000 0.000000 117951.000000 54634.000000 86368.000000 20581.000000 137136.000000 70832.000000 6924.000000 0.000000 0.000000 0.000000 141064.000000 76431.000000 59065.000000 9724.000000 139712.000000 133504.000000 73168.000000 68920.000000 410128.000000 391471.000000 353658.000000 289218.000000 224778.000000 160338.000000 98444.000000 81522.000000 116548.000000 55528.000000 163863.000000 117436.000000 68630.000000 364226.000000 303865.000000 234708.000000 170772.000000 
76
0.000000 0.000000 0.000000 0.000000 0.000000 61932.000000 129482.000000 111336.000000 47722.000000 124224.000000 58752.000000 0.000000 0.000000 0.000000 0.000000 93053.000000 28389.000000 156242.000000 90757.000000 25272.000000 144448.000000 80512.000000 16368.000000 0.000000 0.000000 0.000000 118723.000000 54634.000000 59651.000000 20996.000000 137344.000000 71040.000000 7616.000000 0.000000 0.000000 0.000000 134919.000000 71054.000000 69396.000000 15704.000000 110016.000000 103377.000000 41153.000000 38232.000000 379138.000000 390843.000000 345234.000000 280794.000000 216354.000000 152472.000000 85175.000000 72244.000000 109596.000000 46762.000000 157348.000000 109420.000000 59079.000000 353527.000000 292001.000000 225212.000000 158908.000000 
77
0.000000 0.000000 0.000000 0.000000 0.000000 61995.000000 127611.000000 111668.000000 48054.000000 124224.000000 58752.000000 0.000000 0.000000 0.000000 0.000000 94365.000000 29413.000000 156576.000000 91091.000000 25606.000000 142080.000000 79168.000000 16224.000000 0.000000 0.000000 0.000000 120035.000000 59723.000000 59651.000000 20968.000000 137136.000000 70832.000000 7929.000000 0.000000 0.000000 0.000000 135016.000000 70958.000000 69675.000000 16064.000000 110912.000000 103100.000000 39164.000000 41960.000000 384879.000000 391567.000000 345295.000000 280855.000000 216415.000000 152533.000000 85447.000000 73617.000000 109766.000000 46467.000000 155852.000000 109515.000000 59118.000000 353142.000000 291616.000000 224924.000000 158620.000000 
78
0.000000 0.000000 0.000000 0.000000 0.000000 61932.000000 128959.000000 111364.000000 45879.000000 121856.000000 58752.000000 0.000000 0.000000 0.000000 0.000000 94365.000000 29413.000000 156576.000000 91091.000000 25606.000000 142080.000000 78656.000000 16207.000000 0.000000 0.000000 0.000000 119842.000000 54890.000000 58303.000000 21688.000000 137136.000000 70832.000000 7929.000000 0.000000 0.000000 0.000000 136328.000000 71598.000000 69376.000000 16480.000000 107648.000000 103256.000000 41480.000000 41351.000000 378859.000000 390678.000000 353272.000000 280777.000000 216337.000000 152734.000000 85437.000000 73104.000000 109766.000000 48093.000000 155852.000000 109419.000000 59230.000000 353340.000000 291525.000000 224736.000000 158432.000000 
79
0.000000 0.000000 0.000000 0.000000 0.000000 61932.000000 127088.000000 111308.000000 45823.000000 121856.000000 58752.000000 0.000000 0.000000 0.000000 0.000000 88220.000000 28356.000000 156218.000000 90733.000000 25248.000000 142080.000000 78656.000000 16206.000000 0.000000 0.000000 0.000000 113890.000000 59530.000000 58303.000000 21328.000000 137136.000000 70832.000000 7474.000000 0.000000 0.000000 0.000000 130183.000000 71021.000000 69547.000000 15788.000000 107648.000000 103256.000000 41480.000000 42100.000000 382400.000000 391186.000000 353766.000000 281271.000000 216831.000000 152949.000000 86358.000000 72314.000000 104790.000000 46073.000000 158111.000000 109419.000000 59054.000000 353163.000000 292409.000000 223252.000000 159316.000000 
