task94
0.012000 1.001670 2.000540 2.000616 3.010553 3.010603 4.011571 4.011670 5.010634 5.010784 
task15
0.022000 1.013966 2.010540 2.012898 3.020553 3.022875 4.025332 4.032672 5.020634 5.023049 
task10
0.022000 1.011826 2.010540 2.010562 3.020553 3.020665 4.025332 4.029601 5.020634 5.020833 
task13
0.022000 1.011748 2.010540 2.010708 3.020553 3.020659 4.025332 4.028639 5.020634 5.020692 
task0
0.022000 1.011957 2.010540 2.010956 3.020553 3.020997 4.025332 4.029130 5.020634 5.021016 
task1
0.024000 1.014177 2.011029 2.011752 3.021671 3.022399 4.030424 4.033597 5.021856 5.022606 
task14
0.024000 1.014362 2.011427 2.012047 3.021349 3.022077 4.029861 4.033874 5.022285 5.022998 
task12
0.024000 1.014451 2.011510 2.012455 3.021290 3.022210 4.029980 4.034111 5.023090 5.024013 
task11
0.024000 1.014618 2.011398 2.012270 3.023026 3.023999 4.029699 4.033872 5.022678 5.023473 
task2
0.024000 1.014417 2.011552 2.012301 3.021453 3.022213 4.031332 4.033900 5.021516 5.022278 
task9
0.024000 1.014318 2.011562 2.012181 3.021274 3.022023 4.029796 4.035502 5.022950 5.023746 
task6
0.024000 1.014289 2.011358 2.012141 3.021225 3.021862 4.029469 4.035871 5.022329 5.022936 
task3
0.024000 1.014426 2.011865 2.012566 3.023121 3.023825 4.029471 4.033481 5.021800 5.022415 
task4
0.024000 1.014317 2.011415 2.012134 3.021443 3.022046 4.030914 4.031609 5.021292 5.021924 
task7
0.024000 1.014406 2.011596 2.012273 3.021500 3.022195 4.029453 4.035088 5.022153 5.022941 
task5
0.024000 1.014287 2.011626 2.012379 3.021550 3.022228 4.029520 4.030247 5.022885 5.023600 
task8
0.024000 1.013830 2.012538 2.013235 3.021360 3.022050 4.029863 4.033042 5.022682 5.023299 
task16
0.032000 1.087691 2.020540 2.086612 3.030553 3.096598 4.045478 4.127309 5.030634 5.096574 
task17
0.092000 0.101863 1.088052 1.099549 2.087135 2.098338 3.097165 3.108566 4.173220 4.357831 5.096834 5.108458 
task20
0.092074 0.196780 1.088126 1.195073 2.087208 2.193994 3.097363 3.203980 4.173365 4.412327 5.096908 5.204094 
task19
0.206379 0.215612 1.204254 1.212298 2.203700 2.211410 3.213697 3.221740 4.452011 4.455003 5.212908 5.221520 
task18
0.230111 0.245698 1.228348 1.229053 1.229598 1.243872 2.227428 2.227899 2.227927 2.242582 3.237522 3.238949 3.238960 3.239396 3.239668 3.240120 4.478344 4.480070 4.480170 4.480632 4.482318 4.483530 4.483556 4.484110 4.494451 4.508688 5.237137 5.242204 
task21
0.230601 0.231572 0.232111 0.234316 1.229540 1.231702 2.228001 2.230503 3.242226 3.246974 4.494318 4.496772 5.237663 5.240402 
task22
0.244660 0.247001 0.248111 0.248260 0.248349 0.248561 0.248623 0.249116 1.243731 1.244068 1.244497 1.245502 1.245763 1.245770 1.245885 1.246029 1.246065 1.247202 2.242115 2.242621 2.244115 2.244220 2.244258 2.244344 2.244445 2.244601 2.244608 2.246054 3.255026 3.255942 3.256041 3.256134 3.256134 3.256415 3.256543 3.256898 3.256952 3.257016 3.257131 3.258061 4.508451 4.509405 4.509615 4.510448 4.510556 4.510644 4.510701 4.510719 4.510736 4.510967 4.510987 4.511682 4.511688 4.511816 4.511866 4.512346 5.251777 5.252395 5.252457 5.252549 5.252590 5.253136 5.253412 5.254010 5.254122 5.254284 5.254374 5.254519 5.254621 5.254776 5.254962 5.254998 5.255137 5.255700 
task23
0.254000 0.254938 1.252110 1.252907 2.250231 2.251076 3.264330 3.265245 4.516439 4.517401 5.260538 5.261370 
task24
0.256142 0.256403 0.256423 0.256546 0.256660 0.256933 1.253763 1.253884 1.253885 1.254039 1.254096 1.254301 1.254308 1.254646 1.254682 1.255218 2.251409 2.251656 2.251763 2.251944 2.252115 2.252244 2.252258 2.252982 2.253069 2.253256 2.253559 2.253752 3.265893 3.266097 3.266165 3.266455 3.266574 3.267119 3.267131 3.267924 3.268051 3.268305 4.517688 4.517901 4.517904 4.517980 4.518103 4.518358 4.518556 4.518904 4.519085 4.519751 5.261443 5.261717 5.261808 5.261881 5.261882 5.262383 5.262451 5.262918 5.262962 5.263424 5.263780 5.263886 
task54
0.270391 0.271291 0.272183 0.272592 0.276065 0.276272 0.276569 0.277855 0.278226 0.278823 1.270349 1.271440 1.271805 1.272530 1.275486 1.275725 1.275748 1.275880 1.276266 1.276599 1.276932 1.277195 1.277926 1.278192 1.278344 1.279612 2.260329 2.261023 2.261099 2.262637 2.265961 2.266372 2.267724 2.268721 3.280266 3.280581 3.280615 3.281358 3.281773 3.282509 3.285533 3.285662 3.286091 3.286374 3.287537 3.287799 3.288102 3.288757 3.288828 3.289490 4.530597 4.532683 4.535733 4.536243 4.537628 4.538176 4.538306 4.538986 4.539173 4.539604 5.270164 5.271218 5.271313 5.272413 5.277266 5.277593 5.277622 5.278091 5.278140 5.278286 5.278342 5.278745 5.278913 5.279086 5.279129 5.279446 
task31
0.270391 0.270606 0.270703 0.271007 0.272214 0.272425 0.276065 0.276341 0.276569 0.276842 0.276877 0.277919 0.278226 0.278403 0.278495 0.278772 1.270349 1.270432 1.270445 1.270700 1.270723 1.271188 1.271824 1.272094 1.272160 1.272361 1.275486 1.276472 1.276932 1.277138 1.277926 1.278143 1.278344 1.279433 2.260329 2.261101 2.261127 2.261364 2.261459 2.261829 2.261832 2.262081 2.262174 2.262408 2.265961 2.266119 2.267724 2.268557 2.268619 2.269457 3.280266 3.280412 3.280616 3.281138 3.281774 3.281942 3.281943 3.282043 3.282066 3.282283 3.285533 3.285792 3.286091 3.286208 3.287537 3.287707 3.288102 3.288728 3.288828 3.289488 4.530598 4.531013 4.531140 4.531434 4.531495 4.531606 4.531639 4.531963 4.531980 4.532195 4.532198 4.532456 4.535733 4.536063 4.537628 4.538184 4.538306 4.538784 4.538785 4.539095 4.539173 4.539582 5.270164 5.270491 5.270493 5.270799 5.270812 5.271079 5.271313 5.271728 5.271820 5.272188 5.277266 5.277553 5.277622 5.278082 5.278140 5.278715 5.278913 5.279081 5.279129 5.279308 5.279312 5.279445 
task30
0.270391 0.270644 0.270703 0.270996 0.272230 0.272419 0.276065 0.287317 1.270350 1.271308 1.271825 1.272118 1.272188 1.272525 1.275486 1.277550 1.277926 1.287270 2.260329 2.261147 2.261155 2.262111 2.262209 2.262392 2.265961 2.269079 3.280266 3.280556 3.280616 3.281402 3.281774 3.282408 3.285533 3.286801 3.287537 3.297237 4.530598 4.531086 4.531150 4.531401 4.531502 4.531967 4.532007 4.532508 4.535733 4.547450 5.270164 5.271172 5.271313 5.272248 5.277266 5.287286 
task25
0.270391 0.287595 1.270350 1.287696 2.260329 2.265423 2.265457 2.269976 3.280266 3.297550 4.530598 4.547723 5.270164 5.287520 
task35
0.272055 0.272510 1.272166 1.272679 2.260286 2.260848 3.280385 3.280817 4.530494 4.530973 5.270593 5.271141 
task83
0.274363 0.282075 1.274023 1.282255 2.264430 2.272164 3.283833 3.292603 4.534410 4.542799 5.275038 5.282704 
task90
0.274914 0.276408 0.276877 0.279098 1.274212 1.275614 1.275748 1.333057 2.265477 2.266968 2.267806 2.269788 3.286329 3.287825 3.288502 3.290607 4.534565 4.537375 5.275564 5.276974 5.277916 5.279731 
task33
0.280569 0.286789 0.288070 0.288207 0.288226 0.288437 0.332193 0.390108 1.279486 1.282209 1.282266 1.286159 1.332541 1.371549 2.271961 2.275829 2.275966 2.276041 2.276090 2.276530 2.276619 2.277158 2.277762 2.277833 2.277966 2.278126 2.322157 2.349305 3.290091 3.295596 3.296096 3.296162 3.296201 3.296290 3.296381 3.297262 3.297537 3.297559 3.342963 3.376207 4.539733 4.546103 4.546306 4.546640 4.546668 4.547019 4.547173 4.547303 4.547331 4.547393 4.547430 4.547476 4.590866 4.628290 5.281916 5.285765 5.285804 5.285856 5.285921 5.286773 5.286913 5.287209 5.287214 5.287308 5.287322 5.287586 5.287627 5.287786 5.331927 5.365300 
task86
0.332070 0.345994 1.332401 1.346228 2.322034 2.335876 3.342874 3.356552 4.590743 4.604329 5.331804 5.345675 
task84
0.332186 0.375606 1.332477 1.385819 2.322150 2.349295 3.342950 3.380115 4.590859 4.632198 5.331885 5.369208 
task85
0.348626 0.369262 1.370541 1.372062 1.372453 1.383873 2.338602 2.350738 3.359111 3.371945 4.616614 4.624577 5.349750 5.364598 
task26
0.364194 0.369512 1.332490 1.347314 2.354214 2.358332 3.374636 3.376371 3.376583 3.380968 4.634080 4.641632 5.365750 5.369706 
task28
0.372212 0.373032 0.374245 0.399761 1.372453 1.415267 2.389946 2.429779 3.385685 3.388239 4.659379 4.670061 4.670458 4.671264 4.671379 4.672608 4.672637 4.673211 4.673320 4.673799 4.673866 4.674395 4.674458 4.677618 5.375076 5.427623 
task87
0.374212 0.380339 1.372419 1.381289 2.362397 2.375112 3.380981 3.394233 4.603757 4.624189 5.370063 5.430130 
task27
0.374228 0.400097 1.372435 1.414933 2.389929 2.429483 3.385667 3.387943 4.675325 4.677323 5.375059 5.427957 
task29
0.396678 0.397476 0.398245 0.398782 1.396576 1.396955 1.397918 1.431460 2.415966 2.416429 2.420613 2.420986 2.423946 2.424992 2.426544 2.427933 2.428048 2.429534 3.408262 3.410261 4.702938 4.703784 4.705412 4.705833 4.706135 4.709367 5.430035 5.432423 
task32
0.400808 0.401311 0.402245 0.403117 1.397845 1.398435 1.398454 1.399507 1.399709 1.400079 2.426414 2.427122 2.427968 2.428716 3.444345 3.461338 4.706491 4.708588 5.433640 5.434959 5.435090 5.435838 
task36
0.400842 0.401606 0.402313 0.403452 1.397871 1.400413 2.426479 2.427457 2.427979 2.429050 3.440302 3.441394 3.444413 3.461650 4.706559 4.708883 5.433676 5.436205 
task88
0.404905 0.438933 1.397909 1.414099 2.368356 2.400636 3.407015 3.434837 4.627298 4.652038 5.375054 5.390281 
task34
0.406350 0.406746 0.406797 0.407395 1.431931 1.432155 1.432731 1.433118 1.433129 1.433596 1.433876 1.439642 2.436066 2.443653 3.467856 3.469747 4.715504 4.716524 4.716643 4.717512 5.437737 5.437902 5.438109 5.444448 
task37
0.406369 0.421002 1.433869 1.437470 2.436053 2.439132 3.444339 3.459099 4.714282 4.719500 5.438084 5.447069 
task39
0.406376 0.424244 1.457193 1.460207 2.436059 2.442374 3.486508 3.490007 4.731564 4.749242 5.467655 5.472928 
task89
0.461007 0.469102 1.457200 1.465665 2.389924 2.408055 3.421748 3.443697 4.675320 4.681460 5.453216 5.461842 
task38
0.461012 0.483842 1.448829 1.450573 1.450774 1.452527 1.456666 1.480149 2.470405 2.474140 3.467894 3.472031 4.734868 4.737347 5.454011 5.458037 
task91
0.474067 0.474199 1.480188 1.480368 2.428287 2.428536 3.444385 3.444505 4.690495 4.690661 5.472593 5.472830 
task92
0.478391 0.482646 1.480790 1.495092 2.432615 2.447102 3.462457 3.476008 4.690928 4.695893 4.696938 4.702147 5.476288 5.486138 
task40
0.488397 0.490858 1.484677 1.490178 2.478096 2.480750 3.494617 3.499230 4.747219 4.751843 5.478865 5.482987 
task93
0.496402 0.501740 1.500801 1.552284 2.466085 2.471981 3.467893 3.487663 4.696933 4.700231 5.496747 5.518258 
task42
0.502408 0.506885 1.503916 1.509109 2.490100 2.495438 3.507933 3.513935 4.760689 4.766403 5.499497 5.505452 
task41
0.502409 0.514188 1.503917 1.559605 2.490100 2.502758 3.506833 3.561479 4.760690 4.773707 5.499498 5.513113 
task43
0.556409 0.562500 1.554808 1.573378 2.542668 2.551670 3.558513 3.573933 4.813577 4.822395 5.549794 5.564385 
task44
0.599008 0.606268 1.598025 1.604858 2.586100 2.591305 3.595965 3.610209 4.857848 4.862740 5.608361 5.635761 
task46
0.600072 0.600289 1.564192 1.564458 2.586291 2.586427 3.568390 3.568596 4.856499 4.856752 5.558598 5.558721 
task47
0.602091 0.603369 1.566212 1.567338 2.588311 2.589507 3.570410 3.571676 4.858519 4.859631 5.560618 5.561800 
task48
0.603048 0.605797 1.594859 1.604283 2.590117 2.591701 3.597999 3.601110 4.859609 4.862108 5.590243 5.601987 
task45
0.607063 0.611538 1.611032 1.643799 2.594151 2.615476 3.614625 3.619940 4.864912 4.868828 5.612696 5.616414 
task49
0.620584 0.625657 1.602870 1.608127 1.608425 1.610605 1.611046 1.639941 2.594150 2.596421 3.604610 3.611181 3.614656 3.622779 4.878166 4.882477 5.594559 5.600205 
task50
0.627246 0.632816 1.611001 1.615381 2.614176 2.618626 3.614624 3.618074 4.885704 4.890289 5.612696 5.620115 
task51
0.638723 0.639817 0.640585 0.641712 1.639442 1.640278 1.640938 1.643987 1.644138 1.645201 2.622331 2.623049 2.624176 2.625859 3.642656 3.644546 3.644669 3.645993 4.894818 4.898920 5.636728 5.640705 
task52
0.643099 0.643382 0.644634 0.644959 0.645050 0.645408 1.646532 1.646665 1.646917 1.647225 1.647486 1.647697 1.648152 1.648466 1.648606 1.648806 1.648934 1.649464 2.628363 2.628426 2.628638 2.629392 2.630207 2.630909 3.648669 3.648968 3.648981 3.649120 3.649268 3.649504 3.649621 3.649985 3.650136 3.650374 3.651015 3.651369 3.651382 3.651596 4.900584 4.901242 4.901312 4.901543 4.901755 4.902184 4.902273 4.902609 4.902630 4.902706 4.902875 4.902984 4.903100 4.903284 4.903383 4.903693 5.641845 5.642444 5.642756 5.642820 5.642901 5.643004 5.643045 5.643247 5.643554 5.644222 5.644287 5.644756 
task53
0.644616 0.644660 0.644693 0.644830 0.645036 0.645111 0.645154 0.645466 1.647473 1.647707 1.648138 1.648252 1.648593 1.648667 1.648921 1.649005 1.649011 1.649246 2.628607 2.628908 2.628910 2.629203 2.629210 2.629329 2.630176 2.630350 2.630376 2.630486 2.630525 2.630794 3.649227 3.649471 3.649608 3.649895 3.650122 3.650337 3.651015 3.651310 3.651352 3.651545 4.901742 4.902010 4.902260 4.902543 4.902617 4.902653 4.902677 4.902711 4.902862 4.902977 4.903087 4.903251 4.903370 4.903596 5.644810 5.644864 5.644942 5.644995 5.645065 5.645194 5.645608 5.645670 5.645769 5.645831 5.645858 5.646062 5.646178 5.646289 5.646313 5.646391 5.646705 5.646797 5.646805 5.647002 5.647100 5.647462 5.647486 5.647592 
task55
0.646693 0.648749 1.649529 1.652856 2.630699 2.634811 3.650710 3.653804 4.903797 4.907084 5.646414 5.649982 
task56
0.649059 0.660654 1.651803 1.663391 2.634546 2.645319 3.653015 3.664440 4.906223 4.917729 5.649486 5.660939 
task57
0.659442 0.668118 1.662512 1.670930 2.645664 2.654651 3.663454 3.672256 4.916627 4.925260 5.660699 5.669632 
task58
4.010537 4.013707 
task62
4.010745 4.028692 
task69
4.010764 4.029971 
task61
4.010797 4.030010 
task74
4.010823 4.014250 
task73
4.010825 4.014531 
task59
4.019467 4.030462 
task75
4.029780 4.029884 4.029892 4.030250 4.030308 4.030913 4.030977 4.030999 4.031034 4.031113 4.031147 4.031151 4.031332 4.031439 4.031524 4.031639 
task60
4.029795 4.034242 
task76
4.032082 4.035754 4.036449 4.042723 
task64
4.036434 4.039424 
task63
4.041008 4.062433 
task65
4.044035 4.053712 
task66
4.068428 4.068863 
task67
4.069022 4.076729 
task82
4.085488 4.100042 
task80
4.085535 4.320336 
task71
4.085537 4.173601 
task68
4.085614 4.108046 
task77
4.085614 4.168127 
task72
4.169815 4.222433 
task78
4.173220 4.186178 
task81
4.173366 4.236983 
task79
4.346050 4.355890 4.447028 4.449078 4.452389 4.473730 
task70
4.452159 4.477746 
