5
0.000000 0.012000 1.000000 1.001670 2.000000 2.000616 3.000000 3.010603 4.000000 4.011670 5.000000 5.010784 
0
0.000000 0.024411 1.000000 1.014618 2.000000 2.013235 3.000000 3.023999 4.000000 4.035871 5.000000 5.024013 
4
0.000000 0.262801 1.000000 1.260830 2.000000 2.259214 3.000000 3.273450 4.000000 4.525232 5.000000 5.269119 
1
0.000000 0.535830 1.000000 1.557740 2.000000 2.477466 3.000000 3.493607 4.000000 4.715998 5.000000 5.553333 
2
0.000000 0.670224 1.000000 1.672871 2.000000 2.654797 3.000000 3.673915 4.000000 4.927276 5.000000 5.670507 
3
4.000000 4.493774 
