0
0.000000 1000000.000000 999488.000000 1000000.000000 999999.000000 999997.000000 999960.000000 1000000.000000 0.000000 0.000000 0.000000 1000000.000000 999488.000000 1000000.000000 999999.000000 999998.000000 999997.000000 1000000.000000 0.000000 0.000000 0.000000 1000000.000000 999488.000000 1000000.000000 999998.000000 1000000.000000 999997.000000 1000000.000000 0.000000 0.000000 0.000000 1000000.000000 999488.000000 1000000.000000 999999.000000 999998.000000 999940.000000 999999.000000 0.000000 0.000000 0.000000 1000000.000000 999999.000000 999997.000000 999972.000000 1000000.000000 1000000.000000 999999.000000 999998.000000 999996.000000 1000000.000000 1000000.000000 999488.000000 1000000.000000 999999.000000 999998.000000 999960.000000 1000000.000000 0.000000 0.000000 0.000000 
1
0.000000 33792.000000 368705.000000 1000000.000000 999998.000000 999999.000000 999992.000000 1000000.000000 0.000000 0.000000 0.000000 999988.000000 999988.000000 1000000.000000 999999.000000 999998.000000 999976.000000 1000000.000000 0.000000 0.000000 0.000000 999948.000000 999980.000000 1000000.000000 999998.000000 1000000.000000 1000000.000000 999992.000000 0.000000 0.000000 0.000000 999692.000000 999980.000000 1000000.000000 999998.000000 999999.000000 999951.000000 1000000.000000 0.000000 0.000000 0.000000 1000000.000000 1000000.000000 1000000.000000 999996.000000 1000000.000000 1000000.000000 999998.000000 1000000.000000 1000000.000000 1000000.000000 999980.000000 999996.000000 1000000.000000 999998.000000 999999.000000 1000000.000000 1000000.000000 0.000000 0.000000 0.000000 
2
0.000000 33792.000000 387137.000000 1000000.000000 999998.000000 999999.000000 999976.000000 1000000.000000 0.000000 0.000000 0.000000 999956.000000 999988.000000 1000000.000000 999999.000000 1000000.000000 999987.000000 1000000.000000 0.000000 0.000000 0.000000 999972.000000 999996.000000 1000000.000000 999998.000000 1000000.000000 999992.000000 1000000.000000 0.000000 0.000000 0.000000 998876.000000 999996.000000 1000000.000000 999998.000000 999999.000000 999976.000000 1000000.000000 0.000000 0.000000 0.000000 1000000.000000 1000000.000000 1000000.000000 1000000.000000 1000000.000000 1000000.000000 999998.000000 999999.000000 1000000.000000 999999.000000 999996.000000 999996.000000 1000000.000000 999998.000000 999998.000000 999984.000000 1000000.000000 0.000000 0.000000 0.000000 
3
0.000000 33792.000000 387137.000000 1000000.000000 999998.000000 999999.000000 999992.000000 1000000.000000 0.000000 0.000000 0.000000 1000000.000000 999980.000000 1000000.000000 999999.000000 999998.000000 999979.000000 1000000.000000 0.000000 0.000000 0.000000 1000000.000000 1000000.000000 1000000.000000 999998.000000 1000000.000000 999992.000000 999997.000000 0.000000 0.000000 0.000000 1000000.000000 999984.000000 1000000.000000 999998.000000 999999.000000 999992.000000 1000000.000000 0.000000 0.000000 0.000000 1000000.000000 1000000.000000 1000000.000000 1000000.000000 1000000.000000 1000000.000000 999998.000000 999998.000000 999996.000000 999997.000000 999956.000000 999988.000000 1000000.000000 999998.000000 999998.000000 999996.000000 999997.000000 0.000000 0.000000 0.000000 
4
0.000000 33792.000000 370049.000000 1000000.000000 999998.000000 999997.000000 999984.000000 1000000.000000 0.000000 0.000000 0.000000 999976.000000 999992.000000 1000000.000000 999999.000000 999998.000000 999999.000000 999997.000000 0.000000 0.000000 0.000000 1000000.000000 999996.000000 1000000.000000 999998.000000 1000000.000000 999997.000000 1000000.000000 0.000000 0.000000 0.000000 1000000.000000 999996.000000 1000000.000000 999998.000000 999999.000000 999996.000000 1000000.000000 0.000000 0.000000 0.000000 1000000.000000 1000000.000000 1000000.000000 1000000.000000 1000000.000000 1000000.000000 999998.000000 1000000.000000 999993.000000 1000000.000000 1000000.000000 1000000.000000 1000000.000000 999998.000000 999999.000000 999943.000000 999999.000000 0.000000 0.000000 0.000000 
5
0.000000 33792.000000 369729.000000 1000000.000000 999998.000000 999999.000000 999992.000000 1000000.000000 0.000000 0.000000 0.000000 999996.000000 999988.000000 1000000.000000 999999.000000 999998.000000 999987.000000 1000000.000000 0.000000 0.000000 0.000000 999998.000000 999996.000000 1000000.000000 999998.000000 1000000.000000 999976.000000 1000000.000000 0.000000 0.000000 0.000000 999996.000000 999996.000000 1000000.000000 999998.000000 999999.000000 999956.000000 999999.000000 0.000000 0.000000 0.000000 1000000.000000 1000000.000000 1000000.000000 999972.000000 1000000.000000 1000000.000000 999998.000000 999998.000000 1000000.000000 999995.000000 999998.000000 1000000.000000 1000000.000000 999998.000000 999998.000000 999991.000000 999996.000000 0.000000 0.000000 0.000000 
6
0.000000 33792.000000 369729.000000 1000000.000000 999998.000000 999999.000000 999995.000000 1000000.000000 0.000000 0.000000 0.000000 999984.000000 1000000.000000 1000000.000000 999999.000000 1000000.000000 999979.000000 1000000.000000 0.000000 0.000000 0.000000 999988.000000 999988.000000 1000000.000000 999998.000000 1000000.000000 1000000.000000 999993.000000 0.000000 0.000000 0.000000 999984.000000 1000000.000000 1000000.000000 999998.000000 999999.000000 999976.000000 999999.000000 0.000000 0.000000 0.000000 1000000.000000 999999.000000 999997.000000 999988.000000 999998.000000 1000000.000000 999998.000000 1000000.000000 999997.000000 1000000.000000 1000000.000000 1000000.000000 1000000.000000 999998.000000 999999.000000 1000000.000000 1000000.000000 0.000000 0.000000 0.000000 
7
0.000000 33792.000000 369729.000000 1000000.000000 999998.000000 999999.000000 999907.000000 1000000.000000 0.000000 0.000000 0.000000 999976.000000 999992.000000 1000000.000000 999999.000000 999998.000000 999940.000000 999996.000000 0.000000 0.000000 0.000000 999980.000000 999988.000000 1000000.000000 999998.000000 1000000.000000 999988.000000 1000000.000000 0.000000 0.000000 0.000000 999996.000000 999996.000000 1000000.000000 999998.000000 999998.000000 999976.000000 1000000.000000 0.000000 0.000000 0.000000 1000000.000000 1000000.000000 1000000.000000 1000000.000000 999991.000000 1000000.000000 999998.000000 1000000.000000 1000000.000000 999997.000000 999992.000000 1000000.000000 1000000.000000 999998.000000 999999.000000 999952.000000 1000000.000000 0.000000 0.000000 0.000000 
8
0.000000 33792.000000 369729.000000 1000000.000000 999998.000000 999999.000000 999995.000000 1000000.000000 0.000000 0.000000 0.000000 999988.000000 999988.000000 1000000.000000 999999.000000 1000000.000000 999996.000000 999996.000000 0.000000 0.000000 0.000000 999980.000000 999996.000000 1000000.000000 999998.000000 1000000.000000 1000000.000000 999999.000000 0.000000 0.000000 0.000000 999932.000000 999996.000000 1000000.000000 999998.000000 999999.000000 999940.000000 1000000.000000 0.000000 0.000000 0.000000 1000000.000000 1000000.000000 999999.000000 999999.000000 999993.000000 1000000.000000 999998.000000 1000000.000000 1000000.000000 1000000.000000 999988.000000 999988.000000 1000000.000000 999998.000000 999999.000000 999999.000000 999999.000000 0.000000 0.000000 0.000000 
9
0.000000 33792.000000 369729.000000 1000000.000000 999998.000000 999999.000000 999995.000000 1000000.000000 0.000000 0.000000 0.000000 999976.000000 999992.000000 1000000.000000 999999.000000 999998.000000 1000000.000000 1000000.000000 0.000000 0.000000 0.000000 999980.000000 999996.000000 1000000.000000 999998.000000 1000000.000000 999988.000000 1000000.000000 0.000000 0.000000 0.000000 999992.000000 999992.000000 1000000.000000 999998.000000 999999.000000 999992.000000 1000000.000000 0.000000 0.000000 0.000000 1000000.000000 1000000.000000 1000000.000000 999988.000000 999998.000000 1000000.000000 999998.000000 999998.000000 1000000.000000 1000000.000000 999996.000000 1000000.000000 1000000.000000 999998.000000 999998.000000 999992.000000 999999.000000 0.000000 0.000000 0.000000 
10
0.000000 33792.000000 369729.000000 1000000.000000 999998.000000 999999.000000 999968.000000 1000000.000000 0.000000 0.000000 0.000000 999996.000000 999996.000000 1000000.000000 999999.000000 1000000.000000 999979.000000 1000000.000000 0.000000 0.000000 0.000000 999980.000000 999996.000000 1000000.000000 999998.000000 1000000.000000 1000000.000000 1000000.000000 0.000000 0.000000 0.000000 999980.000000 999996.000000 1000000.000000 999998.000000 999999.000000 999976.000000 999999.000000 0.000000 0.000000 0.000000 1000000.000000 1000000.000000 999997.000000 999991.000000 999999.000000 1000000.000000 999998.000000 1000000.000000 1000000.000000 999997.000000 999992.000000 1000000.000000 1000000.000000 999998.000000 999998.000000 999947.000000 1000000.000000 0.000000 0.000000 0.000000 
11
0.000000 33792.000000 369729.000000 1000000.000000 999998.000000 999997.000000 999960.000000 1000000.000000 0.000000 0.000000 0.000000 1000000.000000 1000000.000000 1000000.000000 999999.000000 999998.000000 1000000.000000 1000000.000000 0.000000 0.000000 0.000000 999984.000000 1000000.000000 1000000.000000 999998.000000 1000000.000000 999968.000000 1000000.000000 0.000000 0.000000 0.000000 999980.000000 999980.000000 1000000.000000 999998.000000 999999.000000 999976.000000 999999.000000 0.000000 0.000000 0.000000 1000000.000000 1000000.000000 1000000.000000 999972.000000 999998.000000 1000000.000000 999998.000000 999999.000000 999996.000000 1000000.000000 999984.000000 999992.000000 1000000.000000 999998.000000 999999.000000 999987.000000 1000000.000000 0.000000 0.000000 0.000000 
12
0.000000 8256.000000 368705.000000 1000000.000000 999998.000000 999999.000000 1000000.000000 1000000.000000 0.000000 0.000000 0.000000 999976.000000 999992.000000 1000000.000000 999999.000000 999999.000000 999975.000000 1000000.000000 0.000000 0.000000 0.000000 999996.000000 999996.000000 1000000.000000 999998.000000 999998.000000 999976.000000 1000000.000000 0.000000 0.000000 0.000000 999976.000000 999976.000000 1000000.000000 999998.000000 999999.000000 999992.000000 999999.000000 0.000000 0.000000 0.000000 1000000.000000 1000000.000000 999996.000000 999988.000000 999998.000000 1000000.000000 999998.000000 999999.000000 1000000.000000 999997.000000 999984.000000 1000000.000000 1000000.000000 999998.000000 999998.000000 999964.000000 999997.000000 0.000000 0.000000 0.000000 
13
0.000000 8256.000000 368705.000000 1000000.000000 999998.000000 999999.000000 999995.000000 1000000.000000 0.000000 0.000000 0.000000 1000000.000000 999996.000000 1000000.000000 999999.000000 1000000.000000 999980.000000 999996.000000 0.000000 0.000000 0.000000 1000000.000000 999996.000000 1000000.000000 999998.000000 1000000.000000 1000000.000000 1000000.000000 0.000000 0.000000 0.000000 1000000.000000 1000000.000000 1000000.000000 999998.000000 999999.000000 999959.000000 1000000.000000 0.000000 0.000000 0.000000 1000000.000000 1000000.000000 1000000.000000 1000000.000000 999999.000000 1000000.000000 999998.000000 999998.000000 1000000.000000 1000000.000000 1000000.000000 1000000.000000 1000000.000000 999990.000000 999999.000000 999988.000000 999996.000000 0.000000 0.000000 0.000000 
14
0.000000 8192.000000 368640.000000 1000000.000000 999998.000000 999999.000000 999984.000000 1000000.000000 0.000000 0.000000 0.000000 999972.000000 999988.000000 1000000.000000 999999.000000 1000000.000000 999992.000000 999997.000000 0.000000 0.000000 0.000000 999980.000000 999996.000000 1000000.000000 999998.000000 1000000.000000 1000000.000000 1000000.000000 0.000000 0.000000 0.000000 999924.000000 999988.000000 1000000.000000 999998.000000 999999.000000 999988.000000 1000000.000000 0.000000 0.000000 0.000000 1000000.000000 1000000.000000 1000000.000000 1000000.000000 999999.000000 1000000.000000 999998.000000 999998.000000 999996.000000 999997.000000 999980.000000 999996.000000 1000000.000000 999998.000000 999998.000000 1000000.000000 1000000.000000 0.000000 0.000000 0.000000 
15
0.000000 8192.000000 368640.000000 1000000.000000 999998.000000 999999.000000 999928.000000 1000000.000000 0.000000 0.000000 0.000000 999972.000000 999996.000000 1000000.000000 999999.000000 1000000.000000 999980.000000 1000000.000000 0.000000 0.000000 0.000000 999996.000000 999996.000000 1000000.000000 999998.000000 1000000.000000 999992.000000 1000000.000000 0.000000 0.000000 0.000000 999916.000000 999996.000000 1000000.000000 999998.000000 999998.000000 999943.000000 1000000.000000 0.000000 0.000000 0.000000 1000000.000000 1000000.000000 1000000.000000 1000000.000000 1000000.000000 1000000.000000 999998.000000 999998.000000 999992.000000 999995.000000 999928.000000 999992.000000 1000000.000000 999998.000000 999998.000000 999992.000000 999999.000000 0.000000 0.000000 0.000000 
