0
0.000000 86272.000000 18432.000000 22046.000000 482.000000 4884.000000 6528.000000 0.000000 0.000000 0.000000 0.000000 80128.000000 18432.000000 22148.000000 20584.000000 5242.000000 8128.000000 0.000000 0.000000 0.000000 0.000000 80128.000000 18432.000000 16550.000000 18240.000000 33152.000000 9844.000000 0.000000 0.000000 0.000000 0.000000 86272.000000 24832.000000 29596.000000 5830.000000 7168.000000 11504.000000 0.000000 0.000000 0.000000 0.000000 49496.000000 107648.000000 44672.000000 0.000000 5984.000000 22740.000000 9405.000000 14208.000000 1872.000000 0.000000 86272.000000 24832.000000 22046.000000 21976.000000 2048.000000 12588.000000 0.000000 0.000000 0.000000 0.000000 
1
0.000000 86016.000000 18432.000000 22046.000000 579.000000 4037.000000 3776.000000 0.000000 0.000000 0.000000 0.000000 79872.000000 18432.000000 21248.000000 20584.000000 4218.000000 7728.000000 0.000000 0.000000 0.000000 0.000000 79872.000000 18432.000000 16550.000000 18032.000000 33152.000000 11098.000000 0.000000 0.000000 0.000000 0.000000 86016.000000 24576.000000 29596.000000 4760.000000 7168.000000 11792.000000 0.000000 0.000000 0.000000 0.000000 56720.000000 107648.000000 44672.000000 0.000000 5984.000000 22780.000000 9112.000000 14208.000000 1872.000000 0.000000 86016.000000 24576.000000 22046.000000 28094.000000 2048.000000 12408.000000 0.000000 0.000000 0.000000 0.000000 
2
0.000000 86016.000000 18432.000000 22442.000000 579.000000 4037.000000 3776.000000 0.000000 0.000000 0.000000 0.000000 79872.000000 18432.000000 21197.000000 20584.000000 5242.000000 7328.000000 0.000000 0.000000 0.000000 0.000000 79872.000000 18432.000000 16946.000000 18048.000000 33152.000000 11098.000000 0.000000 0.000000 0.000000 0.000000 86016.000000 24576.000000 29992.000000 5542.000000 7168.000000 11392.000000 0.000000 0.000000 0.000000 0.000000 48757.000000 108288.000000 41344.000000 0.000000 5876.000000 24976.000000 7226.000000 14208.000000 1872.000000 0.000000 86016.000000 24576.000000 23342.000000 29994.000000 4218.000000 9144.000000 0.000000 0.000000 0.000000 0.000000 
3
0.000000 86016.000000 18432.000000 22248.000000 482.000000 4943.000000 6528.000000 0.000000 0.000000 0.000000 0.000000 79872.000000 18432.000000 22741.000000 20488.000000 4218.000000 11440.000000 0.000000 0.000000 0.000000 0.000000 79872.000000 18432.000000 15900.000000 12504.000000 33152.000000 11098.000000 0.000000 0.000000 0.000000 0.000000 86016.000000 24576.000000 29248.000000 5624.000000 7168.000000 11728.000000 0.000000 0.000000 0.000000 0.000000 49436.000000 110464.000000 44928.000000 0.000000 5876.000000 23120.000000 7220.000000 14208.000000 1632.000000 0.000000 86016.000000 24576.000000 22248.000000 19486.000000 2048.000000 9144.000000 0.000000 0.000000 0.000000 0.000000 
4
0.000000 86272.000000 18432.000000 0.000000 386.000000 3860.000000 3264.000000 0.000000 0.000000 0.000000 0.000000 80128.000000 18432.000000 0.000000 29184.000000 4218.000000 7328.000000 0.000000 0.000000 0.000000 0.000000 80128.000000 18432.000000 0.000000 17072.000000 33152.000000 11098.000000 0.000000 0.000000 0.000000 0.000000 86272.000000 24832.000000 0.000000 4184.000000 7168.000000 11504.000000 0.000000 0.000000 0.000000 0.000000 49496.000000 107648.000000 44672.000000 0.000000 6092.000000 22740.000000 6270.000000 16576.000000 1632.000000 0.000000 86272.000000 24832.000000 0.000000 14808.000000 2048.000000 7584.000000 0.000000 0.000000 0.000000 0.000000 
5
0.000000 86016.000000 18432.000000 0.000000 386.000000 3013.000000 3264.000000 0.000000 0.000000 0.000000 0.000000 79872.000000 18432.000000 0.000000 31408.000000 4218.000000 7328.000000 0.000000 0.000000 0.000000 0.000000 79872.000000 18432.000000 0.000000 16784.000000 33152.000000 11098.000000 0.000000 0.000000 0.000000 0.000000 86016.000000 24576.000000 0.000000 4568.000000 7168.000000 11792.000000 0.000000 0.000000 0.000000 0.000000 49322.000000 107815.000000 46080.000000 0.000000 6200.000000 22780.000000 7475.000000 14208.000000 480.000000 0.000000 86016.000000 24576.000000 0.000000 16098.000000 1989.000000 12408.000000 0.000000 0.000000 0.000000 0.000000 
6
0.000000 86016.000000 18432.000000 0.000000 2840.000000 4943.000000 6528.000000 0.000000 0.000000 0.000000 0.000000 79872.000000 18432.000000 0.000000 30831.000000 4218.000000 7376.000000 0.000000 0.000000 0.000000 0.000000 79872.000000 18432.000000 0.000000 24144.000000 33152.000000 11098.000000 0.000000 0.000000 0.000000 0.000000 86016.000000 24576.000000 0.000000 5130.000000 7168.000000 11392.000000 0.000000 0.000000 0.000000 0.000000 56155.000000 111616.000000 46080.000000 0.000000 5876.000000 22828.000000 6270.000000 14208.000000 240.000000 0.000000 86016.000000 24576.000000 0.000000 15796.000000 1024.000000 12408.000000 0.000000 0.000000 0.000000 0.000000 
7
0.000000 86016.000000 18432.000000 0.000000 193.000000 4037.000000 3264.000000 0.000000 0.000000 0.000000 0.000000 79872.000000 18432.000000 0.000000 28608.000000 5242.000000 10928.000000 0.000000 0.000000 0.000000 0.000000 79872.000000 18432.000000 0.000000 24128.000000 33152.000000 11098.000000 0.000000 0.000000 0.000000 0.000000 86016.000000 24576.000000 0.000000 5048.000000 7168.000000 11728.000000 0.000000 0.000000 0.000000 0.000000 49436.000000 110464.000000 44928.000000 0.000000 5984.000000 22825.000000 5305.000000 14208.000000 480.000000 0.000000 86016.000000 24576.000000 0.000000 16194.000000 1024.000000 7584.000000 0.000000 0.000000 0.000000 0.000000 
8
0.000000 86272.000000 18432.000000 0.000000 386.000000 4884.000000 3264.000000 0.000000 0.000000 0.000000 0.000000 80128.000000 18432.000000 0.000000 27168.000000 4218.000000 9792.000000 0.000000 0.000000 0.000000 0.000000 80128.000000 18432.000000 0.000000 17648.000000 33152.000000 10518.000000 0.000000 0.000000 0.000000 0.000000 86272.000000 24832.000000 0.000000 4472.000000 6892.000000 9952.000000 0.000000 0.000000 0.000000 0.000000 47486.000000 113792.000000 49664.000000 0.000000 6524.000000 22740.000000 6356.000000 14208.000000 1872.000000 0.000000 86272.000000 24832.000000 0.000000 15000.000000 38474.000000 8384.000000 0.000000 0.000000 0.000000 0.000000 
9
0.000000 86016.000000 18432.000000 0.000000 386.000000 4037.000000 3264.000000 0.000000 0.000000 0.000000 0.000000 79872.000000 18432.000000 0.000000 20971.000000 4218.000000 8928.000000 0.000000 0.000000 0.000000 0.000000 79872.000000 18432.000000 0.000000 17360.000000 33152.000000 11098.000000 0.000000 0.000000 0.000000 0.000000 86016.000000 24576.000000 0.000000 5240.000000 6892.000000 10192.000000 0.000000 0.000000 0.000000 0.000000 54850.000000 106880.000000 39936.000000 0.000000 6524.000000 22780.000000 8440.000000 14208.000000 720.000000 0.000000 86016.000000 24576.000000 0.000000 16098.000000 39877.000000 7184.000000 0.000000 0.000000 0.000000 0.000000 
10
0.000000 86016.000000 18432.000000 0.000000 2840.000000 4943.000000 6528.000000 0.000000 0.000000 0.000000 0.000000 79872.000000 18432.000000 0.000000 20971.000000 1024.000000 9088.000000 0.000000 0.000000 0.000000 0.000000 79872.000000 18432.000000 0.000000 15976.000000 33152.000000 11098.000000 0.000000 0.000000 0.000000 0.000000 86016.000000 24576.000000 0.000000 5624.000000 6892.000000 10128.000000 0.000000 0.000000 0.000000 0.000000 46870.000000 110208.000000 44672.000000 0.000000 5984.000000 22828.000000 7129.000000 14208.000000 1872.000000 0.000000 86016.000000 24576.000000 0.000000 16386.000000 36106.000000 6784.000000 0.000000 0.000000 0.000000 0.000000 
11
0.000000 86016.000000 18432.000000 0.000000 193.000000 4037.000000 3264.000000 0.000000 0.000000 0.000000 0.000000 79872.000000 18432.000000 0.000000 20874.000000 4218.000000 8928.000000 0.000000 0.000000 0.000000 0.000000 79872.000000 18432.000000 0.000000 24800.000000 33152.000000 11098.000000 0.000000 0.000000 0.000000 0.000000 86016.000000 24576.000000 0.000000 5336.000000 5868.000000 9840.000000 0.000000 0.000000 0.000000 0.000000 46870.000000 110848.000000 41344.000000 0.000000 6308.000000 22825.000000 7235.000000 14208.000000 720.000000 0.000000 86016.000000 24576.000000 0.000000 23286.000000 40404.000000 7584.000000 0.000000 0.000000 0.000000 0.000000 
12
0.000000 86272.000000 18432.000000 0.000000 193.000000 4884.000000 3264.000000 0.000000 0.000000 0.000000 0.000000 80128.000000 18432.000000 0.000000 27168.000000 4218.000000 9792.000000 0.000000 0.000000 0.000000 0.000000 80128.000000 18432.000000 0.000000 16784.000000 33152.000000 11098.000000 0.000000 0.000000 0.000000 0.000000 86272.000000 24832.000000 0.000000 4472.000000 6892.000000 9952.000000 0.000000 0.000000 0.000000 0.000000 44681.000000 111232.000000 43520.000000 0.000000 6172.000000 22740.000000 6270.000000 14208.000000 240.000000 0.000000 86272.000000 24832.000000 0.000000 22552.000000 1024.000000 9868.000000 0.000000 0.000000 0.000000 0.000000 
13
0.000000 86016.000000 18432.000000 0.000000 193.000000 4037.000000 3776.000000 0.000000 0.000000 0.000000 0.000000 79872.000000 18432.000000 0.000000 20875.000000 4218.000000 8928.000000 0.000000 0.000000 0.000000 0.000000 79872.000000 18432.000000 0.000000 16592.000000 33152.000000 11098.000000 0.000000 0.000000 0.000000 0.000000 86016.000000 24576.000000 0.000000 5144.000000 6892.000000 10192.000000 0.000000 0.000000 0.000000 0.000000 55785.000000 106880.000000 39936.000000 0.000000 5984.000000 22780.000000 7475.000000 14208.000000 240.000000 0.000000 86016.000000 24576.000000 0.000000 23266.000000 2048.000000 6280.000000 0.000000 0.000000 0.000000 0.000000 
14
0.000000 86016.000000 18432.000000 0.000000 0.000000 4943.000000 6528.000000 0.000000 0.000000 0.000000 0.000000 79872.000000 18432.000000 0.000000 20875.000000 1024.000000 9088.000000 0.000000 0.000000 0.000000 0.000000 79872.000000 18432.000000 0.000000 24144.000000 33152.000000 11098.000000 0.000000 0.000000 0.000000 0.000000 86016.000000 24576.000000 0.000000 5528.000000 6892.000000 10128.000000 0.000000 0.000000 0.000000 0.000000 46870.000000 104064.000000 44672.000000 0.000000 5984.000000 22828.000000 6270.000000 14208.000000 240.000000 0.000000 86016.000000 24576.000000 0.000000 29150.000000 1024.000000 7764.000000 0.000000 0.000000 0.000000 0.000000 
15
0.000000 86016.000000 18432.000000 0.000000 0.000000 4037.000000 3776.000000 0.000000 0.000000 0.000000 0.000000 79872.000000 18432.000000 0.000000 20874.000000 4218.000000 8928.000000 0.000000 0.000000 0.000000 0.000000 79872.000000 18432.000000 0.000000 24128.000000 33152.000000 11098.000000 0.000000 0.000000 0.000000 0.000000 86016.000000 24576.000000 0.000000 5240.000000 6144.000000 9840.000000 0.000000 0.000000 0.000000 0.000000 47805.000000 108288.000000 41344.000000 0.000000 5984.000000 22825.000000 5305.000000 14208.000000 240.000000 0.000000 86016.000000 24576.000000 0.000000 18838.000000 1024.000000 6280.000000 0.000000 0.000000 0.000000 0.000000 
16
0.000000 86272.000000 18432.000000 0.000000 0.000000 3860.000000 3264.000000 0.000000 0.000000 0.000000 0.000000 80128.000000 18432.000000 0.000000 31119.000000 4218.000000 9792.000000 0.000000 0.000000 0.000000 0.000000 80128.000000 18432.000000 0.000000 19816.000000 33152.000000 11678.000000 0.000000 0.000000 0.000000 0.000000 86272.000000 24832.000000 0.000000 4952.000000 7168.000000 11504.000000 0.000000 0.000000 0.000000 0.000000 47486.000000 111232.000000 43520.000000 0.000000 6280.000000 22740.000000 8239.000000 14208.000000 1872.000000 0.000000 86272.000000 24832.000000 0.000000 17936.000000 3013.000000 9904.000000 0.000000 0.000000 0.000000 0.000000 
17
0.000000 86016.000000 18432.000000 0.000000 0.000000 4037.000000 3776.000000 0.000000 0.000000 0.000000 0.000000 79872.000000 18432.000000 0.000000 31216.000000 4218.000000 9840.000000 0.000000 0.000000 0.000000 0.000000 79872.000000 18432.000000 0.000000 22632.000000 33152.000000 11498.000000 0.000000 0.000000 0.000000 0.000000 86016.000000 24576.000000 0.000000 5816.000000 7168.000000 11792.000000 0.000000 0.000000 0.000000 0.000000 47452.000000 106880.000000 39936.000000 0.000000 6308.000000 22780.000000 7235.000000 14208.000000 1872.000000 0.000000 86016.000000 24576.000000 0.000000 24322.000000 2048.000000 10124.000000 0.000000 0.000000 0.000000 0.000000 
18
0.000000 86016.000000 18432.000000 0.000000 0.000000 4037.000000 3776.000000 0.000000 0.000000 0.000000 0.000000 79872.000000 18432.000000 0.000000 28608.000000 3194.000000 10240.000000 0.000000 0.000000 0.000000 0.000000 79872.000000 18432.000000 0.000000 14480.000000 33152.000000 11318.000000 0.000000 0.000000 0.000000 0.000000 86016.000000 24576.000000 0.000000 6022.000000 7168.000000 11392.000000 0.000000 0.000000 0.000000 0.000000 54268.000000 110208.000000 44672.000000 0.000000 6308.000000 22828.000000 7475.000000 14208.000000 1872.000000 0.000000 86016.000000 24576.000000 0.000000 22580.000000 1024.000000 7908.000000 0.000000 0.000000 0.000000 0.000000 
19
0.000000 86016.000000 18432.000000 0.000000 0.000000 4943.000000 6528.000000 0.000000 0.000000 0.000000 0.000000 79872.000000 18432.000000 0.000000 28704.000000 4218.000000 9728.000000 0.000000 0.000000 0.000000 0.000000 79872.000000 18432.000000 0.000000 14384.000000 33152.000000 11498.000000 0.000000 0.000000 0.000000 0.000000 86016.000000 24576.000000 0.000000 5086.000000 7168.000000 11728.000000 0.000000 0.000000 0.000000 0.000000 46870.000000 110848.000000 41344.000000 0.000000 6200.000000 22825.000000 6270.000000 14208.000000 1632.000000 0.000000 86016.000000 24576.000000 0.000000 28642.000000 2048.000000 8964.000000 0.000000 0.000000 0.000000 0.000000 
20
0.000000 86272.000000 18432.000000 0.000000 193.000000 4884.000000 3264.000000 0.000000 0.000000 0.000000 0.000000 80128.000000 18432.000000 0.000000 20680.000000 4218.000000 9840.000000 0.000000 0.000000 0.000000 0.000000 80128.000000 18432.000000 0.000000 17664.000000 33152.000000 11098.000000 0.000000 0.000000 0.000000 0.000000 86272.000000 24832.000000 0.000000 4664.000000 7916.000000 9952.000000 0.000000 0.000000 0.000000 0.000000 49496.000000 107648.000000 44672.000000 0.000000 6172.000000 22740.000000 8431.000000 14208.000000 480.000000 0.000000 86272.000000 24832.000000 0.000000 16016.000000 965.000000 10304.000000 0.000000 0.000000 0.000000 0.000000 
21
0.000000 86016.000000 18432.000000 0.000000 0.000000 3013.000000 3264.000000 0.000000 0.000000 0.000000 0.000000 79872.000000 18432.000000 0.000000 20488.000000 4218.000000 10128.000000 0.000000 0.000000 0.000000 0.000000 79872.000000 18432.000000 0.000000 17280.000000 33152.000000 11098.000000 0.000000 0.000000 0.000000 0.000000 86016.000000 24576.000000 0.000000 5926.000000 7916.000000 10192.000000 0.000000 0.000000 0.000000 0.000000 49322.000000 107648.000000 44672.000000 0.000000 6092.000000 22780.000000 8200.000000 14208.000000 240.000000 0.000000 86016.000000 24576.000000 0.000000 16674.000000 2048.000000 8308.000000 0.000000 0.000000 0.000000 0.000000 
22
0.000000 86016.000000 18432.000000 0.000000 193.000000 4943.000000 6528.000000 0.000000 0.000000 0.000000 0.000000 79872.000000 18432.000000 0.000000 20488.000000 1024.000000 10240.000000 0.000000 0.000000 0.000000 0.000000 79872.000000 18432.000000 0.000000 24816.000000 33152.000000 11098.000000 0.000000 0.000000 0.000000 0.000000 86016.000000 24576.000000 0.000000 6310.000000 6892.000000 10128.000000 0.000000 0.000000 0.000000 0.000000 56155.000000 110848.000000 41344.000000 0.000000 6092.000000 22828.000000 8670.000000 14208.000000 240.000000 0.000000 86016.000000 24576.000000 0.000000 16372.000000 3194.000000 8308.000000 0.000000 0.000000 0.000000 0.000000 
23
0.000000 86016.000000 18432.000000 0.000000 0.000000 4037.000000 3264.000000 0.000000 0.000000 0.000000 0.000000 79872.000000 18432.000000 0.000000 20488.000000 4218.000000 9792.000000 0.000000 0.000000 0.000000 0.000000 79872.000000 18432.000000 0.000000 16024.000000 33152.000000 11098.000000 0.000000 0.000000 0.000000 0.000000 86016.000000 24576.000000 0.000000 6022.000000 7168.000000 9840.000000 0.000000 0.000000 0.000000 0.000000 56834.000000 110464.000000 44928.000000 0.000000 5876.000000 22825.000000 8440.000000 14208.000000 0.000000 0.000000 86016.000000 24576.000000 0.000000 15988.000000 2048.000000 8924.000000 0.000000 0.000000 0.000000 0.000000 
24
0.000000 86272.000000 18432.000000 0.000000 193.000000 4884.000000 3264.000000 0.000000 0.000000 0.000000 0.000000 80128.000000 18432.000000 0.000000 20295.000000 4218.000000 9840.000000 0.000000 0.000000 0.000000 0.000000 80128.000000 18432.000000 0.000000 20928.000000 33152.000000 11098.000000 0.000000 0.000000 0.000000 0.000000 86272.000000 24832.000000 0.000000 4664.000000 6892.000000 10192.000000 0.000000 0.000000 0.000000 0.000000 49496.000000 109824.000000 48256.000000 0.000000 5876.000000 22740.000000 8239.000000 14208.000000 1632.000000 0.000000 86272.000000 24832.000000 0.000000 15288.000000 41807.000000 10124.000000 0.000000 0.000000 0.000000 0.000000 
25
0.000000 86016.000000 18432.000000 0.000000 0.000000 4037.000000 3776.000000 0.000000 0.000000 0.000000 0.000000 79872.000000 18432.000000 0.000000 20872.000000 4218.000000 10128.000000 0.000000 0.000000 0.000000 0.000000 79872.000000 18432.000000 0.000000 17600.000000 33152.000000 11098.000000 0.000000 0.000000 0.000000 0.000000 86016.000000 24576.000000 0.000000 5254.000000 6892.000000 9952.000000 0.000000 0.000000 0.000000 0.000000 49322.000000 106407.000000 39936.000000 0.000000 5984.000000 22780.000000 7235.000000 14208.000000 1632.000000 0.000000 86016.000000 24576.000000 0.000000 16098.000000 41807.000000 9544.000000 0.000000 0.000000 0.000000 0.000000 
26
0.000000 86016.000000 18432.000000 0.000000 193.000000 3978.000000 3776.000000 0.000000 0.000000 0.000000 0.000000 79872.000000 18432.000000 0.000000 20392.000000 1024.000000 6528.000000 0.000000 0.000000 0.000000 0.000000 79872.000000 18432.000000 0.000000 25376.000000 33152.000000 11098.000000 0.000000 0.000000 0.000000 0.000000 86016.000000 24576.000000 0.000000 5254.000000 6892.000000 10128.000000 0.000000 0.000000 0.000000 0.000000 56155.000000 110848.000000 41344.000000 0.000000 5876.000000 22828.000000 8440.000000 14208.000000 1632.000000 0.000000 86016.000000 24576.000000 0.000000 17168.000000 43210.000000 7908.000000 0.000000 0.000000 0.000000 0.000000 
27
0.000000 86016.000000 18432.000000 0.000000 0.000000 4037.000000 3264.000000 0.000000 0.000000 0.000000 0.000000 79872.000000 18432.000000 0.000000 20392.000000 4218.000000 10240.000000 0.000000 0.000000 0.000000 0.000000 79872.000000 18432.000000 0.000000 18128.000000 33152.000000 11098.000000 0.000000 0.000000 0.000000 0.000000 86016.000000 24576.000000 0.000000 5624.000000 5868.000000 9840.000000 0.000000 0.000000 0.000000 0.000000 56834.000000 106880.000000 39936.000000 0.000000 5876.000000 22825.000000 6270.000000 14208.000000 720.000000 0.000000 86016.000000 24576.000000 0.000000 17504.000000 41221.000000 9144.000000 0.000000 0.000000 0.000000 0.000000 
28
0.000000 86272.000000 18432.000000 0.000000 193.000000 4884.000000 3264.000000 0.000000 0.000000 0.000000 0.000000 80128.000000 18432.000000 0.000000 31120.000000 4218.000000 9840.000000 0.000000 0.000000 0.000000 0.000000 80128.000000 18432.000000 0.000000 17568.000000 33152.000000 11098.000000 0.000000 0.000000 0.000000 0.000000 86272.000000 24832.000000 0.000000 4280.000000 6616.000000 6928.000000 0.000000 0.000000 0.000000 0.000000 54884.000000 106880.000000 39936.000000 0.000000 6308.000000 22740.000000 6452.000000 14208.000000 1872.000000 0.000000 86272.000000 24832.000000 0.000000 15096.000000 44672.000000 9288.000000 0.000000 0.000000 0.000000 0.000000 
29
0.000000 86016.000000 18432.000000 0.000000 0.000000 4037.000000 3264.000000 0.000000 0.000000 0.000000 0.000000 79872.000000 18432.000000 0.000000 30927.000000 4218.000000 10240.000000 0.000000 0.000000 0.000000 0.000000 79872.000000 18432.000000 0.000000 17280.000000 33152.000000 11098.000000 0.000000 0.000000 0.000000 0.000000 86016.000000 24576.000000 0.000000 5048.000000 6892.000000 10752.000000 0.000000 0.000000 0.000000 0.000000 54850.000000 111232.000000 49664.000000 0.000000 6416.000000 22780.000000 7235.000000 14208.000000 720.000000 0.000000 86016.000000 24576.000000 0.000000 16098.000000 41807.000000 9904.000000 0.000000 0.000000 0.000000 0.000000 
30
0.000000 86016.000000 18432.000000 0.000000 0.000000 3978.000000 3264.000000 0.000000 0.000000 0.000000 0.000000 79872.000000 18432.000000 0.000000 29472.000000 4218.000000 6528.000000 0.000000 0.000000 0.000000 0.000000 79872.000000 18432.000000 0.000000 24816.000000 33152.000000 11098.000000 0.000000 0.000000 0.000000 0.000000 86016.000000 24576.000000 0.000000 4856.000000 7168.000000 10992.000000 0.000000 0.000000 0.000000 0.000000 46870.000000 110208.000000 44672.000000 0.000000 6308.000000 22828.000000 7225.000000 14208.000000 720.000000 0.000000 86016.000000 24576.000000 0.000000 16482.000000 43012.000000 9544.000000 0.000000 0.000000 0.000000 0.000000 
31
0.000000 86016.000000 18432.000000 0.000000 0.000000 4037.000000 3264.000000 0.000000 0.000000 0.000000 0.000000 79872.000000 18432.000000 0.000000 29472.000000 4218.000000 9728.000000 0.000000 0.000000 0.000000 0.000000 79872.000000 18432.000000 0.000000 16024.000000 33152.000000 11098.000000 0.000000 0.000000 0.000000 0.000000 86016.000000 24576.000000 0.000000 5240.000000 6892.000000 10640.000000 0.000000 0.000000 0.000000 0.000000 46870.000000 110848.000000 41344.000000 0.000000 6308.000000 22825.000000 8440.000000 14208.000000 720.000000 0.000000 86016.000000 24576.000000 0.000000 16194.000000 41807.000000 10124.000000 0.000000 0.000000 0.000000 0.000000 
32
0.000000 86272.000000 18432.000000 0.000000 193.000000 4825.000000 3264.000000 0.000000 0.000000 0.000000 0.000000 80128.000000 18432.000000 0.000000 20584.000000 4218.000000 8176.000000 0.000000 0.000000 0.000000 0.000000 80128.000000 18432.000000 0.000000 27544.000000 33152.000000 12258.000000 0.000000 0.000000 0.000000 0.000000 86272.000000 24832.000000 0.000000 4280.000000 6892.000000 7328.000000 0.000000 0.000000 0.000000 0.000000 57829.000000 172014.000000 106606.000000 42496.000000 6416.000000 22740.000000 6270.000000 14208.000000 720.000000 0.000000 86272.000000 24832.000000 0.000000 21208.000000 2048.000000 12588.000000 0.000000 0.000000 0.000000 0.000000 
33
0.000000 86016.000000 18432.000000 0.000000 0.000000 4037.000000 3776.000000 0.000000 0.000000 0.000000 0.000000 79872.000000 18432.000000 0.000000 20584.000000 4218.000000 8528.000000 0.000000 0.000000 0.000000 0.000000 79872.000000 18432.000000 0.000000 27546.000000 33152.000000 12258.000000 0.000000 0.000000 0.000000 0.000000 86016.000000 24576.000000 0.000000 4856.000000 6892.000000 10752.000000 0.000000 0.000000 0.000000 0.000000 57655.000000 169159.000000 104807.000000 37568.000000 6416.000000 22780.000000 7475.000000 14208.000000 480.000000 0.000000 86016.000000 24576.000000 0.000000 20158.000000 2048.000000 7984.000000 0.000000 0.000000 0.000000 0.000000 
34
0.000000 86016.000000 18432.000000 0.000000 386.000000 4037.000000 3776.000000 0.000000 0.000000 0.000000 0.000000 79872.000000 18432.000000 0.000000 20968.000000 4218.000000 8640.000000 0.000000 0.000000 0.000000 0.000000 79872.000000 18432.000000 0.000000 13752.000000 33152.000000 11538.000000 0.000000 0.000000 0.000000 0.000000 86016.000000 24576.000000 0.000000 5144.000000 6892.000000 10992.000000 0.000000 0.000000 0.000000 0.000000 57090.000000 169159.000000 104807.000000 37248.000000 6416.000000 22828.000000 6270.000000 14208.000000 240.000000 0.000000 86016.000000 24576.000000 0.000000 18718.000000 1024.000000 9144.000000 0.000000 0.000000 0.000000 0.000000 
35
0.000000 86016.000000 18432.000000 0.000000 193.000000 4943.000000 6528.000000 0.000000 0.000000 0.000000 0.000000 79872.000000 18432.000000 0.000000 20392.000000 4218.000000 8128.000000 0.000000 0.000000 0.000000 0.000000 79872.000000 18432.000000 0.000000 20160.000000 33152.000000 11538.000000 0.000000 0.000000 0.000000 0.000000 86016.000000 24576.000000 0.000000 4952.000000 6892.000000 10640.000000 0.000000 0.000000 0.000000 0.000000 56834.000000 172487.000000 108903.000000 42496.000000 6308.000000 22825.000000 5305.000000 14208.000000 0.000000 0.000000 86016.000000 24576.000000 0.000000 33808.000000 2048.000000 8564.000000 0.000000 0.000000 0.000000 0.000000 
36
0.000000 86272.000000 18432.000000 0.000000 193.000000 3860.000000 3264.000000 0.000000 0.000000 0.000000 0.000000 80128.000000 18432.000000 0.000000 27072.000000 4218.000000 9840.000000 0.000000 0.000000 0.000000 0.000000 80128.000000 18432.000000 0.000000 19792.000000 33152.000000 11098.000000 0.000000 0.000000 0.000000 0.000000 86272.000000 24832.000000 0.000000 4568.000000 6892.000000 10128.000000 0.000000 0.000000 0.000000 0.000000 49496.000000 107648.000000 44672.000000 0.000000 5984.000000 22740.000000 6452.000000 14208.000000 960.000000 0.000000 86272.000000 24832.000000 0.000000 17936.000000 1024.000000 8200.000000 0.000000 0.000000 0.000000 0.000000 
37
0.000000 86016.000000 18432.000000 0.000000 0.000000 3013.000000 3264.000000 0.000000 0.000000 0.000000 0.000000 79872.000000 18432.000000 0.000000 20875.000000 4218.000000 10128.000000 0.000000 0.000000 0.000000 0.000000 79872.000000 18432.000000 0.000000 18184.000000 33152.000000 11098.000000 0.000000 0.000000 0.000000 0.000000 86016.000000 24576.000000 0.000000 5240.000000 6892.000000 9952.000000 0.000000 0.000000 0.000000 0.000000 56720.000000 107648.000000 44672.000000 0.000000 5984.000000 22780.000000 8440.000000 14208.000000 480.000000 0.000000 86016.000000 24576.000000 0.000000 31778.000000 1989.000000 6604.000000 0.000000 0.000000 0.000000 0.000000 
38
0.000000 86016.000000 18432.000000 0.000000 193.000000 3978.000000 3264.000000 0.000000 0.000000 0.000000 0.000000 79872.000000 18432.000000 0.000000 20875.000000 1024.000000 10240.000000 0.000000 0.000000 0.000000 0.000000 79872.000000 18432.000000 0.000000 27024.000000 33152.000000 11098.000000 0.000000 0.000000 0.000000 0.000000 86016.000000 24576.000000 0.000000 5528.000000 6892.000000 10192.000000 0.000000 0.000000 0.000000 0.000000 48757.000000 110848.000000 41344.000000 0.000000 5876.000000 22828.000000 7998.000000 14208.000000 0.000000 0.000000 86016.000000 24576.000000 0.000000 24418.000000 2048.000000 7584.000000 0.000000 0.000000 0.000000 0.000000 
39
0.000000 86016.000000 18432.000000 0.000000 0.000000 4037.000000 3264.000000 0.000000 0.000000 0.000000 0.000000 79872.000000 18432.000000 0.000000 20874.000000 4218.000000 9792.000000 0.000000 0.000000 0.000000 0.000000 79872.000000 18432.000000 0.000000 20736.000000 33152.000000 11098.000000 0.000000 0.000000 0.000000 0.000000 86016.000000 24576.000000 0.000000 6022.000000 7916.000000 10128.000000 0.000000 0.000000 0.000000 0.000000 56834.000000 110464.000000 44928.000000 0.000000 5876.000000 22825.000000 8200.000000 14208.000000 960.000000 0.000000 86016.000000 24576.000000 0.000000 19842.000000 1024.000000 6424.000000 0.000000 0.000000 0.000000 0.000000 
40
0.000000 86272.000000 18432.000000 0.000000 193.000000 4884.000000 3264.000000 0.000000 0.000000 0.000000 0.000000 80128.000000 18432.000000 0.000000 20199.000000 4218.000000 9840.000000 0.000000 0.000000 0.000000 0.000000 80128.000000 18432.000000 0.000000 19408.000000 33152.000000 11098.000000 0.000000 0.000000 0.000000 0.000000 86272.000000 24832.000000 0.000000 4760.000000 6892.000000 11504.000000 0.000000 0.000000 0.000000 0.000000 57309.000000 172085.000000 104693.000000 40736.000000 6092.000000 22740.000000 6452.000000 14208.000000 960.000000 0.000000 86272.000000 24832.000000 0.000000 15000.000000 42304.000000 9324.000000 0.000000 0.000000 0.000000 0.000000 
41
0.000000 86016.000000 18432.000000 0.000000 193.000000 4037.000000 3776.000000 0.000000 0.000000 0.000000 0.000000 79872.000000 18432.000000 0.000000 20872.000000 4218.000000 10128.000000 0.000000 0.000000 0.000000 0.000000 79872.000000 18432.000000 0.000000 26668.000000 33152.000000 11098.000000 0.000000 0.000000 0.000000 0.000000 86016.000000 24576.000000 0.000000 5926.000000 7168.000000 11792.000000 0.000000 0.000000 0.000000 0.000000 56138.000000 179360.000000 113664.000000 49440.000000 6308.000000 22780.000000 8440.000000 14208.000000 720.000000 0.000000 86016.000000 24576.000000 0.000000 17566.000000 41807.000000 9144.000000 0.000000 0.000000 0.000000 0.000000 
42
0.000000 86016.000000 18432.000000 0.000000 193.000000 3978.000000 3776.000000 0.000000 0.000000 0.000000 0.000000 79872.000000 18432.000000 0.000000 20392.000000 1024.000000 6528.000000 0.000000 0.000000 0.000000 0.000000 79872.000000 18432.000000 0.000000 20448.000000 33152.000000 11098.000000 0.000000 0.000000 0.000000 0.000000 86016.000000 24576.000000 0.000000 6310.000000 7168.000000 11392.000000 0.000000 0.000000 0.000000 0.000000 48740.000000 179456.000000 113664.000000 49440.000000 6092.000000 22828.000000 7129.000000 14208.000000 720.000000 0.000000 86016.000000 24576.000000 0.000000 17590.000000 43012.000000 8564.000000 0.000000 0.000000 0.000000 0.000000 
43
0.000000 86016.000000 18432.000000 0.000000 0.000000 4037.000000 3264.000000 0.000000 0.000000 0.000000 0.000000 79872.000000 18432.000000 0.000000 20392.000000 4218.000000 10240.000000 0.000000 0.000000 0.000000 0.000000 79872.000000 18432.000000 0.000000 12256.000000 33152.000000 11098.000000 0.000000 0.000000 0.000000 0.000000 86016.000000 24576.000000 0.000000 6022.000000 7168.000000 11728.000000 0.000000 0.000000 0.000000 0.000000 56532.000000 176007.000000 110023.000000 44960.000000 5876.000000 22825.000000 7235.000000 14208.000000 720.000000 0.000000 86016.000000 24576.000000 0.000000 16482.000000 41807.000000 9144.000000 0.000000 0.000000 0.000000 0.000000 
44
0.000000 86272.000000 18432.000000 0.000000 0.000000 4884.000000 3264.000000 0.000000 0.000000 0.000000 0.000000 80128.000000 18432.000000 0.000000 27072.000000 4218.000000 9840.000000 0.000000 0.000000 0.000000 0.000000 80128.000000 18432.000000 0.000000 16976.000000 33152.000000 11098.000000 0.000000 0.000000 0.000000 0.000000 86272.000000 24832.000000 0.000000 4760.000000 7168.000000 10992.000000 0.000000 0.000000 0.000000 0.000000 48561.000000 107648.000000 44672.000000 0.000000 5364.000000 22740.000000 7946.000000 14208.000000 1872.000000 0.000000 86272.000000 24832.000000 0.000000 15096.000000 41807.000000 9544.000000 0.000000 0.000000 0.000000 0.000000 
45
0.000000 86016.000000 18432.000000 0.000000 0.000000 4037.000000 3264.000000 0.000000 0.000000 0.000000 0.000000 79872.000000 18432.000000 0.000000 20971.000000 4218.000000 10240.000000 0.000000 0.000000 0.000000 0.000000 79872.000000 18432.000000 0.000000 16688.000000 33152.000000 11098.000000 0.000000 0.000000 0.000000 0.000000 86016.000000 24576.000000 0.000000 5926.000000 7168.000000 10592.000000 0.000000 0.000000 0.000000 0.000000 48387.000000 107815.000000 46080.000000 0.000000 5876.000000 22780.000000 7235.000000 14208.000000 1872.000000 0.000000 86016.000000 24576.000000 0.000000 17566.000000 43648.000000 7908.000000 0.000000 0.000000 0.000000 0.000000 
46
0.000000 86016.000000 18432.000000 0.000000 0.000000 3978.000000 3264.000000 0.000000 0.000000 0.000000 0.000000 79872.000000 18432.000000 0.000000 20875.000000 1024.000000 9728.000000 0.000000 0.000000 0.000000 0.000000 79872.000000 18432.000000 0.000000 24144.000000 33152.000000 11098.000000 0.000000 0.000000 0.000000 0.000000 86016.000000 24576.000000 0.000000 6310.000000 7168.000000 10640.000000 0.000000 0.000000 0.000000 0.000000 47822.000000 105472.000000 46080.000000 0.000000 5876.000000 22825.000000 7235.000000 14208.000000 1872.000000 0.000000 86016.000000 24576.000000 0.000000 17590.000000 41807.000000 9544.000000 0.000000 0.000000 0.000000 0.000000 
47
0.000000 86016.000000 18432.000000 0.000000 0.000000 4037.000000 3264.000000 0.000000 0.000000 0.000000 0.000000 79872.000000 18432.000000 0.000000 20874.000000 4218.000000 9792.000000 0.000000 0.000000 0.000000 0.000000 79872.000000 18432.000000 0.000000 24128.000000 33152.000000 11098.000000 0.000000 0.000000 0.000000 0.000000 86016.000000 24576.000000 0.000000 6022.000000 7168.000000 10640.000000 0.000000 0.000000 0.000000 0.000000 48501.000000 110464.000000 44928.000000 0.000000 5876.000000 22825.000000 7475.000000 14208.000000 1872.000000 0.000000 86016.000000 24576.000000 0.000000 16482.000000 41807.000000 9724.000000 0.000000 0.000000 0.000000 0.000000 
48
0.000000 86272.000000 18432.000000 0.000000 1158.000000 3919.000000 3264.000000 0.000000 0.000000 0.000000 0.000000 80128.000000 18432.000000 0.000000 20776.000000 5242.000000 7040.000000 0.000000 0.000000 0.000000 0.000000 80128.000000 18432.000000 0.000000 16880.000000 33152.000000 10518.000000 0.000000 0.000000 0.000000 0.000000 86272.000000 24832.000000 0.000000 4664.000000 6892.000000 7728.000000 0.000000 0.000000 0.000000 0.000000 49496.000000 109824.000000 48256.000000 0.000000 6092.000000 22740.000000 8911.000000 14208.000000 1632.000000 0.000000 86272.000000 24832.000000 0.000000 16016.000000 965.000000 7108.000000 0.000000 0.000000 0.000000 0.000000 
49
0.000000 86016.000000 18432.000000 0.000000 2840.000000 3978.000000 3264.000000 0.000000 0.000000 0.000000 0.000000 79872.000000 18432.000000 0.000000 20776.000000 4218.000000 6528.000000 0.000000 0.000000 0.000000 0.000000 79872.000000 18432.000000 0.000000 16592.000000 33152.000000 10518.000000 0.000000 0.000000 0.000000 0.000000 86016.000000 24576.000000 0.000000 5864.000000 6892.000000 11040.000000 0.000000 0.000000 0.000000 0.000000 49322.000000 106407.000000 39936.000000 0.000000 5984.000000 22780.000000 7235.000000 14208.000000 1632.000000 0.000000 86016.000000 24576.000000 0.000000 16674.000000 2048.000000 8420.000000 0.000000 0.000000 0.000000 0.000000 
50
0.000000 86016.000000 18432.000000 0.000000 1158.000000 3919.000000 3264.000000 0.000000 0.000000 0.000000 0.000000 79872.000000 18432.000000 0.000000 20776.000000 5242.000000 6528.000000 0.000000 0.000000 0.000000 0.000000 79872.000000 18432.000000 0.000000 24144.000000 33152.000000 11098.000000 0.000000 0.000000 0.000000 0.000000 86016.000000 24576.000000 0.000000 5240.000000 6892.000000 10992.000000 0.000000 0.000000 0.000000 0.000000 48757.000000 110848.000000 41344.000000 0.000000 5876.000000 22825.000000 9070.000000 14208.000000 1632.000000 0.000000 86016.000000 24576.000000 0.000000 16674.000000 1989.000000 7840.000000 0.000000 0.000000 0.000000 0.000000 
51
0.000000 86016.000000 18432.000000 0.000000 965.000000 3013.000000 3264.000000 0.000000 0.000000 0.000000 0.000000 79872.000000 18432.000000 0.000000 20680.000000 4218.000000 6528.000000 0.000000 0.000000 0.000000 0.000000 79872.000000 18432.000000 0.000000 24128.000000 33152.000000 11098.000000 0.000000 0.000000 0.000000 0.000000 86016.000000 24576.000000 0.000000 5432.000000 6892.000000 10640.000000 0.000000 0.000000 0.000000 0.000000 49436.000000 106880.000000 39936.000000 0.000000 5876.000000 22825.000000 8440.000000 14208.000000 480.000000 0.000000 86016.000000 24576.000000 0.000000 16372.000000 2048.000000 6644.000000 0.000000 0.000000 0.000000 0.000000 
52
0.000000 86272.000000 18432.000000 0.000000 772.000000 3860.000000 3264.000000 0.000000 0.000000 0.000000 0.000000 80128.000000 18432.000000 0.000000 20968.000000 4218.000000 8176.000000 0.000000 0.000000 0.000000 0.000000 80128.000000 18432.000000 0.000000 17552.000000 33152.000000 11098.000000 0.000000 0.000000 0.000000 0.000000 86272.000000 24832.000000 0.000000 4184.000000 7168.000000 10592.000000 0.000000 0.000000 0.000000 0.000000 54884.000000 113792.000000 43520.000000 0.000000 6200.000000 22740.000000 6462.000000 16576.000000 1632.000000 0.000000 86272.000000 24832.000000 0.000000 15144.000000 2048.000000 10488.000000 0.000000 0.000000 0.000000 0.000000 
53
0.000000 86016.000000 18432.000000 0.000000 772.000000 3978.000000 3264.000000 0.000000 0.000000 0.000000 0.000000 79872.000000 18432.000000 0.000000 20392.000000 4218.000000 8528.000000 0.000000 0.000000 0.000000 0.000000 79872.000000 18432.000000 0.000000 17264.000000 33152.000000 11098.000000 0.000000 0.000000 0.000000 0.000000 86016.000000 24576.000000 0.000000 5816.000000 6144.000000 10592.000000 0.000000 0.000000 0.000000 0.000000 54850.000000 106880.000000 39936.000000 0.000000 6092.000000 22780.000000 7667.000000 14208.000000 480.000000 0.000000 86016.000000 24576.000000 0.000000 15796.000000 1024.000000 5844.000000 0.000000 0.000000 0.000000 0.000000 
54
0.000000 86016.000000 18432.000000 0.000000 772.000000 3978.000000 3264.000000 0.000000 0.000000 0.000000 0.000000 79872.000000 18432.000000 0.000000 20392.000000 4218.000000 8640.000000 0.000000 0.000000 0.000000 0.000000 79872.000000 18432.000000 0.000000 15976.000000 33152.000000 11098.000000 0.000000 0.000000 0.000000 0.000000 86016.000000 24576.000000 0.000000 6214.000000 7168.000000 10640.000000 0.000000 0.000000 0.000000 0.000000 46870.000000 110208.000000 44672.000000 0.000000 6092.000000 22825.000000 7235.000000 14208.000000 480.000000 0.000000 86016.000000 24576.000000 0.000000 16098.000000 2048.000000 7040.000000 0.000000 0.000000 0.000000 0.000000 
55
0.000000 86016.000000 18432.000000 0.000000 772.000000 3013.000000 3264.000000 0.000000 0.000000 0.000000 0.000000 79872.000000 18432.000000 0.000000 20872.000000 4218.000000 8128.000000 0.000000 0.000000 0.000000 0.000000 79872.000000 18432.000000 0.000000 24800.000000 33152.000000 11098.000000 0.000000 0.000000 0.000000 0.000000 86016.000000 24576.000000 0.000000 5912.000000 7168.000000 10928.000000 0.000000 0.000000 0.000000 0.000000 46870.000000 110848.000000 41344.000000 0.000000 5876.000000 22825.000000 8105.000000 14208.000000 480.000000 0.000000 86016.000000 24576.000000 0.000000 16180.000000 2048.000000 7620.000000 0.000000 0.000000 0.000000 0.000000 
56
0.000000 86016.000000 18432.000000 0.000000 386.000000 4884.000000 6528.000000 0.000000 0.000000 0.000000 0.000000 79872.000000 18432.000000 0.000000 20488.000000 4218.000000 8176.000000 0.000000 0.000000 0.000000 0.000000 79872.000000 18432.000000 0.000000 14712.000000 33152.000000 11098.000000 0.000000 0.000000 0.000000 0.000000 86016.000000 24576.000000 0.000000 4952.000000 7168.000000 10592.000000 0.000000 0.000000 0.000000 0.000000 54884.000000 113792.000000 43520.000000 0.000000 5876.000000 22740.000000 8815.000000 14208.000000 240.000000 0.000000 86016.000000 24576.000000 0.000000 15000.000000 42831.000000 12588.000000 0.000000 0.000000 0.000000 0.000000 
57
0.000000 86016.000000 18432.000000 0.000000 193.000000 4037.000000 3776.000000 0.000000 0.000000 0.000000 0.000000 79872.000000 18432.000000 0.000000 20488.000000 4218.000000 8528.000000 0.000000 0.000000 0.000000 0.000000 79872.000000 18432.000000 0.000000 23016.000000 33152.000000 9844.000000 0.000000 0.000000 0.000000 0.000000 86016.000000 24576.000000 0.000000 4664.000000 7168.000000 10592.000000 0.000000 0.000000 0.000000 0.000000 47452.000000 106880.000000 39936.000000 0.000000 5876.000000 22780.000000 7235.000000 14208.000000 0.000000 0.000000 86016.000000 24576.000000 0.000000 17566.000000 41807.000000 9144.000000 0.000000 0.000000 0.000000 0.000000 
58
0.000000 86016.000000 18432.000000 0.000000 386.000000 4037.000000 3776.000000 0.000000 0.000000 0.000000 0.000000 79872.000000 18432.000000 0.000000 20776.000000 4218.000000 8640.000000 0.000000 0.000000 0.000000 0.000000 79872.000000 18432.000000 0.000000 29384.000000 33152.000000 11098.000000 0.000000 0.000000 0.000000 0.000000 86016.000000 24576.000000 0.000000 4486.000000 7168.000000 10640.000000 0.000000 0.000000 0.000000 0.000000 54268.000000 104064.000000 44672.000000 0.000000 5876.000000 22825.000000 6270.000000 14208.000000 0.000000 0.000000 86016.000000 24576.000000 0.000000 17590.000000 41280.000000 8564.000000 0.000000 0.000000 0.000000 0.000000 
59
0.000000 86016.000000 18432.000000 0.000000 193.000000 4943.000000 3264.000000 0.000000 0.000000 0.000000 0.000000 79872.000000 18432.000000 0.000000 20296.000000 4218.000000 8128.000000 0.000000 0.000000 0.000000 0.000000 79872.000000 18432.000000 0.000000 16128.000000 33152.000000 11098.000000 0.000000 0.000000 0.000000 0.000000 86016.000000 24576.000000 0.000000 5212.000000 7168.000000 10928.000000 0.000000 0.000000 0.000000 0.000000 54268.000000 110848.000000 41344.000000 0.000000 5876.000000 22825.000000 8440.000000 14208.000000 240.000000 0.000000 86016.000000 24576.000000 0.000000 15796.000000 43210.000000 7184.000000 0.000000 0.000000 0.000000 0.000000 
60
0.000000 86016.000000 18432.000000 0.000000 579.000000 3860.000000 3264.000000 0.000000 0.000000 0.000000 0.000000 79872.000000 18432.000000 0.000000 20488.000000 4218.000000 8176.000000 0.000000 0.000000 0.000000 0.000000 79872.000000 18432.000000 0.000000 19696.000000 33152.000000 11498.000000 0.000000 0.000000 0.000000 0.000000 86016.000000 24576.000000 0.000000 4184.000000 7168.000000 10128.000000 0.000000 0.000000 0.000000 0.000000 47486.000000 111232.000000 43520.000000 0.000000 6200.000000 22740.000000 8623.000000 16576.000000 480.000000 0.000000 86016.000000 24576.000000 0.000000 16016.000000 965.000000 10304.000000 0.000000 0.000000 0.000000 0.000000 
61
0.000000 86016.000000 18432.000000 0.000000 772.000000 3013.000000 3264.000000 0.000000 0.000000 0.000000 0.000000 79872.000000 18432.000000 0.000000 20488.000000 4218.000000 8528.000000 0.000000 0.000000 0.000000 0.000000 79872.000000 18432.000000 0.000000 26984.000000 33152.000000 11678.000000 0.000000 0.000000 0.000000 0.000000 86016.000000 24576.000000 0.000000 5816.000000 7168.000000 9952.000000 0.000000 0.000000 0.000000 0.000000 47452.000000 106880.000000 39936.000000 0.000000 6308.000000 22780.000000 8200.000000 14208.000000 480.000000 0.000000 86016.000000 24576.000000 0.000000 16674.000000 2048.000000 8308.000000 0.000000 0.000000 0.000000 0.000000 
62
0.000000 86016.000000 18432.000000 0.000000 772.000000 4943.000000 3264.000000 0.000000 0.000000 0.000000 0.000000 79872.000000 18432.000000 0.000000 20776.000000 4218.000000 8640.000000 0.000000 0.000000 0.000000 0.000000 79872.000000 18432.000000 0.000000 20544.000000 33152.000000 11318.000000 0.000000 0.000000 0.000000 0.000000 86016.000000 24576.000000 0.000000 5816.000000 7168.000000 10192.000000 0.000000 0.000000 0.000000 0.000000 54268.000000 110208.000000 44672.000000 0.000000 5876.000000 22825.000000 9310.000000 14208.000000 480.000000 0.000000 86016.000000 24576.000000 0.000000 16674.000000 1989.000000 8308.000000 0.000000 0.000000 0.000000 0.000000 
63
0.000000 86016.000000 18432.000000 0.000000 772.000000 3013.000000 3264.000000 0.000000 0.000000 0.000000 0.000000 79872.000000 18432.000000 0.000000 20296.000000 4218.000000 8128.000000 0.000000 0.000000 0.000000 0.000000 79872.000000 18432.000000 0.000000 12448.000000 33152.000000 11498.000000 0.000000 0.000000 0.000000 0.000000 86016.000000 24576.000000 0.000000 5816.000000 7168.000000 10128.000000 0.000000 0.000000 0.000000 0.000000 54268.000000 108288.000000 41344.000000 0.000000 5876.000000 22825.000000 8440.000000 14208.000000 960.000000 0.000000 86016.000000 24576.000000 0.000000 16372.000000 2048.000000 9324.000000 0.000000 0.000000 0.000000 0.000000 
