0
0.000000 8256.000000 0.000000 206070.000000 9810.000000 10096.000000 3456.000000 29107.000000 0.000000 0.000000 0.000000 8256.000000 0.000000 206070.000000 13202.000000 4256.000000 6080.000000 28243.000000 0.000000 0.000000 0.000000 8256.000000 0.000000 206070.000000 9298.000000 10592.000000 5120.000000 22759.000000 0.000000 0.000000 0.000000 8256.000000 0.000000 206070.000000 8274.000000 11760.000000 5312.000000 33619.000000 0.000000 0.000000 0.000000 147474.000000 8256.000000 0.000000 56.000000 39751.000000 183478.000000 5586.000000 9648.000000 9760.000000 22735.000000 8256.000000 0.000000 206070.000000 8786.000000 9456.000000 5604.000000 33487.000000 0.000000 0.000000 0.000000 
1
0.000000 8256.000000 0.000000 206070.000000 9810.000000 10096.000000 3456.000000 29107.000000 0.000000 0.000000 0.000000 8256.000000 0.000000 206070.000000 13202.000000 4256.000000 6080.000000 28243.000000 0.000000 0.000000 0.000000 8256.000000 0.000000 206070.000000 9298.000000 10592.000000 5120.000000 22759.000000 0.000000 0.000000 0.000000 8256.000000 0.000000 206070.000000 8274.000000 11760.000000 5312.000000 33619.000000 0.000000 0.000000 0.000000 147474.000000 8256.000000 0.000000 56.000000 39751.000000 183478.000000 5586.000000 9648.000000 9760.000000 22735.000000 8256.000000 0.000000 206070.000000 8786.000000 9456.000000 5604.000000 33487.000000 0.000000 0.000000 0.000000 
2
0.000000 8256.000000 0.000000 206070.000000 9810.000000 10096.000000 3456.000000 29107.000000 0.000000 0.000000 0.000000 8256.000000 0.000000 206070.000000 13202.000000 4256.000000 6080.000000 28243.000000 0.000000 0.000000 0.000000 8256.000000 0.000000 206070.000000 9298.000000 10592.000000 5120.000000 22759.000000 0.000000 0.000000 0.000000 8256.000000 0.000000 206070.000000 8274.000000 11760.000000 5312.000000 33619.000000 0.000000 0.000000 0.000000 147474.000000 8256.000000 0.000000 56.000000 39751.000000 183478.000000 5586.000000 9648.000000 9760.000000 22735.000000 8256.000000 0.000000 206070.000000 8786.000000 9456.000000 5604.000000 33487.000000 0.000000 0.000000 0.000000 
3
0.000000 8256.000000 0.000000 206070.000000 9810.000000 10096.000000 3456.000000 29107.000000 0.000000 0.000000 0.000000 8256.000000 0.000000 206070.000000 13202.000000 4256.000000 6080.000000 28243.000000 0.000000 0.000000 0.000000 8256.000000 0.000000 206070.000000 9298.000000 10592.000000 5120.000000 22759.000000 0.000000 0.000000 0.000000 8256.000000 0.000000 206070.000000 8274.000000 11760.000000 5312.000000 33619.000000 0.000000 0.000000 0.000000 147474.000000 8256.000000 0.000000 56.000000 39751.000000 183478.000000 5586.000000 9648.000000 9760.000000 22735.000000 8256.000000 0.000000 206070.000000 8786.000000 9456.000000 5604.000000 33487.000000 0.000000 0.000000 0.000000 
4
0.000000 42048.000000 0.000000 261959.000000 16530.000000 13296.000000 128.000000 37627.000000 0.000000 0.000000 0.000000 42048.000000 0.000000 255431.000000 21346.000000 5280.000000 6080.000000 35827.000000 0.000000 0.000000 0.000000 42048.000000 0.000000 258503.000000 14098.000000 13936.000000 8260.000000 31983.000000 0.000000 0.000000 0.000000 42048.000000 0.000000 261959.000000 14994.000000 14832.000000 5440.000000 35059.000000 0.000000 0.000000 0.000000 154770.000000 8352.000000 0.000000 56.000000 39367.000000 244166.000000 7506.000000 10656.000000 11364.000000 29647.000000 42048.000000 0.000000 261959.000000 15506.000000 12768.000000 4964.000000 29079.000000 0.000000 0.000000 0.000000 
5
0.000000 42048.000000 0.000000 261959.000000 16530.000000 13296.000000 128.000000 37627.000000 0.000000 0.000000 0.000000 42048.000000 0.000000 255431.000000 21346.000000 5280.000000 6080.000000 35827.000000 0.000000 0.000000 0.000000 42048.000000 0.000000 258503.000000 14098.000000 13936.000000 8260.000000 31983.000000 0.000000 0.000000 0.000000 42048.000000 0.000000 261959.000000 14994.000000 14832.000000 5440.000000 35059.000000 0.000000 0.000000 0.000000 154770.000000 8352.000000 0.000000 56.000000 39367.000000 244166.000000 7506.000000 10656.000000 11364.000000 29647.000000 42048.000000 0.000000 261959.000000 15506.000000 12768.000000 4964.000000 29079.000000 0.000000 0.000000 0.000000 
6
0.000000 42048.000000 0.000000 261959.000000 16530.000000 13296.000000 128.000000 37627.000000 0.000000 0.000000 0.000000 42048.000000 0.000000 255431.000000 21346.000000 5280.000000 6080.000000 35827.000000 0.000000 0.000000 0.000000 42048.000000 0.000000 258503.000000 14098.000000 13936.000000 8260.000000 31983.000000 0.000000 0.000000 0.000000 42048.000000 0.000000 261959.000000 14994.000000 14832.000000 5440.000000 35059.000000 0.000000 0.000000 0.000000 154770.000000 8352.000000 0.000000 56.000000 39367.000000 244166.000000 7506.000000 10656.000000 11364.000000 29647.000000 42048.000000 0.000000 261959.000000 15506.000000 12768.000000 4964.000000 29079.000000 0.000000 0.000000 0.000000 
7
0.000000 42048.000000 0.000000 261959.000000 16530.000000 13296.000000 128.000000 37627.000000 0.000000 0.000000 0.000000 42048.000000 0.000000 255431.000000 21346.000000 5280.000000 6080.000000 35827.000000 0.000000 0.000000 0.000000 42048.000000 0.000000 258503.000000 14098.000000 13936.000000 8260.000000 31983.000000 0.000000 0.000000 0.000000 42048.000000 0.000000 261959.000000 14994.000000 14832.000000 5440.000000 35059.000000 0.000000 0.000000 0.000000 154770.000000 8352.000000 0.000000 56.000000 39367.000000 244166.000000 7506.000000 10656.000000 11364.000000 29647.000000 42048.000000 0.000000 261959.000000 15506.000000 12768.000000 4964.000000 29079.000000 0.000000 0.000000 0.000000 
8
0.000000 42048.000000 0.000000 261959.000000 16530.000000 13296.000000 1664.000000 38027.000000 0.000000 0.000000 0.000000 42048.000000 0.000000 261959.000000 21842.000000 5280.000000 5056.000000 31295.000000 0.000000 0.000000 0.000000 42048.000000 0.000000 261959.000000 15506.000000 13936.000000 8260.000000 32739.000000 0.000000 0.000000 0.000000 42048.000000 0.000000 261959.000000 14994.000000 14832.000000 3648.000000 31395.000000 0.000000 0.000000 0.000000 120946.000000 8288.000000 0.000000 56.000000 39367.000000 244166.000000 8018.000000 12720.000000 8292.000000 27791.000000 42048.000000 0.000000 247239.000000 15490.000000 14448.000000 4836.000000 35915.000000 0.000000 0.000000 0.000000 
9
0.000000 42048.000000 0.000000 261959.000000 16530.000000 13296.000000 1664.000000 38027.000000 0.000000 0.000000 0.000000 42048.000000 0.000000 261959.000000 21842.000000 5280.000000 5056.000000 31295.000000 0.000000 0.000000 0.000000 42048.000000 0.000000 261959.000000 15506.000000 13936.000000 8260.000000 32739.000000 0.000000 0.000000 0.000000 42048.000000 0.000000 261959.000000 14994.000000 14832.000000 3648.000000 31395.000000 0.000000 0.000000 0.000000 120946.000000 8288.000000 0.000000 56.000000 39367.000000 244166.000000 8018.000000 12720.000000 8292.000000 27791.000000 42048.000000 0.000000 247239.000000 15490.000000 14448.000000 4836.000000 35915.000000 0.000000 0.000000 0.000000 
10
0.000000 42048.000000 0.000000 261959.000000 16530.000000 13296.000000 1664.000000 38027.000000 0.000000 0.000000 0.000000 42048.000000 0.000000 261959.000000 21842.000000 5280.000000 5056.000000 31295.000000 0.000000 0.000000 0.000000 42048.000000 0.000000 261959.000000 15506.000000 13936.000000 8260.000000 32739.000000 0.000000 0.000000 0.000000 42048.000000 0.000000 261959.000000 14994.000000 14832.000000 3648.000000 31395.000000 0.000000 0.000000 0.000000 120946.000000 8288.000000 0.000000 56.000000 39367.000000 244166.000000 8018.000000 12720.000000 8292.000000 27791.000000 42048.000000 0.000000 247239.000000 15490.000000 14448.000000 4836.000000 35915.000000 0.000000 0.000000 0.000000 
11
0.000000 42048.000000 0.000000 261959.000000 16530.000000 13296.000000 1664.000000 38027.000000 0.000000 0.000000 0.000000 42048.000000 0.000000 261959.000000 21842.000000 5280.000000 5056.000000 31295.000000 0.000000 0.000000 0.000000 42048.000000 0.000000 261959.000000 15506.000000 13936.000000 8260.000000 32739.000000 0.000000 0.000000 0.000000 42048.000000 0.000000 261959.000000 14994.000000 14832.000000 3648.000000 31395.000000 0.000000 0.000000 0.000000 120946.000000 8288.000000 0.000000 56.000000 39367.000000 244166.000000 8018.000000 12720.000000 8292.000000 27791.000000 42048.000000 0.000000 247239.000000 15490.000000 14448.000000 4836.000000 35915.000000 0.000000 0.000000 0.000000 
12
0.000000 42048.000000 0.000000 262151.000000 16530.000000 11760.000000 3584.000000 36115.000000 0.000000 0.000000 0.000000 42048.000000 0.000000 262151.000000 23394.000000 5792.000000 5696.000000 35815.000000 0.000000 0.000000 0.000000 42048.000000 0.000000 262151.000000 16018.000000 13808.000000 8260.000000 31667.000000 0.000000 0.000000 0.000000 42048.000000 0.000000 262151.000000 14994.000000 14832.000000 5184.000000 35823.000000 0.000000 0.000000 0.000000 148498.000000 8352.000000 0.000000 56.000000 39367.000000 240902.000000 8002.000000 12592.000000 11364.000000 28199.000000 42048.000000 0.000000 262151.000000 15506.000000 13680.000000 3936.000000 35279.000000 0.000000 0.000000 0.000000 
13
0.000000 42048.000000 0.000000 262151.000000 16530.000000 11760.000000 3584.000000 36115.000000 0.000000 0.000000 0.000000 42048.000000 0.000000 262151.000000 23394.000000 5792.000000 5696.000000 35815.000000 0.000000 0.000000 0.000000 42048.000000 0.000000 262151.000000 16018.000000 13808.000000 8260.000000 31667.000000 0.000000 0.000000 0.000000 42048.000000 0.000000 262151.000000 14994.000000 14832.000000 5184.000000 35823.000000 0.000000 0.000000 0.000000 148498.000000 8352.000000 0.000000 56.000000 39367.000000 240902.000000 8002.000000 12592.000000 11364.000000 28199.000000 42048.000000 0.000000 262151.000000 15506.000000 13680.000000 3936.000000 35279.000000 0.000000 0.000000 0.000000 
14
0.000000 42048.000000 0.000000 262151.000000 16530.000000 11760.000000 3584.000000 36115.000000 0.000000 0.000000 0.000000 42048.000000 0.000000 262151.000000 23394.000000 5792.000000 5696.000000 35815.000000 0.000000 0.000000 0.000000 42048.000000 0.000000 262151.000000 16018.000000 13808.000000 8260.000000 31667.000000 0.000000 0.000000 0.000000 42048.000000 0.000000 262151.000000 14994.000000 14832.000000 5184.000000 35823.000000 0.000000 0.000000 0.000000 148498.000000 8352.000000 0.000000 56.000000 39367.000000 240902.000000 8002.000000 12592.000000 11364.000000 28199.000000 42048.000000 0.000000 262151.000000 15506.000000 13680.000000 3936.000000 35279.000000 0.000000 0.000000 0.000000 
15
0.000000 42048.000000 0.000000 262151.000000 16530.000000 11760.000000 3584.000000 36115.000000 0.000000 0.000000 0.000000 42048.000000 0.000000 262151.000000 23394.000000 5792.000000 5696.000000 35815.000000 0.000000 0.000000 0.000000 42048.000000 0.000000 262151.000000 16018.000000 13808.000000 8260.000000 31667.000000 0.000000 0.000000 0.000000 42048.000000 0.000000 262151.000000 14994.000000 14832.000000 5184.000000 35823.000000 0.000000 0.000000 0.000000 148498.000000 8352.000000 0.000000 56.000000 39367.000000 240902.000000 8002.000000 12592.000000 11364.000000 28199.000000 42048.000000 0.000000 262151.000000 15506.000000 13680.000000 3936.000000 35279.000000 0.000000 0.000000 0.000000 
16
0.000000 42048.000000 0.000000 206663.000000 16530.000000 12208.000000 3584.000000 36471.000000 0.000000 0.000000 0.000000 42048.000000 0.000000 206663.000000 23394.000000 5792.000000 6080.000000 35827.000000 0.000000 0.000000 0.000000 42048.000000 0.000000 206663.000000 16018.000000 13360.000000 8260.000000 32751.000000 0.000000 0.000000 0.000000 42048.000000 0.000000 203207.000000 14994.000000 14832.000000 5440.000000 29683.000000 0.000000 0.000000 0.000000 154738.000000 8352.000000 0.000000 56.000000 39751.000000 188870.000000 8018.000000 12720.000000 11364.000000 29647.000000 42048.000000 0.000000 206663.000000 15506.000000 14320.000000 4964.000000 36299.000000 0.000000 0.000000 0.000000 
17
0.000000 42048.000000 0.000000 206663.000000 16530.000000 12208.000000 3584.000000 36471.000000 0.000000 0.000000 0.000000 42048.000000 0.000000 206663.000000 23394.000000 5792.000000 6080.000000 35827.000000 0.000000 0.000000 0.000000 42048.000000 0.000000 206663.000000 16018.000000 13360.000000 8260.000000 32751.000000 0.000000 0.000000 0.000000 42048.000000 0.000000 203207.000000 14994.000000 14832.000000 5440.000000 29683.000000 0.000000 0.000000 0.000000 154738.000000 8352.000000 0.000000 56.000000 39751.000000 188870.000000 8018.000000 12720.000000 11364.000000 29647.000000 42048.000000 0.000000 206663.000000 15506.000000 14320.000000 4964.000000 36299.000000 0.000000 0.000000 0.000000 
18
0.000000 42048.000000 0.000000 206663.000000 16530.000000 12208.000000 3584.000000 36471.000000 0.000000 0.000000 0.000000 42048.000000 0.000000 206663.000000 23394.000000 5792.000000 6080.000000 35827.000000 0.000000 0.000000 0.000000 42048.000000 0.000000 206663.000000 16018.000000 13360.000000 8260.000000 32751.000000 0.000000 0.000000 0.000000 42048.000000 0.000000 203207.000000 14994.000000 14832.000000 5440.000000 29683.000000 0.000000 0.000000 0.000000 154738.000000 8352.000000 0.000000 56.000000 39751.000000 188870.000000 8018.000000 12720.000000 11364.000000 29647.000000 42048.000000 0.000000 206663.000000 15506.000000 14320.000000 4964.000000 36299.000000 0.000000 0.000000 0.000000 
19
0.000000 42048.000000 0.000000 206663.000000 16530.000000 12208.000000 3584.000000 36471.000000 0.000000 0.000000 0.000000 42048.000000 0.000000 206663.000000 23394.000000 5792.000000 6080.000000 35827.000000 0.000000 0.000000 0.000000 42048.000000 0.000000 206663.000000 16018.000000 13360.000000 8260.000000 32751.000000 0.000000 0.000000 0.000000 42048.000000 0.000000 203207.000000 14994.000000 14832.000000 5440.000000 29683.000000 0.000000 0.000000 0.000000 154738.000000 8352.000000 0.000000 56.000000 39751.000000 188870.000000 8018.000000 12720.000000 11364.000000 29647.000000 42048.000000 0.000000 206663.000000 15506.000000 14320.000000 4964.000000 36299.000000 0.000000 0.000000 0.000000 
20
0.000000 42048.000000 0.000000 261959.000000 16530.000000 13168.000000 1664.000000 39475.000000 0.000000 0.000000 0.000000 42048.000000 0.000000 261959.000000 23394.000000 5792.000000 4416.000000 35827.000000 0.000000 0.000000 0.000000 42048.000000 0.000000 261959.000000 16018.000000 12400.000000 6820.000000 32751.000000 0.000000 0.000000 0.000000 42048.000000 0.000000 261959.000000 14994.000000 14320.000000 5184.000000 35823.000000 0.000000 0.000000 0.000000 148594.000000 8352.000000 0.000000 56.000000 39753.000000 244166.000000 8018.000000 12720.000000 9828.000000 29643.000000 42048.000000 0.000000 261959.000000 15506.000000 12272.000000 4964.000000 33779.000000 0.000000 0.000000 0.000000 
21
0.000000 42048.000000 0.000000 261959.000000 16530.000000 13168.000000 1664.000000 39475.000000 0.000000 0.000000 0.000000 42048.000000 0.000000 261959.000000 23394.000000 5792.000000 4416.000000 35827.000000 0.000000 0.000000 0.000000 42048.000000 0.000000 261959.000000 16018.000000 12400.000000 6820.000000 32751.000000 0.000000 0.000000 0.000000 42048.000000 0.000000 261959.000000 14994.000000 14320.000000 5184.000000 35823.000000 0.000000 0.000000 0.000000 148594.000000 8352.000000 0.000000 56.000000 39753.000000 244166.000000 8018.000000 12720.000000 9828.000000 29643.000000 42048.000000 0.000000 261959.000000 15506.000000 12272.000000 4964.000000 33779.000000 0.000000 0.000000 0.000000 
22
0.000000 42048.000000 0.000000 261959.000000 16530.000000 13168.000000 1664.000000 39475.000000 0.000000 0.000000 0.000000 42048.000000 0.000000 261959.000000 23394.000000 5792.000000 4416.000000 35827.000000 0.000000 0.000000 0.000000 42048.000000 0.000000 261959.000000 16018.000000 12400.000000 6820.000000 32751.000000 0.000000 0.000000 0.000000 42048.000000 0.000000 261959.000000 14994.000000 14320.000000 5184.000000 35823.000000 0.000000 0.000000 0.000000 148594.000000 8352.000000 0.000000 56.000000 39753.000000 244166.000000 8018.000000 12720.000000 9828.000000 29643.000000 42048.000000 0.000000 261959.000000 15506.000000 12272.000000 4964.000000 33779.000000 0.000000 0.000000 0.000000 
23
0.000000 42048.000000 0.000000 261959.000000 16530.000000 13168.000000 1664.000000 39475.000000 0.000000 0.000000 0.000000 42048.000000 0.000000 261959.000000 23394.000000 5792.000000 4416.000000 35827.000000 0.000000 0.000000 0.000000 42048.000000 0.000000 261959.000000 16018.000000 12400.000000 6820.000000 32751.000000 0.000000 0.000000 0.000000 42048.000000 0.000000 261959.000000 14994.000000 14320.000000 5184.000000 35823.000000 0.000000 0.000000 0.000000 148594.000000 8352.000000 0.000000 56.000000 39753.000000 244166.000000 8018.000000 12720.000000 9828.000000 29643.000000 42048.000000 0.000000 261959.000000 15506.000000 12272.000000 4964.000000 33779.000000 0.000000 0.000000 0.000000 
24
0.000000 42048.000000 0.000000 261959.000000 16530.000000 13296.000000 3584.000000 37479.000000 0.000000 0.000000 0.000000 42048.000000 0.000000 261959.000000 23394.000000 5792.000000 5952.000000 34387.000000 0.000000 0.000000 0.000000 42048.000000 0.000000 261959.000000 16002.000000 13936.000000 8260.000000 32747.000000 0.000000 0.000000 0.000000 42048.000000 0.000000 261959.000000 14994.000000 14704.000000 5184.000000 35823.000000 0.000000 0.000000 0.000000 154770.000000 8352.000000 0.000000 56.000000 33223.000000 244166.000000 8018.000000 12720.000000 11364.000000 29647.000000 42048.000000 0.000000 261959.000000 15506.000000 13872.000000 4836.000000 35095.000000 0.000000 0.000000 0.000000 
25
0.000000 42048.000000 0.000000 261959.000000 16530.000000 13296.000000 3584.000000 37479.000000 0.000000 0.000000 0.000000 42048.000000 0.000000 261959.000000 23394.000000 5792.000000 5952.000000 34387.000000 0.000000 0.000000 0.000000 42048.000000 0.000000 261959.000000 16002.000000 13936.000000 8260.000000 32747.000000 0.000000 0.000000 0.000000 42048.000000 0.000000 261959.000000 14994.000000 14704.000000 5184.000000 35823.000000 0.000000 0.000000 0.000000 154770.000000 8352.000000 0.000000 56.000000 33223.000000 244166.000000 8018.000000 12720.000000 11364.000000 29647.000000 42048.000000 0.000000 261959.000000 15506.000000 13872.000000 4836.000000 35095.000000 0.000000 0.000000 0.000000 
26
0.000000 42048.000000 0.000000 261959.000000 16530.000000 13296.000000 3584.000000 37479.000000 0.000000 0.000000 0.000000 42048.000000 0.000000 261959.000000 23394.000000 5792.000000 5952.000000 34387.000000 0.000000 0.000000 0.000000 42048.000000 0.000000 261959.000000 16002.000000 13936.000000 8260.000000 32747.000000 0.000000 0.000000 0.000000 42048.000000 0.000000 261959.000000 14994.000000 14704.000000 5184.000000 35823.000000 0.000000 0.000000 0.000000 154770.000000 8352.000000 0.000000 56.000000 33223.000000 244166.000000 8018.000000 12720.000000 11364.000000 29647.000000 42048.000000 0.000000 261959.000000 15506.000000 13872.000000 4836.000000 35095.000000 0.000000 0.000000 0.000000 
27
0.000000 42048.000000 0.000000 261959.000000 16530.000000 13296.000000 3584.000000 37479.000000 0.000000 0.000000 0.000000 42048.000000 0.000000 261959.000000 23394.000000 5792.000000 5952.000000 34387.000000 0.000000 0.000000 0.000000 42048.000000 0.000000 261959.000000 16002.000000 13936.000000 8260.000000 32747.000000 0.000000 0.000000 0.000000 42048.000000 0.000000 261959.000000 14994.000000 14704.000000 5184.000000 35823.000000 0.000000 0.000000 0.000000 154770.000000 8352.000000 0.000000 56.000000 33223.000000 244166.000000 8018.000000 12720.000000 11364.000000 29647.000000 42048.000000 0.000000 261959.000000 15506.000000 13872.000000 4836.000000 35095.000000 0.000000 0.000000 0.000000 
28
0.000000 42048.000000 0.000000 262151.000000 16530.000000 13296.000000 1664.000000 39471.000000 0.000000 0.000000 0.000000 42048.000000 0.000000 258695.000000 23394.000000 5792.000000 6080.000000 34747.000000 0.000000 0.000000 0.000000 42048.000000 0.000000 262151.000000 16018.000000 13936.000000 8260.000000 31671.000000 0.000000 0.000000 0.000000 42048.000000 0.000000 262151.000000 14994.000000 13808.000000 5184.000000 33659.000000 0.000000 0.000000 0.000000 120978.000000 8352.000000 0.000000 56.000000 39751.000000 244358.000000 8018.000000 12720.000000 11364.000000 28567.000000 42048.000000 0.000000 262151.000000 15506.000000 14448.000000 4836.000000 36175.000000 0.000000 0.000000 0.000000 
29
0.000000 42048.000000 0.000000 262151.000000 16530.000000 13296.000000 1664.000000 39471.000000 0.000000 0.000000 0.000000 42048.000000 0.000000 258695.000000 23394.000000 5792.000000 6080.000000 34747.000000 0.000000 0.000000 0.000000 42048.000000 0.000000 262151.000000 16018.000000 13936.000000 8260.000000 31671.000000 0.000000 0.000000 0.000000 42048.000000 0.000000 262151.000000 14994.000000 13808.000000 5184.000000 33659.000000 0.000000 0.000000 0.000000 120978.000000 8352.000000 0.000000 56.000000 39751.000000 244358.000000 8018.000000 12720.000000 11364.000000 28567.000000 42048.000000 0.000000 262151.000000 15506.000000 14448.000000 4836.000000 36175.000000 0.000000 0.000000 0.000000 
30
0.000000 42048.000000 0.000000 262151.000000 16530.000000 13296.000000 1664.000000 39471.000000 0.000000 0.000000 0.000000 42048.000000 0.000000 258695.000000 23394.000000 5792.000000 6080.000000 34747.000000 0.000000 0.000000 0.000000 42048.000000 0.000000 262151.000000 16018.000000 13936.000000 8260.000000 31671.000000 0.000000 0.000000 0.000000 42048.000000 0.000000 262151.000000 14994.000000 13808.000000 5184.000000 33659.000000 0.000000 0.000000 0.000000 120978.000000 8352.000000 0.000000 56.000000 39751.000000 244358.000000 8018.000000 12720.000000 11364.000000 28567.000000 42048.000000 0.000000 262151.000000 15506.000000 14448.000000 4836.000000 36175.000000 0.000000 0.000000 0.000000 
31
0.000000 42048.000000 0.000000 262151.000000 16530.000000 13296.000000 1664.000000 39471.000000 0.000000 0.000000 0.000000 42048.000000 0.000000 258695.000000 23394.000000 5792.000000 6080.000000 34747.000000 0.000000 0.000000 0.000000 42048.000000 0.000000 262151.000000 16018.000000 13936.000000 8260.000000 31671.000000 0.000000 0.000000 0.000000 42048.000000 0.000000 262151.000000 14994.000000 13808.000000 5184.000000 33659.000000 0.000000 0.000000 0.000000 120978.000000 8352.000000 0.000000 56.000000 39751.000000 244358.000000 8018.000000 12720.000000 11364.000000 28567.000000 42048.000000 0.000000 262151.000000 15506.000000 14448.000000 4836.000000 36175.000000 0.000000 0.000000 0.000000 
32
0.000000 42048.000000 0.000000 206663.000000 16530.000000 13296.000000 3584.000000 35035.000000 0.000000 0.000000 0.000000 42048.000000 0.000000 206663.000000 23394.000000 5792.000000 5696.000000 33615.000000 0.000000 0.000000 0.000000 42048.000000 0.000000 206663.000000 16018.000000 13936.000000 8260.000000 31671.000000 0.000000 0.000000 0.000000 42048.000000 0.000000 206663.000000 14994.000000 14704.000000 5184.000000 35827.000000 0.000000 0.000000 0.000000 154546.000000 8424.000000 0.000000 0.000000 31558.000000 188870.000000 7890.000000 12592.000000 11364.000000 29643.000000 42048.000000 0.000000 206663.000000 13586.000000 13680.000000 5604.000000 34759.000000 0.000000 0.000000 0.000000 
33
0.000000 42048.000000 0.000000 206663.000000 16530.000000 13296.000000 3584.000000 35035.000000 0.000000 0.000000 0.000000 42048.000000 0.000000 206663.000000 23394.000000 5792.000000 5696.000000 33615.000000 0.000000 0.000000 0.000000 42048.000000 0.000000 206663.000000 16018.000000 13936.000000 8260.000000 31671.000000 0.000000 0.000000 0.000000 42048.000000 0.000000 206663.000000 14994.000000 14704.000000 5184.000000 35827.000000 0.000000 0.000000 0.000000 154546.000000 8424.000000 0.000000 0.000000 31558.000000 188870.000000 7890.000000 12592.000000 11364.000000 29643.000000 42048.000000 0.000000 206663.000000 13586.000000 13680.000000 5604.000000 34759.000000 0.000000 0.000000 0.000000 
34
0.000000 42048.000000 0.000000 206663.000000 16530.000000 13296.000000 3584.000000 35035.000000 0.000000 0.000000 0.000000 42048.000000 0.000000 206663.000000 23394.000000 5792.000000 5696.000000 33615.000000 0.000000 0.000000 0.000000 42048.000000 0.000000 206663.000000 16018.000000 13936.000000 8260.000000 31671.000000 0.000000 0.000000 0.000000 42048.000000 0.000000 206663.000000 14994.000000 14704.000000 5184.000000 35827.000000 0.000000 0.000000 0.000000 154546.000000 8424.000000 0.000000 0.000000 31558.000000 188870.000000 7890.000000 12592.000000 11364.000000 29643.000000 42048.000000 0.000000 206663.000000 13586.000000 13680.000000 5604.000000 34759.000000 0.000000 0.000000 0.000000 
35
0.000000 42048.000000 0.000000 206663.000000 16530.000000 13296.000000 3584.000000 35035.000000 0.000000 0.000000 0.000000 42048.000000 0.000000 206663.000000 23394.000000 5792.000000 5696.000000 33615.000000 0.000000 0.000000 0.000000 42048.000000 0.000000 206663.000000 16018.000000 13936.000000 8260.000000 31671.000000 0.000000 0.000000 0.000000 42048.000000 0.000000 206663.000000 14994.000000 14704.000000 5184.000000 35827.000000 0.000000 0.000000 0.000000 154546.000000 8424.000000 0.000000 0.000000 31558.000000 188870.000000 7890.000000 12592.000000 11364.000000 29643.000000 42048.000000 0.000000 206663.000000 13586.000000 13680.000000 5604.000000 34759.000000 0.000000 0.000000 0.000000 
36
0.000000 42048.000000 0.000000 261959.000000 16530.000000 13296.000000 1664.000000 39471.000000 0.000000 0.000000 0.000000 42048.000000 0.000000 261959.000000 23394.000000 5792.000000 6080.000000 34747.000000 0.000000 0.000000 0.000000 42048.000000 0.000000 261959.000000 15506.000000 12912.000000 8260.000000 31311.000000 0.000000 0.000000 0.000000 42048.000000 0.000000 261959.000000 14994.000000 14320.000000 5312.000000 34283.000000 0.000000 0.000000 0.000000 154770.000000 8352.000000 0.000000 56.000000 39751.000000 244166.000000 8018.000000 11184.000000 9924.000000 28203.000000 42048.000000 0.000000 261959.000000 15506.000000 14320.000000 4964.000000 36047.000000 0.000000 0.000000 0.000000 
37
0.000000 42048.000000 0.000000 261959.000000 16530.000000 13296.000000 1664.000000 39471.000000 0.000000 0.000000 0.000000 42048.000000 0.000000 261959.000000 23394.000000 5792.000000 6080.000000 34747.000000 0.000000 0.000000 0.000000 42048.000000 0.000000 261959.000000 15506.000000 12912.000000 8260.000000 31311.000000 0.000000 0.000000 0.000000 42048.000000 0.000000 261959.000000 14994.000000 14320.000000 5312.000000 34283.000000 0.000000 0.000000 0.000000 154770.000000 8352.000000 0.000000 56.000000 39751.000000 244166.000000 8018.000000 11184.000000 9924.000000 28203.000000 42048.000000 0.000000 261959.000000 15506.000000 14320.000000 4964.000000 36047.000000 0.000000 0.000000 0.000000 
38
0.000000 42048.000000 0.000000 261959.000000 16530.000000 13296.000000 1664.000000 39471.000000 0.000000 0.000000 0.000000 42048.000000 0.000000 261959.000000 23394.000000 5792.000000 6080.000000 34747.000000 0.000000 0.000000 0.000000 42048.000000 0.000000 261959.000000 15506.000000 12912.000000 8260.000000 31311.000000 0.000000 0.000000 0.000000 42048.000000 0.000000 261959.000000 14994.000000 14320.000000 5312.000000 34283.000000 0.000000 0.000000 0.000000 154770.000000 8352.000000 0.000000 56.000000 39751.000000 244166.000000 8018.000000 11184.000000 9924.000000 28203.000000 42048.000000 0.000000 261959.000000 15506.000000 14320.000000 4964.000000 36047.000000 0.000000 0.000000 0.000000 
39
0.000000 42048.000000 0.000000 261959.000000 16530.000000 13296.000000 1664.000000 39471.000000 0.000000 0.000000 0.000000 42048.000000 0.000000 261959.000000 23394.000000 5792.000000 6080.000000 34747.000000 0.000000 0.000000 0.000000 42048.000000 0.000000 261959.000000 15506.000000 12912.000000 8260.000000 31311.000000 0.000000 0.000000 0.000000 42048.000000 0.000000 261959.000000 14994.000000 14320.000000 5312.000000 34283.000000 0.000000 0.000000 0.000000 154770.000000 8352.000000 0.000000 56.000000 39751.000000 244166.000000 8018.000000 11184.000000 9924.000000 28203.000000 42048.000000 0.000000 261959.000000 15506.000000 14320.000000 4964.000000 36047.000000 0.000000 0.000000 0.000000 
40
0.000000 42048.000000 0.000000 261959.000000 16530.000000 13296.000000 3584.000000 37555.000000 0.000000 0.000000 0.000000 42048.000000 0.000000 261959.000000 23394.000000 5792.000000 6080.000000 34291.000000 0.000000 0.000000 0.000000 42048.000000 0.000000 261959.000000 16018.000000 13936.000000 8260.000000 31671.000000 0.000000 0.000000 0.000000 42048.000000 0.000000 261959.000000 14994.000000 14832.000000 5440.000000 35827.000000 0.000000 0.000000 0.000000 154962.000000 14632.000000 0.000000 0.000000 31999.000000 244166.000000 8018.000000 12720.000000 11364.000000 29639.000000 42048.000000 0.000000 261959.000000 15506.000000 14448.000000 4836.000000 35087.000000 0.000000 0.000000 0.000000 
41
0.000000 42048.000000 0.000000 261959.000000 16530.000000 13296.000000 3584.000000 37555.000000 0.000000 0.000000 0.000000 42048.000000 0.000000 261959.000000 23394.000000 5792.000000 6080.000000 34291.000000 0.000000 0.000000 0.000000 42048.000000 0.000000 261959.000000 16018.000000 13936.000000 8260.000000 31671.000000 0.000000 0.000000 0.000000 42048.000000 0.000000 261959.000000 14994.000000 14832.000000 5440.000000 35827.000000 0.000000 0.000000 0.000000 154962.000000 14632.000000 0.000000 0.000000 31999.000000 244166.000000 8018.000000 12720.000000 11364.000000 29639.000000 42048.000000 0.000000 261959.000000 15506.000000 14448.000000 4836.000000 35087.000000 0.000000 0.000000 0.000000 
42
0.000000 42048.000000 0.000000 261959.000000 16530.000000 13296.000000 3584.000000 37555.000000 0.000000 0.000000 0.000000 42048.000000 0.000000 261959.000000 23394.000000 5792.000000 6080.000000 34291.000000 0.000000 0.000000 0.000000 42048.000000 0.000000 261959.000000 16018.000000 13936.000000 8260.000000 31671.000000 0.000000 0.000000 0.000000 42048.000000 0.000000 261959.000000 14994.000000 14832.000000 5440.000000 35827.000000 0.000000 0.000000 0.000000 154962.000000 14632.000000 0.000000 0.000000 31999.000000 244166.000000 8018.000000 12720.000000 11364.000000 29639.000000 42048.000000 0.000000 261959.000000 15506.000000 14448.000000 4836.000000 35087.000000 0.000000 0.000000 0.000000 
43
0.000000 42048.000000 0.000000 261959.000000 16530.000000 13296.000000 3584.000000 37555.000000 0.000000 0.000000 0.000000 42048.000000 0.000000 261959.000000 23394.000000 5792.000000 6080.000000 34291.000000 0.000000 0.000000 0.000000 42048.000000 0.000000 261959.000000 16018.000000 13936.000000 8260.000000 31671.000000 0.000000 0.000000 0.000000 42048.000000 0.000000 261959.000000 14994.000000 14832.000000 5440.000000 35827.000000 0.000000 0.000000 0.000000 154962.000000 14632.000000 0.000000 0.000000 31999.000000 244166.000000 8018.000000 12720.000000 11364.000000 29639.000000 42048.000000 0.000000 261959.000000 15506.000000 14448.000000 4836.000000 35087.000000 0.000000 0.000000 0.000000 
44
0.000000 42048.000000 0.000000 258695.000000 14610.000000 13296.000000 1664.000000 36951.000000 0.000000 0.000000 0.000000 42048.000000 0.000000 262151.000000 23394.000000 5792.000000 6080.000000 35763.000000 0.000000 0.000000 0.000000 42048.000000 0.000000 262151.000000 16018.000000 13936.000000 8260.000000 31671.000000 0.000000 0.000000 0.000000 42048.000000 0.000000 262151.000000 14994.000000 14832.000000 5440.000000 34291.000000 0.000000 0.000000 0.000000 120978.000000 8352.000000 0.000000 56.000000 39751.000000 244358.000000 6098.000000 12720.000000 11364.000000 29647.000000 42048.000000 0.000000 262151.000000 15506.000000 14448.000000 4836.000000 34639.000000 0.000000 0.000000 0.000000 
45
0.000000 42048.000000 0.000000 258695.000000 14610.000000 13296.000000 1664.000000 36951.000000 0.000000 0.000000 0.000000 42048.000000 0.000000 262151.000000 23394.000000 5792.000000 6080.000000 35763.000000 0.000000 0.000000 0.000000 42048.000000 0.000000 262151.000000 16018.000000 13936.000000 8260.000000 31671.000000 0.000000 0.000000 0.000000 42048.000000 0.000000 262151.000000 14994.000000 14832.000000 5440.000000 34291.000000 0.000000 0.000000 0.000000 120978.000000 8352.000000 0.000000 56.000000 39751.000000 244358.000000 6098.000000 12720.000000 11364.000000 29647.000000 42048.000000 0.000000 262151.000000 15506.000000 14448.000000 4836.000000 34639.000000 0.000000 0.000000 0.000000 
46
0.000000 42048.000000 0.000000 258695.000000 14610.000000 13296.000000 1664.000000 36951.000000 0.000000 0.000000 0.000000 42048.000000 0.000000 262151.000000 23394.000000 5792.000000 6080.000000 35763.000000 0.000000 0.000000 0.000000 42048.000000 0.000000 262151.000000 16018.000000 13936.000000 8260.000000 31671.000000 0.000000 0.000000 0.000000 42048.000000 0.000000 262151.000000 14994.000000 14832.000000 5440.000000 34291.000000 0.000000 0.000000 0.000000 120978.000000 8352.000000 0.000000 56.000000 39751.000000 244358.000000 6098.000000 12720.000000 11364.000000 29647.000000 42048.000000 0.000000 262151.000000 15506.000000 14448.000000 4836.000000 34639.000000 0.000000 0.000000 0.000000 
47
0.000000 42048.000000 0.000000 258695.000000 14610.000000 13296.000000 1664.000000 36951.000000 0.000000 0.000000 0.000000 42048.000000 0.000000 262151.000000 23394.000000 5792.000000 6080.000000 35763.000000 0.000000 0.000000 0.000000 42048.000000 0.000000 262151.000000 16018.000000 13936.000000 8260.000000 31671.000000 0.000000 0.000000 0.000000 42048.000000 0.000000 262151.000000 14994.000000 14832.000000 5440.000000 34291.000000 0.000000 0.000000 0.000000 120978.000000 8352.000000 0.000000 56.000000 39751.000000 244358.000000 6098.000000 12720.000000 11364.000000 29647.000000 42048.000000 0.000000 262151.000000 15506.000000 14448.000000 4836.000000 34639.000000 0.000000 0.000000 0.000000 
48
0.000000 8256.000000 0.000000 206663.000000 14978.000000 12784.000000 1664.000000 36391.000000 0.000000 0.000000 0.000000 42048.000000 0.000000 206663.000000 23394.000000 4576.000000 5696.000000 33283.000000 0.000000 0.000000 0.000000 42048.000000 0.000000 200135.000000 16018.000000 13936.000000 8260.000000 32747.000000 0.000000 0.000000 0.000000 42048.000000 0.000000 206663.000000 14994.000000 14256.000000 5312.000000 35823.000000 0.000000 0.000000 0.000000 154770.000000 8352.000000 0.000000 56.000000 39751.000000 188870.000000 8018.000000 12144.000000 11364.000000 27487.000000 42048.000000 0.000000 206663.000000 15506.000000 14320.000000 4964.000000 33523.000000 0.000000 0.000000 0.000000 
49
0.000000 8256.000000 0.000000 206663.000000 14978.000000 12784.000000 1664.000000 36391.000000 0.000000 0.000000 0.000000 42048.000000 0.000000 206663.000000 23394.000000 4576.000000 5696.000000 33283.000000 0.000000 0.000000 0.000000 42048.000000 0.000000 200135.000000 16018.000000 13936.000000 8260.000000 32747.000000 0.000000 0.000000 0.000000 42048.000000 0.000000 206663.000000 14994.000000 14256.000000 5312.000000 35823.000000 0.000000 0.000000 0.000000 154770.000000 8352.000000 0.000000 56.000000 39751.000000 188870.000000 8018.000000 12144.000000 11364.000000 27487.000000 42048.000000 0.000000 206663.000000 15506.000000 14320.000000 4964.000000 33523.000000 0.000000 0.000000 0.000000 
50
0.000000 8256.000000 0.000000 206663.000000 14978.000000 12784.000000 1664.000000 36391.000000 0.000000 0.000000 0.000000 42048.000000 0.000000 206663.000000 23394.000000 4576.000000 5696.000000 33283.000000 0.000000 0.000000 0.000000 42048.000000 0.000000 200135.000000 16018.000000 13936.000000 8260.000000 32747.000000 0.000000 0.000000 0.000000 42048.000000 0.000000 206663.000000 14994.000000 14256.000000 5312.000000 35823.000000 0.000000 0.000000 0.000000 154770.000000 8352.000000 0.000000 56.000000 39751.000000 188870.000000 8018.000000 12144.000000 11364.000000 27487.000000 42048.000000 0.000000 206663.000000 15506.000000 14320.000000 4964.000000 33523.000000 0.000000 0.000000 0.000000 
51
0.000000 8256.000000 0.000000 206663.000000 14978.000000 12784.000000 1664.000000 36391.000000 0.000000 0.000000 0.000000 42048.000000 0.000000 206663.000000 23394.000000 4576.000000 5696.000000 33283.000000 0.000000 0.000000 0.000000 42048.000000 0.000000 200135.000000 16018.000000 13936.000000 8260.000000 32747.000000 0.000000 0.000000 0.000000 42048.000000 0.000000 206663.000000 14994.000000 14256.000000 5312.000000 35823.000000 0.000000 0.000000 0.000000 154770.000000 8352.000000 0.000000 56.000000 39751.000000 188870.000000 8018.000000 12144.000000 11364.000000 27487.000000 42048.000000 0.000000 206663.000000 15506.000000 14320.000000 4964.000000 33523.000000 0.000000 0.000000 0.000000 
52
0.000000 8256.000000 0.000000 261959.000000 16530.000000 11744.000000 1664.000000 39475.000000 0.000000 0.000000 0.000000 8256.000000 0.000000 261959.000000 23394.000000 5792.000000 5824.000000 35823.000000 0.000000 0.000000 0.000000 8256.000000 0.000000 261959.000000 16018.000000 11888.000000 8260.000000 32747.000000 0.000000 0.000000 0.000000 8256.000000 0.000000 255431.000000 13074.000000 14832.000000 5440.000000 35827.000000 0.000000 0.000000 0.000000 117778.000000 8352.000000 0.000000 56.000000 39751.000000 244166.000000 7506.000000 12720.000000 11364.000000 28207.000000 8256.000000 0.000000 258503.000000 14994.000000 13168.000000 5476.000000 35983.000000 0.000000 0.000000 0.000000 
53
0.000000 8256.000000 0.000000 261959.000000 16530.000000 11744.000000 1664.000000 39475.000000 0.000000 0.000000 0.000000 8256.000000 0.000000 261959.000000 23394.000000 5792.000000 5824.000000 35823.000000 0.000000 0.000000 0.000000 8256.000000 0.000000 261959.000000 16018.000000 11888.000000 8260.000000 32747.000000 0.000000 0.000000 0.000000 8256.000000 0.000000 255431.000000 13074.000000 14832.000000 5440.000000 35827.000000 0.000000 0.000000 0.000000 117778.000000 8352.000000 0.000000 56.000000 39751.000000 244166.000000 7506.000000 12720.000000 11364.000000 28207.000000 8256.000000 0.000000 258503.000000 14994.000000 13168.000000 5476.000000 35983.000000 0.000000 0.000000 0.000000 
54
0.000000 8256.000000 0.000000 261959.000000 16530.000000 11744.000000 1664.000000 39475.000000 0.000000 0.000000 0.000000 8256.000000 0.000000 261959.000000 23394.000000 5792.000000 5824.000000 35823.000000 0.000000 0.000000 0.000000 8256.000000 0.000000 261959.000000 16018.000000 11888.000000 8260.000000 32747.000000 0.000000 0.000000 0.000000 8256.000000 0.000000 255431.000000 13074.000000 14832.000000 5440.000000 35827.000000 0.000000 0.000000 0.000000 117778.000000 8352.000000 0.000000 56.000000 39751.000000 244166.000000 7506.000000 12720.000000 11364.000000 28207.000000 8256.000000 0.000000 258503.000000 14994.000000 13168.000000 5476.000000 35983.000000 0.000000 0.000000 0.000000 
55
0.000000 8256.000000 0.000000 261959.000000 16530.000000 11744.000000 1664.000000 39475.000000 0.000000 0.000000 0.000000 8256.000000 0.000000 261959.000000 23394.000000 5792.000000 5824.000000 35823.000000 0.000000 0.000000 0.000000 8256.000000 0.000000 261959.000000 16018.000000 11888.000000 8260.000000 32747.000000 0.000000 0.000000 0.000000 8256.000000 0.000000 255431.000000 13074.000000 14832.000000 5440.000000 35827.000000 0.000000 0.000000 0.000000 117778.000000 8352.000000 0.000000 56.000000 39751.000000 244166.000000 7506.000000 12720.000000 11364.000000 28207.000000 8256.000000 0.000000 258503.000000 14994.000000 13168.000000 5476.000000 35983.000000 0.000000 0.000000 0.000000 
56
0.000000 8192.000000 0.000000 239047.000000 16530.000000 13296.000000 3584.000000 36475.000000 0.000000 0.000000 0.000000 8192.000000 0.000000 245575.000000 23394.000000 5792.000000 5824.000000 35823.000000 0.000000 0.000000 0.000000 8192.000000 0.000000 245575.000000 16018.000000 13936.000000 8260.000000 28783.000000 0.000000 0.000000 0.000000 8192.000000 0.000000 245575.000000 14978.000000 11232.000000 5312.000000 32227.000000 0.000000 0.000000 0.000000 114706.000000 8352.000000 0.000000 56.000000 39751.000000 244166.000000 8018.000000 12720.000000 11364.000000 27483.000000 8192.000000 0.000000 253767.000000 15506.000000 14448.000000 4836.000000 34855.000000 0.000000 0.000000 0.000000 
57
0.000000 8192.000000 0.000000 239047.000000 16530.000000 13296.000000 3584.000000 36475.000000 0.000000 0.000000 0.000000 8192.000000 0.000000 245575.000000 23394.000000 5792.000000 5824.000000 35823.000000 0.000000 0.000000 0.000000 8192.000000 0.000000 245575.000000 16018.000000 13936.000000 8260.000000 28783.000000 0.000000 0.000000 0.000000 8192.000000 0.000000 245575.000000 14978.000000 11232.000000 5312.000000 32227.000000 0.000000 0.000000 0.000000 114706.000000 8352.000000 0.000000 56.000000 39751.000000 244166.000000 8018.000000 12720.000000 11364.000000 27483.000000 8192.000000 0.000000 253767.000000 15506.000000 14448.000000 4836.000000 34855.000000 0.000000 0.000000 0.000000 
58
0.000000 8192.000000 0.000000 239047.000000 16530.000000 13296.000000 3584.000000 36475.000000 0.000000 0.000000 0.000000 8192.000000 0.000000 245575.000000 23394.000000 5792.000000 5824.000000 35823.000000 0.000000 0.000000 0.000000 8192.000000 0.000000 245575.000000 16018.000000 13936.000000 8260.000000 28783.000000 0.000000 0.000000 0.000000 8192.000000 0.000000 245575.000000 14978.000000 11232.000000 5312.000000 32227.000000 0.000000 0.000000 0.000000 114706.000000 8352.000000 0.000000 56.000000 39751.000000 244166.000000 8018.000000 12720.000000 11364.000000 27483.000000 8192.000000 0.000000 253767.000000 15506.000000 14448.000000 4836.000000 34855.000000 0.000000 0.000000 0.000000 
59
0.000000 8192.000000 0.000000 239047.000000 16530.000000 13296.000000 3584.000000 36475.000000 0.000000 0.000000 0.000000 8192.000000 0.000000 245575.000000 23394.000000 5792.000000 5824.000000 35823.000000 0.000000 0.000000 0.000000 8192.000000 0.000000 245575.000000 16018.000000 13936.000000 8260.000000 28783.000000 0.000000 0.000000 0.000000 8192.000000 0.000000 245575.000000 14978.000000 11232.000000 5312.000000 32227.000000 0.000000 0.000000 0.000000 114706.000000 8352.000000 0.000000 56.000000 39751.000000 244166.000000 8018.000000 12720.000000 11364.000000 27483.000000 8192.000000 0.000000 253767.000000 15506.000000 14448.000000 4836.000000 34855.000000 0.000000 0.000000 0.000000 
60
0.000000 8192.000000 0.000000 262151.000000 16530.000000 13296.000000 1664.000000 38395.000000 0.000000 0.000000 0.000000 8192.000000 0.000000 262151.000000 23394.000000 5792.000000 5824.000000 33663.000000 0.000000 0.000000 0.000000 8192.000000 0.000000 262151.000000 16018.000000 13936.000000 8260.000000 32751.000000 0.000000 0.000000 0.000000 8192.000000 0.000000 262151.000000 14994.000000 14832.000000 5312.000000 33603.000000 0.000000 0.000000 0.000000 120978.000000 8352.000000 0.000000 56.000000 39751.000000 244358.000000 8018.000000 12208.000000 11364.000000 29643.000000 8192.000000 0.000000 262151.000000 15506.000000 14320.000000 3428.000000 33779.000000 0.000000 0.000000 0.000000 
61
0.000000 8192.000000 0.000000 262151.000000 16530.000000 13296.000000 1664.000000 38395.000000 0.000000 0.000000 0.000000 8192.000000 0.000000 262151.000000 23394.000000 5792.000000 5824.000000 33663.000000 0.000000 0.000000 0.000000 8192.000000 0.000000 262151.000000 16018.000000 13936.000000 8260.000000 32751.000000 0.000000 0.000000 0.000000 8192.000000 0.000000 262151.000000 14994.000000 14832.000000 5312.000000 33603.000000 0.000000 0.000000 0.000000 120978.000000 8352.000000 0.000000 56.000000 39751.000000 244358.000000 8018.000000 12208.000000 11364.000000 29643.000000 8192.000000 0.000000 262151.000000 15506.000000 14320.000000 3428.000000 33779.000000 0.000000 0.000000 0.000000 
62
0.000000 8192.000000 0.000000 262151.000000 16530.000000 13296.000000 1664.000000 38395.000000 0.000000 0.000000 0.000000 8192.000000 0.000000 262151.000000 23394.000000 5792.000000 5824.000000 33663.000000 0.000000 0.000000 0.000000 8192.000000 0.000000 262151.000000 16018.000000 13936.000000 8260.000000 32751.000000 0.000000 0.000000 0.000000 8192.000000 0.000000 262151.000000 14994.000000 14832.000000 5312.000000 33603.000000 0.000000 0.000000 0.000000 120978.000000 8352.000000 0.000000 56.000000 39751.000000 244358.000000 8018.000000 12208.000000 11364.000000 29643.000000 8192.000000 0.000000 262151.000000 15506.000000 14320.000000 3428.000000 33779.000000 0.000000 0.000000 0.000000 
63
0.000000 8192.000000 0.000000 262151.000000 16530.000000 13296.000000 1664.000000 38395.000000 0.000000 0.000000 0.000000 8192.000000 0.000000 262151.000000 23394.000000 5792.000000 5824.000000 33663.000000 0.000000 0.000000 0.000000 8192.000000 0.000000 262151.000000 16018.000000 13936.000000 8260.000000 32751.000000 0.000000 0.000000 0.000000 8192.000000 0.000000 262151.000000 14994.000000 14832.000000 5312.000000 33603.000000 0.000000 0.000000 0.000000 120978.000000 8352.000000 0.000000 56.000000 39751.000000 244358.000000 8018.000000 12208.000000 11364.000000 29643.000000 8192.000000 0.000000 262151.000000 15506.000000 14320.000000 3428.000000 33779.000000 0.000000 0.000000 0.000000 
