0
0.000000 0.595527 1.051822 0.790606 1.008262 0.958102 0.963480 0.683507 0.000000 0.000000 0.000000 0.777253 0.956560 0.798014 0.992527 0.875492 1.005691 0.679368 0.000000 0.000000 0.000000 0.777219 0.956560 0.883406 1.012314 0.971144 1.012783 0.501338 0.000000 0.000000 0.000000 0.681951 0.952621 0.774381 1.002052 0.976775 0.984141 0.705843 0.000000 0.000000 0.000000 0.736509 0.969546 0.974448 0.695799 0.303728 0.748095 0.988752 0.977565 0.996459 0.231201 0.681896 0.952621 0.884398 0.963028 1.034590 0.964388 0.684611 0.000000 0.000000 0.000000 
1
0.000000 0.000015 1.047883 0.744242 0.994974 0.906089 1.000838 0.653202 0.000000 0.000000 0.000000 0.095381 0.952621 0.744114 0.979314 0.856519 1.025338 0.669252 0.000000 0.000000 0.000000 0.095277 0.952621 0.840292 1.011483 0.954240 0.993445 0.503533 0.000000 0.000000 0.000000 0.000119 0.952621 0.728162 1.010021 0.973131 0.984661 0.711378 0.000000 0.000000 0.000000 0.547137 1.078180 0.974427 0.692057 0.294822 0.702045 1.061855 0.976288 0.972204 0.231399 0.000119 0.952621 0.844331 1.001704 0.985624 0.970953 0.684570 0.000000 0.000000 0.000000 
2
0.000000 0.000015 1.047883 0.746467 0.990147 0.907698 1.000838 0.632779 0.000000 0.000000 0.000000 0.095832 0.952621 0.760959 0.979764 0.851449 1.011438 0.662887 0.000000 0.000000 0.000000 0.095840 0.952621 0.838000 1.007150 0.949941 0.996865 0.503625 0.000000 0.000000 0.000000 0.000474 0.952621 0.724947 1.003520 0.971995 0.984834 0.730273 0.000000 0.000000 0.000000 0.684776 0.958215 1.036324 0.640178 0.298787 0.666137 1.063329 0.974492 0.977173 0.232055 0.000015 0.952621 0.834842 0.985390 0.995100 1.032622 0.632820 0.000000 0.000000 0.000000 
3
0.000000 0.000015 1.047883 0.744260 1.009799 0.903358 0.963695 0.682011 0.000000 0.000000 0.000000 0.098187 0.952621 0.747443 0.987869 0.847331 0.984300 0.698338 0.000000 0.000000 0.000000 0.098319 0.952621 0.842192 0.938517 0.869100 0.996720 0.503423 0.000000 0.000000 0.000000 0.003064 0.952621 0.724290 1.003576 0.971242 0.984661 0.724338 0.000000 0.000000 0.000000 0.693335 0.966115 1.014540 0.695276 0.293816 0.689569 1.056548 0.991315 0.976953 0.227813 0.002553 0.952621 0.836339 1.004357 0.993844 1.000277 0.621576 0.000000 0.000000 0.000000 
4
0.000000 0.000015 1.043692 0.643723 0.651936 0.869100 0.998392 0.631804 0.000000 0.000000 0.000000 0.094556 0.956854 0.663909 0.566175 1.001777 0.996817 0.663059 0.000000 0.000000 0.000000 0.094564 0.956350 0.644769 0.764960 0.966467 0.992406 0.525419 0.000000 0.000000 0.000000 0.000015 0.951904 0.758178 0.551740 0.950408 0.983795 0.714158 0.000000 0.000000 0.000000 0.720034 0.969446 0.974491 0.695802 0.300579 0.270642 1.000049 0.928183 0.999556 0.228485 0.000041 0.951765 0.755621 0.667935 0.872864 1.010639 0.630591 0.000000 0.000000 0.000000 
5
0.000000 0.000000 1.039754 0.585004 0.669125 0.928158 0.985367 0.640776 0.000000 0.000000 0.000000 0.094523 0.952667 0.588371 0.641065 1.015724 0.998252 0.661956 0.000000 0.000000 0.000000 0.095173 0.952761 0.586170 0.771661 0.931527 0.992665 0.507926 0.000000 0.000000 0.000000 0.000000 0.951745 0.694552 0.552012 0.969779 0.984453 0.728020 0.000000 0.000000 0.000000 0.687761 0.971839 0.955433 0.713776 0.291537 0.213285 1.037906 0.953851 1.007729 0.209409 0.000000 0.951968 0.691379 0.659033 0.898522 0.962617 0.680828 0.000000 0.000000 0.000000 
6
0.000000 0.000000 1.039754 0.578501 0.643205 0.987650 0.963868 0.646909 0.000000 0.000000 0.000000 0.095181 0.952610 0.596319 0.642386 1.012253 0.997918 0.673309 0.000000 0.000000 0.000000 0.094523 0.952533 0.600376 0.673680 1.029624 0.998137 0.497328 0.000000 0.000000 0.000000 0.000000 0.952789 0.692064 0.548827 0.966054 0.984499 0.723989 0.000000 0.000000 0.000000 0.570743 1.031875 1.014479 0.713655 0.288306 0.199035 1.041328 0.955385 1.006004 0.206424 0.000000 0.952558 0.687200 0.668191 0.893817 0.954160 0.679442 0.000000 0.000000 0.000000 
7
0.000000 0.000000 1.039754 0.572386 0.671748 0.931732 1.000457 0.626409 0.000000 0.000000 0.000000 0.094523 0.952338 0.579241 0.655495 0.991310 0.984209 0.691345 0.000000 0.000000 0.000000 0.094523 0.952778 0.611705 0.672581 1.029413 0.997446 0.483265 0.000000 0.000000 0.000000 0.000000 0.951807 0.682267 0.552781 0.964161 0.985660 0.706459 0.000000 0.000000 0.000000 0.684245 0.966166 1.014536 0.695377 0.293265 0.195769 1.042391 0.965446 1.001074 0.208990 0.000000 0.951948 0.691285 0.659815 0.912134 1.000183 0.604907 0.000000 0.000000 0.000000 
8
0.000000 0.000015 1.043692 0.647487 0.650871 0.852093 1.013662 0.637729 0.000000 0.000000 0.000000 0.094538 0.956718 0.663603 0.646323 0.891361 0.960662 0.687999 0.000000 0.000000 0.000000 0.095197 0.956626 0.659774 0.768200 0.959884 1.001808 0.516287 0.000000 0.000000 0.000000 0.000015 0.951824 0.767976 0.556121 0.975761 0.957422 0.708496 0.000000 0.000000 0.000000 0.746732 0.898461 0.992765 0.769012 0.294668 0.260704 1.040348 0.963196 0.995823 0.230971 0.000015 0.951835 0.746989 0.647493 0.876752 1.006676 0.637004 0.000000 0.000000 0.000000 
9
0.000000 0.000000 1.039754 0.576965 0.669766 0.914163 1.000972 0.632963 0.000000 0.000000 0.000000 0.094523 0.952774 0.597299 0.642242 0.916574 0.975144 0.677267 0.000000 0.000000 0.000000 0.094523 0.952618 0.593678 0.774277 0.958379 0.992025 0.512024 0.000000 0.000000 0.000000 0.000000 0.952451 0.689803 0.555292 0.984449 0.957597 0.703742 0.000000 0.000000 0.000000 0.653631 1.071233 1.036267 0.622198 0.284845 0.210245 0.959281 0.985681 0.989551 0.213538 0.000000 0.951882 0.687550 0.664751 0.892361 1.001247 0.614340 0.000000 0.000000 0.000000 
10
0.000000 0.000000 1.039754 0.583995 0.643114 0.987596 0.963523 0.636715 0.000000 0.000000 0.000000 0.094523 0.952455 0.588100 0.644664 0.946912 0.969189 0.676244 0.000000 0.000000 0.000000 0.094523 0.952434 0.591536 0.765022 0.930092 0.998407 0.494015 0.000000 0.000000 0.000000 0.000000 0.951870 0.682575 0.554600 0.972120 0.957907 0.684427 0.000000 0.000000 0.000000 0.754928 0.909537 1.014616 0.692042 0.286057 0.203200 1.075840 0.971744 0.996011 0.214160 0.000000 0.952615 0.686107 0.656815 0.905055 0.997318 0.592112 0.000000 0.000000 0.000000 
11
0.000000 0.000000 1.039754 0.572226 0.672263 0.931280 1.001259 0.637901 0.000000 0.000000 0.000000 0.095173 0.952599 0.578074 0.648038 0.896142 0.967699 0.692785 0.000000 0.000000 0.000000 0.094523 0.952774 0.588520 0.672646 1.034847 0.997321 0.482398 0.000000 0.000000 0.000000 0.000000 0.951961 0.687352 0.555485 0.989531 0.978589 0.671244 0.000000 0.000000 0.000000 0.687187 0.887801 1.076483 0.640193 0.285554 0.227444 0.980126 0.950037 0.995981 0.213553 0.000000 0.951983 0.704378 0.556351 1.012170 1.002281 0.604866 0.000000 0.000000 0.000000 
12
0.000000 0.000015 1.043692 0.620643 0.649544 0.848805 1.013314 0.637469 0.000000 0.000000 0.000000 0.096028 0.956284 0.652268 0.648225 0.889954 0.961785 0.688928 0.000000 0.000000 0.000000 0.096852 0.956321 0.663077 0.769321 0.955923 0.991402 0.521212 0.000000 0.000000 0.000000 0.001600 0.952058 0.757806 0.555783 0.974499 0.958423 0.709102 0.000000 0.000000 0.000000 0.715687 0.916965 1.047941 0.673540 0.301713 0.244650 1.044928 0.960853 0.999221 0.205862 0.001678 0.952770 0.754314 0.610550 1.020347 0.969436 0.655632 0.000000 0.000000 0.000000 
13
0.000000 0.000000 1.039754 0.599800 0.669232 0.909690 1.000497 0.648388 0.000000 0.000000 0.000000 0.095268 0.952672 0.600846 0.650959 0.915195 0.974953 0.676984 0.000000 0.000000 0.000000 0.094523 0.952771 0.596827 0.774277 0.934020 0.992891 0.509137 0.000000 0.000000 0.000000 0.000000 0.951937 0.692001 0.556769 0.970846 0.957423 0.705155 0.000000 0.000000 0.000000 0.582640 1.085626 1.036271 0.622265 0.296505 0.224235 1.007512 0.963698 0.993763 0.205441 0.000000 0.952109 0.689580 0.611341 1.028317 1.007660 0.592146 0.000000 0.000000 0.000000 
14
0.000000 0.000000 1.039754 0.582086 0.669809 0.945305 0.964396 0.677608 0.000000 0.000000 0.000000 0.094610 0.952680 0.593147 0.645234 0.946168 0.962038 0.676376 0.000000 0.000000 0.000000 0.094523 0.952775 0.591600 0.673321 1.034629 0.998406 0.497195 0.000000 0.000000 0.000000 0.000000 0.951866 0.689777 0.556132 0.988441 0.956904 0.683899 0.000000 0.000000 0.000000 0.697661 0.983059 0.919350 0.695761 0.295985 0.208034 1.065266 0.961539 0.999256 0.206198 0.000000 0.952687 0.689184 0.659896 0.965743 1.006800 0.608350 0.000000 0.000000 0.000000 
15
0.000000 0.000000 1.039754 0.577874 0.656389 0.928022 1.001147 0.638890 0.000000 0.000000 0.000000 0.094523 0.952786 0.582421 0.647926 0.896666 0.967711 0.692079 0.000000 0.000000 0.000000 0.094523 0.952571 0.583146 0.673009 1.036184 0.997454 0.486810 0.000000 0.000000 0.000000 0.000000 0.952444 0.679710 0.557244 0.988707 0.983011 0.669896 0.000000 0.000000 0.000000 0.682885 0.942281 1.036254 0.640334 0.298649 0.196469 0.972092 0.955576 0.995084 0.206083 0.000000 0.952400 0.685148 0.660128 0.971668 0.999106 0.573630 0.000000 0.000000 0.000000 
16
0.000000 0.000015 1.043692 0.632974 0.653415 0.965317 0.998265 0.641921 0.000000 0.000000 0.000000 0.096946 0.956526 0.643220 0.565917 1.010876 0.953909 0.698029 0.000000 0.000000 0.000000 0.096202 0.956612 0.640960 0.749151 0.985901 0.960909 0.513368 0.000000 0.000000 0.000000 0.003335 0.952547 0.757815 0.550313 0.978152 0.984799 0.729991 0.000000 0.000000 0.000000 0.804146 0.938613 1.047915 0.673548 0.299699 0.259426 1.056295 0.991995 0.995876 0.231201 0.001678 0.951840 0.757569 0.671574 0.949250 1.015062 0.635060 0.000000 0.000000 0.000000 
17
0.000000 0.000000 1.039754 0.579474 0.664433 0.896086 1.001296 0.641437 0.000000 0.000000 0.000000 0.094618 0.952718 0.592904 0.640602 1.012231 0.983238 0.684914 0.000000 0.000000 0.000000 0.095173 0.952423 0.597121 0.742825 0.971652 0.999472 0.509408 0.000000 0.000000 0.000000 0.000000 0.951803 0.687764 0.550726 0.976196 0.984141 0.738923 0.000000 0.000000 0.000000 0.750364 0.957425 1.036334 0.622276 0.291126 0.201824 1.048077 0.962638 0.973511 0.231494 0.000000 0.951690 0.694723 0.606915 1.037664 1.013564 0.628458 0.000000 0.000000 0.000000 
18
0.000000 0.000000 1.039754 0.578432 0.668866 0.898574 1.000668 0.640477 0.000000 0.000000 0.000000 0.095259 0.952657 0.593687 0.654042 0.998561 0.967893 0.701566 0.000000 0.000000 0.000000 0.094523 0.952965 0.593297 0.756266 0.920188 0.997763 0.506212 0.000000 0.000000 0.000000 0.000000 0.951996 0.677367 0.550831 0.975178 0.984631 0.732360 0.000000 0.000000 0.000000 0.562862 1.023375 1.014652 0.695782 0.293038 0.207232 1.044811 0.966038 0.975764 0.231913 0.000000 0.952891 0.689714 0.638523 1.013548 0.986665 0.614282 0.000000 0.000000 0.000000 
19
0.000000 0.000000 1.039754 0.592531 0.666841 0.896402 1.013877 0.627548 0.000000 0.000000 0.000000 0.095259 0.952520 0.603072 0.653300 0.990754 0.997259 0.698838 0.000000 0.000000 0.000000 0.094523 0.952467 0.606742 0.757408 0.914966 0.997439 0.509776 0.000000 0.000000 0.000000 0.000000 0.951837 0.700259 0.541849 0.967690 0.984662 0.717158 0.000000 0.000000 0.000000 0.677857 0.887813 1.076365 0.640259 0.291680 0.227142 1.073241 0.959321 0.977662 0.227909 0.000000 0.951817 0.682445 0.673610 0.972549 1.004236 0.625802 0.000000 0.000000 0.000000 
20
0.000000 0.000015 1.043692 0.644410 0.650206 0.850817 1.013314 0.641106 0.000000 0.000000 0.000000 0.094660 0.956568 0.662059 0.562781 0.866454 0.983068 0.702312 0.000000 0.000000 0.000000 0.094660 0.956417 0.659259 0.768208 0.962323 0.993490 0.520659 0.000000 0.000000 0.000000 0.000137 0.952703 0.759775 0.552829 0.967851 0.972829 0.699896 0.000000 0.000000 0.000000 0.743563 0.968984 0.974422 0.695828 0.302484 0.274285 1.024335 0.971522 1.014374 0.210224 0.000137 0.952763 0.757728 0.643906 0.906624 0.998688 0.638589 0.000000 0.000000 0.000000 
21
0.000000 0.000000 1.039754 0.584883 0.670915 0.920920 0.985545 0.637950 0.000000 0.000000 0.000000 0.094523 0.952693 0.592521 0.669792 0.866786 0.982467 0.699120 0.000000 0.000000 0.000000 0.094523 0.952710 0.594971 0.774277 0.945262 0.991697 0.509482 0.000000 0.000000 0.000000 0.000000 0.951611 0.682772 0.545085 0.959009 0.973176 0.704026 0.000000 0.000000 0.000000 0.679983 0.964387 0.974426 0.691947 0.294685 0.215614 0.981937 0.986269 0.998434 0.206152 0.000000 0.951990 0.689672 0.667929 0.909263 1.001804 0.636118 0.000000 0.000000 0.000000 
22
0.000000 0.000000 1.039754 0.577770 0.669845 0.946738 0.963350 0.643123 0.000000 0.000000 0.000000 0.094523 0.952706 0.593756 0.668841 0.894226 0.969491 0.692587 0.000000 0.000000 0.000000 0.095173 0.952628 0.592133 0.673250 1.038612 0.996923 0.498355 0.000000 0.000000 0.000000 0.000000 0.951850 0.695245 0.544037 0.976868 0.994521 0.685430 0.000000 0.000000 0.000000 0.560550 1.031942 1.076367 0.640233 0.295319 0.197525 1.060787 0.985481 1.001744 0.205218 0.000000 0.951789 0.688073 0.676321 0.883344 1.018478 0.619719 0.000000 0.000000 0.000000 
23
0.000000 0.000000 1.039754 0.571423 0.654709 0.929110 1.001629 0.632076 0.000000 0.000000 0.000000 0.095181 0.952540 0.593608 0.668557 0.848931 0.984467 0.695323 0.000000 0.000000 0.000000 0.094523 0.952667 0.588164 0.764409 0.923997 0.998043 0.484981 0.000000 0.000000 0.000000 0.000000 0.952016 0.681188 0.544931 0.979089 0.962496 0.678683 0.000000 0.000000 0.000000 0.562863 1.079952 1.014633 0.695371 0.295957 0.191065 0.977147 0.986989 1.001415 0.201903 0.000000 0.951750 0.675671 0.677078 0.895387 1.007699 0.617906 0.000000 0.000000 0.000000 
24
0.000000 0.000015 1.043692 0.626406 0.648767 0.849190 1.012484 0.627667 0.000000 0.000000 0.000000 0.095283 0.956409 0.666412 0.565511 0.860495 0.982245 0.693645 0.000000 0.000000 0.000000 0.095283 0.956586 0.658619 0.744341 0.977698 0.992526 0.519943 0.000000 0.000000 0.000000 0.000102 0.951970 0.771064 0.555734 0.972230 0.957076 0.702116 0.000000 0.000000 0.000000 0.734057 0.969346 0.952621 0.747221 0.304346 0.249078 1.055793 0.992477 0.972007 0.227316 0.000111 0.952079 0.758230 0.654062 0.889693 0.997822 0.655378 0.000000 0.000000 0.000000 
25
0.000000 0.000000 1.039754 0.596645 0.671314 0.907384 1.001297 0.641268 0.000000 0.000000 0.000000 0.094523 0.952771 0.591019 0.661191 0.872955 0.983118 0.679510 0.000000 0.000000 0.000000 0.094523 0.952592 0.596345 0.685621 0.973084 0.993205 0.510036 0.000000 0.000000 0.000000 0.000000 0.951901 0.682818 0.553787 0.985233 0.957781 0.710351 0.000000 0.000000 0.000000 0.689179 0.971782 1.029094 0.622213 0.296682 0.201104 1.048507 0.961559 0.973312 0.228179 0.000000 0.952608 0.688736 0.659448 0.892929 1.007911 0.634693 0.000000 0.000000 0.000000 
26
0.000000 0.000000 1.039754 0.584388 0.672047 0.947432 0.999376 0.638833 0.000000 0.000000 0.000000 0.094523 0.952682 0.591417 0.670242 0.893580 0.971182 0.641374 0.000000 0.000000 0.000000 0.094523 0.952757 0.592707 0.677784 1.064265 0.997269 0.498274 0.000000 0.000000 0.000000 0.000000 0.952318 0.680934 0.554266 0.986507 0.957422 0.684226 0.000000 0.000000 0.000000 0.561515 1.127123 0.981094 0.643920 0.293561 0.199306 1.028930 0.979618 0.977343 0.227512 0.000000 0.951766 0.690330 0.646270 0.917730 1.001308 0.616819 0.000000 0.000000 0.000000 
27
0.000000 0.000000 1.039754 0.571075 0.653157 0.927652 1.001804 0.644024 0.000000 0.000000 0.000000 0.094523 0.952611 0.593697 0.667623 0.846328 0.983434 0.701627 0.000000 0.000000 0.000000 0.094523 0.952489 0.586892 0.775876 0.961600 0.997811 0.485951 0.000000 0.000000 0.000000 0.000000 0.951992 0.684187 0.554186 0.981108 0.979270 0.671160 0.000000 0.000000 0.000000 0.563299 1.079931 1.036281 0.618505 0.295548 0.218716 1.071169 0.961355 0.987750 0.212870 0.000000 0.951793 0.679906 0.646163 0.919624 0.999773 0.629389 0.000000 0.000000 0.000000 
28
0.000000 0.000015 1.043692 0.646507 0.651617 0.849710 1.012968 0.628970 0.000000 0.000000 0.000000 0.094634 0.956841 0.667027 0.565730 1.009546 0.989632 0.694748 0.000000 0.000000 0.000000 0.094634 0.956856 0.658243 0.769373 0.959017 0.993474 0.512249 0.000000 0.000000 0.000000 0.000111 0.952061 0.751671 0.554521 0.971647 1.002746 0.678568 0.000000 0.000000 0.000000 0.710528 1.073833 1.036257 0.622221 0.297242 0.272709 1.038382 0.965805 0.991560 0.231895 0.000111 0.952494 0.753695 0.663106 0.863540 1.001465 0.643915 0.000000 0.000000 0.000000 
29
0.000000 0.000000 1.039754 0.587716 0.670000 0.905709 1.001801 0.636759 0.000000 0.000000 0.000000 0.094523 0.952457 0.595772 0.641276 1.001961 0.997558 0.691347 0.000000 0.000000 0.000000 0.095173 0.952633 0.598566 0.774277 0.945305 0.993202 0.513417 0.000000 0.000000 0.000000 0.000000 0.951794 0.692719 0.561659 0.977226 0.957728 0.720159 0.000000 0.000000 0.000000 0.640973 1.049442 0.952673 0.768819 0.287177 0.214912 0.974370 0.970342 0.988447 0.214076 0.000000 0.951849 0.679832 0.659717 0.901600 0.998122 0.640877 0.000000 0.000000 0.000000 
30
0.000000 0.000000 1.039754 0.579191 0.671456 0.944618 0.999376 0.630402 0.000000 0.000000 0.000000 0.094523 0.952599 0.588427 0.641766 1.008951 0.997393 0.649578 0.000000 0.000000 0.000000 0.094523 0.952362 0.588994 0.673312 1.047554 0.995953 0.498953 0.000000 0.000000 0.000000 0.000000 0.952084 0.689833 0.563770 0.973183 0.961670 0.703267 0.000000 0.000000 0.000000 0.690309 0.909359 1.014538 0.691956 0.289096 0.205034 1.074073 0.956919 0.988099 0.213339 0.000000 0.951943 0.679518 0.657642 0.869213 1.027905 0.635216 0.000000 0.000000 0.000000 
31
0.000000 0.000000 1.039754 0.565377 0.655571 0.928826 1.001301 0.636333 0.000000 0.000000 0.000000 0.095173 0.952559 0.591318 0.640402 1.004816 0.968979 0.697244 0.000000 0.000000 0.000000 0.094523 0.952696 0.587904 0.764658 0.926560 0.998182 0.489047 0.000000 0.000000 0.000000 0.000000 0.952243 0.685996 0.561890 0.977625 0.957916 0.694390 0.000000 0.000000 0.000000 0.685180 0.887866 1.076466 0.640354 0.287572 0.204633 0.965410 0.980943 0.989271 0.213184 0.000000 0.951894 0.703083 0.659525 0.897036 0.998816 0.633869 0.000000 0.000000 0.000000 
32
0.000000 0.000015 1.043692 0.633171 0.650182 0.949820 1.013292 0.630515 0.000000 0.000000 0.000000 0.094634 0.956783 0.660934 0.563043 0.903351 1.003517 0.657345 0.000000 0.000000 0.000000 0.094634 0.956599 0.657856 0.646492 1.106040 0.968223 0.528491 0.000000 0.000000 0.000000 0.000015 0.952026 0.753590 0.560099 0.966271 1.000526 0.676763 0.000000 0.000000 0.000000 0.626422 1.084365 1.011839 0.988802 0.912601 0.272748 1.000221 0.968969 0.992754 0.213692 0.000111 0.952519 0.755357 0.633498 0.983421 0.964526 0.694254 0.000000 0.000000 0.000000 
33
0.000000 0.000000 1.039754 0.576443 0.671580 0.895713 1.000943 0.641533 0.000000 0.000000 0.000000 0.094523 0.952387 0.594364 0.667022 0.860477 0.996541 0.667392 0.000000 0.000000 0.000000 0.094523 0.952487 0.599902 0.660252 1.094691 0.967738 0.515365 0.000000 0.000000 0.000000 0.000000 0.952660 0.684134 0.562018 0.968873 0.957422 0.714877 0.000000 0.000000 0.000000 0.534904 1.093187 0.995601 1.037795 0.901627 0.219529 1.036918 0.964256 0.994427 0.209974 0.000000 0.951844 0.695874 0.661677 0.976904 1.003622 0.626421 0.000000 0.000000 0.000000 
34
0.000000 0.000000 1.039754 0.579568 0.669079 0.906573 0.999937 0.636809 0.000000 0.000000 0.000000 0.095173 0.952748 0.592272 0.660677 0.867470 0.967879 0.687193 0.000000 0.000000 0.000000 0.094523 0.952825 0.594900 0.738302 0.897337 0.996750 0.504596 0.000000 0.000000 0.000000 0.000000 0.951745 0.680227 0.562439 0.971580 0.957262 0.697729 0.000000 0.000000 0.000000 0.534227 1.086716 0.995623 1.042845 0.892511 0.209927 1.042413 0.968945 1.003401 0.206035 0.000000 0.952023 0.688247 0.656721 0.950652 1.005433 0.629796 0.000000 0.000000 0.000000 
35
0.000000 0.000000 1.039754 0.592297 0.653727 0.898907 0.965049 0.682327 0.000000 0.000000 0.000000 0.094523 0.952641 0.589740 0.666948 0.858071 0.975668 0.671780 0.000000 0.000000 0.000000 0.095173 0.952618 0.584795 0.775835 0.969204 0.997154 0.493580 0.000000 0.000000 0.000000 0.000000 0.951901 0.704407 0.562473 0.967233 0.958593 0.702320 0.000000 0.000000 0.000000 0.587529 1.080564 0.983031 1.025058 0.910406 0.207648 1.044409 0.934173 1.001613 0.201522 0.000000 0.951792 0.688481 0.588320 1.051212 1.009304 0.619664 0.000000 0.000000 0.000000 
36
0.000000 0.000015 1.043692 0.645437 0.650072 0.866128 0.997214 0.635695 0.000000 0.000000 0.000000 0.094634 0.956711 0.661005 0.649674 0.888713 0.983248 0.691634 0.000000 0.000000 0.000000 0.094634 0.956733 0.656770 0.756892 0.931530 0.992492 0.520941 0.000000 0.000000 0.000000 0.000163 0.952598 0.758473 0.554704 0.975210 0.994694 0.693379 0.000000 0.000000 0.000000 0.692372 0.969216 0.974426 0.695865 0.304197 0.269464 1.036947 0.970130 0.979342 0.217707 0.000111 0.952215 0.756602 0.674921 0.944927 1.005563 0.629102 0.000000 0.000000 0.000000 
37
0.000000 0.000000 1.039754 0.581667 0.670904 0.920586 0.985543 0.631735 0.000000 0.000000 0.000000 0.094523 0.952560 0.598161 0.651134 0.916994 0.983234 0.686324 0.000000 0.000000 0.000000 0.095173 0.952507 0.594311 0.758663 0.997574 0.991834 0.511135 0.000000 0.000000 0.000000 0.000000 0.951692 0.684723 0.555292 0.972201 0.958593 0.707372 0.000000 0.000000 0.000000 0.544249 1.078299 0.974389 0.691938 0.297062 0.204639 1.005092 0.968114 0.979766 0.209203 0.000000 0.952023 0.694364 0.629477 1.002475 1.006905 0.596223 0.000000 0.000000 0.000000 
38
0.000000 0.000000 1.039754 0.579229 0.669474 0.948044 0.999377 0.631881 0.000000 0.000000 0.000000 0.094523 0.952598 0.590464 0.646344 0.942590 0.970011 0.694660 0.000000 0.000000 0.000000 0.094523 0.952522 0.592099 0.671657 1.078987 0.998183 0.497567 0.000000 0.000000 0.000000 0.000000 0.952023 0.695384 0.556072 0.986216 0.957422 0.695947 0.000000 0.000000 0.000000 0.701954 0.917786 1.076373 0.640190 0.294782 0.202294 1.061786 0.966589 1.012856 0.202345 0.000000 0.952111 0.687760 0.606644 1.047097 1.001164 0.605730 0.000000 0.000000 0.000000 
39
0.000000 0.000000 1.039754 0.572763 0.655225 0.928581 1.001802 0.632876 0.000000 0.000000 0.000000 0.095173 0.952586 0.584768 0.646670 0.898209 0.983260 0.699696 0.000000 0.000000 0.000000 0.094523 0.952672 0.590337 0.774880 0.978493 0.997470 0.483955 0.000000 0.000000 0.000000 0.000000 0.951827 0.680888 0.544875 0.982973 0.972311 0.687723 0.000000 0.000000 0.000000 0.560292 1.080122 1.014657 0.695311 0.294349 0.192870 0.922086 0.976428 0.986333 0.213716 0.000000 0.951831 0.680571 0.679659 0.984841 1.000264 0.573018 0.000000 0.000000 0.000000 
40
0.000000 0.000015 1.043692 0.636203 0.651588 0.847259 1.013003 0.637041 0.000000 0.000000 0.000000 0.094634 0.956480 0.658603 0.567595 0.858994 0.983293 0.692436 0.000000 0.000000 0.000000 0.094625 0.956457 0.655573 0.756892 0.932768 0.992198 0.522919 0.000000 0.000000 0.000000 0.000102 0.952084 0.766141 0.551751 0.976093 0.980556 0.711142 0.000000 0.000000 0.000000 0.840130 0.950485 1.043594 0.999192 0.998900 0.254215 1.039175 0.963648 1.004145 0.227963 0.000111 0.952376 0.756105 0.664600 0.861426 1.006813 0.644326 0.000000 0.000000 0.000000 
41
0.000000 0.000000 1.039754 0.582368 0.669525 0.908079 1.001836 0.641215 0.000000 0.000000 0.000000 0.095173 0.952656 0.593702 0.660501 0.871974 0.982241 0.681682 0.000000 0.000000 0.000000 0.094523 0.952708 0.595843 0.644429 1.104167 0.992544 0.509425 0.000000 0.000000 0.000000 0.000000 0.952591 0.690920 0.545076 0.977906 0.984141 0.717507 0.000000 0.000000 0.000000 0.563399 1.093756 1.015337 1.013418 0.987162 0.228951 0.959220 0.987713 0.988347 0.213964 0.000000 0.952178 0.689810 0.638627 0.923593 0.998955 0.628764 0.000000 0.000000 0.000000 
42
0.000000 0.000000 1.039754 0.581430 0.670383 0.946712 0.999584 0.629699 0.000000 0.000000 0.000000 0.094523 0.952549 0.592542 0.669715 0.894001 0.971184 0.663387 0.000000 0.000000 0.000000 0.094523 0.952747 0.588624 0.774412 0.970478 0.996796 0.498012 0.000000 0.000000 0.000000 0.000000 0.951730 0.687810 0.543703 0.997102 0.984801 0.723500 0.000000 0.000000 0.000000 0.666932 0.979935 1.017574 0.991018 1.008332 0.209384 1.075277 0.971050 0.990063 0.213549 0.000000 0.951860 0.694680 0.638309 0.887209 1.027070 0.635859 0.000000 0.000000 0.000000 
43
0.000000 0.000000 1.039754 0.573487 0.654179 0.929608 1.000678 0.643672 0.000000 0.000000 0.000000 0.094523 0.952789 0.588714 0.668570 0.846585 0.983260 0.705201 0.000000 0.000000 0.000000 0.095181 0.952530 0.593599 0.757565 0.889257 0.999272 0.483684 0.000000 0.000000 0.000000 0.000000 0.951820 0.673752 0.544875 0.993880 0.984316 0.716626 0.000000 0.000000 0.000000 0.569551 1.088655 1.020400 1.003943 0.998260 0.192052 0.980135 0.954194 0.989207 0.213999 0.000000 0.951771 0.679207 0.655780 0.902102 0.998331 0.628569 0.000000 0.000000 0.000000 
44
0.000000 0.000108 1.043692 0.646719 0.661142 0.846408 1.013314 0.623127 0.000000 0.000000 0.000000 0.095283 0.956373 0.665692 0.646789 0.889390 0.982411 0.705636 0.000000 0.000000 0.000000 0.094634 0.956791 0.659987 0.766368 0.967100 0.993381 0.521915 0.000000 0.000000 0.000000 0.000062 0.951693 0.757358 0.551681 0.972897 0.984326 0.718962 0.000000 0.000000 0.000000 0.688349 0.955121 0.974357 0.695842 0.310549 0.243185 1.022530 1.000135 0.972018 0.231065 0.000111 0.951615 0.757761 0.663452 0.877660 1.008580 0.648994 0.000000 0.000000 0.000000 
45
0.000000 0.000000 1.039754 0.583000 0.629798 0.906898 1.000110 0.640384 0.000000 0.000000 0.000000 0.094523 0.952494 0.591449 0.647586 0.911523 0.982776 0.686499 0.000000 0.000000 0.000000 0.095173 0.952534 0.589850 0.772800 0.924994 0.994165 0.508717 0.000000 0.000000 0.000000 0.000000 0.952712 0.684712 0.544738 0.978746 0.984141 0.703418 0.000000 0.000000 0.000000 0.719901 0.957365 0.955441 0.713808 0.298851 0.202346 1.045398 0.959822 0.971167 0.231264 0.000000 0.952829 0.690000 0.637908 0.916259 1.007574 0.620448 0.000000 0.000000 0.000000 
46
0.000000 0.000000 1.039754 0.583063 0.660486 0.944141 1.000720 0.644597 0.000000 0.000000 0.000000 0.094523 0.952914 0.604857 0.647219 0.938800 0.969875 0.683624 0.000000 0.000000 0.000000 0.094523 0.952492 0.595876 0.672638 1.029883 0.995955 0.497982 0.000000 0.000000 0.000000 0.000000 0.951940 0.693871 0.543767 0.996299 0.984799 0.708227 0.000000 0.000000 0.000000 0.683236 0.998860 0.919224 0.713669 0.295143 0.199409 1.057694 0.959004 0.976619 0.231695 0.000000 0.951875 0.690757 0.638369 0.925302 0.998815 0.640357 0.000000 0.000000 0.000000 
47
0.000000 0.000000 1.039754 0.574747 0.655132 0.928297 1.000816 0.643114 0.000000 0.000000 0.000000 0.094523 0.952643 0.579388 0.647392 0.887757 0.984431 0.693715 0.000000 0.000000 0.000000 0.094523 0.952636 0.588244 0.673693 1.028144 0.997268 0.485426 0.000000 0.000000 0.000000 0.000000 0.951853 0.683418 0.545218 0.992967 0.984794 0.696124 0.000000 0.000000 0.000000 0.686905 0.951886 1.014648 0.695305 0.296857 0.211574 1.058856 0.957038 0.978041 0.231297 0.000000 0.951927 0.679786 0.655772 0.905420 0.998815 0.641636 0.000000 0.000000 0.000000 
48
0.000000 0.000000 1.043692 0.633277 0.647576 0.880124 0.999467 0.634804 0.000000 0.000000 0.000000 0.094634 0.956534 0.644960 0.555633 0.904204 0.998639 0.689782 0.000000 0.000000 0.000000 0.094631 0.956720 0.661793 0.767775 0.959558 1.002074 0.513759 0.000000 0.000000 0.000000 0.000108 0.951846 0.739337 0.548332 0.982026 0.995376 0.664553 0.000000 0.000000 0.000000 0.686040 0.969405 0.952680 0.747088 0.304669 0.251225 1.043971 0.997530 0.972868 0.227446 0.000206 0.952516 0.749437 0.643906 0.907142 0.986199 0.624562 0.000000 0.000000 0.000000 
49
0.000000 0.000000 1.039754 0.575340 0.642897 0.966069 1.000207 0.633300 0.000000 0.000000 0.000000 0.094523 0.952530 0.590682 0.661711 0.869448 1.019028 0.675622 0.000000 0.000000 0.000000 0.095268 0.952558 0.599659 0.774745 0.933683 1.003472 0.502466 0.000000 0.000000 0.000000 0.000000 0.951999 0.712784 0.554181 0.993994 0.956902 0.706020 0.000000 0.000000 0.000000 0.680908 0.971886 1.029015 0.622201 0.295625 0.204006 1.052996 0.963263 0.973231 0.228202 0.000000 0.952013 0.692437 0.668284 0.908726 1.005466 0.618108 0.000000 0.000000 0.000000 
50
0.000000 0.000000 1.039754 0.584991 0.659102 0.978906 0.998382 0.615315 0.000000 0.000000 0.000000 0.094523 0.952640 0.594955 0.661640 0.868175 0.998992 0.689962 0.000000 0.000000 0.000000 0.094523 0.952602 0.589590 0.673306 1.035727 0.997277 0.495773 0.000000 0.000000 0.000000 0.000000 0.951723 0.681834 0.556472 0.972537 0.957770 0.699100 0.000000 0.000000 0.000000 0.691664 0.917944 1.076415 0.643990 0.292705 0.202949 1.040466 0.978166 0.976912 0.227820 0.000000 0.951895 0.687005 0.669288 0.907544 1.005688 0.598219 0.000000 0.000000 0.000000 
51
0.000000 0.000000 1.039754 0.590290 0.661940 0.959842 0.984715 0.637509 0.000000 0.000000 0.000000 0.095173 0.952764 0.604653 0.662334 0.861831 0.983481 0.681018 0.000000 0.000000 0.000000 0.094523 0.952542 0.588289 0.673024 1.029760 0.996008 0.483678 0.000000 0.000000 0.000000 0.000000 0.952589 0.688490 0.556000 0.987391 0.957392 0.696613 0.000000 0.000000 0.000000 0.659285 0.966268 1.036237 0.618626 0.293346 0.217990 1.058936 0.981081 0.991199 0.209967 0.000000 0.951653 0.687069 0.673147 0.902118 1.002686 0.590093 0.000000 0.000000 0.000000 
52
0.000000 0.000000 1.043692 0.646475 0.630338 0.874058 0.998740 0.616784 0.000000 0.000000 0.000000 0.095259 0.956373 0.639477 0.556183 0.908433 1.003656 0.667703 0.000000 0.000000 0.000000 0.095259 0.956450 0.660042 0.769677 0.957114 0.992849 0.520799 0.000000 0.000000 0.000000 0.000000 0.952588 0.739494 0.558121 0.960668 0.983968 0.715206 0.000000 0.000000 0.000000 0.644310 1.012125 1.088012 0.673592 0.302402 0.273185 1.012674 0.953282 1.000197 0.227688 0.000000 0.952629 0.753531 0.678694 0.893479 0.963430 0.663552 0.000000 0.000000 0.000000 
53
0.000000 0.000000 1.039754 0.580933 0.641361 0.933243 0.999725 0.622479 0.000000 0.000000 0.000000 0.095259 0.952682 0.594537 0.667682 0.866030 0.996193 0.663518 0.000000 0.000000 0.000000 0.095259 0.952682 0.601021 0.775754 0.943728 0.992009 0.509723 0.000000 0.000000 0.000000 0.000000 0.952636 0.685867 0.567445 0.973010 0.969733 0.717260 0.000000 0.000000 0.000000 0.566670 1.071148 1.036288 0.622190 0.294264 0.207396 1.055253 0.982544 1.004595 0.208888 0.000000 0.952666 0.700317 0.675581 0.898318 1.009077 0.592399 0.000000 0.000000 0.000000 
54
0.000000 0.000000 1.039754 0.580203 0.642817 0.958114 0.999861 0.632240 0.000000 0.000000 0.000000 0.095259 0.952624 0.592304 0.668242 0.857603 0.967223 0.684158 0.000000 0.000000 0.000000 0.095259 0.952765 0.589815 0.764991 0.922417 0.997524 0.497603 0.000000 0.000000 0.000000 0.000000 0.952799 0.688546 0.561157 0.990166 0.984153 0.708575 0.000000 0.000000 0.000000 0.658895 0.909834 1.014600 0.691990 0.294906 0.202585 1.070861 0.948868 1.003768 0.209620 0.000000 0.952811 0.693097 0.674303 0.893583 1.013742 0.586439 0.000000 0.000000 0.000000 
55
0.000000 0.000000 1.039754 0.570986 0.646828 0.954468 0.984566 0.632062 0.000000 0.000000 0.000000 0.095268 0.952748 0.614564 0.661274 0.858918 0.976207 0.664226 0.000000 0.000000 0.000000 0.095268 0.952559 0.582943 0.672677 1.056838 0.997945 0.485619 0.000000 0.000000 0.000000 0.000000 0.952464 0.699419 0.566562 0.994573 0.984973 0.714609 0.000000 0.000000 0.000000 0.666965 0.887614 1.076416 0.640328 0.293088 0.191205 1.055425 0.982772 0.995779 0.210283 0.000000 0.952478 0.687194 0.672875 0.898848 1.007082 0.603272 0.000000 0.000000 0.000000 
56
0.000000 0.000000 1.039754 0.630935 0.649415 0.955905 1.014631 0.631938 0.000000 0.000000 0.000000 0.095268 0.952751 0.641116 0.562462 0.901324 1.002520 0.669429 0.000000 0.000000 0.000000 0.095260 0.952638 0.654474 0.747766 0.934027 0.992665 0.511318 0.000000 0.000000 0.000000 0.000000 0.952425 0.739181 0.564341 0.925009 0.984661 0.715544 0.000000 0.000000 0.000000 0.569196 1.107353 0.992850 0.673655 0.303359 0.247954 1.030130 1.000249 0.993983 0.206402 0.000000 0.952625 0.746972 0.664661 0.861956 0.963835 0.694825 0.000000 0.000000 0.000000 
57
0.000000 0.000000 1.039754 0.575820 0.670614 0.899563 1.001115 0.645054 0.000000 0.000000 0.000000 0.095259 0.952770 0.594463 0.667671 0.864760 0.997675 0.662980 0.000000 0.000000 0.000000 0.095259 0.952542 0.595413 0.746844 0.972863 1.011935 0.493917 0.000000 0.000000 0.000000 0.000000 0.952674 0.686985 0.568172 0.975622 0.985139 0.725380 0.000000 0.000000 0.000000 0.682471 0.957348 1.036324 0.622253 0.297037 0.220277 1.042703 0.957420 0.997584 0.201489 0.000000 0.952672 0.677924 0.638237 0.922029 0.997983 0.636948 0.000000 0.000000 0.000000 
58
0.000000 0.000000 1.039754 0.577569 0.653987 0.903607 1.000318 0.641336 0.000000 0.000000 0.000000 0.095268 0.952669 0.591402 0.662286 0.863478 0.967047 0.683666 0.000000 0.000000 0.000000 0.095259 0.952568 0.591484 0.629374 1.115800 0.997453 0.496692 0.000000 0.000000 0.000000 0.000000 0.952550 0.679060 0.559245 0.974650 0.984488 0.697402 0.000000 0.000000 0.000000 0.558496 1.119126 0.919235 0.691886 0.297910 0.202313 1.077590 0.960994 1.001033 0.202171 0.000000 0.952550 0.682205 0.639311 0.920926 1.000470 0.620033 0.000000 0.000000 0.000000 
59
0.000000 0.000000 1.039754 0.596330 0.658939 0.900047 1.014257 0.632570 0.000000 0.000000 0.000000 0.095259 0.952381 0.605621 0.669923 0.851901 0.976036 0.663478 0.000000 0.000000 0.000000 0.095268 0.952869 0.588635 0.741452 0.936426 0.997837 0.496673 0.000000 0.000000 0.000000 0.000000 0.952836 0.699103 0.561115 0.986349 0.998251 0.708365 0.000000 0.000000 0.000000 0.556872 1.096215 0.981148 0.640299 0.294473 0.195664 1.027316 0.964904 0.997829 0.194523 0.000000 0.952638 0.701349 0.665661 0.891341 1.001650 0.605470 0.000000 0.000000 0.000000 
60
0.000000 0.000000 1.039754 0.646719 0.648731 0.871281 0.998392 0.651498 0.000000 0.000000 0.000000 0.095268 0.952487 0.637368 0.562429 0.900596 1.002173 0.653689 0.000000 0.000000 0.000000 0.095268 0.952532 0.654254 0.768975 0.970980 0.998561 0.523139 0.000000 0.000000 0.000000 0.000000 0.952576 0.738606 0.554856 0.941525 0.998064 0.712520 0.000000 0.000000 0.000000 0.678871 0.938457 1.047855 0.673568 0.299254 0.265545 1.037176 0.985401 1.026903 0.209580 0.000000 0.952701 0.754524 0.643906 0.906783 0.998903 0.638652 0.000000 0.000000 0.000000 
61
0.000000 0.000000 1.039754 0.585300 0.638125 0.933890 0.985363 0.645795 0.000000 0.000000 0.000000 0.095259 0.952604 0.594063 0.667722 0.859033 0.996679 0.667053 0.000000 0.000000 0.000000 0.095259 0.952407 0.597841 0.646029 1.107351 0.960545 0.511964 0.000000 0.000000 0.000000 0.000000 0.952819 0.687840 0.564864 0.987827 0.961843 0.716524 0.000000 0.000000 0.000000 0.685380 0.957436 1.036370 0.622224 0.293447 0.208967 1.054954 0.977853 0.996922 0.209790 0.000000 0.952549 0.691036 0.667929 0.908102 1.004765 0.629749 0.000000 0.000000 0.000000 
62
0.000000 0.000000 1.039754 0.575855 0.642866 0.957790 1.014742 0.600665 0.000000 0.000000 0.000000 0.095259 0.952515 0.594529 0.662166 0.868496 0.968046 0.688289 0.000000 0.000000 0.000000 0.095261 0.952489 0.596629 0.777589 0.965598 0.998979 0.507620 0.000000 0.000000 0.000000 0.000000 0.952520 0.691526 0.564902 0.983469 0.961680 0.689249 0.000000 0.000000 0.000000 0.571934 1.023308 1.014522 0.692036 0.293644 0.202626 1.046241 0.995527 0.997110 0.210824 0.000000 0.952712 0.687887 0.668912 0.907910 1.001412 0.607510 0.000000 0.000000 0.000000 
63
0.000000 0.000000 1.039754 0.571295 0.642177 0.956750 0.984533 0.632632 0.000000 0.000000 0.000000 0.095268 0.952934 0.600083 0.669981 0.853166 0.976380 0.670256 0.000000 0.000000 0.000000 0.095259 0.953061 0.577660 0.771029 0.881156 0.997072 0.496389 0.000000 0.000000 0.000000 0.000000 0.952565 0.699014 0.565701 0.983024 0.963151 0.709983 0.000000 0.000000 0.000000 0.541922 1.041624 1.036342 0.640242 0.293492 0.202028 1.061888 0.965753 0.984420 0.217489 0.000000 0.952519 0.673279 0.673800 0.900057 1.009246 0.634658 0.000000 0.000000 0.000000 
