task94
0.012000 1.001137 2.001988 2.002069 3.011584 3.011717 4.011829 4.011962 5.024059 5.074966 
task15
0.022000 1.013417 2.011988 2.016319 3.021584 3.023994 4.041659 4.046036 5.114088 5.118683 
task10
0.022000 1.011259 2.011988 2.012048 3.021584 3.021659 4.041659 4.058118 5.114088 5.157770 
task13
0.022000 1.011222 2.011988 2.012091 3.021584 3.021655 4.041659 4.047488 5.114088 5.118749 
task0
0.022000 1.011435 2.011988 2.012350 3.021584 3.021923 4.041659 4.049177 5.114088 5.158077 
task5
0.024000 1.012518 2.012421 2.013111 3.022728 3.023493 4.063657 4.063683 5.185346 5.197718 
task1
0.024000 1.012542 2.013006 2.013032 3.023322 3.023513 4.061042 4.061672 5.185997 5.201379 
task8
0.024000 1.014141 2.013159 2.013888 3.022838 3.023584 4.063594 4.063606 5.183911 5.192870 
task12
0.024000 1.013133 2.013010 2.013828 3.023613 3.024562 4.061715 4.061988 5.184182 5.190212 
task11
0.024000 1.013901 2.012648 2.013385 3.022238 3.023135 4.062342 4.063154 5.185234 5.190421 
task2
0.024000 1.012981 2.012792 2.013565 3.023345 3.024129 4.062311 4.063087 5.184822 5.193094 
task9
0.024000 1.014063 2.013183 2.013917 3.022876 3.023512 4.061727 4.062407 5.184943 5.192524 
task6
0.024000 1.012936 2.012825 2.013602 3.023492 3.024220 4.060465 4.061148 5.184513 5.194351 
task3
0.024000 1.014044 2.013160 2.013907 3.023535 3.024220 4.062282 4.063041 5.184714 5.201131 
task4
0.024000 1.013050 2.012698 2.013345 3.023193 3.023890 4.061235 4.061917 5.184553 5.193681 
task7
0.024000 1.013261 2.013988 2.014050 3.023584 3.023661 4.062635 4.063329 5.184182 5.193771 
task14
0.024305 1.014008 2.013767 2.013907 3.023439 3.023613 4.060983 4.061604 5.184545 5.202054 
task16
0.032000 1.087141 2.021988 2.088319 3.031584 3.097517 4.079713 4.151229 5.248066 5.317865 
task17
0.092000 0.101852 1.087687 1.098867 2.089006 2.099845 3.097963 3.109532 4.253451 4.572486 5.318123 5.329835 
task20
0.092148 0.253483 1.087761 1.251761 2.089080 2.252630 3.098037 3.262147 4.253687 4.515330 5.318271 5.482484 
task19
0.282379 0.291625 1.279762 1.288925 2.281080 2.291100 3.290037 3.298889 4.577270 4.581822 4.593034 4.594496 4.618519 4.638719 5.510272 5.530584 
task18
0.308407 0.309237 0.312771 0.334800 1.296284 1.305419 1.310261 1.310674 1.310913 1.311255 1.311261 1.334274 2.293303 2.293861 2.293908 2.294908 2.311303 2.312596 2.312676 2.334862 3.315621 3.317110 3.321769 3.344365 4.618370 4.620322 5.519774 5.529244 
task21
0.312638 0.313801 0.314416 0.315699 1.311128 1.313997 2.312543 2.315458 3.322039 3.325634 4.641218 4.643134 4.643351 4.644603 4.649246 4.653210 5.555664 5.558324 
task22
0.336771 0.337326 0.338688 0.339076 0.340490 0.340796 1.335456 1.336104 1.336491 1.336968 1.337408 1.337602 1.337709 1.337828 1.337973 1.338250 1.338552 1.338747 1.338972 1.339457 2.338096 2.338883 2.339303 2.339648 2.339649 2.339694 2.339856 2.340073 2.340157 2.340253 2.340254 2.340560 2.340766 2.340829 3.346272 3.348695 3.348742 3.349021 3.349334 3.349418 3.349827 3.349929 3.349944 3.350272 4.649969 4.650326 4.650741 4.651274 4.651351 4.651472 4.651566 4.651961 5.573796 5.575927 5.576081 5.576124 5.576316 5.576446 5.576527 5.576578 5.576811 5.576973 5.577185 5.577442 
task23
0.346000 0.346938 1.346099 1.346907 2.348218 2.349076 3.354317 3.355245 4.674426 4.675401 5.582525 5.583370 
task24
0.348597 0.348972 1.347037 1.347173 1.347485 1.347847 1.348067 1.348209 1.348552 1.348911 2.349363 2.349428 2.349649 2.349873 2.349887 2.350257 2.350354 2.350655 2.350766 2.350975 3.355877 3.356219 3.356333 3.357029 3.357334 3.357461 4.675813 4.675998 4.676018 4.676311 4.676905 4.677212 4.677389 4.677869 5.583464 5.583786 5.583828 5.583968 5.584081 5.584261 5.584316 5.584445 5.584527 5.584681 5.584811 5.584992 5.585286 5.585499 
task54
0.360639 0.362542 0.364207 0.364546 0.364956 0.365324 1.360593 1.361299 1.361556 1.361740 1.361750 1.361971 1.364021 1.365627 1.365725 1.366280 2.360396 2.361055 2.361405 2.361609 2.361929 2.362418 2.363723 2.366003 2.366141 2.366290 2.366425 2.366753 3.370374 3.370772 3.370820 3.372030 3.372035 3.372230 3.373669 3.374306 3.374573 3.375245 3.375528 3.375714 3.376150 3.376298 4.690204 4.691081 4.691460 4.693190 4.693926 4.694770 4.694794 4.694986 4.695704 4.695848 5.600123 5.600248 5.600568 5.601001 5.601564 5.603251 5.604031 5.604196 5.604268 5.605288 5.605775 5.605920 
task25
0.360639 0.368244 1.360593 1.380939 2.360396 2.381446 3.370374 3.389594 4.690204 4.695224 4.695353 4.696912 5.600123 5.608874 
task31
0.360886 0.361264 0.364347 0.384644 1.360644 1.360927 1.361557 1.361965 1.364069 1.384430 2.360462 2.360786 2.361929 2.362210 2.364151 2.385250 3.370451 3.370814 3.370821 3.371078 3.374170 3.382118 4.690248 4.690695 4.691534 4.691890 4.693926 4.714458 5.600593 5.600836 5.601565 5.601947 5.604031 5.624621 
task30
0.360886 0.361186 0.364347 0.367764 1.360644 1.360848 1.361557 1.361886 1.364069 1.368016 2.360462 2.360707 2.361929 2.362131 2.364151 2.364469 2.366141 2.368556 3.370451 3.370736 3.370821 3.370999 3.374170 3.382040 4.690249 4.690617 4.691534 4.691811 4.693926 4.697854 5.600593 5.600757 5.601565 5.601868 5.604031 5.608380 
task35
0.362055 0.362510 1.362154 1.362679 2.360274 2.360648 3.370372 3.370817 4.690482 4.690973 5.600581 5.601141 
task90
0.364135 0.365691 1.365424 1.366972 2.365056 2.366601 3.374665 3.377448 4.694772 4.697609 5.604646 5.607437 
task83
0.364135 0.380790 1.363936 1.369475 2.363715 2.370154 3.373669 3.379608 4.693774 4.699704 5.603948 5.621235 
task33
0.364197 0.365028 0.382292 0.382424 0.382956 0.383391 0.426346 0.445175 1.364059 1.381400 1.382026 1.382204 1.383166 1.383251 1.383342 1.383471 1.383725 1.383982 1.427218 1.445100 2.363706 2.374004 2.374753 2.378788 2.382141 2.382297 2.382380 2.382424 2.382431 2.382506 2.382759 2.382830 2.383614 2.383638 2.383850 2.384017 2.426311 2.480365 3.373659 3.374103 3.374564 3.381344 3.382771 3.383886 3.384776 3.390540 3.390693 3.391027 3.391219 3.391226 3.391534 3.391731 3.391756 3.391876 3.392156 3.392278 3.436857 3.490775 4.693849 4.694035 5.604200 5.604830 5.621273 5.621421 5.622031 5.622069 5.622268 5.622406 5.622416 5.622481 5.622760 5.622966 5.623279 5.623426 5.623775 5.623973 5.666200 5.686544 
task26
0.426222 0.428446 1.427166 1.430236 2.426147 2.429998 3.436693 3.440313 4.756317 4.759400 5.666037 5.669028 
task86
0.426222 0.441163 1.427183 1.496185 2.426164 2.495934 3.436711 3.506345 4.756334 4.825208 5.666054 5.681777 
task84
0.426339 0.488826 1.427211 1.489793 2.426272 2.484273 3.436850 3.494683 4.709440 4.718118 4.756362 4.819701 5.666193 5.729481 
task28
0.484346 0.488330 0.496381 0.503200 1.495218 1.527224 2.484311 2.488237 2.495311 2.525946 3.504964 3.507187 3.507386 3.536382 4.813581 4.818173 4.825581 4.827001 4.835615 4.842033 5.735493 5.742136 
task87
0.496346 0.501782 1.497218 1.502697 2.496030 2.502567 3.507351 3.513439 4.835581 4.842303 5.735460 5.741545 
task85
0.496363 0.527985 1.497234 1.528514 2.496046 2.527318 3.507367 3.536913 4.756429 4.761836 5.733458 5.745530 
task27
0.496364 0.502742 1.497235 1.527872 2.496047 2.526320 3.507368 3.513652 4.835597 4.864831 5.735476 5.765927 
task29
0.524381 0.525420 0.526381 0.528300 0.528464 0.546737 1.527253 1.527872 1.527922 1.528811 1.529366 1.547115 2.526345 2.527312 2.528012 2.544459 3.538892 3.540732 4.861879 4.862319 4.862880 4.863268 4.863615 4.868089 5.766235 5.766583 5.766963 5.784530 
task32
0.528381 0.529847 1.529266 1.530806 2.527881 2.529277 2.529346 2.529779 3.572992 3.588800 4.864894 4.865396 4.865615 4.867016 5.814581 5.828293 
task36
0.528412 0.532571 1.529298 1.532967 2.527943 2.530311 3.570923 3.591593 4.864939 4.867939 5.814608 5.828895 
task88
0.528459 0.546422 1.529362 1.546818 2.528007 2.544145 3.535741 3.553969 4.877046 4.893468 5.767007 5.783865 
task34
0.566464 0.580782 0.593233 0.593492 0.593528 0.593834 0.594500 0.594893 0.595233 0.595402 0.595494 0.595745 0.596517 0.643425 1.567366 1.567946 1.568043 1.576159 1.593385 1.593563 1.593689 1.593891 1.594074 1.594679 1.595385 1.595679 1.595689 1.595819 1.595857 1.612000 2.599014 2.647647 3.609608 3.617425 4.873693 4.874247 4.874353 4.874760 4.875003 4.875232 4.875729 4.875936 4.875993 4.876175 4.876389 4.876947 4.877050 4.897087 5.840163 5.887380 
task39
0.596500 0.598947 1.595851 1.609551 2.599007 2.609366 3.609553 3.614420 4.877040 4.880097 5.840134 5.843556 
task37
0.596506 0.655181 1.595840 1.599933 2.599001 2.602987 3.624516 3.665117 4.942400 4.985215 5.840157 5.895507 
task89
0.596512 0.647733 1.595846 1.608400 2.558620 2.576282 2.593001 2.649631 3.572987 3.588635 4.943757 4.949694 5.812527 5.820907 
task91
0.614056 0.614199 1.610175 1.610368 2.600274 2.600536 3.632373 3.632505 4.982482 4.982661 5.818581 5.818830 
task92
0.651249 0.675669 1.650476 1.675147 2.652527 2.675358 3.663241 3.697889 4.992042 5.023322 5.835096 5.855452 
task38
0.655260 0.658687 1.652478 1.655019 2.654079 2.656565 3.630606 3.633101 4.981785 4.985769 5.896738 5.899959 
task93
0.671605 0.677672 1.670500 1.674416 1.674498 1.682581 2.672549 2.683406 3.695204 3.722153 5.022053 5.106983 5.894727 5.909269 
task40
0.677603 0.681889 1.674497 1.678040 2.675609 2.678722 3.666611 3.671620 4.993813 4.996966 5.908748 5.914192 
task41
0.697639 0.715611 1.697764 1.715287 2.699046 2.716677 3.697211 3.713447 5.023820 5.040481 5.927644 5.930602 5.960784 5.930602 5.962981 5.930602 5.960819 5.930602 5.960972 5.930602 5.957127 5.930602 5.959324 5.930602 5.957162 5.930602 5.957315 5.930602 5.953470 5.930602 5.955667 5.930602 5.953515 5.930602 5.953658 5.930602 5.949808 5.930602 5.952010 5.930602 5.949853 5.930602 5.950001 5.930602 5.946149 5.930602 5.948362 5.930755 5.967842 5.930755 5.969963 5.930755 5.967911 5.930755 5.967999 5.930755 5.993435 5.930755 5.995543 5.930755 5.997167 5.930755 5.997274 5.930755 5.964185 5.930755 5.966316 5.930755 5.964254 5.930755 5.964333 5.930755 5.997092 5.930755 5.999200 5.930755 5.960534 5.930755 5.962658 5.930755 5.960597 5.930755 5.960676 5.930755 5.956872 5.930755 5.958996 5.930755 5.956946 5.930755 5.957019 5.930755 5.953215 5.930755 5.955345 5.930755 5.953289 5.930755 5.953362 5.930755 5.949553 5.930755 5.951688 5.930755 5.949632 5.930755 5.949705 5.930755 5.945910 5.930755 5.948031 5.930839 5.967996 5.930839 5.970092 5.930839 5.967894 5.930839 5.967888 5.930839 5.993594 5.930839 5.995690 5.930839 5.997149 5.930839 5.997138 5.930839 5.964339 5.930839 5.966435 5.930839 5.964237 5.930839 5.964231 5.930839 5.997251 5.930839 5.999347 5.930839 5.960677 5.930839 5.962783 5.930839 5.960585 5.930839 5.960569 5.930839 5.957020 5.930839 5.959132 5.930839 5.956928 5.930839 5.956912 5.930839 5.953363 5.930839 5.955475 5.930839 5.953271 5.930839 5.953255 5.930839 5.949706 5.930839 5.951813 5.930839 5.949614 5.930839 5.949598 5.930839 5.946063 5.930839 5.948156 5.931175 5.968298 5.931175 5.970713 5.931175 5.968294 5.931175 5.968416 5.931175 5.993897 5.931175 5.996311 5.931175 5.997543 5.931175 5.997671 5.931175 5.964641 5.931175 5.967056 5.931175 5.964637 5.931175 5.964759 5.931175 5.997554 5.931175 5.999968 5.931175 5.960985 5.931175 5.963399 5.931175 5.960980 5.931175 5.961102 5.931175 5.957328 5.931175 5.959742 5.931175 5.957323 5.931175 5.957445 5.931175 5.953671 5.931175 5.956085 5.931175 5.953666 5.931175 5.953788 5.931175 5.950014 5.931175 5.952428 5.931175 5.950009 5.931175 5.950131 5.931175 5.946353 5.931175 5.948771 5.931257 5.968395 5.931257 5.970445 5.931257 5.968477 5.931257 5.968529 5.931257 5.993988 5.931257 5.996044 5.931257 5.997733 5.931257 5.997784 5.931257 5.964739 5.931257 5.966788 5.931257 5.964826 5.931257 5.964872 5.931257 5.997645 5.931257 5.999701 5.931257 5.961082 5.931257 5.963125 5.931257 5.961175 5.931257 5.961215 5.931257 5.957425 5.931257 5.959462 5.931257 5.957524 5.931257 5.957558 5.931257 5.953768 5.931257 5.955799 5.931257 5.953863 5.931257 5.953907 5.931257 5.950111 5.931257 5.952142 5.931257 5.950215 5.931257 5.950250 5.931257 5.946452 5.931257 5.948485 5.931282 5.968315 5.931282 5.970499 5.931282 5.968432 5.931282 5.968500 5.931282 5.993907 5.931282 5.996098 5.931282 5.997687 5.931282 5.997756 5.931282 5.964658 5.931282 5.966842 5.931282 5.964775 5.931282 5.964843 5.931282 5.997564 5.931282 5.999755 5.931282 5.961001 5.931282 5.963186 5.931282 5.961118 5.931282 5.961186 5.931282 5.957348 5.931282 5.959529 5.931282 5.957458 5.931282 5.957533 5.931282 5.953691 5.931282 5.955872 5.931282 5.953801 5.931282 5.953876 5.931282 5.950045 5.931282 5.952215 5.931282 5.950141 5.931282 5.950219 5.931282 5.946386 5.931282 5.948546 5.931313 5.970621 5.931313 5.990423 5.931313 5.990394 5.931313 5.990333 5.931313 5.992562 5.931313 5.964824 5.931313 5.964796 5.931313 5.964740 5.931313 5.966964 5.931313 5.994080 5.931313 5.994051 5.931313 5.993990 5.931313 5.996219 5.931313 5.961167 5.931313 5.961134 5.931313 5.961083 5.931313 5.963312 5.931313 5.997737 5.931313 5.997708 5.931313 5.997647 5.931313 5.999876 5.931313 5.957510 5.931313 5.957477 5.931313 5.957426 5.931313 5.959660 5.931313 5.953854 5.931313 5.953820 5.931313 5.953769 5.931313 5.956003 5.931313 5.950192 5.931313 5.950163 5.931313 5.950112 5.931313 5.952346 5.931313 5.946549 5.931313 5.946501 5.931313 5.946453 5.931313 5.948689 5.931644 5.970832 5.931644 5.968739 5.931644 5.968811 5.931644 5.992827 5.931644 5.998007 5.931644 5.997994 5.931644 5.998066 5.931644 5.965657 5.931644 5.967175 5.931644 5.965082 5.931644 5.965154 5.931644 5.996484 5.932233 5.962102 5.932233 5.964200 5.932233 5.961550 5.932233 5.962036 5.932233 5.958445 5.932233 5.960543 5.932233 5.957901 5.932233 5.958371 5.932233 5.954786 5.932233 5.956882 5.932233 5.954243 5.932233 5.954714 5.932233 5.951137 5.932233 5.953225 5.932233 5.950586 5.932233 5.951058 5.932233 5.947494 5.932233 5.949562 5.932579 5.969645 5.932579 5.971912 5.932579 5.969703 5.932579 5.969694 5.932579 5.995243 5.932579 5.997505 5.932579 5.998959 5.932579 5.998950 5.932579 5.965988 5.932579 5.968255 5.932579 5.966046 5.932579 5.966037 5.932579 5.998900 5.949970 
task42
0.698539 0.704438 1.699446 1.707216 2.699045 2.705513 3.697209 3.702608 5.023819 5.030134 5.930602 5.936799 
task43
0.782693 0.797761 1.785447 1.797786 2.782224 2.799074 3.787302 3.801708 5.114060 5.131924 
task46
0.792060 0.792289 1.794180 1.794458 2.792279 2.792427 3.796377 3.796596 5.122487 5.122752 
task47
0.794080 0.795369 1.796200 1.797338 2.794298 2.795507 3.798397 3.799676 5.124506 5.125631 
task48
0.846721 0.851910 1.848161 1.857477 2.848252 2.858442 3.849330 3.860949 5.178469 5.200870 
task44
0.848566 0.851161 1.851518 1.857154 2.853696 2.859706 3.853725 3.858442 5.184150 5.203841 
task45
0.862784 0.870812 1.862618 1.871552 2.863724 2.872164 3.869307 3.872903 5.201997 5.214149 
task49
0.864811 0.867734 1.865853 1.868545 2.866672 2.869378 3.867385 3.877500 5.183883 5.191068 
task50
0.896811 0.901838 1.898278 1.902522 2.899751 2.903011 3.899428 3.905720 5.206837 5.210349 
task51
0.912812 0.914655 0.914670 0.916824 1.913605 1.915577 2.914755 2.917153 3.917383 3.921505 5.247233 5.249632 
task52
0.920698 0.921314 0.921496 0.921746 0.921831 0.922220 1.920306 1.920551 1.921660 1.921780 1.921963 1.922178 1.922208 1.922309 1.922332 1.922542 1.922553 1.922673 1.922717 1.922865 2.921807 2.921983 2.922304 2.922634 2.922755 2.922860 2.922880 2.922998 2.923061 2.923299 3.923831 3.924029 3.924168 3.924429 3.924773 3.924938 3.925411 3.925663 3.925897 3.926077 3.926246 3.926478 5.252601 5.253083 5.253197 5.253593 5.253611 5.253702 5.253954 5.254187 5.254280 5.254540 5.254682 5.255595 
task53
0.921008 0.921235 0.921468 0.921537 0.921542 0.921568 0.921804 0.921914 0.921923 0.921995 0.922763 0.922894 1.921632 1.921912 1.921950 1.922089 1.922195 1.922304 1.922332 1.922348 1.922363 1.922628 1.922696 1.922791 2.924358 2.924550 2.924769 2.924872 2.924920 2.925007 2.925080 2.925413 2.925861 2.926014 3.925884 3.926047 3.926217 3.926449 3.926824 3.926921 3.927462 3.927527 3.927581 3.927617 5.253926 5.254206 5.254252 5.254378 5.254654 5.254737 5.254932 5.254992 5.255225 5.255761 
task55
0.923542 0.926650 1.923713 1.927297 2.926371 2.929490 3.928246 3.931364 5.256321 5.259841 
task56
0.927027 0.937866 1.926296 1.936738 2.929068 2.940335 3.930517 3.941430 5.259829 5.271444 
task57
0.957080 0.957134 0.957350 0.957417 0.957868 0.957936 0.958211 0.958407 1.955974 1.956016 1.956407 1.956426 1.956641 1.956739 1.956785 1.956990 1.956996 1.957134 1.957145 1.957328 2.959478 2.959513 2.959521 2.959547 2.959571 2.959705 2.960224 2.960407 2.960715 2.961043 2.961179 2.961505 3.959801 3.960400 3.960585 3.960672 3.960768 3.960883 3.961222 3.961412 5.289801 5.290077 5.290096 5.290314 5.290325 5.290414 5.290557 5.290718 5.290747 5.290926 5.291106 5.291285 5.291392 5.291592 5.291680 5.292012 
task58
4.010592 4.018666 
task61
4.010775 4.013574 
task62
4.010775 4.045666 
task69
4.010800 4.019890 
task74
4.010857 4.040630 
task73
4.010858 4.025684 
task64
4.028904 4.033448 4.033616 4.058104 
task59
4.040933 4.047161 
task75
4.040934 4.047163 
task76
4.047618 4.048092 4.048173 4.048669 4.048982 4.062313 
task60
4.048934 4.053088 
task63
4.064889 4.067646 
task65
4.069650 4.079363 
task66
4.092416 4.092863 
task67
4.093196 4.100261 
task82
4.115862 4.130196 
task80
4.115918 4.250145 
task71
4.115924 4.138463 
task68
4.116005 4.144913 
task77
4.116005 4.236878 
task81
4.246552 4.248377 4.248502 4.249630 4.253598 4.508410 
task70
4.253233 4.264753 
task78
4.253450 4.270404 
task72
4.253598 4.335118 
task79
4.618519 4.640326 
