5
0.000000 0.012000 1.000000 1.001137 2.000000 2.002069 3.000000 3.011717 4.000000 4.011962 5.000000 5.074966 
0
0.000000 0.024411 1.000000 1.014141 2.000000 2.016319 3.000000 3.024562 4.000000 4.063683 5.000000 5.202054 
4
0.000000 0.356145 1.000000 1.356000 2.000000 2.358102 3.000000 3.364549 4.000000 4.684984 5.000000 5.592612 
1
0.000000 0.693296 1.000000 1.698159 2.000000 2.698840 3.000000 3.778860 4.000000 5.106983 5.000000 5.910193 
2
0.000000 0.966234 1.000000 1.965268 2.000000 2.968773 3.000000 3.970078 4.000000 5.443873 
3
4.000000 4.664192 
