0
0.000000 1000000.000000 999488.000000 999488.000000 1000000.000000 1000000.000000 999989.000000 999993.000000 1000000.000000 1000000.000000 1000000.000000 1000000.000000 999488.000000 999488.000000 1000000.000000 1000000.000000 999986.000000 999997.000000 1000000.000000 1000000.000000 1000000.000000 1000000.000000 999488.000000 999488.000000 1000000.000000 999988.000000 999997.000000 999993.000000 999988.000000 1000000.000000 1000000.000000 1000000.000000 999488.000000 999488.000000 1000000.000000 1000000.000000 999993.000000 999997.000000 1000000.000000 1000000.000000 1000000.000000 1000000.000000 1000000.000000 999992.000000 999982.000000 999146.000000 1000000.000000 1000000.000000 999999.000000 999999.000000 999985.000000 1000000.000000 1000000.000000 1000000.000000 999989.000000 999999.000000 1000000.000000 1000000.000000 999995.000000 999989.000000 999997.000000 
1
0.000000 33792.000000 369728.000000 996354.000000 1000000.000000 999988.000000 999989.000000 999997.000000 999992.000000 1000000.000000 1000000.000000 999978.000000 999978.000000 1000000.000000 1000000.000000 999908.000000 999994.000000 999997.000000 999989.000000 1000000.000000 1000000.000000 999994.000000 999946.000000 1000000.000000 1000000.000000 999988.000000 999993.000000 999997.000000 999993.000000 1000000.000000 1000000.000000 999998.000000 999998.000000 999998.000000 1000000.000000 999956.000000 999993.000000 999997.000000 1000000.000000 1000000.000000 1000000.000000 1000000.000000 1000000.000000 1000000.000000 1000000.000000 999998.000000 999998.000000 1000000.000000 1000000.000000 999999.000000 999953.000000 999993.000000 1000000.000000 1000000.000000 999973.000000 999965.000000 1000000.000000 1000000.000000 999994.000000 999986.000000 999989.000000 
2
0.000000 33792.000000 387136.000000 1000000.000000 1000000.000000 999997.000000 999992.000000 999997.000000 999992.000000 1000000.000000 1000000.000000 999962.000000 999994.000000 999996.000000 1000000.000000 999997.000000 999994.000000 999989.000000 999980.000000 1000000.000000 1000000.000000 999988.000000 999988.000000 999990.000000 1000000.000000 999997.000000 999994.000000 999993.000000 1000000.000000 1000000.000000 999996.000000 999980.000000 1000000.000000 999998.000000 1000000.000000 999997.000000 999986.000000 999993.000000 1000000.000000 1000000.000000 1000000.000000 1000000.000000 1000000.000000 1000000.000000 1000000.000000 999998.000000 999998.000000 1000000.000000 1000000.000000 999985.000000 999953.000000 999993.000000 1000000.000000 1000000.000000 999945.000000 999993.000000 1000000.000000 1000000.000000 999986.000000 999997.000000 999997.000000 
3
0.000000 33792.000000 387136.000000 1000000.000000 1000000.000000 999988.000000 999994.000000 999997.000000 999980.000000 1000000.000000 1000000.000000 1000000.000000 999976.000000 1000000.000000 1000000.000000 999988.000000 999993.000000 999997.000000 999989.000000 1000000.000000 1000000.000000 1000000.000000 1000000.000000 1000000.000000 1000000.000000 999972.000000 999993.000000 999993.000000 1000000.000000 1000000.000000 1000000.000000 999954.000000 999986.000000 999988.000000 1000000.000000 999639.000000 999993.000000 999993.000000 1000000.000000 1000000.000000 1000000.000000 1000000.000000 1000000.000000 1000000.000000 1000000.000000 999996.000000 999998.000000 1000000.000000 1000000.000000 999989.000000 999985.000000 999996.000000 1000000.000000 1000000.000000 1000000.000000 999995.000000 1000000.000000 1000000.000000 999986.000000 999997.000000 999997.000000 
4
0.000000 33792.000000 370048.000000 996673.000000 1000000.000000 999999.000000 999998.000000 999997.000000 1000000.000000 1000000.000000 1000000.000000 1000000.000000 1000000.000000 999999.000000 1000000.000000 999999.000000 999998.000000 999993.000000 999992.000000 1000000.000000 1000000.000000 1000000.000000 999972.000000 999999.000000 1000000.000000 999999.000000 999998.000000 999973.000000 999980.000000 1000000.000000 1000000.000000 1000000.000000 999966.000000 999923.000000 1000000.000000 999999.000000 999998.000000 999985.000000 999996.000000 1000000.000000 999996.000000 1000000.000000 1000000.000000 1000000.000000 1000000.000000 999998.000000 1000000.000000 1000000.000000 999999.000000 999998.000000 999993.000000 1000000.000000 1000000.000000 1000000.000000 999488.000000 999808.000000 1000000.000000 999999.000000 999999.000000 999997.000000 999997.000000 
5
0.000000 33792.000000 369728.000000 996353.000000 1000000.000000 999969.000000 999993.000000 999997.000000 999996.000000 1000000.000000 1000000.000000 999978.000000 1000000.000000 1000000.000000 1000000.000000 999953.000000 999994.000000 999997.000000 999996.000000 1000000.000000 1000000.000000 999956.000000 999956.000000 999976.000000 1000000.000000 999937.000000 999993.000000 999997.000000 1000000.000000 1000000.000000 1000000.000000 999988.000000 999988.000000 999996.000000 1000000.000000 999953.000000 999993.000000 999997.000000 999996.000000 1000000.000000 1000000.000000 1000000.000000 1000000.000000 1000000.000000 1000000.000000 999998.000000 999998.000000 1000000.000000 999998.000000 999986.000000 999937.000000 999996.000000 1000000.000000 1000000.000000 999971.000000 999951.000000 1000000.000000 999998.000000 999994.000000 999993.000000 1000000.000000 
6
0.000000 33792.000000 369728.000000 996353.000000 1000000.000000 999999.000000 999986.000000 999993.000000 999976.000000 1000000.000000 1000000.000000 999988.000000 999972.000000 999977.000000 1000000.000000 999999.000000 999993.000000 999993.000000 999993.000000 1000000.000000 1000000.000000 999988.000000 999988.000000 999988.000000 1000000.000000 999999.000000 999986.000000 999993.000000 999976.000000 1000000.000000 1000000.000000 1000000.000000 1000000.000000 999993.000000 1000000.000000 999999.000000 999994.000000 999997.000000 1000000.000000 1000000.000000 1000000.000000 1000000.000000 1000000.000000 1000000.000000 999999.000000 1000000.000000 999993.000000 1000000.000000 999998.000000 999998.000000 999953.000000 999997.000000 1000000.000000 1000000.000000 999997.000000 999953.000000 1000000.000000 999999.000000 999994.000000 999997.000000 1000000.000000 
7
0.000000 33792.000000 369728.000000 996353.000000 1000000.000000 999985.000000 999994.000000 999997.000000 999981.000000 1000000.000000 1000000.000000 999988.000000 999972.000000 1000000.000000 1000000.000000 999969.000000 999994.000000 999997.000000 999988.000000 1000000.000000 1000000.000000 999974.000000 999994.000000 999999.000000 1000000.000000 999937.000000 999994.000000 999997.000000 1000000.000000 1000000.000000 1000000.000000 999996.000000 999996.000000 999997.000000 1000000.000000 999985.000000 999994.000000 999989.000000 1000000.000000 1000000.000000 1000000.000000 1000000.000000 1000000.000000 1000000.000000 999992.000000 1000000.000000 999993.000000 1000000.000000 999998.000000 999986.000000 999969.000000 999993.000000 1000000.000000 1000000.000000 999983.000000 999995.000000 1000000.000000 999998.000000 999994.000000 999981.000000 999993.000000 
8
0.000000 33792.000000 369728.000000 996353.000000 1000000.000000 999944.000000 999999.000000 999993.000000 999985.000000 1000000.000000 1000000.000000 999982.000000 999998.000000 999991.000000 1000000.000000 999992.000000 1000000.000000 999997.000000 999993.000000 1000000.000000 1000000.000000 999952.000000 999960.000000 1000000.000000 1000000.000000 999992.000000 1000000.000000 999997.000000 999997.000000 1000000.000000 1000000.000000 999988.000000 999980.000000 1000000.000000 1000000.000000 999992.000000 999996.000000 1000000.000000 1000000.000000 1000000.000000 1000000.000000 1000000.000000 1000000.000000 1000000.000000 1000000.000000 999995.000000 999996.000000 1000000.000000 999997.000000 999988.000000 999985.000000 999997.000000 1000000.000000 1000000.000000 1000000.000000 999987.000000 1000000.000000 1000000.000000 999999.000000 999999.000000 999997.000000 
9
0.000000 33792.000000 369728.000000 996353.000000 1000000.000000 999992.000000 1000000.000000 999997.000000 999972.000000 1000000.000000 1000000.000000 1000000.000000 999984.000000 999980.000000 1000000.000000 999992.000000 999997.000000 999999.000000 999989.000000 1000000.000000 1000000.000000 999958.000000 999990.000000 999995.000000 1000000.000000 999960.000000 999995.000000 999999.000000 999996.000000 1000000.000000 1000000.000000 999992.000000 999944.000000 999988.000000 1000000.000000 999992.000000 999999.000000 999997.000000 999996.000000 1000000.000000 1000000.000000 1000000.000000 1000000.000000 1000000.000000 1000000.000000 999995.000000 999996.000000 1000000.000000 1000000.000000 999994.000000 999991.000000 999996.000000 1000000.000000 1000000.000000 999999.000000 1000000.000000 1000000.000000 1000000.000000 999996.000000 1000000.000000 999985.000000 
