0
0.000000 141312.000000 73728.000000 12288.000000 0.000000 19424.000000 34900.000000 61248.000000 38272.000000 11528.000000 0.000000 135168.000000 73728.000000 6144.000000 0.000000 20624.000000 35436.000000 62592.000000 41536.000000 11528.000000 0.000000 135168.000000 73728.000000 12288.000000 0.000000 18360.000000 36440.000000 63616.000000 41536.000000 1160.000000 0.000000 141312.000000 79872.000000 12504.000000 0.000000 8266.000000 3952.000000 65487.000000 44800.000000 3762.000000 0.000000 13824.000000 67067.000000 197618.000000 134162.000000 68576.000000 2592.000000 6594.000000 17146.000000 33132.000000 17774.000000 18506.000000 8096.000000 0.000000 92160.000000 24576.000000 0.000000 24356.000000 27172.000000 7460.000000 18944.000000 
1
0.000000 135424.000000 67840.000000 9384.000000 0.000000 19424.000000 34900.000000 62592.000000 41536.000000 12100.000000 0.000000 129280.000000 67840.000000 9384.000000 0.000000 21056.000000 36700.000000 60224.000000 38272.000000 11520.000000 0.000000 129280.000000 67840.000000 9384.000000 0.000000 20720.000000 36440.000000 63616.000000 41536.000000 1160.000000 0.000000 135424.000000 73984.000000 18768.000000 0.000000 4802.000000 15456.000000 64025.000000 41536.000000 2508.000000 0.000000 12288.000000 40329.000000 195904.000000 134368.000000 66592.000000 2592.000000 6546.000000 19758.000000 28880.000000 17774.000000 18506.000000 8344.000000 0.000000 86272.000000 24576.000000 0.000000 30109.000000 18372.000000 7100.000000 18944.000000 
2
0.000000 135424.000000 67840.000000 9168.000000 0.000000 17016.000000 35204.000000 61568.000000 41536.000000 11528.000000 0.000000 129280.000000 67840.000000 9384.000000 0.000000 18216.000000 36084.000000 60224.000000 39168.000000 11528.000000 0.000000 129280.000000 67840.000000 9168.000000 0.000000 20720.000000 37764.000000 62272.000000 41536.000000 1160.000000 0.000000 135424.000000 73984.000000 18552.000000 0.000000 9638.000000 9952.000000 65487.000000 44800.000000 2508.000000 0.000000 9216.000000 47950.000000 196781.000000 136653.000000 67328.000000 2592.000000 6882.000000 22298.000000 32384.000000 17896.000000 18506.000000 8164.000000 0.000000 86272.000000 18432.000000 0.000000 31478.000000 18372.000000 7575.000000 16576.000000 
3
0.000000 135168.000000 67584.000000 9168.000000 0.000000 19416.000000 34456.000000 63616.000000 38272.000000 12100.000000 0.000000 129024.000000 67584.000000 9276.000000 0.000000 20568.000000 36084.000000 60224.000000 39168.000000 10948.000000 0.000000 129024.000000 67584.000000 7440.000000 0.000000 21192.000000 37072.000000 63616.000000 38272.000000 580.000000 0.000000 135168.000000 73728.000000 12408.000000 0.000000 8952.000000 9548.000000 65546.000000 41536.000000 2508.000000 0.000000 9216.000000 41237.000000 196839.000000 136871.000000 67168.000000 2592.000000 6498.000000 20926.000000 32384.000000 17232.000000 19471.000000 6640.000000 0.000000 86016.000000 18432.000000 0.000000 24380.000000 11116.000000 7575.000000 18944.000000 
4
0.000000 141312.000000 73728.000000 12288.000000 0.000000 19424.000000 34900.000000 63616.000000 37376.000000 11520.000000 0.000000 135168.000000 73728.000000 6144.000000 0.000000 20624.000000 36784.000000 64960.000000 43904.000000 12672.000000 0.000000 135168.000000 73728.000000 6144.000000 0.000000 18360.000000 0.000000 1024.000000 41536.000000 1160.000000 0.000000 141312.000000 79872.000000 12288.000000 0.000000 8952.000000 6849.000000 64025.000000 41536.000000 3762.000000 0.000000 9216.000000 44895.000000 216032.000000 150080.000000 85472.000000 19520.000000 6594.000000 17146.000000 36124.000000 17774.000000 18506.000000 4832.000000 0.000000 92160.000000 30720.000000 0.000000 24356.000000 18565.000000 7820.000000 14208.000000 
5
0.000000 135424.000000 67840.000000 9384.000000 0.000000 19424.000000 34900.000000 62592.000000 41536.000000 11520.000000 0.000000 129280.000000 67840.000000 9384.000000 0.000000 21056.000000 37404.000000 64960.000000 40640.000000 11630.000000 0.000000 129280.000000 67840.000000 9384.000000 0.000000 20720.000000 0.000000 2048.000000 41536.000000 580.000000 0.000000 135424.000000 73984.000000 12624.000000 0.000000 4802.000000 10240.000000 65487.000000 44800.000000 3762.000000 0.000000 9216.000000 38432.000000 212096.000000 147392.000000 87936.000000 23072.000000 6546.000000 19758.000000 27700.000000 17774.000000 18506.000000 5080.000000 0.000000 86272.000000 24576.000000 0.000000 30109.000000 8800.000000 7820.000000 14208.000000 
6
0.000000 135424.000000 67840.000000 9384.000000 0.000000 17016.000000 35204.000000 60224.000000 38272.000000 12100.000000 0.000000 129280.000000 67840.000000 9384.000000 0.000000 18216.000000 36084.000000 63616.000000 41536.000000 11528.000000 0.000000 129280.000000 67840.000000 9384.000000 0.000000 20720.000000 0.000000 2048.000000 41536.000000 1160.000000 0.000000 135424.000000 73984.000000 12624.000000 0.000000 8952.000000 6656.000000 65487.000000 44800.000000 4342.000000 0.000000 10752.000000 45521.000000 210816.000000 150368.000000 82208.000000 16928.000000 4732.000000 22298.000000 31636.000000 17896.000000 18506.000000 5012.000000 0.000000 86272.000000 24576.000000 0.000000 30792.000000 17600.000000 6551.000000 14208.000000 
7
0.000000 135168.000000 67584.000000 9168.000000 0.000000 19416.000000 34456.000000 62592.000000 41536.000000 10368.000000 0.000000 129024.000000 67584.000000 9276.000000 0.000000 20568.000000 36084.000000 64960.000000 40640.000000 12108.000000 0.000000 129024.000000 67584.000000 7008.000000 0.000000 21192.000000 0.000000 1024.000000 38272.000000 1160.000000 0.000000 135168.000000 73728.000000 12192.000000 0.000000 8952.000000 12944.000000 65487.000000 41536.000000 3762.000000 0.000000 9216.000000 30348.000000 219136.000000 157760.000000 91520.000000 26656.000000 6498.000000 20926.000000 31636.000000 16872.000000 19471.000000 6640.000000 0.000000 86016.000000 24576.000000 0.000000 24380.000000 24780.000000 7243.000000 14208.000000 
8
0.000000 141312.000000 73728.000000 12288.000000 0.000000 21680.000000 34900.000000 62592.000000 41536.000000 12672.000000 0.000000 135168.000000 73728.000000 6144.000000 0.000000 21632.000000 35436.000000 2368.000000 41536.000000 1732.000000 0.000000 135168.000000 73728.000000 6144.000000 0.000000 18360.000000 0.000000 1024.000000 42432.000000 1740.000000 0.000000 141312.000000 79872.000000 12288.000000 0.000000 8952.000000 3952.000000 64084.000000 41536.000000 3762.000000 0.000000 12288.000000 45830.000000 216032.000000 150080.000000 85472.000000 19520.000000 6594.000000 17146.000000 36124.000000 18920.000000 18506.000000 6060.000000 0.000000 92160.000000 24576.000000 0.000000 24356.000000 17600.000000 5775.000000 18944.000000 
9
0.000000 135424.000000 67840.000000 9384.000000 0.000000 21680.000000 34900.000000 62592.000000 41536.000000 12672.000000 0.000000 129280.000000 67840.000000 9384.000000 0.000000 18840.000000 36700.000000 0.000000 41536.000000 580.000000 0.000000 129280.000000 67840.000000 9384.000000 0.000000 20720.000000 0.000000 1024.000000 39168.000000 2414.000000 0.000000 135424.000000 73984.000000 12624.000000 0.000000 4802.000000 15456.000000 66452.000000 44800.000000 2508.000000 0.000000 12288.000000 46765.000000 212096.000000 147392.000000 87936.000000 23072.000000 6546.000000 19758.000000 27700.000000 17774.000000 18506.000000 7584.000000 0.000000 86272.000000 18432.000000 0.000000 30795.000000 8800.000000 7215.000000 18944.000000 
10
0.000000 135424.000000 67840.000000 9384.000000 0.000000 21680.000000 34456.000000 61248.000000 41536.000000 12210.000000 0.000000 129280.000000 67840.000000 9384.000000 0.000000 21152.000000 36084.000000 0.000000 38272.000000 580.000000 0.000000 129280.000000 67840.000000 9384.000000 0.000000 20720.000000 0.000000 2048.000000 39168.000000 0.000000 0.000000 135424.000000 73984.000000 18552.000000 0.000000 8952.000000 9952.000000 65487.000000 41536.000000 2508.000000 0.000000 9216.000000 45521.000000 216960.000000 150368.000000 82208.000000 20512.000000 4684.000000 22298.000000 31636.000000 17774.000000 18506.000000 3852.000000 0.000000 86272.000000 18432.000000 0.000000 30792.000000 21460.000000 6495.000000 16576.000000 
11
0.000000 135168.000000 67584.000000 9168.000000 0.000000 19278.000000 34604.000000 62592.000000 38272.000000 11630.000000 0.000000 129024.000000 67584.000000 9276.000000 0.000000 21152.000000 36084.000000 0.000000 39168.000000 0.000000 0.000000 129024.000000 67584.000000 7224.000000 0.000000 21192.000000 0.000000 1024.000000 38272.000000 1160.000000 0.000000 135168.000000 73728.000000 12192.000000 0.000000 8952.000000 9548.000000 65487.000000 41536.000000 2508.000000 0.000000 9216.000000 31283.000000 221696.000000 154176.000000 91520.000000 26656.000000 6498.000000 20926.000000 31636.000000 17896.000000 18506.000000 4900.000000 0.000000 86016.000000 18432.000000 0.000000 24380.000000 18565.000000 6163.000000 16576.000000 
12
0.000000 141312.000000 73728.000000 12288.000000 0.000000 21920.000000 35648.000000 61248.000000 41536.000000 11520.000000 0.000000 135168.000000 73728.000000 6144.000000 0.000000 21152.000000 36784.000000 1024.000000 41536.000000 0.000000 0.000000 135168.000000 73728.000000 6144.000000 0.000000 18456.000000 0.000000 3072.000000 43904.000000 1160.000000 0.000000 141312.000000 79872.000000 12288.000000 0.000000 8952.000000 15744.000000 61716.000000 42432.000000 2508.000000 0.000000 13824.000000 46765.000000 188512.000000 120992.000000 56800.000000 0.000000 6546.000000 17146.000000 27324.000000 17896.000000 15173.000000 5660.000000 0.000000 92160.000000 30720.000000 0.000000 24356.000000 17600.000000 7460.000000 18944.000000 
13
0.000000 135424.000000 67840.000000 9384.000000 0.000000 20232.000000 34900.000000 62592.000000 41536.000000 12100.000000 0.000000 129280.000000 67840.000000 9384.000000 0.000000 19512.000000 37404.000000 2048.000000 38272.000000 580.000000 0.000000 129280.000000 67840.000000 9384.000000 0.000000 21296.000000 0.000000 3072.000000 40640.000000 1160.000000 0.000000 135424.000000 73984.000000 12192.000000 0.000000 4116.000000 15936.000000 61716.000000 42432.000000 3762.000000 0.000000 10752.000000 46443.000000 187584.000000 119904.000000 56128.000000 0.000000 6594.000000 19758.000000 27628.000000 17896.000000 17103.000000 3340.000000 0.000000 86272.000000 24576.000000 0.000000 25755.000000 8800.000000 7460.000000 18944.000000 
14
0.000000 135424.000000 67840.000000 9384.000000 0.000000 22544.000000 35204.000000 61568.000000 41536.000000 10368.000000 0.000000 129280.000000 67840.000000 9384.000000 0.000000 21646.000000 36084.000000 2048.000000 39168.000000 580.000000 0.000000 129280.000000 67840.000000 9384.000000 0.000000 21776.000000 0.000000 3072.000000 41536.000000 2414.000000 0.000000 135424.000000 73984.000000 11976.000000 0.000000 8952.000000 14784.000000 61716.000000 39168.000000 3660.000000 0.000000 9216.000000 31982.000000 188640.000000 125184.000000 61024.000000 0.000000 6834.000000 22298.000000 31636.000000 16750.000000 14208.000000 4432.000000 0.000000 86272.000000 24576.000000 0.000000 30792.000000 21460.000000 7243.000000 16576.000000 
15
0.000000 135168.000000 67584.000000 9168.000000 0.000000 21934.000000 34604.000000 62592.000000 38272.000000 10368.000000 0.000000 129024.000000 67584.000000 9276.000000 0.000000 21152.000000 36084.000000 1024.000000 39168.000000 1152.000000 0.000000 129024.000000 67584.000000 7224.000000 0.000000 21248.000000 0.000000 2048.000000 41536.000000 580.000000 0.000000 135168.000000 73728.000000 11976.000000 0.000000 8952.000000 15936.000000 61130.000000 39168.000000 2508.000000 0.000000 9216.000000 32219.000000 193280.000000 125600.000000 61184.000000 0.000000 6498.000000 20926.000000 31636.000000 18798.000000 14208.000000 4944.000000 0.000000 86016.000000 24576.000000 0.000000 24380.000000 18565.000000 6911.000000 16576.000000 
16
0.000000 141312.000000 73728.000000 13152.000000 18700.000000 26406.000000 37216.000000 57856.000000 39168.000000 10368.000000 0.000000 135168.000000 73728.000000 7008.000000 18748.000000 26776.000000 34492.000000 64960.000000 40640.000000 580.000000 0.000000 135168.000000 73728.000000 13152.000000 18700.000000 25830.000000 36440.000000 61248.000000 39168.000000 12782.000000 0.000000 141312.000000 79872.000000 13584.000000 24244.000000 8952.000000 15264.000000 66452.000000 44800.000000 2508.000000 0.000000 13824.000000 44895.000000 216032.000000 150080.000000 85472.000000 19520.000000 37544.000000 24070.000000 33132.000000 18798.000000 18506.000000 1380.000000 0.000000 92416.000000 30720.000000 0.000000 24804.000000 21824.000000 7460.000000 16576.000000 
17
0.000000 135424.000000 67840.000000 10032.000000 18700.000000 26358.000000 37216.000000 59200.000000 39168.000000 11520.000000 0.000000 129280.000000 67840.000000 10032.000000 18700.000000 26790.000000 35168.000000 64960.000000 40640.000000 580.000000 0.000000 129280.000000 67840.000000 10032.000000 18700.000000 26262.000000 36440.000000 60224.000000 39168.000000 12680.000000 0.000000 135424.000000 73984.000000 13920.000000 24244.000000 7342.000000 15936.000000 66452.000000 44800.000000 2508.000000 0.000000 10752.000000 46765.000000 212096.000000 147392.000000 87936.000000 23072.000000 37544.000000 25566.000000 28952.000000 18798.000000 18506.000000 1380.000000 0.000000 98304.000000 30720.000000 0.000000 25256.000000 18952.000000 7488.000000 18944.000000 
18
0.000000 141312.000000 73728.000000 13152.000000 18844.000000 17118.000000 37768.000000 58880.000000 39168.000000 11520.000000 0.000000 135168.000000 73728.000000 7008.000000 19744.000000 19916.000000 43180.000000 63616.000000 41536.000000 1160.000000 0.000000 135168.000000 73728.000000 13152.000000 18844.000000 16534.000000 37764.000000 57856.000000 39168.000000 12100.000000 0.000000 141312.000000 79872.000000 13584.000000 25288.000000 8266.000000 15936.000000 64084.000000 41536.000000 2508.000000 0.000000 9216.000000 45521.000000 215968.000000 148128.000000 86112.000000 19520.000000 38238.000000 24984.000000 32384.000000 17896.000000 19471.000000 3272.000000 0.000000 92160.000000 24576.000000 0.000000 31836.000000 18372.000000 7243.000000 18944.000000 
19
0.000000 135168.000000 67584.000000 10032.000000 18494.000000 19492.000000 36440.000000 57856.000000 39168.000000 11520.000000 0.000000 129024.000000 67584.000000 10032.000000 19394.000000 17550.000000 33868.000000 63616.000000 41536.000000 580.000000 0.000000 129024.000000 67584.000000 10032.000000 18542.000000 25774.000000 37072.000000 58880.000000 39168.000000 12782.000000 0.000000 135168.000000 73728.000000 13488.000000 24890.000000 9638.000000 15264.000000 65546.000000 41536.000000 3762.000000 0.000000 9216.000000 31283.000000 219136.000000 154272.000000 88032.000000 26656.000000 38190.000000 24984.000000 32384.000000 18920.000000 18506.000000 1781.000000 19607.000000 93334.000000 30720.000000 0.000000 24714.000000 9765.000000 6883.000000 16576.000000 
20
0.000000 141312.000000 73728.000000 13152.000000 0.000000 22256.000000 37216.000000 63616.000000 40640.000000 12100.000000 0.000000 135168.000000 73728.000000 13152.000000 0.000000 20768.000000 35436.000000 1024.000000 41536.000000 0.000000 0.000000 135168.000000 73728.000000 13152.000000 0.000000 18552.000000 0.000000 2048.000000 41536.000000 1160.000000 0.000000 141312.000000 79872.000000 13152.000000 0.000000 8266.000000 15744.000000 64084.000000 41536.000000 2508.000000 0.000000 10752.000000 45830.000000 216032.000000 150080.000000 85472.000000 19520.000000 6546.000000 18148.000000 36124.000000 17896.000000 17541.000000 2072.000000 0.000000 92160.000000 30720.000000 0.000000 23670.000000 17600.000000 7460.000000 18944.000000 
21
0.000000 135424.000000 67840.000000 10032.000000 0.000000 19896.000000 37964.000000 62592.000000 41536.000000 10948.000000 0.000000 129280.000000 67840.000000 10032.000000 0.000000 18408.000000 36700.000000 1024.000000 38272.000000 580.000000 0.000000 129280.000000 67840.000000 10032.000000 0.000000 20864.000000 0.000000 3072.000000 40640.000000 1160.000000 0.000000 135424.000000 73984.000000 13488.000000 0.000000 4116.000000 15936.000000 66452.000000 44800.000000 2508.000000 0.000000 9216.000000 46765.000000 212096.000000 147392.000000 87936.000000 23072.000000 6546.000000 19072.000000 27628.000000 16750.000000 15173.000000 4320.000000 0.000000 86272.000000 24576.000000 0.000000 29158.000000 8800.000000 6911.000000 18944.000000 
22
0.000000 141312.000000 73728.000000 13152.000000 0.000000 22208.000000 37768.000000 61248.000000 38272.000000 11520.000000 0.000000 135168.000000 73728.000000 13152.000000 0.000000 20726.000000 36084.000000 1024.000000 39168.000000 1152.000000 0.000000 135168.000000 73728.000000 13152.000000 0.000000 21350.000000 0.000000 2048.000000 41536.000000 580.000000 0.000000 141312.000000 79872.000000 13152.000000 0.000000 8952.000000 14784.000000 65487.000000 42432.000000 2508.000000 0.000000 9216.000000 45521.000000 215968.000000 148128.000000 86112.000000 19520.000000 6690.000000 19072.000000 31636.000000 17896.000000 15173.000000 3852.000000 0.000000 92160.000000 30720.000000 0.000000 22984.000000 18565.000000 7460.000000 16576.000000 
23
0.000000 135168.000000 67584.000000 10032.000000 0.000000 22270.000000 37040.000000 62592.000000 41536.000000 10948.000000 0.000000 129024.000000 67584.000000 10032.000000 0.000000 20720.000000 37432.000000 1024.000000 39168.000000 580.000000 0.000000 129024.000000 67584.000000 10032.000000 0.000000 20912.000000 0.000000 2048.000000 41536.000000 580.000000 0.000000 135168.000000 73728.000000 13272.000000 0.000000 8952.000000 15936.000000 65487.000000 41536.000000 3762.000000 0.000000 9216.000000 31283.000000 219136.000000 154272.000000 88032.000000 26656.000000 6642.000000 20926.000000 31636.000000 18798.000000 15173.000000 3740.000000 0.000000 86016.000000 24576.000000 0.000000 23742.000000 21460.000000 7603.000000 16576.000000 
24
0.000000 141312.000000 73728.000000 13152.000000 0.000000 21680.000000 37216.000000 63616.000000 41536.000000 12672.000000 0.000000 135168.000000 73728.000000 7008.000000 0.000000 20328.000000 37816.000000 1024.000000 41536.000000 580.000000 0.000000 135168.000000 73728.000000 13152.000000 0.000000 22332.000000 0.000000 1024.000000 41536.000000 0.000000 0.000000 141312.000000 79872.000000 14016.000000 0.000000 10324.000000 18544.000000 65428.000000 44800.000000 3762.000000 0.000000 12288.000000 46765.000000 186176.000000 126880.000000 58176.000000 0.000000 6594.000000 17462.000000 32384.000000 17896.000000 18506.000000 2181.000000 0.000000 92160.000000 30720.000000 0.000000 23670.000000 9379.000000 6855.000000 18944.000000 
25
0.000000 135424.000000 67840.000000 10032.000000 0.000000 21680.000000 37216.000000 61568.000000 41536.000000 12100.000000 0.000000 129280.000000 67840.000000 10032.000000 0.000000 22640.000000 37764.000000 2368.000000 38272.000000 0.000000 0.000000 129280.000000 67840.000000 10032.000000 0.000000 22798.000000 0.000000 1024.000000 41536.000000 1740.000000 0.000000 135424.000000 73984.000000 20280.000000 0.000000 8952.000000 14784.000000 65487.000000 44800.000000 2508.000000 0.000000 6144.000000 46443.000000 190528.000000 125824.000000 56128.000000 0.000000 6546.000000 19072.000000 29240.000000 18494.000000 18506.000000 1780.000000 0.000000 86272.000000 24576.000000 0.000000 29158.000000 17986.000000 6740.000000 18944.000000 
26
0.000000 141312.000000 73728.000000 13152.000000 0.000000 21680.000000 37768.000000 61248.000000 39168.000000 10376.000000 0.000000 135168.000000 73728.000000 7008.000000 0.000000 22640.000000 37148.000000 0.000000 38272.000000 0.000000 0.000000 135168.000000 73728.000000 13152.000000 0.000000 22332.000000 0.000000 2048.000000 40640.000000 2414.000000 0.000000 141312.000000 79872.000000 14016.000000 0.000000 8952.000000 12848.000000 63119.000000 41536.000000 2508.000000 0.000000 12288.000000 40315.000000 194400.000000 126784.000000 66176.000000 0.000000 6690.000000 19072.000000 32384.000000 17774.000000 18506.000000 2692.000000 0.000000 92160.000000 30720.000000 0.000000 23670.000000 19530.000000 6855.000000 18944.000000 
27
0.000000 135168.000000 67584.000000 10032.000000 0.000000 19278.000000 37040.000000 62592.000000 38272.000000 10948.000000 0.000000 129024.000000 67584.000000 10032.000000 0.000000 22680.000000 37044.000000 0.000000 39168.000000 1152.000000 0.000000 129024.000000 67584.000000 10032.000000 0.000000 19958.000000 0.000000 1024.000000 38272.000000 1160.000000 0.000000 135168.000000 73728.000000 13920.000000 0.000000 9638.000000 13424.000000 65428.000000 41536.000000 2508.000000 0.000000 12288.000000 40329.000000 189600.000000 123488.000000 63520.000000 0.000000 6642.000000 20926.000000 32384.000000 19042.000000 18506.000000 3160.000000 0.000000 86016.000000 24576.000000 0.000000 24428.000000 19530.000000 6380.000000 16576.000000 
28
0.000000 141312.000000 73728.000000 13152.000000 0.000000 22112.000000 37364.000000 63616.000000 40640.000000 11520.000000 0.000000 135168.000000 73728.000000 13152.000000 0.000000 20768.000000 36784.000000 1024.000000 38272.000000 0.000000 0.000000 135168.000000 73728.000000 13152.000000 0.000000 20528.000000 0.000000 2048.000000 41536.000000 1160.000000 0.000000 141312.000000 79872.000000 13152.000000 0.000000 10324.000000 18544.000000 65487.000000 44800.000000 3660.000000 0.000000 10752.000000 46765.000000 186176.000000 126880.000000 56768.000000 0.000000 6546.000000 17462.000000 36124.000000 17774.000000 18506.000000 1780.000000 0.000000 92160.000000 30720.000000 0.000000 30768.000000 9379.000000 6883.000000 18944.000000 
29
0.000000 135424.000000 67840.000000 10032.000000 0.000000 22112.000000 37216.000000 62592.000000 41536.000000 10948.000000 0.000000 129280.000000 67840.000000 10032.000000 0.000000 18408.000000 37404.000000 1024.000000 38272.000000 1152.000000 0.000000 129280.000000 67840.000000 10032.000000 0.000000 18888.000000 0.000000 3072.000000 40640.000000 580.000000 0.000000 135424.000000 73984.000000 13488.000000 0.000000 8952.000000 12848.000000 63119.000000 41536.000000 3762.000000 0.000000 9216.000000 46443.000000 190528.000000 125824.000000 56128.000000 0.000000 6546.000000 19072.000000 27628.000000 17774.000000 18506.000000 1780.000000 0.000000 86272.000000 24576.000000 0.000000 23432.000000 19530.000000 7575.000000 18944.000000 
30
0.000000 141312.000000 73728.000000 13152.000000 0.000000 19704.000000 38516.000000 61248.000000 38272.000000 11520.000000 0.000000 135168.000000 73728.000000 13152.000000 0.000000 20726.000000 36084.000000 2048.000000 39168.000000 580.000000 0.000000 135168.000000 73728.000000 13152.000000 0.000000 21014.000000 0.000000 2048.000000 41536.000000 1160.000000 0.000000 141312.000000 79872.000000 13152.000000 0.000000 8952.000000 14784.000000 65428.000000 44800.000000 2508.000000 0.000000 9216.000000 39380.000000 194400.000000 126784.000000 66176.000000 0.000000 6690.000000 19072.000000 31636.000000 17896.000000 18506.000000 1381.000000 0.000000 92160.000000 30720.000000 0.000000 30768.000000 17986.000000 6824.000000 16576.000000 
31
0.000000 135168.000000 67584.000000 10032.000000 0.000000 22016.000000 37040.000000 62592.000000 41536.000000 10368.000000 0.000000 129024.000000 67584.000000 10032.000000 0.000000 20720.000000 36084.000000 1024.000000 39168.000000 580.000000 0.000000 129024.000000 67584.000000 10032.000000 0.000000 21248.000000 0.000000 2048.000000 38272.000000 580.000000 0.000000 135168.000000 73728.000000 13272.000000 0.000000 9638.000000 13424.000000 65428.000000 41536.000000 2508.000000 0.000000 6144.000000 40329.000000 189600.000000 123488.000000 63520.000000 0.000000 6642.000000 20926.000000 31636.000000 17896.000000 18506.000000 1780.000000 0.000000 86016.000000 24576.000000 0.000000 30154.000000 19530.000000 7575.000000 16576.000000 
32
0.000000 141312.000000 73728.000000 13152.000000 0.000000 21488.000000 37216.000000 62592.000000 41536.000000 11520.000000 0.000000 135168.000000 73728.000000 7008.000000 0.000000 21632.000000 36468.000000 1024.000000 41536.000000 580.000000 0.000000 135168.000000 73728.000000 13152.000000 0.000000 21008.000000 0.000000 2048.000000 41536.000000 1160.000000 0.000000 141312.000000 79872.000000 13152.000000 0.000000 10324.000000 11286.000000 63060.000000 41536.000000 3762.000000 0.000000 12288.000000 46765.000000 188512.000000 127136.000000 56800.000000 0.000000 8379.000000 18148.000000 33132.000000 17774.000000 18506.000000 7696.000000 0.000000 92160.000000 30720.000000 0.000000 30768.000000 18372.000000 7575.000000 18944.000000 
33
0.000000 135424.000000 67840.000000 10032.000000 0.000000 20960.000000 37216.000000 62592.000000 41536.000000 10948.000000 0.000000 129280.000000 67840.000000 10032.000000 0.000000 18840.000000 36416.000000 2368.000000 38272.000000 1152.000000 0.000000 129280.000000 67840.000000 10032.000000 0.000000 18216.000000 0.000000 2048.000000 41536.000000 1160.000000 0.000000 135424.000000 73984.000000 13488.000000 0.000000 8952.000000 15072.000000 64463.000000 41536.000000 2508.000000 0.000000 9216.000000 46443.000000 187584.000000 126048.000000 56128.000000 0.000000 7350.000000 19072.000000 29600.000000 17232.000000 18506.000000 7584.000000 0.000000 86272.000000 24576.000000 0.000000 23432.000000 18372.000000 7215.000000 18944.000000 
34
0.000000 141312.000000 73728.000000 13152.000000 0.000000 21488.000000 37768.000000 63616.000000 38272.000000 11520.000000 0.000000 135168.000000 73728.000000 7008.000000 0.000000 21152.000000 37148.000000 1024.000000 38272.000000 580.000000 0.000000 135168.000000 73728.000000 13152.000000 0.000000 20528.000000 0.000000 3072.000000 40640.000000 580.000000 0.000000 141312.000000 79872.000000 13368.000000 0.000000 8952.000000 15072.000000 64463.000000 44800.000000 3762.000000 0.000000 9216.000000 39380.000000 192224.000000 122624.000000 61024.000000 0.000000 8400.000000 19072.000000 32384.000000 17896.000000 18506.000000 5012.000000 0.000000 92160.000000 30720.000000 0.000000 30082.000000 11116.000000 7100.000000 16576.000000 
35
0.000000 135168.000000 67584.000000 10032.000000 0.000000 19168.000000 37040.000000 60224.000000 39168.000000 10368.000000 0.000000 129024.000000 67584.000000 10032.000000 0.000000 21152.000000 37044.000000 0.000000 39168.000000 0.000000 0.000000 129024.000000 67584.000000 10032.000000 0.000000 20712.000000 0.000000 2048.000000 38272.000000 580.000000 0.000000 135168.000000 73728.000000 13272.000000 0.000000 9638.000000 11286.000000 65428.000000 41536.000000 3762.000000 0.000000 12288.000000 32219.000000 187136.000000 126752.000000 62592.000000 0.000000 7149.000000 20926.000000 32384.000000 17774.000000 18506.000000 4432.000000 0.000000 86016.000000 24576.000000 0.000000 23260.000000 18372.000000 7215.000000 18944.000000 
36
0.000000 141312.000000 73728.000000 13152.000000 0.000000 21488.000000 37964.000000 62592.000000 41536.000000 11520.000000 0.000000 135168.000000 73728.000000 13152.000000 0.000000 21632.000000 36784.000000 1024.000000 38272.000000 0.000000 0.000000 135168.000000 73728.000000 13152.000000 0.000000 18456.000000 0.000000 2048.000000 41536.000000 580.000000 0.000000 141312.000000 79872.000000 14016.000000 0.000000 10324.000000 12368.000000 64084.000000 41536.000000 2508.000000 0.000000 13824.000000 46765.000000 188512.000000 120992.000000 56800.000000 0.000000 9155.000000 24298.000000 27324.000000 17896.000000 14208.000000 8164.000000 0.000000 92160.000000 30720.000000 0.000000 31454.000000 16658.000000 6495.000000 18944.000000 
37
0.000000 135424.000000 67840.000000 10032.000000 0.000000 21488.000000 37216.000000 62592.000000 41536.000000 11520.000000 0.000000 129280.000000 67840.000000 10032.000000 0.000000 18840.000000 37404.000000 1024.000000 38272.000000 1152.000000 0.000000 129280.000000 67840.000000 10032.000000 0.000000 21296.000000 0.000000 2048.000000 41536.000000 580.000000 0.000000 135424.000000 73984.000000 20280.000000 0.000000 8952.000000 8582.000000 66452.000000 44800.000000 3762.000000 0.000000 10752.000000 46443.000000 187584.000000 119904.000000 56128.000000 0.000000 8105.000000 23856.000000 27628.000000 17896.000000 16138.000000 3272.000000 0.000000 86272.000000 24576.000000 0.000000 24844.000000 17600.000000 7460.000000 16576.000000 
38
0.000000 141312.000000 73728.000000 13152.000000 0.000000 21488.000000 38516.000000 61248.000000 41536.000000 11520.000000 0.000000 135168.000000 73728.000000 13152.000000 0.000000 21152.000000 36084.000000 2048.000000 39168.000000 0.000000 0.000000 135168.000000 73728.000000 13152.000000 0.000000 21248.000000 0.000000 2048.000000 41536.000000 580.000000 0.000000 141312.000000 79872.000000 20160.000000 0.000000 8952.000000 15072.000000 65487.000000 44800.000000 2508.000000 0.000000 9216.000000 39380.000000 188640.000000 125184.000000 61024.000000 0.000000 8106.000000 23454.000000 31636.000000 16750.000000 14208.000000 4320.000000 0.000000 92160.000000 30720.000000 0.000000 30082.000000 8800.000000 7460.000000 18944.000000 
39
0.000000 135168.000000 67584.000000 10032.000000 0.000000 19168.000000 37788.000000 62592.000000 38272.000000 10368.000000 0.000000 129024.000000 67584.000000 10032.000000 0.000000 21152.000000 36084.000000 1024.000000 39168.000000 580.000000 0.000000 129024.000000 67584.000000 10032.000000 0.000000 21776.000000 0.000000 2048.000000 38272.000000 1160.000000 0.000000 135168.000000 73728.000000 13920.000000 0.000000 9638.000000 11286.000000 65487.000000 41536.000000 2508.000000 0.000000 9216.000000 32219.000000 187136.000000 126752.000000 62592.000000 0.000000 9108.000000 24140.000000 31636.000000 18798.000000 14208.000000 6172.000000 0.000000 86016.000000 18432.000000 0.000000 30154.000000 18565.000000 7575.000000 18944.000000 
