0
0.000000 8256.000000 0.000000 12288.000000 204438.000000 9618.000000 9280.000000 1856.000000 1536.000000 6868.000000 25039.000000 8256.000000 0.000000 20480.000000 189718.000000 9618.000000 10912.000000 2368.000000 1536.000000 6640.000000 23955.000000 8256.000000 0.000000 20480.000000 210070.000000 9490.000000 9280.000000 1856.000000 0.000000 6612.000000 25523.000000 8256.000000 0.000000 12288.000000 204438.000000 5761.000000 12257.000000 3328.000000 0.000000 6740.000000 25839.000000 103762.000000 8064.000000 27758.000000 0.000000 0.000000 4096.000000 200359.000000 5889.000000 14897.000000 1984.000000 384.000000 40548.000000 28119.000000 8256.000000 0.000000 23393.000000 187447.000000 3601.000000 12048.000000 768.000000 
1
0.000000 8256.000000 0.000000 12288.000000 204438.000000 9618.000000 9280.000000 1856.000000 1536.000000 6868.000000 25039.000000 8256.000000 0.000000 20480.000000 189718.000000 9618.000000 10912.000000 2368.000000 1536.000000 6640.000000 23955.000000 8256.000000 0.000000 20480.000000 210070.000000 9490.000000 9280.000000 1856.000000 0.000000 6612.000000 25523.000000 8256.000000 0.000000 12288.000000 204438.000000 5761.000000 12257.000000 3328.000000 0.000000 6740.000000 25839.000000 103762.000000 8064.000000 27758.000000 0.000000 0.000000 4096.000000 200359.000000 5889.000000 14897.000000 1984.000000 384.000000 40548.000000 28119.000000 8256.000000 0.000000 23393.000000 187447.000000 3601.000000 12048.000000 768.000000 
2
0.000000 8256.000000 0.000000 12288.000000 204438.000000 9618.000000 9280.000000 1856.000000 1536.000000 6868.000000 25039.000000 8256.000000 0.000000 20480.000000 189718.000000 9618.000000 10912.000000 2368.000000 1536.000000 6640.000000 23955.000000 8256.000000 0.000000 20480.000000 210070.000000 9490.000000 9280.000000 1856.000000 0.000000 6612.000000 25523.000000 8256.000000 0.000000 12288.000000 204438.000000 5761.000000 12257.000000 3328.000000 0.000000 6740.000000 25839.000000 103762.000000 8064.000000 27758.000000 0.000000 0.000000 4096.000000 200359.000000 5889.000000 14897.000000 1984.000000 384.000000 40548.000000 28119.000000 8256.000000 0.000000 23393.000000 187447.000000 3601.000000 12048.000000 768.000000 
3
0.000000 8256.000000 0.000000 12288.000000 204438.000000 9618.000000 9280.000000 1856.000000 1536.000000 6868.000000 25039.000000 8256.000000 0.000000 20480.000000 189718.000000 9618.000000 10912.000000 2368.000000 1536.000000 6640.000000 23955.000000 8256.000000 0.000000 20480.000000 210070.000000 9490.000000 9280.000000 1856.000000 0.000000 6612.000000 25523.000000 8256.000000 0.000000 12288.000000 204438.000000 5761.000000 12257.000000 3328.000000 0.000000 6740.000000 25839.000000 103762.000000 8064.000000 27758.000000 0.000000 0.000000 4096.000000 200359.000000 5889.000000 14897.000000 1984.000000 384.000000 40548.000000 28119.000000 8256.000000 0.000000 23393.000000 187447.000000 3601.000000 12048.000000 768.000000 
4
0.000000 42048.000000 0.000000 12288.000000 234743.000000 14994.000000 11792.000000 2496.000000 0.000000 8180.000000 30411.000000 42048.000000 0.000000 20480.000000 241271.000000 14994.000000 12464.000000 2496.000000 1536.000000 8308.000000 31183.000000 42048.000000 0.000000 12288.000000 234743.000000 14994.000000 8912.000000 5824.000000 1664.000000 6740.000000 30123.000000 42048.000000 0.000000 12288.000000 249463.000000 11137.000000 12641.000000 5440.000000 1536.000000 6740.000000 30587.000000 146898.000000 7968.000000 20238.000000 0.000000 0.000000 0.000000 216199.000000 11265.000000 14913.000000 2784.000000 896.000000 40548.000000 27951.000000 8256.000000 0.000000 28513.000000 237847.000000 5905.000000 12144.000000 768.000000 
5
0.000000 42048.000000 0.000000 12288.000000 234743.000000 14994.000000 11792.000000 2496.000000 0.000000 8180.000000 30411.000000 42048.000000 0.000000 20480.000000 241271.000000 14994.000000 12464.000000 2496.000000 1536.000000 8308.000000 31183.000000 42048.000000 0.000000 12288.000000 234743.000000 14994.000000 8912.000000 5824.000000 1664.000000 6740.000000 30123.000000 42048.000000 0.000000 12288.000000 249463.000000 11137.000000 12641.000000 5440.000000 1536.000000 6740.000000 30587.000000 146898.000000 7968.000000 20238.000000 0.000000 0.000000 0.000000 216199.000000 11265.000000 14913.000000 2784.000000 896.000000 40548.000000 27951.000000 8256.000000 0.000000 28513.000000 237847.000000 5905.000000 12144.000000 768.000000 
6
0.000000 42048.000000 0.000000 12288.000000 234743.000000 14994.000000 11792.000000 2496.000000 0.000000 8180.000000 30411.000000 42048.000000 0.000000 20480.000000 241271.000000 14994.000000 12464.000000 2496.000000 1536.000000 8308.000000 31183.000000 42048.000000 0.000000 12288.000000 234743.000000 14994.000000 8912.000000 5824.000000 1664.000000 6740.000000 30123.000000 42048.000000 0.000000 12288.000000 249463.000000 11137.000000 12641.000000 5440.000000 1536.000000 6740.000000 30587.000000 146898.000000 7968.000000 20238.000000 0.000000 0.000000 0.000000 216199.000000 11265.000000 14913.000000 2784.000000 896.000000 40548.000000 27951.000000 8256.000000 0.000000 28513.000000 237847.000000 5905.000000 12144.000000 768.000000 
7
0.000000 42048.000000 0.000000 12288.000000 234743.000000 14994.000000 11792.000000 2496.000000 0.000000 8180.000000 30411.000000 42048.000000 0.000000 20480.000000 241271.000000 14994.000000 12464.000000 2496.000000 1536.000000 8308.000000 31183.000000 42048.000000 0.000000 12288.000000 234743.000000 14994.000000 8912.000000 5824.000000 1664.000000 6740.000000 30123.000000 42048.000000 0.000000 12288.000000 249463.000000 11137.000000 12641.000000 5440.000000 1536.000000 6740.000000 30587.000000 146898.000000 7968.000000 20238.000000 0.000000 0.000000 0.000000 216199.000000 11265.000000 14913.000000 2784.000000 896.000000 40548.000000 27951.000000 8256.000000 0.000000 28513.000000 237847.000000 5905.000000 12144.000000 768.000000 
8
0.000000 42048.000000 0.000000 12288.000000 207895.000000 13202.000000 10832.000000 1856.000000 1536.000000 8244.000000 31183.000000 42048.000000 0.000000 20480.000000 199703.000000 14994.000000 11952.000000 2496.000000 0.000000 8180.000000 28663.000000 42048.000000 0.000000 20480.000000 199703.000000 14994.000000 7376.000000 5824.000000 1664.000000 6484.000000 31671.000000 42048.000000 0.000000 12288.000000 207895.000000 11137.000000 11233.000000 5696.000000 1536.000000 6740.000000 31983.000000 140754.000000 7968.000000 20334.000000 0.000000 0.000000 0.000000 261279.000000 11137.000000 14913.000000 2912.000000 896.000000 40548.000000 33155.000000 8256.000000 0.000000 35041.000000 196279.000000 5905.000000 12144.000000 768.000000 
9
0.000000 42048.000000 0.000000 12288.000000 207895.000000 13202.000000 10832.000000 1856.000000 1536.000000 8244.000000 31183.000000 42048.000000 0.000000 20480.000000 199703.000000 14994.000000 11952.000000 2496.000000 0.000000 8180.000000 28663.000000 42048.000000 0.000000 20480.000000 199703.000000 14994.000000 7376.000000 5824.000000 1664.000000 6484.000000 31671.000000 42048.000000 0.000000 12288.000000 207895.000000 11137.000000 11233.000000 5696.000000 1536.000000 6740.000000 31983.000000 140754.000000 7968.000000 20334.000000 0.000000 0.000000 0.000000 261279.000000 11137.000000 14913.000000 2912.000000 896.000000 40548.000000 33155.000000 8256.000000 0.000000 35041.000000 196279.000000 5905.000000 12144.000000 768.000000 
10
0.000000 42048.000000 0.000000 12288.000000 207895.000000 13202.000000 10832.000000 1856.000000 1536.000000 8244.000000 31183.000000 42048.000000 0.000000 20480.000000 199703.000000 14994.000000 11952.000000 2496.000000 0.000000 8180.000000 28663.000000 42048.000000 0.000000 20480.000000 199703.000000 14994.000000 7376.000000 5824.000000 1664.000000 6484.000000 31671.000000 42048.000000 0.000000 12288.000000 207895.000000 11137.000000 11233.000000 5696.000000 1536.000000 6740.000000 31983.000000 140754.000000 7968.000000 20334.000000 0.000000 0.000000 0.000000 261279.000000 11137.000000 14913.000000 2912.000000 896.000000 40548.000000 33155.000000 8256.000000 0.000000 35041.000000 196279.000000 5905.000000 12144.000000 768.000000 
11
0.000000 42048.000000 0.000000 12288.000000 207895.000000 13202.000000 10832.000000 1856.000000 1536.000000 8244.000000 31183.000000 42048.000000 0.000000 20480.000000 199703.000000 14994.000000 11952.000000 2496.000000 0.000000 8180.000000 28663.000000 42048.000000 0.000000 20480.000000 199703.000000 14994.000000 7376.000000 5824.000000 1664.000000 6484.000000 31671.000000 42048.000000 0.000000 12288.000000 207895.000000 11137.000000 11233.000000 5696.000000 1536.000000 6740.000000 31983.000000 140754.000000 7968.000000 20334.000000 0.000000 0.000000 0.000000 261279.000000 11137.000000 14913.000000 2912.000000 896.000000 40548.000000 33155.000000 8256.000000 0.000000 35041.000000 196279.000000 5905.000000 12144.000000 768.000000 
12
0.000000 42048.000000 0.000000 12288.000000 246103.000000 14994.000000 11952.000000 2496.000000 1536.000000 8180.000000 31179.000000 42048.000000 0.000000 20480.000000 241367.000000 13202.000000 12368.000000 2368.000000 1664.000000 8180.000000 31183.000000 42048.000000 0.000000 20480.000000 241367.000000 14994.000000 8912.000000 5824.000000 1536.000000 6740.000000 32751.000000 42048.000000 0.000000 12288.000000 231383.000000 11137.000000 12769.000000 6048.000000 1536.000000 6384.000000 29727.000000 146898.000000 7936.000000 20712.000000 0.000000 0.000000 12288.000000 240647.000000 11265.000000 14913.000000 2496.000000 768.000000 40292.000000 34235.000000 8256.000000 0.000000 35041.000000 237943.000000 5905.000000 11568.000000 256.000000 
13
0.000000 42048.000000 0.000000 12288.000000 246103.000000 14994.000000 11952.000000 2496.000000 1536.000000 8180.000000 31179.000000 42048.000000 0.000000 20480.000000 241367.000000 13202.000000 12368.000000 2368.000000 1664.000000 8180.000000 31183.000000 42048.000000 0.000000 20480.000000 241367.000000 14994.000000 8912.000000 5824.000000 1536.000000 6740.000000 32751.000000 42048.000000 0.000000 12288.000000 231383.000000 11137.000000 12769.000000 6048.000000 1536.000000 6384.000000 29727.000000 146898.000000 7936.000000 20712.000000 0.000000 0.000000 12288.000000 240647.000000 11265.000000 14913.000000 2496.000000 768.000000 40292.000000 34235.000000 8256.000000 0.000000 35041.000000 237943.000000 5905.000000 11568.000000 256.000000 
14
0.000000 42048.000000 0.000000 12288.000000 246103.000000 14994.000000 11952.000000 2496.000000 1536.000000 8180.000000 31179.000000 42048.000000 0.000000 20480.000000 241367.000000 13202.000000 12368.000000 2368.000000 1664.000000 8180.000000 31183.000000 42048.000000 0.000000 20480.000000 241367.000000 14994.000000 8912.000000 5824.000000 1536.000000 6740.000000 32751.000000 42048.000000 0.000000 12288.000000 231383.000000 11137.000000 12769.000000 6048.000000 1536.000000 6384.000000 29727.000000 146898.000000 7936.000000 20712.000000 0.000000 0.000000 12288.000000 240647.000000 11265.000000 14913.000000 2496.000000 768.000000 40292.000000 34235.000000 8256.000000 0.000000 35041.000000 237943.000000 5905.000000 11568.000000 256.000000 
15
0.000000 42048.000000 0.000000 12288.000000 246103.000000 14994.000000 11952.000000 2496.000000 1536.000000 8180.000000 31179.000000 42048.000000 0.000000 20480.000000 241367.000000 13202.000000 12368.000000 2368.000000 1664.000000 8180.000000 31183.000000 42048.000000 0.000000 20480.000000 241367.000000 14994.000000 8912.000000 5824.000000 1536.000000 6740.000000 32751.000000 42048.000000 0.000000 12288.000000 231383.000000 11137.000000 12769.000000 6048.000000 1536.000000 6384.000000 29727.000000 146898.000000 7936.000000 20712.000000 0.000000 0.000000 12288.000000 240647.000000 11265.000000 14913.000000 2496.000000 768.000000 40292.000000 34235.000000 8256.000000 0.000000 35041.000000 237943.000000 5905.000000 11568.000000 256.000000 
16
0.000000 42048.000000 0.000000 4096.000000 203879.000000 13698.000000 12464.000000 1856.000000 1536.000000 4848.000000 19503.000000 42048.000000 0.000000 4096.000000 195687.000000 13570.000000 12368.000000 2624.000000 1536.000000 6868.000000 31971.000000 42048.000000 0.000000 4096.000000 200423.000000 13698.000000 12368.000000 2496.000000 1536.000000 6384.000000 30099.000000 42048.000000 0.000000 4096.000000 203879.000000 9841.000000 12753.000000 6048.000000 1536.000000 6612.000000 30591.000000 145874.000000 7968.000000 20718.000000 0.000000 0.000000 0.000000 219583.000000 9345.000000 15009.000000 3040.000000 768.000000 40548.000000 32827.000000 8256.000000 0.000000 35041.000000 190967.000000 5905.000000 11920.000000 768.000000 
17
0.000000 42048.000000 0.000000 4096.000000 203879.000000 13698.000000 12464.000000 1856.000000 1536.000000 4848.000000 19503.000000 42048.000000 0.000000 4096.000000 195687.000000 13570.000000 12368.000000 2624.000000 1536.000000 6868.000000 31971.000000 42048.000000 0.000000 4096.000000 200423.000000 13698.000000 12368.000000 2496.000000 1536.000000 6384.000000 30099.000000 42048.000000 0.000000 4096.000000 203879.000000 9841.000000 12753.000000 6048.000000 1536.000000 6612.000000 30591.000000 145874.000000 7968.000000 20718.000000 0.000000 0.000000 0.000000 219583.000000 9345.000000 15009.000000 3040.000000 768.000000 40548.000000 32827.000000 8256.000000 0.000000 35041.000000 190967.000000 5905.000000 11920.000000 768.000000 
18
0.000000 42048.000000 0.000000 4096.000000 203879.000000 13698.000000 12464.000000 1856.000000 1536.000000 4848.000000 19503.000000 42048.000000 0.000000 4096.000000 195687.000000 13570.000000 12368.000000 2624.000000 1536.000000 6868.000000 31971.000000 42048.000000 0.000000 4096.000000 200423.000000 13698.000000 12368.000000 2496.000000 1536.000000 6384.000000 30099.000000 42048.000000 0.000000 4096.000000 203879.000000 9841.000000 12753.000000 6048.000000 1536.000000 6612.000000 30591.000000 145874.000000 7968.000000 20718.000000 0.000000 0.000000 0.000000 219583.000000 9345.000000 15009.000000 3040.000000 768.000000 40548.000000 32827.000000 8256.000000 0.000000 35041.000000 190967.000000 5905.000000 11920.000000 768.000000 
19
0.000000 42048.000000 0.000000 4096.000000 203879.000000 13698.000000 12464.000000 1856.000000 1536.000000 4848.000000 19503.000000 42048.000000 0.000000 4096.000000 195687.000000 13570.000000 12368.000000 2624.000000 1536.000000 6868.000000 31971.000000 42048.000000 0.000000 4096.000000 200423.000000 13698.000000 12368.000000 2496.000000 1536.000000 6384.000000 30099.000000 42048.000000 0.000000 4096.000000 203879.000000 9841.000000 12753.000000 6048.000000 1536.000000 6612.000000 30591.000000 145874.000000 7968.000000 20718.000000 0.000000 0.000000 0.000000 219583.000000 9345.000000 15009.000000 3040.000000 768.000000 40548.000000 32827.000000 8256.000000 0.000000 35041.000000 190967.000000 5905.000000 11920.000000 768.000000 
20
0.000000 42048.000000 0.000000 12288.000000 249623.000000 14994.000000 12464.000000 2496.000000 1536.000000 8180.000000 29739.000000 42048.000000 0.000000 12288.000000 249623.000000 14994.000000 10928.000000 2368.000000 1664.000000 8180.000000 29331.000000 42048.000000 0.000000 12288.000000 249623.000000 13202.000000 8912.000000 4896.000000 1664.000000 6740.000000 30891.000000 42048.000000 0.000000 12288.000000 249623.000000 11137.000000 12769.000000 6048.000000 1536.000000 6740.000000 32747.000000 146898.000000 7968.000000 20334.000000 0.000000 0.000000 0.000000 261247.000000 11137.000000 13121.000000 3040.000000 768.000000 37344.000000 31387.000000 8256.000000 0.000000 26849.000000 238007.000000 5889.000000 11632.000000 768.000000 
21
0.000000 42048.000000 0.000000 12288.000000 249623.000000 14994.000000 12464.000000 2496.000000 1536.000000 8180.000000 29739.000000 42048.000000 0.000000 12288.000000 249623.000000 14994.000000 10928.000000 2368.000000 1664.000000 8180.000000 29331.000000 42048.000000 0.000000 12288.000000 249623.000000 13202.000000 8912.000000 4896.000000 1664.000000 6740.000000 30891.000000 42048.000000 0.000000 12288.000000 249623.000000 11137.000000 12769.000000 6048.000000 1536.000000 6740.000000 32747.000000 146898.000000 7968.000000 20334.000000 0.000000 0.000000 0.000000 261247.000000 11137.000000 13121.000000 3040.000000 768.000000 37344.000000 31387.000000 8256.000000 0.000000 26849.000000 238007.000000 5889.000000 11632.000000 768.000000 
22
0.000000 42048.000000 0.000000 12288.000000 249623.000000 14994.000000 12464.000000 2496.000000 1536.000000 8180.000000 29739.000000 42048.000000 0.000000 12288.000000 249623.000000 14994.000000 10928.000000 2368.000000 1664.000000 8180.000000 29331.000000 42048.000000 0.000000 12288.000000 249623.000000 13202.000000 8912.000000 4896.000000 1664.000000 6740.000000 30891.000000 42048.000000 0.000000 12288.000000 249623.000000 11137.000000 12769.000000 6048.000000 1536.000000 6740.000000 32747.000000 146898.000000 7968.000000 20334.000000 0.000000 0.000000 0.000000 261247.000000 11137.000000 13121.000000 3040.000000 768.000000 37344.000000 31387.000000 8256.000000 0.000000 26849.000000 238007.000000 5889.000000 11632.000000 768.000000 
23
0.000000 42048.000000 0.000000 12288.000000 249623.000000 14994.000000 12464.000000 2496.000000 1536.000000 8180.000000 29739.000000 42048.000000 0.000000 12288.000000 249623.000000 14994.000000 10928.000000 2368.000000 1664.000000 8180.000000 29331.000000 42048.000000 0.000000 12288.000000 249623.000000 13202.000000 8912.000000 4896.000000 1664.000000 6740.000000 30891.000000 42048.000000 0.000000 12288.000000 249623.000000 11137.000000 12769.000000 6048.000000 1536.000000 6740.000000 32747.000000 146898.000000 7968.000000 20334.000000 0.000000 0.000000 0.000000 261247.000000 11137.000000 13121.000000 3040.000000 768.000000 37344.000000 31387.000000 8256.000000 0.000000 26849.000000 238007.000000 5889.000000 11632.000000 768.000000 
24
0.000000 42048.000000 0.000000 12288.000000 204503.000000 14994.000000 12368.000000 2496.000000 1536.000000 8308.000000 31183.000000 42048.000000 0.000000 12288.000000 204503.000000 14994.000000 12368.000000 1472.000000 1536.000000 8180.000000 31183.000000 42048.000000 0.000000 12288.000000 204503.000000 14994.000000 8400.000000 5824.000000 1664.000000 5300.000000 31983.000000 42048.000000 0.000000 12288.000000 204503.000000 11137.000000 10977.000000 6048.000000 1536.000000 6740.000000 32751.000000 140626.000000 1824.000000 20774.000000 0.000000 0.000000 12288.000000 197407.000000 11137.000000 11825.000000 3040.000000 768.000000 40548.000000 33471.000000 8256.000000 0.000000 35041.000000 192887.000000 5905.000000 8448.000000 640.000000 
25
0.000000 42048.000000 0.000000 12288.000000 204503.000000 14994.000000 12368.000000 2496.000000 1536.000000 8308.000000 31183.000000 42048.000000 0.000000 12288.000000 204503.000000 14994.000000 12368.000000 1472.000000 1536.000000 8180.000000 31183.000000 42048.000000 0.000000 12288.000000 204503.000000 14994.000000 8400.000000 5824.000000 1664.000000 5300.000000 31983.000000 42048.000000 0.000000 12288.000000 204503.000000 11137.000000 10977.000000 6048.000000 1536.000000 6740.000000 32751.000000 140626.000000 1824.000000 20774.000000 0.000000 0.000000 12288.000000 197407.000000 11137.000000 11825.000000 3040.000000 768.000000 40548.000000 33471.000000 8256.000000 0.000000 35041.000000 192887.000000 5905.000000 8448.000000 640.000000 
26
0.000000 42048.000000 0.000000 12288.000000 204503.000000 14994.000000 12368.000000 2496.000000 1536.000000 8308.000000 31183.000000 42048.000000 0.000000 12288.000000 204503.000000 14994.000000 12368.000000 1472.000000 1536.000000 8180.000000 31183.000000 42048.000000 0.000000 12288.000000 204503.000000 14994.000000 8400.000000 5824.000000 1664.000000 5300.000000 31983.000000 42048.000000 0.000000 12288.000000 204503.000000 11137.000000 10977.000000 6048.000000 1536.000000 6740.000000 32751.000000 140626.000000 1824.000000 20774.000000 0.000000 0.000000 12288.000000 197407.000000 11137.000000 11825.000000 3040.000000 768.000000 40548.000000 33471.000000 8256.000000 0.000000 35041.000000 192887.000000 5905.000000 8448.000000 640.000000 
27
0.000000 42048.000000 0.000000 12288.000000 204503.000000 14994.000000 12368.000000 2496.000000 1536.000000 8308.000000 31183.000000 42048.000000 0.000000 12288.000000 204503.000000 14994.000000 12368.000000 1472.000000 1536.000000 8180.000000 31183.000000 42048.000000 0.000000 12288.000000 204503.000000 14994.000000 8400.000000 5824.000000 1664.000000 5300.000000 31983.000000 42048.000000 0.000000 12288.000000 204503.000000 11137.000000 10977.000000 6048.000000 1536.000000 6740.000000 32751.000000 140626.000000 1824.000000 20774.000000 0.000000 0.000000 12288.000000 197407.000000 11137.000000 11825.000000 3040.000000 768.000000 40548.000000 33471.000000 8256.000000 0.000000 35041.000000 192887.000000 5905.000000 8448.000000 640.000000 
28
0.000000 42048.000000 0.000000 12288.000000 249623.000000 14978.000000 12464.000000 2496.000000 1536.000000 8308.000000 31171.000000 42048.000000 0.000000 12288.000000 249623.000000 14994.000000 12368.000000 1856.000000 1536.000000 6676.000000 31179.000000 42048.000000 0.000000 12288.000000 249623.000000 14994.000000 8912.000000 5920.000000 1664.000000 6740.000000 30227.000000 42048.000000 0.000000 12288.000000 249623.000000 11137.000000 12769.000000 6048.000000 1536.000000 8180.000000 23499.000000 146898.000000 7968.000000 20782.000000 0.000000 0.000000 12288.000000 249055.000000 11137.000000 14913.000000 3040.000000 640.000000 40548.000000 30663.000000 8256.000000 0.000000 35041.000000 238007.000000 4241.000000 11536.000000 640.000000 
29
0.000000 42048.000000 0.000000 12288.000000 249623.000000 14978.000000 12464.000000 2496.000000 1536.000000 8308.000000 31171.000000 42048.000000 0.000000 12288.000000 249623.000000 14994.000000 12368.000000 1856.000000 1536.000000 6676.000000 31179.000000 42048.000000 0.000000 12288.000000 249623.000000 14994.000000 8912.000000 5920.000000 1664.000000 6740.000000 30227.000000 42048.000000 0.000000 12288.000000 249623.000000 11137.000000 12769.000000 6048.000000 1536.000000 8180.000000 23499.000000 146898.000000 7968.000000 20782.000000 0.000000 0.000000 12288.000000 249055.000000 11137.000000 14913.000000 3040.000000 640.000000 40548.000000 30663.000000 8256.000000 0.000000 35041.000000 238007.000000 4241.000000 11536.000000 640.000000 
30
0.000000 42048.000000 0.000000 12288.000000 249623.000000 14978.000000 12464.000000 2496.000000 1536.000000 8308.000000 31171.000000 42048.000000 0.000000 12288.000000 249623.000000 14994.000000 12368.000000 1856.000000 1536.000000 6676.000000 31179.000000 42048.000000 0.000000 12288.000000 249623.000000 14994.000000 8912.000000 5920.000000 1664.000000 6740.000000 30227.000000 42048.000000 0.000000 12288.000000 249623.000000 11137.000000 12769.000000 6048.000000 1536.000000 8180.000000 23499.000000 146898.000000 7968.000000 20782.000000 0.000000 0.000000 12288.000000 249055.000000 11137.000000 14913.000000 3040.000000 640.000000 40548.000000 30663.000000 8256.000000 0.000000 35041.000000 238007.000000 4241.000000 11536.000000 640.000000 
31
0.000000 42048.000000 0.000000 12288.000000 249623.000000 14978.000000 12464.000000 2496.000000 1536.000000 8308.000000 31171.000000 42048.000000 0.000000 12288.000000 249623.000000 14994.000000 12368.000000 1856.000000 1536.000000 6676.000000 31179.000000 42048.000000 0.000000 12288.000000 249623.000000 14994.000000 8912.000000 5920.000000 1664.000000 6740.000000 30227.000000 42048.000000 0.000000 12288.000000 249623.000000 11137.000000 12769.000000 6048.000000 1536.000000 8180.000000 23499.000000 146898.000000 7968.000000 20782.000000 0.000000 0.000000 12288.000000 249055.000000 11137.000000 14913.000000 3040.000000 640.000000 40548.000000 30663.000000 8256.000000 0.000000 35041.000000 238007.000000 4241.000000 11536.000000 640.000000 
32
0.000000 42048.000000 0.000000 12288.000000 204583.000000 14994.000000 11856.000000 2496.000000 1536.000000 8308.000000 31179.000000 42048.000000 0.000000 12288.000000 204583.000000 14978.000000 11856.000000 2496.000000 1536.000000 6644.000000 30095.000000 42048.000000 0.000000 12288.000000 215143.000000 14994.000000 8400.000000 5920.000000 1664.000000 6740.000000 32751.000000 42048.000000 0.000000 12288.000000 204583.000000 11137.000000 12769.000000 5440.000000 1536.000000 6548.000000 31203.000000 112850.000000 7936.000000 20398.000000 0.000000 0.000000 12288.000000 225327.000000 11137.000000 13921.000000 3040.000000 768.000000 40548.000000 34203.000000 8256.000000 0.000000 35041.000000 192967.000000 5905.000000 12048.000000 768.000000 
33
0.000000 42048.000000 0.000000 12288.000000 204583.000000 14994.000000 11856.000000 2496.000000 1536.000000 8308.000000 31179.000000 42048.000000 0.000000 12288.000000 204583.000000 14978.000000 11856.000000 2496.000000 1536.000000 6644.000000 30095.000000 42048.000000 0.000000 12288.000000 215143.000000 14994.000000 8400.000000 5920.000000 1664.000000 6740.000000 32751.000000 42048.000000 0.000000 12288.000000 204583.000000 11137.000000 12769.000000 5440.000000 1536.000000 6548.000000 31203.000000 112850.000000 7936.000000 20398.000000 0.000000 0.000000 12288.000000 225327.000000 11137.000000 13921.000000 3040.000000 768.000000 40548.000000 34203.000000 8256.000000 0.000000 35041.000000 192967.000000 5905.000000 12048.000000 768.000000 
34
0.000000 42048.000000 0.000000 12288.000000 204583.000000 14994.000000 11856.000000 2496.000000 1536.000000 8308.000000 31179.000000 42048.000000 0.000000 12288.000000 204583.000000 14978.000000 11856.000000 2496.000000 1536.000000 6644.000000 30095.000000 42048.000000 0.000000 12288.000000 215143.000000 14994.000000 8400.000000 5920.000000 1664.000000 6740.000000 32751.000000 42048.000000 0.000000 12288.000000 204583.000000 11137.000000 12769.000000 5440.000000 1536.000000 6548.000000 31203.000000 112850.000000 7936.000000 20398.000000 0.000000 0.000000 12288.000000 225327.000000 11137.000000 13921.000000 3040.000000 768.000000 40548.000000 34203.000000 8256.000000 0.000000 35041.000000 192967.000000 5905.000000 12048.000000 768.000000 
35
0.000000 42048.000000 0.000000 12288.000000 204583.000000 14994.000000 11856.000000 2496.000000 1536.000000 8308.000000 31179.000000 42048.000000 0.000000 12288.000000 204583.000000 14978.000000 11856.000000 2496.000000 1536.000000 6644.000000 30095.000000 42048.000000 0.000000 12288.000000 215143.000000 14994.000000 8400.000000 5920.000000 1664.000000 6740.000000 32751.000000 42048.000000 0.000000 12288.000000 204583.000000 11137.000000 12769.000000 5440.000000 1536.000000 6548.000000 31203.000000 112850.000000 7936.000000 20398.000000 0.000000 0.000000 12288.000000 225327.000000 11137.000000 13921.000000 3040.000000 768.000000 40548.000000 34203.000000 8256.000000 0.000000 35041.000000 192967.000000 5905.000000 12048.000000 768.000000 
36
0.000000 42048.000000 0.000000 12288.000000 249607.000000 14866.000000 12368.000000 2496.000000 1536.000000 8308.000000 31183.000000 42048.000000 0.000000 12288.000000 249607.000000 14994.000000 10832.000000 2240.000000 1664.000000 8308.000000 24595.000000 42048.000000 0.000000 12288.000000 249607.000000 14978.000000 8912.000000 5792.000000 1664.000000 6676.000000 28327.000000 42048.000000 0.000000 12288.000000 249607.000000 11137.000000 10705.000000 5728.000000 1536.000000 5300.000000 27707.000000 146898.000000 7968.000000 20782.000000 0.000000 0.000000 12288.000000 249135.000000 11265.000000 13377.000000 2912.000000 768.000000 6372.000000 33503.000000 8256.000000 0.000000 35041.000000 237991.000000 5905.000000 12048.000000 768.000000 
37
0.000000 42048.000000 0.000000 12288.000000 249607.000000 14866.000000 12368.000000 2496.000000 1536.000000 8308.000000 31183.000000 42048.000000 0.000000 12288.000000 249607.000000 14994.000000 10832.000000 2240.000000 1664.000000 8308.000000 24595.000000 42048.000000 0.000000 12288.000000 249607.000000 14978.000000 8912.000000 5792.000000 1664.000000 6676.000000 28327.000000 42048.000000 0.000000 12288.000000 249607.000000 11137.000000 10705.000000 5728.000000 1536.000000 5300.000000 27707.000000 146898.000000 7968.000000 20782.000000 0.000000 0.000000 12288.000000 249135.000000 11265.000000 13377.000000 2912.000000 768.000000 6372.000000 33503.000000 8256.000000 0.000000 35041.000000 237991.000000 5905.000000 12048.000000 768.000000 
38
0.000000 42048.000000 0.000000 12288.000000 249607.000000 14866.000000 12368.000000 2496.000000 1536.000000 8308.000000 31183.000000 42048.000000 0.000000 12288.000000 249607.000000 14994.000000 10832.000000 2240.000000 1664.000000 8308.000000 24595.000000 42048.000000 0.000000 12288.000000 249607.000000 14978.000000 8912.000000 5792.000000 1664.000000 6676.000000 28327.000000 42048.000000 0.000000 12288.000000 249607.000000 11137.000000 10705.000000 5728.000000 1536.000000 5300.000000 27707.000000 146898.000000 7968.000000 20782.000000 0.000000 0.000000 12288.000000 249135.000000 11265.000000 13377.000000 2912.000000 768.000000 6372.000000 33503.000000 8256.000000 0.000000 35041.000000 237991.000000 5905.000000 12048.000000 768.000000 
39
0.000000 42048.000000 0.000000 12288.000000 249607.000000 14866.000000 12368.000000 2496.000000 1536.000000 8308.000000 31183.000000 42048.000000 0.000000 12288.000000 249607.000000 14994.000000 10832.000000 2240.000000 1664.000000 8308.000000 24595.000000 42048.000000 0.000000 12288.000000 249607.000000 14978.000000 8912.000000 5792.000000 1664.000000 6676.000000 28327.000000 42048.000000 0.000000 12288.000000 249607.000000 11137.000000 10705.000000 5728.000000 1536.000000 5300.000000 27707.000000 146898.000000 7968.000000 20782.000000 0.000000 0.000000 12288.000000 249135.000000 11265.000000 13377.000000 2912.000000 768.000000 6372.000000 33503.000000 8256.000000 0.000000 35041.000000 237991.000000 5905.000000 12048.000000 768.000000 
