0
0.000000 0.595620 1.047883 0.956683 0.719058 0.689923 0.802331 0.980295 1.010014 0.989918 0.529335 0.777301 0.952621 1.052684 0.584582 0.699799 0.821213 0.983088 0.980478 1.021384 0.262210 0.799764 0.952621 0.956683 0.671737 0.699837 0.881492 0.996423 0.996213 1.007445 0.537457 0.681993 0.952621 1.047883 0.685559 0.562062 1.009299 0.914431 0.974202 1.031448 0.660082 0.743097 0.991371 0.956524 0.984559 1.013594 1.025859 0.534920 0.573067 0.801450 1.066566 0.982904 0.968566 0.889601 0.762100 1.047985 0.723126 0.478268 0.874021 1.132237 0.978079 
1
0.000000 0.000031 1.047883 1.018230 0.579917 0.690897 0.795139 0.966984 0.980637 1.015184 0.534533 0.095385 0.952621 1.018230 0.580551 0.690848 0.812336 0.978464 0.994238 0.996243 0.230279 0.095397 0.952621 1.018230 0.572025 0.689323 0.827301 0.981883 0.996090 1.006090 0.532352 0.000135 0.952621 0.956560 0.757632 0.615833 0.913264 1.024456 1.002582 1.006931 0.658881 0.717165 0.935865 1.065429 0.953203 1.048620 0.989823 0.448572 0.528967 0.902643 0.984436 0.983189 0.968531 0.895316 0.762283 1.051636 0.686756 0.387940 1.096950 0.996644 0.972638 
2
0.000000 0.000015 1.047883 1.018230 0.560653 0.691574 0.808347 0.975487 0.964569 1.016744 0.523935 0.095817 0.952621 1.018230 0.601580 0.689963 0.914219 0.990989 0.980727 1.011924 0.219535 0.095999 0.952621 1.018230 0.580277 0.689231 0.819430 0.985485 0.975603 1.017927 0.534029 0.000591 0.952621 0.956560 0.716971 0.534552 0.991715 0.991054 0.974646 1.024542 0.560834 0.730386 0.928075 1.055373 0.931422 1.070978 1.002427 0.424458 0.499184 0.892363 1.034655 0.985491 0.971811 0.892214 0.762236 1.051940 0.680721 0.405149 1.106893 0.995404 0.979727 
3
0.000000 0.000015 1.047883 1.014292 0.552877 0.691113 0.841496 0.985858 0.996332 1.010545 0.613907 0.098326 0.952621 1.014292 0.556528 0.693404 0.901061 0.983928 0.980264 0.991716 0.229751 0.098235 0.952621 1.048450 0.525262 0.693865 0.928461 0.995914 0.996237 1.014225 0.607717 0.002933 0.952621 1.047883 0.635028 0.555232 1.031062 0.963308 0.975591 1.026312 0.642883 0.759522 0.912914 1.061870 0.928517 1.076063 0.998656 0.446758 0.471967 0.866616 1.045397 0.989922 1.009447 0.934348 0.761834 1.047894 0.667518 0.472525 0.986642 1.002771 0.964145 
4
0.000000 0.000015 1.039754 0.948554 0.672113 0.690166 0.801793 0.980593 1.010180 1.000089 0.616994 0.094634 0.952608 1.052577 0.586871 0.691705 0.818684 0.980233 0.980607 1.013206 0.619886 0.094603 0.952800 1.052137 0.582896 0.700096 0.879077 0.991243 0.980514 1.015389 0.630133 0.000102 0.951915 1.052347 0.683702 0.562373 1.051778 0.963271 1.002447 0.997913 0.662062 0.727082 0.882265 1.046563 1.021906 0.997559 1.021258 0.839667 0.571983 0.724123 1.122143 0.983252 1.019076 0.847289 0.762051 0.952733 0.889292 0.474354 0.965326 1.021681 0.983565 
5
0.000000 0.000015 1.039754 1.002711 0.574656 0.689323 0.796265 0.978611 0.980516 1.019412 0.518472 0.095214 0.952606 1.018192 0.566741 0.689635 0.816008 0.990285 0.980308 1.013720 0.540658 0.095215 0.952628 1.018024 0.572045 0.691112 0.824713 0.990654 0.996307 1.006245 0.524108 0.000041 0.951709 1.051630 0.633661 0.615758 0.923161 0.977915 0.974605 1.012095 0.574815 0.719555 0.985287 0.987400 1.002718 1.012647 0.909850 0.881970 0.528176 0.888853 0.956020 0.983183 1.019059 0.849347 0.761912 0.956603 0.690639 0.382971 1.085403 0.989556 0.983819 
6
0.000000 0.000000 1.039754 1.002711 0.558209 0.691008 0.809930 0.985103 0.994484 1.005201 0.527549 0.094523 0.952589 1.017767 0.567542 0.691008 0.914184 0.985945 0.996260 1.011748 0.528286 0.094523 0.952771 1.018780 0.576076 0.689231 0.822115 0.990288 0.959521 1.026530 0.535014 0.000000 0.952485 1.051554 0.629174 0.551819 1.050466 0.914550 0.974503 1.015839 0.567743 0.658273 0.892413 1.113334 0.936534 1.052733 1.010919 0.764146 0.476544 0.867501 1.012255 0.985233 1.019187 0.845801 0.762287 0.956454 0.693810 0.389349 1.074356 1.016107 0.964182 
7
0.000000 0.000000 1.039754 0.998125 0.561361 0.691320 0.838126 0.973712 0.980367 1.028532 0.511835 0.094523 0.952732 1.015261 0.565692 0.690962 0.898200 0.979069 0.980454 1.023836 0.615192 0.094523 0.952358 1.057826 0.526577 0.692739 0.927107 0.995870 0.980422 1.008975 0.522778 0.000000 0.952116 1.051971 0.618679 0.554924 0.982982 0.988659 0.974555 1.008373 0.658291 0.725006 0.985350 0.922527 0.950889 1.022623 1.005105 0.774695 0.470369 0.841913 1.033543 0.984197 1.018691 0.923445 0.762219 0.952562 0.849646 0.468368 0.872300 1.127849 0.995413 
8
0.000000 0.000015 1.039754 0.948554 0.679979 0.703871 0.863837 0.980339 0.980613 1.006240 0.526144 0.094631 0.952662 1.052480 0.599102 0.691123 0.830220 1.011346 0.964613 1.026196 0.637000 0.094723 0.952569 1.052320 0.581202 0.691106 0.879157 0.991138 0.980249 1.002478 0.628852 0.000111 0.951846 1.051886 0.686532 0.562062 1.018342 0.931433 1.003418 0.994433 0.660501 0.713072 0.869946 1.060939 1.021901 0.997572 1.021224 0.851910 0.568165 0.720497 1.112032 1.015468 0.995922 0.841040 0.762190 1.047515 0.717432 0.478223 0.990508 1.016509 0.967736 
9
0.000000 0.000000 1.039754 1.003213 0.562585 0.700968 0.859380 0.967251 0.980740 0.997220 0.531229 0.094538 0.952462 1.017702 0.558167 0.689323 0.924407 1.001009 0.964579 1.021532 0.522985 0.094538 0.952692 1.018196 0.590052 0.689323 0.827710 0.991265 0.980574 0.993577 0.544778 0.000015 0.952004 1.051781 0.641479 0.615812 0.912558 1.010086 0.989335 1.020179 0.658826 0.728957 0.858209 1.115539 1.002608 0.917397 1.005144 0.876614 0.525133 0.887820 0.961143 0.997997 0.961210 0.879722 0.762067 1.052062 0.688951 0.378082 1.089236 0.988664 0.974725 
10
0.000000 0.000000 1.039754 1.003450 0.596750 0.701770 0.821545 0.996538 0.959554 1.023295 0.539502 0.094523 0.952693 1.019515 0.586405 0.691831 0.819070 1.007715 0.978785 0.994027 0.525103 0.095086 0.952497 1.018560 0.573303 0.691196 0.819863 0.990251 0.959871 1.036448 0.526384 0.000000 0.952455 0.956443 0.738775 0.551906 0.985162 0.998754 0.974657 1.017983 0.560700 0.727999 0.870203 1.018127 1.031851 1.052733 0.955825 0.816501 0.440425 0.869563 1.017794 0.983142 1.020617 0.841918 0.762002 1.051875 0.678684 0.413859 1.018013 1.076474 0.963043 
11
0.000000 0.000000 1.039754 0.998454 0.558249 0.700982 0.836145 0.964579 0.980150 1.008785 0.532873 0.095151 0.952770 1.014133 0.578711 0.691185 0.908387 1.007284 0.964820 1.021197 0.598371 0.094523 0.952731 1.053151 0.531307 0.691837 0.927453 0.996427 0.957733 0.988241 0.527464 0.000000 0.952009 1.052085 0.624908 0.555303 1.028796 0.973942 0.974485 1.021609 0.643020 0.746949 0.971023 0.896765 1.046217 0.967472 1.005060 0.776367 0.469185 0.842166 1.017101 0.985704 1.011105 0.828189 0.762248 1.047910 0.676629 0.470833 0.963212 1.026889 0.978891 
12
0.000000 0.000015 1.039754 0.948554 0.676060 0.703538 0.967409 0.977365 1.009836 0.996331 0.608971 0.096294 0.952604 1.052308 0.576032 0.703538 0.968450 0.995480 0.980577 1.020476 0.613947 0.096201 0.952618 1.052181 0.582965 0.697666 0.884625 0.975351 0.975298 1.034922 0.537026 0.001678 0.952762 1.051973 0.674197 0.562062 0.939484 1.077075 1.002995 1.006433 0.645851 0.672541 0.943097 1.060410 1.046197 0.992708 0.883056 0.494145 0.564727 0.862255 0.961874 1.000023 1.001305 0.927851 0.761864 0.952686 0.889950 0.474500 0.993873 1.001536 0.978131 
13
0.000000 0.000000 1.039754 1.003213 0.571978 0.700881 1.000790 0.966417 0.980571 1.020698 0.523938 0.094523 0.952375 1.017817 0.566999 0.701193 0.990300 1.008110 0.994332 0.995139 0.523105 0.094523 0.952830 1.019419 0.570056 0.691112 0.831780 0.975001 0.975802 1.035256 0.533506 0.000000 0.952722 1.064020 0.624371 0.626312 0.924429 1.012415 1.003631 0.988031 0.571091 0.688619 0.894761 1.056443 1.048634 0.986039 0.873027 0.389181 0.529604 0.889381 0.964731 1.000279 1.011375 0.833609 0.762039 0.956604 0.697341 0.458070 1.013508 0.999518 0.977943 
14
0.000000 0.000000 1.039754 1.003450 0.567464 0.700569 0.988707 0.993350 0.964781 1.029704 0.519327 0.095225 0.952685 1.020011 0.567198 0.701147 0.970721 0.992092 0.996138 1.003273 0.524763 0.094523 0.952497 1.018022 0.559510 0.691008 0.837668 0.974877 0.975379 1.006395 0.553280 0.000000 0.951877 1.063803 0.612664 0.551819 0.924262 1.082945 1.003190 0.994885 0.568041 0.707589 0.981222 0.931479 0.983373 0.992674 0.944801 0.383062 0.513619 0.881372 1.024521 1.011874 0.994219 0.829484 0.762281 0.956597 0.698095 0.378933 1.010783 1.078306 0.974809 
15
0.000000 0.000000 1.039754 0.998454 0.559345 0.702082 0.981290 0.970881 0.980558 1.022059 0.500622 0.094523 0.952765 1.013622 0.563163 0.701458 0.965430 1.001095 0.980459 1.010260 0.616835 0.095167 0.952580 1.052589 0.527109 0.699397 0.929701 0.980558 0.995965 1.014996 0.512430 0.000000 0.952486 1.060270 0.620330 0.554924 1.001263 1.011305 0.994558 0.994557 0.651708 0.701222 0.970994 0.896295 1.048578 0.996471 0.946717 0.390689 0.468536 0.840988 1.027259 1.007147 0.989197 0.828004 0.762302 0.952382 0.846041 0.471522 0.965044 1.026342 0.990373 
16
0.000000 0.000015 1.039754 0.958523 0.879458 0.978543 1.010797 1.008041 0.994516 0.998068 0.524431 0.096854 0.952598 1.065259 0.782348 0.984704 1.012615 0.996044 0.980526 1.023657 0.614836 0.096107 0.952709 0.968963 0.877514 0.981203 1.006035 0.997423 0.996107 0.979761 0.545965 0.001626 0.951890 1.055695 0.796790 0.954381 0.914911 1.101781 0.989382 1.021246 0.555246 0.715988 0.954150 1.046615 1.021900 0.997581 1.021960 0.861951 1.005764 0.924920 1.045101 0.999158 1.012489 0.821708 0.762097 0.956560 0.941025 0.951160 0.944776 1.054173 0.998779 
17
0.000000 0.000000 1.039754 1.017602 0.753746 0.977847 1.012774 1.004804 0.964537 1.020476 0.522753 0.094523 0.952605 1.034110 0.762280 0.979324 1.015549 0.984398 0.980209 1.025510 0.521528 0.094523 0.952727 1.034013 0.768335 0.978720 1.009878 0.997540 0.980553 1.021766 0.543304 0.000000 0.951636 1.055612 0.751797 0.973703 0.985174 1.003136 0.989995 1.021207 0.551342 0.724808 0.879191 1.115548 1.002629 0.917423 1.005142 0.852650 1.002672 1.000299 0.964183 0.998891 1.012517 0.800050 0.762097 1.047883 0.740126 0.946954 0.998100 1.005415 0.978183 
18
0.000000 0.000000 1.039754 0.958523 0.800501 0.978544 0.969414 0.999210 1.010170 0.981848 0.602620 0.094523 0.952476 1.064923 0.726232 1.001749 0.990065 0.995606 0.996429 1.002453 0.613437 0.094523 0.952569 0.968570 0.809743 0.977742 0.958694 1.001668 0.994444 0.990138 0.524384 0.000000 0.952037 1.056530 0.705931 0.969134 1.005572 1.001112 1.002814 1.009780 0.650262 0.752923 0.870125 1.058177 1.051127 0.957509 1.031027 0.783561 1.011117 0.930244 1.035517 0.999457 1.007869 0.796639 0.762097 1.047883 0.772657 0.838693 1.077123 1.034316 0.974918 
19
0.000000 0.000000 1.039754 1.012064 0.824377 0.966765 1.013648 0.992280 0.943812 1.023695 0.508004 0.094523 0.952869 1.030765 0.788139 0.980283 0.978844 0.969901 0.996177 1.011497 0.603693 0.095181 0.952549 1.031509 0.819828 0.981203 1.003266 0.990332 1.010054 0.960608 0.530728 0.000000 0.952754 1.055975 0.733886 0.944539 0.923654 1.083400 0.975350 1.037047 0.649572 0.777902 0.971014 0.896836 1.005090 1.022571 0.950876 0.822415 1.005015 0.940278 1.030163 1.001257 1.008171 0.947698 0.940773 0.973725 0.857917 0.945202 0.970506 1.017428 0.969596 
20
0.000000 0.000015 1.039754 0.958523 0.674726 0.703538 0.984675 0.992166 0.959453 1.049130 0.609397 0.094678 0.952514 0.968912 0.678979 0.703538 0.820035 0.997047 0.980263 1.020536 0.612920 0.094538 0.952559 0.968975 0.695095 0.703850 0.942315 0.981638 0.996211 1.015100 0.531051 0.000155 0.951759 1.064199 0.692995 0.562685 0.930327 1.077952 1.003123 1.007646 0.568093 0.708839 0.890226 1.060939 1.021933 0.997581 1.021969 0.855572 0.556697 0.737345 1.121901 0.985010 1.020364 0.908478 0.761992 0.952913 0.926644 0.469481 0.975621 1.015214 0.978187 
21
0.000000 0.000000 1.039754 1.017481 0.571676 0.701193 0.983836 1.005073 0.980382 1.020926 0.528654 0.094523 0.952593 1.034160 0.552544 0.701505 0.918627 0.983385 0.994413 0.995274 0.524660 0.095164 0.952560 1.034828 0.576726 0.701193 0.841929 0.976067 0.975480 1.036569 0.536411 0.000000 0.951982 1.063935 0.629732 0.626312 0.922605 1.025013 0.989264 1.017680 0.547593 0.783958 0.857015 1.115600 1.002692 0.917423 1.005105 0.847902 0.543039 0.877662 0.971989 0.997018 1.010229 0.830038 0.762103 0.956807 0.733300 0.385401 1.053142 1.003302 0.969951 
22
0.000000 0.000000 1.039754 0.958523 0.606638 0.701505 0.986724 0.987901 1.010418 0.996355 0.502981 0.094523 0.952928 0.969341 0.653758 0.701458 0.809926 0.991656 0.980571 1.012069 0.616833 0.094523 0.952586 0.968814 0.604498 0.701147 0.839994 0.979705 0.996160 1.016540 0.610515 0.000000 0.952390 1.064200 0.603070 0.552927 0.924124 1.075501 1.011234 1.002962 0.644589 0.755179 0.870145 1.058160 1.051071 0.957483 1.031018 0.762777 0.553326 0.820228 1.028559 0.993002 1.011749 0.811463 0.762094 0.952596 0.711963 0.462352 0.932395 1.012400 0.977688 
23
0.000000 0.000000 1.039754 1.012896 0.557302 0.701458 0.982932 0.990778 0.980505 1.012944 0.509069 0.095083 0.952507 1.030616 0.544982 0.701147 0.880153 1.012990 0.980476 1.001448 0.607648 0.094523 0.952826 1.030488 0.550799 0.701458 0.884978 0.977998 0.996184 1.017961 0.517284 0.000000 0.951995 1.064093 0.615246 0.553816 1.003064 1.004703 0.974722 1.039642 0.646076 0.748712 0.971006 0.896845 1.005081 1.022610 0.950874 0.794920 0.472321 0.841896 1.012428 0.992495 1.012986 0.807556 0.762087 0.952192 0.849669 0.456537 0.903073 1.091070 1.001152 
24
0.000000 0.000015 1.039754 0.958523 0.677938 0.703850 0.864876 0.993185 0.995972 0.986879 0.526108 0.095379 0.952506 1.065180 0.594639 0.703941 0.974717 1.022452 0.980569 1.011864 0.523648 0.094678 0.952602 0.969539 0.690473 0.682835 1.010665 0.992158 0.980736 1.013906 0.620491 0.000155 0.951975 1.047977 0.701227 0.545106 0.989992 1.082124 0.973788 1.022464 0.565970 0.781665 0.920771 1.100553 0.918733 1.062813 0.908566 0.541760 0.575839 0.816270 1.038097 0.999755 1.010006 0.907140 0.762021 0.952815 0.845882 0.475009 0.983862 1.001448 0.969021 
25
0.000000 0.000000 1.039754 1.017481 0.559834 0.701031 0.861008 1.004013 0.964731 1.034557 0.516069 0.094523 0.952532 1.034468 0.578331 0.701362 0.974284 1.023412 0.964569 1.026822 0.514451 0.095043 0.952541 1.034499 0.573357 0.690417 0.964321 0.991023 0.980411 0.993979 0.535893 0.000000 0.952400 0.956410 0.743196 0.563198 1.012261 1.035076 0.974368 1.024757 0.563844 0.822259 0.823111 1.016251 1.002565 1.077850 0.872356 0.461679 0.546497 0.885488 0.986856 0.994214 1.016281 0.824411 0.762144 0.956605 0.816346 0.389646 1.063607 1.017075 0.967137 
26
0.000000 0.000000 1.039754 0.958523 0.604297 0.700993 0.820963 0.998871 0.996250 0.997796 0.611158 0.094523 0.952916 1.065005 0.527809 0.711135 0.985769 1.012049 0.978721 0.980430 0.597831 0.094523 0.952820 0.968691 0.614943 0.690749 0.966828 0.990664 0.959578 1.030175 0.531957 0.000000 0.951833 1.051592 0.630885 0.562891 0.934478 1.077380 0.988392 1.015828 0.643533 0.777803 0.902526 1.019778 1.047772 0.937359 1.024640 0.439406 0.533476 0.841131 1.040713 0.997972 1.009087 0.784337 0.762275 0.952544 0.769904 0.469267 0.962177 1.014430 0.968907 
27
0.000000 0.000000 1.039754 1.012896 0.609197 0.701715 0.834590 1.001715 0.980657 1.019525 0.518789 0.094523 0.952457 1.026368 0.565924 0.701660 0.990129 1.004679 0.964562 1.019056 0.617929 0.094523 0.952566 1.026329 0.572191 0.690397 0.970231 0.995469 0.980345 1.002320 0.527165 0.000000 0.951952 1.048238 0.645968 0.564257 1.028148 0.938879 0.973718 1.026210 0.642936 0.783281 1.024006 0.963271 1.024328 0.927495 0.983562 0.439545 0.520555 0.868259 1.034112 1.003049 1.003663 0.792427 0.761912 0.952420 0.802212 0.458893 0.964243 1.016418 0.960845 
28
0.000000 0.000015 1.039754 0.958523 0.675918 0.690905 0.981949 0.994118 0.959536 1.049582 0.609226 0.095285 0.952927 0.968895 0.707732 0.703538 0.848239 0.995819 0.980578 1.019380 0.518379 0.094599 0.952726 0.968726 0.678653 0.703850 0.834924 0.981529 0.996212 1.002607 0.539951 0.000155 0.951916 1.064187 0.693709 0.545019 0.989125 1.075113 0.974534 1.030773 0.281450 0.783036 0.893636 1.100510 0.918698 1.084522 0.886749 0.553703 0.567312 0.730472 1.112175 0.998229 1.007153 0.916824 0.762030 0.952365 0.883320 0.371569 1.085121 1.009930 0.969416 
29
0.000000 0.000000 1.039754 1.017481 0.550759 0.690070 0.983723 0.993928 0.980478 1.021035 0.528914 0.094523 0.952621 1.034693 0.558565 0.701193 0.820799 0.991444 0.994337 0.982423 0.533013 0.094523 0.952561 1.035573 0.573453 0.701505 0.905377 0.976368 0.975413 1.030147 0.528263 0.000000 0.951793 1.063730 0.633757 0.563424 0.935049 1.083324 0.988157 1.016268 0.281243 0.811322 0.872597 1.016350 1.002637 1.077897 0.872343 0.461106 0.504179 0.879309 0.965233 0.998282 1.004945 0.788279 0.762151 0.956715 0.702434 0.474024 0.958941 1.018513 0.979757 
30
0.000000 0.000000 1.039754 0.958523 0.589267 0.694043 0.982198 0.999301 1.010257 0.996229 0.502668 0.094523 0.952488 0.968504 0.632261 0.701458 0.842616 1.001101 0.996210 0.996932 0.608293 0.094523 0.952644 0.968785 0.609387 0.701147 0.835899 0.980210 0.996208 1.003692 0.620891 0.000000 0.952033 1.064406 0.600589 0.563424 1.013300 1.037319 0.973848 1.022555 0.265264 0.838849 0.867358 1.005295 1.047775 0.937372 1.024596 0.439734 0.553352 0.818027 1.022120 0.985138 1.019771 0.770126 0.761996 0.952615 0.805561 0.348627 1.088540 1.002312 0.967991 
31
0.000000 0.000000 1.039754 1.008834 0.595912 0.689938 0.978574 0.991042 0.980422 1.021578 0.503854 0.094523 0.952512 1.026883 0.545347 0.701458 0.804090 1.008186 0.980390 0.995421 0.608031 0.095173 0.952551 1.030105 0.564985 0.701147 0.889939 0.977009 0.996244 1.012914 0.515534 0.000000 0.952443 1.063987 0.615586 0.563689 1.027767 0.937730 0.973705 1.026042 0.264677 0.809238 0.925066 0.963248 1.024325 0.927459 0.983497 0.438596 0.471957 0.842415 1.017828 0.984858 1.014784 0.773469 0.762209 0.952646 0.840450 0.356944 1.060311 1.017990 1.000819 
32
0.000000 0.000015 1.039754 0.958523 0.726597 0.690918 0.974640 1.002324 0.980648 1.020874 0.516156 0.094677 0.952415 1.064479 0.660338 0.691239 0.977325 1.002384 0.980504 1.019548 0.524012 0.094538 0.952847 0.969365 0.773123 0.703856 1.010193 0.974003 0.996449 1.002648 0.540260 0.000155 0.951664 1.064403 0.797252 0.545025 1.062142 0.989227 0.987272 0.997783 0.560701 0.756499 0.920927 1.060417 0.950837 1.087967 0.883058 0.580562 0.608745 0.839590 1.050787 0.997934 0.961037 0.976076 0.762261 0.952174 0.882207 0.433816 1.095491 1.014142 0.980201 
33
0.000000 0.000000 1.039754 1.017481 0.712580 0.699994 0.969966 1.002030 0.980557 1.021868 0.522001 0.095223 0.952631 1.035276 0.644136 0.693738 0.984250 1.011789 0.964631 1.019155 0.532980 0.094523 0.952763 1.034349 0.635384 0.701201 0.968619 0.966897 0.996299 1.003816 0.537589 0.000000 0.952037 1.064171 0.684234 0.563116 0.974955 1.057384 1.009337 0.991897 0.562941 0.817882 0.872570 1.056361 0.953479 1.081309 0.873092 0.497303 0.571168 0.908938 0.997030 0.990079 0.968609 0.878992 0.762189 0.956711 0.692080 0.592251 0.990106 1.012562 0.974234 
34
0.000000 0.000000 1.039754 0.958523 0.704464 0.693740 0.972057 0.993848 0.995661 1.013003 0.504252 0.094523 0.952618 1.065193 0.615821 0.690871 0.966542 1.006433 0.994399 0.980309 0.607740 0.095147 0.952371 0.968541 0.702219 0.711712 1.016920 0.975437 0.975204 1.029888 0.610468 0.000000 0.952664 1.060062 0.718488 0.564063 0.952377 1.081681 1.009177 0.980905 0.658241 0.809207 0.867403 0.990377 1.078615 0.952421 0.944830 0.493791 0.629221 0.862992 1.039824 0.984967 1.011216 0.829341 0.762006 0.952875 0.808525 0.458804 1.066912 1.006585 0.972322 
35
0.000000 0.000000 1.039754 1.008834 0.616576 0.689938 0.993920 1.003406 0.980733 1.019196 0.508570 0.094523 0.952812 1.026028 0.654270 0.690572 0.968610 1.010394 0.964662 1.029822 0.598208 0.094523 0.952511 1.026826 0.632678 0.709593 0.959293 0.966918 0.996054 1.013074 0.516311 0.000000 0.951790 1.063702 0.679556 0.563388 1.048720 0.985357 0.973928 0.996003 0.658726 0.707070 1.020468 0.948853 0.935518 0.992614 0.968528 0.503598 0.512847 0.893008 1.034291 0.983450 1.017519 0.816756 0.761970 0.952731 0.839910 0.531348 0.985469 1.007718 0.958366 
36
0.000000 0.000108 1.039754 0.958523 0.727544 0.699785 0.967260 1.005422 0.980096 1.020689 0.613021 0.094678 0.952559 0.968659 0.744429 0.691694 0.976341 0.990075 0.980604 1.019639 0.515735 0.095171 0.952604 0.968676 0.734996 0.699815 0.974851 0.972779 0.996030 1.013880 0.531697 0.000155 0.951907 1.048015 0.796074 0.544708 1.004708 1.003545 1.003249 1.007394 0.565746 0.733215 0.943024 1.060418 1.046157 0.992748 0.883042 0.560992 0.610609 0.970549 0.962597 1.007536 0.957484 0.984163 0.762074 0.952853 0.833458 0.412999 1.101425 0.997651 0.979086 
37
0.000000 0.000000 1.039754 1.017481 0.698812 0.689323 0.973774 0.991047 0.980493 1.020639 0.518502 0.094523 0.952670 1.034992 0.657108 0.694059 0.982915 1.002358 0.994428 0.990156 0.533906 0.094523 0.952633 1.034451 0.661981 0.693741 1.012785 0.966909 0.996034 1.016315 0.527935 0.000000 0.951614 0.956764 0.794092 0.563434 1.024050 0.985283 0.989235 1.008451 0.566525 0.731043 0.894829 1.056316 1.048685 0.986010 0.877074 0.494100 0.583585 0.969091 0.965726 1.000119 1.008689 0.833616 0.762043 0.956725 0.803234 0.544706 1.004380 0.979734 0.978250 
38
0.000000 0.000000 1.039754 0.958523 0.675555 0.689687 0.967341 0.998916 0.959827 1.046962 0.506134 0.095129 0.952754 0.968837 0.732848 0.690557 0.969395 1.002009 0.996143 0.996854 0.597655 0.094523 0.952618 0.968728 0.694113 0.698990 1.024854 0.978372 0.996390 1.016554 0.610572 0.000000 0.952438 1.047751 0.716555 0.563744 0.941226 1.054814 0.974510 1.039927 0.648041 0.775861 0.867424 1.047923 0.983310 0.992553 0.944781 0.485075 0.573472 0.907680 1.024465 0.997181 1.009230 0.815626 0.762143 1.047758 0.715070 0.446192 1.087224 0.982557 0.962329 
39
0.000000 0.000000 1.039754 1.008834 0.601735 0.693390 0.976898 1.003469 0.980615 1.023221 0.511970 0.094523 0.952554 1.026495 0.601553 0.689938 0.967001 1.001857 0.980385 0.987514 0.607399 0.094523 0.952656 1.027208 0.620945 0.689938 0.978119 0.975443 0.959843 1.027312 0.525924 0.000000 0.952174 1.047790 0.702494 0.563528 1.028358 0.965697 0.974822 1.042530 0.626036 0.769805 0.971045 0.948976 0.935512 0.992550 0.968445 0.462265 0.562036 0.913428 1.026533 0.992062 1.015439 0.824646 0.762004 1.047641 0.697014 0.417515 1.048845 1.021508 0.963771 
