task94
0.012000 1.001515 2.001584 2.001597 3.011151 3.011168 4.010936 4.011165 5.011169 5.011196 
task15
0.022000 1.011517 2.011584 2.011598 3.021151 3.021169 4.021141 4.021179 5.021169 5.021197 
task10
0.022000 1.011608 2.011584 2.011703 3.021151 3.021294 4.021141 4.021317 5.021169 5.021195 
task13
0.022000 1.011522 2.011584 2.011757 3.021151 3.021188 4.021141 4.021322 5.021169 5.021231 
task0
0.022000 1.011606 2.011584 2.011640 3.021151 3.021294 4.021141 4.021188 5.021169 5.021189 
task3
0.024000 1.013518 2.013584 2.013600 3.023151 3.023171 4.033141 4.033180 5.023169 5.023199 
task1
0.024000 1.030165 2.012775 2.030699 3.022380 3.042986 4.021619 4.027854 5.022501 5.039823 
task14
0.024000 1.014911 2.013330 2.042709 3.022814 3.049205 4.022924 4.033785 5.021506 5.024722 
task12
0.024000 1.027109 2.012544 2.024591 3.021636 3.024857 4.022465 4.030891 5.022129 5.036885 
task11
0.024000 1.036355 2.012558 2.027591 3.022795 3.046182 4.049642 4.053063 5.022540 5.042894 
task2
0.024000 1.042386 2.012221 2.015403 3.023013 3.055327 4.021530 4.024730 5.022639 5.045909 
task9
0.024000 1.033352 2.012831 2.033575 3.022163 3.033874 4.031508 4.036986 5.022952 5.052078 
task6
0.024000 1.039446 2.013029 2.039828 3.022260 3.040078 4.032970 4.046049 5.022928 5.049037 
task4
0.024000 1.021023 2.012257 2.018421 3.021923 3.027855 4.046302 4.056249 5.021609 5.030741 
task7
0.024000 1.018006 2.013500 2.045880 3.022043 3.030812 4.052726 4.061266 5.023289 5.055263 
task5
0.024000 1.045542 2.012396 2.021522 3.022241 3.036971 4.032741 4.043034 5.021829 5.033866 
task8
0.024000 1.024157 2.012988 2.036669 3.022934 3.052174 4.032157 4.039957 5.021589 5.027674 
task16
0.062000 1.051518 2.051584 2.051600 3.061151 3.061171 4.061141 4.061180 5.061169 5.061199 
task17
0.062291 0.093252 1.051691 1.082677 2.051755 2.082768 3.061488 3.092565 4.061409 4.105126 5.061531 5.092561 
task20
0.064000 0.135682 1.053500 1.125286 2.053584 2.125320 3.063151 3.134974 4.063141 4.134868 5.063169 5.134869 
task19
0.111030 0.147298 0.164197 0.176151 1.100430 1.130268 2.100494 2.130351 3.110227 3.139975 4.092295 4.094255 4.094633 4.095252 4.110195 4.144057 4.145312 4.157174 4.195124 4.206365 5.110270 5.140108 
task18
0.135963 0.142788 0.143178 0.143455 0.143917 0.144255 0.144656 0.144855 0.153596 0.155431 0.157718 0.159631 0.161252 0.163031 0.164785 0.169031 1.127908 1.128622 1.128647 1.139709 1.143846 1.145606 1.148558 1.150349 1.152091 1.155020 2.130623 2.132446 2.132447 2.133909 2.134447 2.134789 2.135186 2.135480 2.142568 2.149048 2.152579 2.154386 2.154935 2.157863 3.147401 3.149918 3.150357 3.151435 3.151835 3.152122 3.152574 3.152860 3.157449 3.161038 3.165694 3.167628 3.169817 3.171682 3.172761 3.174660 4.149025 4.152394 4.152633 4.153743 4.154285 4.154591 4.155024 4.155305 4.173884 4.175720 4.176006 4.177860 4.194056 4.199842 5.136921 5.140051 5.140616 5.140803 5.141355 5.142380 5.151092 5.158215 5.161104 5.164029 
task21
0.145700 0.169802 1.133082 1.154097 2.135579 2.157031 3.152879 3.173719 4.155789 4.159460 4.160555 4.162400 4.172258 4.173314 4.173814 4.192480 4.193398 4.198888 5.142182 5.163155 
task22
0.176307 0.176654 0.176663 0.177266 0.177363 0.178192 0.178197 0.178666 0.178802 0.178952 0.179113 0.179266 0.179425 0.179488 0.179737 0.179866 0.180049 0.180066 0.180360 0.180395 0.180672 0.180866 0.180984 0.181066 0.181296 0.181488 0.181608 0.181654 0.181919 0.181995 1.160435 1.160849 1.160902 1.161077 1.161135 1.162057 1.162079 1.162806 1.162929 1.163052 1.163241 1.163382 1.163553 1.163705 1.163865 1.163982 1.164176 1.164343 1.164488 1.164555 1.164800 1.165000 1.165112 1.165286 1.165424 1.165568 1.165735 1.165792 1.166047 1.166069 2.163512 2.164620 2.164690 2.164783 2.164801 2.165151 2.165157 2.165808 2.166007 2.166102 2.166318 2.166386 2.166630 2.166697 2.166942 2.166969 2.167254 2.167308 2.167565 2.167569 2.167877 2.167975 2.168189 2.168366 2.168501 2.168672 2.168813 2.168935 2.169124 2.169278 3.180283 3.180626 3.180627 3.180912 3.180994 3.181925 3.181927 3.182618 3.182777 3.182900 3.183089 3.183154 3.183401 3.183423 3.183713 3.183754 3.184024 3.184034 3.184336 3.184478 3.184648 3.184818 3.184960 3.185018 3.185271 3.185458 3.185583 3.185715 3.185895 3.185971 4.173918 4.174752 4.174759 4.175091 4.175382 4.175412 4.175694 4.175874 4.176006 4.176117 4.176318 4.176354 4.176638 4.176831 4.176950 4.177031 4.179054 4.179223 4.179652 4.180118 4.180284 4.180466 4.180605 4.180705 4.180917 4.180929 4.181237 4.181314 4.181584 4.181691 4.182182 4.182366 4.182771 4.182878 4.183369 4.183500 4.183958 4.184012 4.184547 4.184582 4.185135 4.185275 4.185733 4.185797 4.186322 4.186375 4.186937 4.187115 4.188115 4.188134 4.188704 4.188882 4.189301 4.189330 4.189890 4.189945 4.190488 4.190529 4.191111 4.191120 4.193467 4.194529 4.195142 4.196114 4.197370 4.197432 4.197959 4.198072 5.169558 5.170254 5.170270 5.170603 5.170625 5.170903 5.170970 5.171165 5.171214 5.171885 5.172053 5.172114 5.172364 5.172480 5.172676 5.172731 5.172988 5.173000 5.173300 5.173415 5.173612 5.173800 5.173923 5.174074 5.174235 5.174371 5.174547 5.174618 5.174859 5.175002 5.175171 5.175237 
task23
0.184000 0.185338 1.167869 1.169307 2.170124 2.171476 3.188130 3.189445 4.210022 4.270214 5.176084 5.177570 
task24
0.185608 0.186042 1.170800 1.170900 2.173124 2.173261 3.190648 3.190895 4.290462 4.298903 5.178235 5.178372 
task25
0.190319 0.343412 0.346332 0.346469 0.347900 0.348025 0.348532 0.348671 0.349156 0.349412 0.349467 0.349732 0.349788 0.350025 0.350111 0.350615 0.352420 0.352628 1.180313 1.331180 1.335970 1.336178 1.336281 1.336525 1.337217 1.337349 1.338787 1.339055 1.339107 1.339189 1.339428 1.339534 1.340082 1.340548 1.342308 1.342582 2.180113 2.331348 2.335451 2.335609 2.336395 2.336568 2.337018 2.337258 2.338588 2.338811 2.338909 2.339025 2.339541 2.339618 2.339873 2.340417 2.342110 2.342349 3.200761 3.352911 3.356086 3.356323 3.357654 3.357860 3.358280 3.358474 3.358591 3.358855 3.359535 3.359769 3.360188 3.360309 3.360525 3.361077 3.362780 3.363005 4.310312 4.533278 4.571968 4.572072 4.576854 4.577258 4.605934 4.606034 4.606494 4.640514 5.180281 5.332408 5.335608 5.335800 5.337175 5.337388 5.337801 5.338054 5.338113 5.338251 5.339057 5.339298 5.339383 5.339586 5.340058 5.340537 5.342310 5.342546 
task31
0.190490 0.193395 0.193489 0.193642 0.194121 0.194362 0.196624 0.196746 1.180306 1.180418 1.180488 1.180808 1.180877 1.182417 1.182535 1.182680 1.182856 1.183085 1.183174 1.183437 2.180189 2.182251 2.182329 2.182482 2.182647 2.182848 2.182971 2.183100 2.183920 2.184146 3.200336 3.200431 3.200595 3.200860 3.200860 3.202611 3.203299 3.203563 3.203616 3.203783 4.310260 4.311992 4.312025 4.312368 4.312683 4.313403 4.314673 4.314898 4.326772 4.329435 4.576477 4.577786 5.180147 5.182906 5.183133 5.183348 5.183451 5.183689 5.183764 5.184005 
task35
0.190554 0.191110 1.180423 1.181079 2.180679 2.181448 3.200685 3.201217 4.311365 4.312386 5.180639 5.181741 
task90
0.190645 0.192226 0.196624 0.198185 0.347900 0.351552 0.352498 0.354018 1.181900 1.183797 1.336281 1.338678 1.339428 1.341631 1.342447 1.343940 2.182332 2.183905 2.183920 2.185494 2.335451 2.336892 2.337018 2.338566 2.339541 2.341415 2.342248 2.343825 3.200729 3.203237 3.356086 3.359217 3.359535 3.361928 3.362831 3.364329 4.310562 4.313031 4.606494 4.607922 4.608191 4.637125 5.180600 5.182502 5.337175 5.339186 5.339383 5.341625 5.342397 5.343860 
task30
0.190785 0.191566 0.194121 0.207525 0.350111 0.350394 1.180959 1.183332 1.340082 1.340326 2.181635 2.182983 2.183920 2.194749 2.339873 2.340195 3.200727 3.203463 3.360525 3.360855 4.310648 4.322571 4.608191 4.666155 5.180598 5.183329 5.340058 5.340315 
task54
0.191737 0.193565 0.194120 0.194238 1.180747 1.180997 1.181553 1.182598 2.181565 2.182828 2.182979 2.183097 2.183294 2.183331 3.200465 3.200646 3.200777 3.201103 3.201401 3.201838 4.310394 4.310542 4.311272 4.313078 5.180547 5.180688 5.180806 5.180898 5.181741 5.181765 
task33
0.208624 0.211208 1.193900 1.193954 2.195920 2.196032 3.212729 3.212931 4.572779 4.579669 5.192921 5.193003 
task83
0.343212 0.355892 1.330970 1.362945 2.331083 2.362712 3.352654 3.366231 4.571968 4.592837 4.605934 4.643414 5.332176 5.345869 
task86
0.359601 0.401535 1.349900 1.377342 2.349451 2.377477 3.370338 3.398011 4.586201 4.626989 5.349741 5.377315 
task84
0.362303 0.409692 1.350385 1.369802 2.349936 2.372775 3.370823 3.390234 4.586845 4.704317 5.350226 5.369768 
task26
0.376368 0.401563 1.386258 1.393129 2.403155 2.406829 2.408224 2.410788 3.390654 3.396723 3.398763 3.400123 4.572592 4.578482 4.605934 4.688838 5.386147 5.407732 
task27
0.397825 0.401337 0.401480 0.401682 0.401836 0.402497 0.402943 0.403488 0.405012 0.406960 0.407081 0.409840 1.392951 1.401792 2.415535 2.420377 3.404405 3.407232 3.410936 3.411368 3.416275 3.418269 4.580252 4.582411 4.583485 4.615180 5.393427 5.402757 
task28
0.397998 0.402422 0.403117 0.406512 0.407302 0.421025 1.392953 1.402088 2.415537 2.415932 2.416226 2.421658 3.406993 3.407506 3.410937 3.428845 4.580481 4.580729 4.581824 4.582668 4.582757 4.583349 4.583678 4.583945 4.584155 4.585445 4.585542 4.585751 4.585786 4.585962 4.585995 4.586429 4.587868 4.588214 4.588864 4.594595 4.603601 4.704103 5.393428 5.403052 
task85
0.406869 0.409025 0.415998 0.424569 1.370630 1.373552 2.365756 2.373600 3.384823 3.387728 4.641886 4.713954 5.372388 5.375035 
task29
0.414880 0.458074 1.415410 1.419511 1.422478 1.425771 2.422226 2.425728 2.427213 2.436926 2.444124 2.445957 2.446407 2.454600 3.428774 3.433948 3.440061 3.446954 3.447405 3.452329 4.660091 4.662554 4.666046 4.670978 4.671976 4.676034 4.676051 4.687454 4.701697 4.702222 4.704983 4.705348 4.746047 4.751551 5.407588 5.411052 5.411474 5.413243 5.414341 5.415031 5.416071 5.416512 5.420082 5.422686 
task87
0.415019 0.423971 0.424194 0.434266 0.434330 0.448091 1.374702 1.383660 1.384630 1.389637 2.377331 2.386426 3.402465 3.415859 4.665885 4.690357 4.690911 4.697314 4.701887 4.709529 4.746047 4.752414 5.374531 5.383557 5.386840 5.393268 
task32
0.416451 0.429954 0.434330 0.434637 0.437929 0.457480 1.426241 1.434443 1.436451 1.436755 1.438572 1.439863 1.439871 1.440166 1.440201 1.440525 1.440772 1.440974 1.441127 1.442035 1.442080 1.442466 1.442478 1.443372 1.443375 1.447848 1.448803 1.455049 2.426009 2.435062 2.435562 2.436180 2.436601 2.437157 2.437502 2.437980 2.438091 2.438452 2.440375 2.441369 2.441760 2.442014 2.443062 2.449555 3.430817 3.441045 3.441781 3.442080 3.442122 3.442292 3.442463 3.442754 3.443438 3.443905 3.443964 3.444566 3.444940 3.445266 3.445326 3.446509 3.447105 3.447338 3.447405 3.449682 4.705630 4.707142 4.707368 4.708185 4.708189 4.709528 4.709551 4.710677 4.711073 4.717402 4.717529 4.718312 4.719510 4.724762 4.725867 4.775809 5.445974 5.447837 5.448504 5.448708 5.452714 5.452915 5.455593 5.456111 5.456216 5.456602 5.460083 5.464806 5.464855 5.472866 
task36
0.419759 0.428360 0.428850 0.435375 0.436641 0.471125 1.426460 1.429522 1.434232 1.436815 1.438226 1.438483 1.438572 1.465798 2.425196 2.431895 2.434748 2.435094 2.435562 2.435878 2.435943 2.442165 2.443142 2.448468 3.431053 3.441338 3.441781 3.450125 4.706100 4.711268 4.711683 4.716738 4.720692 4.725605 4.727504 4.748088 4.748500 4.768732 5.446251 5.452360 5.452714 5.453143 5.453963 5.454111 5.455887 5.473465 
task88
0.420082 0.456000 1.390605 1.412477 2.385917 2.402408 3.417596 3.463660 4.718822 4.776666 5.390639 5.416125 
task34
0.430942 0.439631 0.439695 0.442351 0.442399 0.442574 0.444194 0.444583 0.444988 0.445315 1.428518 1.436869 1.438200 1.442414 1.442478 1.444997 1.448803 1.467420 2.427259 2.433895 2.434052 2.435845 2.435891 2.436291 2.436653 2.437328 2.437502 2.438563 2.443062 2.449291 3.453328 3.454794 3.454847 3.455705 3.455995 3.456331 3.461965 3.464808 4.718154 4.719432 4.719510 4.724052 4.724681 4.732689 4.733942 4.747897 4.747986 4.748266 4.748275 4.764265 5.447769 5.455562 5.455593 5.455825 5.455835 5.457083 5.460083 5.460257 5.463383 5.473317 
task89
0.451851 0.460945 1.406037 1.419914 1.422478 1.428302 2.405927 2.413969 3.433787 3.453874 4.772255 4.789868 5.405972 5.419102 5.420446 5.439891 
task39
0.458042 0.463534 1.432428 1.444555 1.448803 1.456200 2.435025 2.454594 3.456515 3.466866 4.753029 4.758135 4.758691 4.776014 5.457307 5.463322 5.463383 5.471354 
task37
0.458111 0.476745 1.444259 1.452006 1.453375 1.455577 2.445661 2.453682 2.454234 2.459392 2.459963 2.466637 3.457146 3.484560 4.796647 4.800794 5.456978 5.472838 
task38
0.468276 0.474640 0.475861 0.479905 1.456255 1.460788 1.460927 1.464978 1.466803 1.467982 2.459802 2.464838 3.471965 3.473134 3.474716 3.479750 3.480679 3.481378 4.802803 4.805551 5.467517 5.470211 5.471521 5.473212 5.473417 5.477303 5.479409 5.480237 
task91
0.474640 0.474799 1.440631 1.443168 2.441071 2.441736 3.460687 3.461105 4.804895 4.805061 5.419236 5.419430 
task92
0.475136 0.483429 1.443274 1.468723 2.442643 2.454451 2.463436 2.479057 3.461783 3.471355 3.473797 3.478946 4.805392 4.812977 5.419529 5.428900 
task93
0.481809 0.490223 1.459629 1.479634 2.459848 2.475809 3.469287 3.470986 3.472011 3.483878 4.812417 4.822475 5.425916 5.429514 5.432463 5.434628 
task40
0.486224 0.492652 1.469031 1.472729 1.474896 1.477157 2.475240 2.480511 3.485420 3.491614 4.814215 4.818755 5.480901 5.486532 
task42
0.508083 0.516328 1.491430 1.499740 2.497644 2.505682 3.508362 3.516365 4.836706 4.844802 5.502572 5.510835 
task41
0.508095 0.520122 1.491441 1.503118 2.497656 2.508946 3.508374 3.518551 4.836717 4.845718 5.502584 5.514129 
task43
0.531408 0.546848 0.565477 0.572452 1.514417 1.529305 1.548852 1.555823 2.520403 2.535700 2.554715 2.561578 3.531230 3.546286 3.565507 3.572398 4.859692 4.875366 4.893909 4.900898 5.525536 5.541695 5.559949 5.566920 
task44
0.577453 0.580362 0.581462 0.586332 1.560848 1.569394 2.567065 2.570043 3.577657 3.590750 4.906043 4.919732 5.572145 5.575114 
task46
0.578686 0.579489 1.561027 1.561658 2.567465 2.568227 3.578952 3.579596 4.906942 4.907752 5.573282 5.574121 
task45
0.579627 0.585952 0.587921 0.593089 1.562908 1.569289 1.570872 1.576460 2.569480 2.575420 2.578734 2.582215 3.579406 3.586802 3.587526 3.593035 4.907627 4.915785 4.915928 4.921535 5.575129 5.581220 5.583968 5.587557 
task47
0.581299 0.584969 1.563373 1.567338 2.569994 2.573307 3.581320 3.585276 4.909564 4.913231 5.575877 5.579200 
task48
0.584919 0.592223 0.607864 0.612989 1.566921 1.567860 1.568107 1.575377 1.582540 1.586505 2.577040 2.582805 2.598779 2.602815 3.586115 3.591243 3.599110 3.601134 4.913247 4.921106 4.927308 4.931408 5.583110 5.587422 5.594382 5.598431 
task49
0.592178 0.597352 0.611628 0.615757 1.575638 1.580546 1.589288 1.591623 2.583111 2.588498 2.600308 2.605785 3.591236 3.596297 3.606980 3.616531 4.921411 4.926212 4.936200 4.946257 5.586758 5.591782 5.603261 5.607617 
task50
0.595868 0.600842 0.607172 0.614832 1.581195 1.586803 1.589008 1.593763 2.586407 2.591706 2.598355 2.604963 3.596246 3.601889 3.605662 3.610497 4.925425 4.930925 4.934396 4.939817 5.593382 5.599028 5.600145 5.606843 
task51
0.607033 0.619683 1.589149 1.593472 2.598216 2.608831 3.603087 3.608454 4.933980 4.939420 5.599372 5.612643 
task52
0.613310 0.614537 0.614632 0.617060 1.593369 1.594068 1.594201 1.595835 1.596050 1.596248 2.604133 2.604429 2.604496 2.605892 2.606286 2.608305 3.606412 3.607569 3.607641 3.608225 4.939369 4.941138 5.603737 5.605362 5.605460 5.606001 
task53
0.617537 0.617720 0.617726 0.617995 0.618422 0.618871 0.619067 0.619315 0.620049 0.620295 1.594062 1.594449 1.594815 1.595489 1.595633 1.595740 1.595785 1.596120 1.598261 1.598729 2.608814 2.608820 2.609118 2.609286 2.609287 2.609594 2.609616 2.610271 2.610456 2.610788 3.609502 3.609778 3.609779 3.610414 3.610962 3.610985 3.611027 3.611192 3.615259 3.615638 4.941646 4.941803 4.942616 4.942789 4.942812 4.943000 4.943170 4.943442 4.946005 4.946495 5.604707 5.605854 5.606291 5.606602 5.611403 5.611602 
task55
0.620502 0.627265 0.628595 0.630778 0.632346 0.634705 0.636680 0.637985 0.646758 0.691048 1.599032 1.612049 1.620138 1.670202 2.611057 2.617754 2.619540 2.621655 2.623680 2.624775 2.627016 2.629242 2.634199 2.639562 2.639577 2.642009 2.642547 2.647888 2.648727 2.651425 2.656934 2.682231 3.615858 3.624132 3.625242 3.627514 3.629576 3.630812 3.635761 3.638943 3.640605 3.642714 3.643088 3.644382 3.654100 3.687086 4.946749 4.952357 4.955720 4.956922 4.959056 4.960149 4.962393 4.963542 4.966629 4.969965 4.984614 5.018445 5.611722 5.614817 
task56
0.638117 0.690640 1.612647 1.669137 2.650635 2.681046 3.644605 3.685946 4.970262 5.016714 5.614905 5.627352 
task57
0.690848 0.691048 1.666475 1.666657 2.667826 2.671746 3.664654 3.672288 5.016060 5.016302 5.627806 5.627911 
task62
4.010317 4.026055 
task69
4.010382 4.013529 4.014088 4.014195 4.015375 4.015468 4.015862 4.016026 4.016140 4.016222 4.016284 4.016295 4.016855 4.016894 4.018168 4.026057 
task74
4.010437 4.017426 4.049391 4.057218 
task58
4.010534 4.035142 4.046167 4.047520 4.049391 4.051244 4.055789 4.058346 
task61
4.010668 4.010828 4.010878 4.010905 4.010936 4.011120 4.011141 4.011446 4.011583 4.011702 4.012114 4.012209 4.012431 4.012483 4.055797 4.055855 4.055985 4.057660 
task73
4.010680 4.011978 4.012179 4.012871 4.020763 4.024968 4.033773 4.053046 4.055800 4.061189 
task75
4.017927 4.018309 4.018331 4.018531 4.018953 4.019546 4.046192 4.051142 4.052716 4.055905 4.055985 4.061180 
task76
4.018706 4.031368 4.033773 4.050923 4.052700 4.053112 4.055776 4.057405 
task64
4.033664 4.046743 
task59
4.057653 4.156471 
task60
4.089850 4.175103 4.195124 4.206032 
task63
4.156790 4.199266 
task65
4.199111 4.222672 4.246909 4.254177 4.294394 4.326951 4.329333 4.341089 4.576488 4.584728 
task66
4.315893 4.339373 
task67
4.339570 4.581817 4.605934 4.639963 
task82
4.577213 4.699005 
task80
4.581762 4.596023 4.599418 4.641140 
task71
4.582532 4.630963 
task77
4.603521 4.644097 
task68
4.606437 4.612348 4.612732 4.613922 4.613934 4.679675 
task78
4.638085 4.715012 4.746047 4.772579 
task81
4.665884 4.668095 4.668375 4.702567 4.705180 4.717256 4.746047 4.773165 
task79
4.675272 4.709374 4.710244 4.715326 4.730762 4.763128 
task72
4.680173 4.695197 4.695683 4.708968 4.709235 4.740720 4.743308 4.760295 
task70
4.700242 4.786246 
