5
0.000000 0.012000 1.000000 1.001515 2.000000 2.001597 3.000000 3.011168 4.000000 4.011165 5.000000 5.011196 
0
0.000000 0.057694 1.000000 1.045542 2.000000 2.045880 3.000000 3.055327 4.000000 4.061266 5.000000 5.055263 
4
0.000000 0.186440 1.000000 1.171298 2.000000 2.173660 3.000000 3.191294 4.000000 4.517204 5.000000 5.178770 
1
0.000000 0.495719 1.000000 1.479690 2.000000 2.482577 3.000000 3.490039 4.000000 4.827980 5.000000 5.443396 
2
0.000000 0.700163 1.000000 1.675008 2.000000 2.690569 3.000000 3.695469 4.000000 5.055109 5.000000 5.636875 
3
4.000000 4.793943 
