0
0.000000 7699463.000000 7999352.000000 8137576.000000 9275308.000000 9711837.000000 9851673.000000 9896552.000000 0.000000 0.000000 0.000000 9906681.000000 9897108.000000 10035348.000000 10108660.000000 9882669.000000 9879321.000000 9896552.000000 0.000000 0.000000 0.000000 9906681.000000 9897108.000000 10035348.000000 10107252.000000 10107252.000000 9879321.000000 9896552.000000 0.000000 0.000000 0.000000 9906681.000000 9889338.000000 10011156.000000 10106868.000000 10108660.000000 9879321.000000 9896552.000000 0.000000 0.000000 0.000000 9940153.000000 10033594.000000 10062330.000000 10200036.000000 10296804.000000 10521460.000000 10572644.000000 10580498.000000 10394459.000000 10413126.000000 10446994.000000 10437421.000000 10575661.000000 10648973.000000 10421990.000000 10419634.000000 10413126.000000 0.000000 0.000000 0.000000 
1
0.000000 106752.000000 3505643.000000 3643883.000000 4757867.000000 4867365.000000 5005421.000000 5096340.000000 5075673.000000 0.000000 0.000000 5109721.000000 5107033.000000 5238148.000000 5309472.000000 5084361.000000 5083757.000000 5100180.000000 0.000000 0.000000 0.000000 5109721.000000 5113732.000000 5251972.000000 5309984.000000 5309984.000000 5083757.000000 5100180.000000 0.000000 0.000000 0.000000 5109721.000000 5100505.000000 5224324.000000 5309600.000000 5309600.000000 5083757.000000 5100180.000000 0.000000 0.000000 0.000000 5162425.000000 5290650.000000 5342234.000000 5435332.000000 5532100.000000 5633296.000000 5729304.000000 5733056.000000 5536751.000000 5541267.000000 5591738.000000 5595749.000000 5733989.000000 5791489.000000 5565034.000000 5565774.000000 5562670.000000 0.000000 0.000000 0.000000 
2
0.000000 40960.000000 713899.000000 852139.000000 1986475.000000 2086025.000000 2241721.000000 2301248.000000 0.000000 0.000000 0.000000 2312069.000000 2309424.000000 2447664.000000 2512076.000000 2286357.000000 2284793.000000 2302016.000000 0.000000 0.000000 0.000000 2312069.000000 2309424.000000 2447664.000000 2512588.000000 2512588.000000 2286361.000000 2302016.000000 0.000000 0.000000 0.000000 2312069.000000 2294661.000000 2409648.000000 2512204.000000 2513996.000000 2286361.000000 2302016.000000 0.000000 0.000000 0.000000 2339989.000000 2402502.000000 2425030.000000 2584048.000000 2677360.000000 2800188.000000 2864760.000000 2871240.000000 2679103.000000 2699370.000000 2733162.000000 2730517.000000 2868757.000000 2933169.000000 2706618.000000 2705886.000000 2705886.000000 0.000000 0.000000 0.000000 
3
0.000000 124928.000000 726273.000000 863659.000000 1974187.000000 2105997.000000 2232969.000000 2592967.000000 0.000000 0.000000 0.000000 2626605.000000 2630872.000000 2769112.000000 2826612.000000 2601597.000000 2600889.000000 2599725.000000 0.000000 0.000000 0.000000 2626605.000000 2617048.000000 2755288.000000 2827124.000000 2827124.000000 2602425.000000 2600493.000000 0.000000 0.000000 0.000000 2626605.000000 2609197.000000 2731096.000000 2826740.000000 2826740.000000 2600889.000000 2600493.000000 0.000000 0.000000 0.000000 2661005.000000 2717326.000000 2744174.000000 2884760.000000 2978072.000000 3082700.000000 3153672.000000 3176551.000000 2993799.000000 2998211.000000 3031607.000000 3025506.000000 3163746.000000 3231614.000000 3005255.000000 3005891.000000 3004323.000000 0.000000 0.000000 0.000000 
4
0.000000 59392.000000 721963.000000 863659.000000 1988807.000000 2070061.000000 2171141.000000 2511828.000000 0.000000 0.000000 0.000000 2521881.000000 2512324.000000 2650564.000000 2721888.000000 2499961.000000 2494857.000000 2511828.000000 0.000000 0.000000 0.000000 2521881.000000 2512324.000000 2650564.000000 2722400.000000 2722400.000000 2493417.000000 2511828.000000 0.000000 0.000000 0.000000 2521881.000000 2504473.000000 2629828.000000 2722016.000000 2722016.000000 2494857.000000 2511828.000000 0.000000 0.000000 0.000000 2557882.000000 2735419.000000 2750331.000000 2885733.000000 2979045.000000 3084009.000000 3354877.000000 3388333.000000 3211190.000000 3231457.000000 3265249.000000 3259148.000000 3397388.000000 3465256.000000 3241985.000000 3236721.000000 3237753.000000 0.000000 0.000000 0.000000 
5
0.000000 107840.000000 988225.000000 1125569.000000 2124737.000000 2221571.000000 2373307.000000 2715898.000000 0.000000 0.000000 0.000000 2725993.000000 2719850.000000 2858090.000000 2920554.000000 2704031.000000 2701595.000000 2715898.000000 0.000000 0.000000 0.000000 2725993.000000 2723306.000000 2861546.000000 2921066.000000 2921066.000000 2700235.000000 2715898.000000 0.000000 0.000000 0.000000 2725951.000000 2715114.000000 2830442.000000 2920682.000000 2924298.000000 2700235.000000 2715898.000000 0.000000 0.000000 0.000000 2762090.000000 2825739.000000 2843915.000000 2991947.000000 3085259.000000 3183023.000000 3269207.000000 3279253.000000 3093914.000000 3114181.000000 3148015.000000 3141872.000000 3280112.000000 3342576.000000 3124709.000000 3120689.000000 3123617.000000 0.000000 0.000000 0.000000 
6
0.000000 107520.000000 996097.000000 1121835.000000 2125227.000000 2233813.000000 2389553.000000 2887864.000000 0.000000 0.000000 0.000000 2897949.000000 2895304.000000 3033544.000000 3092552.000000 2876029.000000 2875041.000000 2887864.000000 0.000000 0.000000 0.000000 2897949.000000 2891848.000000 3033544.000000 3093064.000000 3093064.000000 2870665.000000 2887864.000000 0.000000 0.000000 0.000000 2897949.000000 2880542.000000 2998984.000000 3092680.000000 3096296.000000 2872233.000000 2887864.000000 0.000000 0.000000 0.000000 2933918.000000 2985599.000000 3004159.000000 3144745.000000 3241513.000000 3342709.000000 3428933.000000 3435707.000000 3254480.000000 3274715.000000 3308507.000000 3299292.000000 3437190.000000 3503110.000000 3285243.000000 3282791.000000 3285595.000000 0.000000 0.000000 0.000000 
7
0.000000 107520.000000 996097.000000 1134155.000000 1657515.000000 1900464.000000 2052724.000000 2128879.000000 0.000000 0.000000 0.000000 2138964.000000 2129749.000000 2264223.000000 2335231.000000 2117157.000000 2114580.000000 2128879.000000 0.000000 0.000000 0.000000 2138964.000000 2129748.000000 2264223.000000 2335743.000000 2335743.000000 2111648.000000 2128879.000000 0.000000 0.000000 0.000000 2138964.000000 2129748.000000 2236575.000000 2335359.000000 2337663.000000 2113216.000000 2128879.000000 0.000000 0.000000 0.000000 2174933.000000 2226230.000000 2242294.000000 2389248.000000 2482560.000000 2583788.000000 2671652.000000 2683250.000000 2495495.000000 2515730.000000 2549554.000000 2540339.000000 2674813.000000 2745821.000000 2526290.000000 2522238.000000 2525166.000000 0.000000 0.000000 0.000000 
8
0.000000 107520.000000 9414857.000000 9728793.000000 9737209.000000 10121744.000000 10272200.000000 10333091.000000 0.000000 0.000000 0.000000 10356968.000000 10550593.000000 0.000000 10557609.000000 10335048.000000 10332616.000000 10346915.000000 0.000000 0.000000 0.000000 10356968.000000 10550593.000000 0.000000 10558121.000000 10558121.000000 10331252.000000 10346915.000000 0.000000 0.000000 0.000000 10356968.000000 10550593.000000 10550361.000000 10557737.000000 10555913.000000 10331252.000000 10346915.000000 0.000000 0.000000 0.000000 10383241.000000 10443274.000000 10469890.000000 10740186.000000 10756314.000000 10874302.000000 10888438.000000 10914444.000000 10707451.000000 10713419.000000 10761510.000000 10955135.000000 0.000000 10962151.000000 10738246.000000 10735794.000000 10737154.000000 0.000000 0.000000 0.000000 
9
0.000000 107520.000000 1501761.000000 0.000000 1512689.000000 1828101.000000 1980533.000000 2058224.000000 0.000000 0.000000 0.000000 2068309.000000 2059094.000000 0.000000 2044262.000000 2046389.000000 2043925.000000 2058224.000000 0.000000 0.000000 0.000000 2068277.000000 2059093.000000 0.000000 2042326.000000 2047334.000000 2042561.000000 2058224.000000 0.000000 0.000000 0.000000 2068309.000000 2050902.000000 2034534.000000 2041942.000000 2047285.000000 2042561.000000 2058224.000000 0.000000 0.000000 0.000000 2083686.000000 2141303.000000 2151991.000000 2213063.000000 2228615.000000 2351659.000000 2375235.000000 2416664.000000 2406920.000000 2427155.000000 2460947.000000 2451764.000000 0.000000 2436932.000000 2437715.000000 2435231.000000 2436591.000000 0.000000 0.000000 0.000000 
10
0.000000 107520.000000 1495233.000000 0.000000 1510497.000000 1827397.000000 1981877.000000 2058032.000000 0.000000 0.000000 0.000000 2068085.000000 2058902.000000 0.000000 2044070.000000 2046197.000000 2043733.000000 2058032.000000 0.000000 0.000000 0.000000 2068117.000000 2058901.000000 0.000000 2042134.000000 2050422.000000 2042369.000000 2058032.000000 0.000000 0.000000 0.000000 2068117.000000 2050710.000000 2034342.000000 2041750.000000 2047093.000000 2042369.000000 2058032.000000 0.000000 0.000000 0.000000 2093077.000000 2226678.000000 2239478.000000 2298246.000000 2313798.000000 2436254.000000 2457526.000000 2493435.000000 2483691.000000 2503926.000000 2537750.000000 2528535.000000 0.000000 2513703.000000 2514486.000000 2510434.000000 2513362.000000 0.000000 0.000000 0.000000 
11
0.000000 107520.000000 1495233.000000 0.000000 1521634.000000 1854405.000000 2007861.000000 2082448.000000 0.000000 0.000000 0.000000 2092533.000000 2083318.000000 0.000000 2068486.000000 2070709.000000 2068149.000000 2082448.000000 0.000000 0.000000 0.000000 2092533.000000 2083317.000000 0.000000 2066550.000000 2070902.000000 2066817.000000 2082448.000000 0.000000 0.000000 0.000000 2092533.000000 2075126.000000 2058758.000000 2066166.000000 2071605.000000 2066817.000000 2082448.000000 0.000000 0.000000 0.000000 2101477.000000 2251094.000000 2263318.000000 2322662.000000 2338214.000000 2460758.000000 2480006.000000 2517947.000000 2508203.000000 2528342.000000 2562166.000000 2559479.000000 0.000000 2538119.000000 2538998.000000 2536450.000000 2537778.000000 0.000000 0.000000 0.000000 
12
0.000000 106496.000000 1494209.000000 0.000000 1509569.000000 1839601.000000 1994617.000000 2081736.000000 0.000000 0.000000 0.000000 2066189.000000 2082574.000000 0.000000 2067742.000000 2069869.000000 2067061.000000 2081736.000000 0.000000 0.000000 0.000000 2066189.000000 2082573.000000 0.000000 2065806.000000 2070062.000000 2066073.000000 2081736.000000 0.000000 0.000000 0.000000 2066189.000000 2074382.000000 2058014.000000 2065422.000000 2070765.000000 2066073.000000 2081736.000000 0.000000 0.000000 0.000000 2089741.000000 2231214.000000 2250030.000000 2281454.000000 2297582.000000 2458398.000000 2471622.000000 2520363.000000 2511643.000000 2531910.000000 2540102.000000 2556487.000000 0.000000 2541655.000000 2542438.000000 2538418.000000 2539894.000000 0.000000 0.000000 0.000000 
13
0.000000 106496.000000 988545.000000 0.000000 1005090.000000 1316925.000000 1472953.000000 1558504.000000 0.000000 0.000000 0.000000 1542957.000000 1559342.000000 0.000000 1544510.000000 1546829.000000 1543829.000000 1558504.000000 0.000000 0.000000 0.000000 1542957.000000 1559341.000000 0.000000 1542574.000000 1547213.000000 1542841.000000 1558504.000000 0.000000 0.000000 0.000000 1542957.000000 1551150.000000 1534782.000000 1542190.000000 1547725.000000 1542841.000000 1558504.000000 0.000000 0.000000 0.000000 1566509.000000 1723534.000000 1742094.000000 1798558.000000 1814686.000000 1933238.000000 1958886.000000 1993771.000000 1984027.000000 2004102.000000 2012294.000000 2035207.000000 0.000000 2013847.000000 2014822.000000 2010610.000000 2012086.000000 0.000000 0.000000 0.000000 
14
0.000000 106496.000000 988545.000000 0.000000 988753.000000 1316689.000000 1474681.000000 1558696.000000 0.000000 0.000000 0.000000 1543149.000000 1559534.000000 0.000000 1544702.000000 1546829.000000 1544021.000000 1558696.000000 0.000000 0.000000 0.000000 1543149.000000 1559533.000000 0.000000 1542766.000000 1547213.000000 1543033.000000 1558696.000000 0.000000 0.000000 0.000000 1543149.000000 1551342.000000 1534974.000000 1542382.000000 1547725.000000 1543033.000000 1558696.000000 0.000000 0.000000 0.000000 1566701.000000 1704526.000000 1728462.000000 1798750.000000 1814302.000000 1937270.000000 1962198.000000 1993771.000000 1984027.000000 2004294.000000 2012486.000000 2028871.000000 0.000000 2014039.000000 2014822.000000 2010802.000000 2012278.000000 0.000000 0.000000 0.000000 
15
0.000000 73728.000000 980353.000000 0.000000 988673.000000 1342729.000000 1472157.000000 1557708.000000 0.000000 0.000000 0.000000 1542161.000000 1565074.000000 0.000000 1543714.000000 1545937.000000 1543033.000000 1557708.000000 0.000000 0.000000 0.000000 1542161.000000 1558545.000000 0.000000 1541778.000000 1546321.000000 1542045.000000 1557708.000000 0.000000 0.000000 0.000000 1542161.000000 1558545.000000 1533986.000000 1541394.000000 1547345.000000 1542045.000000 1557708.000000 0.000000 0.000000 0.000000 1565841.000000 1715954.000000 1730162.000000 1803906.000000 1819458.000000 1941834.000000 1961378.000000 1999191.000000 1989511.000000 2009618.000000 2017810.000000 2034195.000000 0.000000 2019363.000000 2020242.000000 2017694.000000 2017602.000000 0.000000 0.000000 0.000000 
16
0.000000 73728.000000 988545.000000 0.000000 984657.000000 1034056.000000 1203916.000000 1341299.000000 0.000000 0.000000 0.000000 1325752.000000 1342137.000000 0.000000 1327289.000000 1324953.000000 1324068.000000 1341299.000000 0.000000 0.000000 0.000000 1325752.000000 1342136.000000 0.000000 1325369.000000 1328841.000000 1322496.000000 1341299.000000 0.000000 0.000000 0.000000 1325752.000000 1340473.000000 1317577.000000 1324985.000000 1327289.000000 1322624.000000 1341299.000000 0.000000 0.000000 0.000000 1390265.000000 1519898.000000 1537114.000000 1595306.000000 1611434.000000 1733966.000000 1803126.000000 1825931.000000 1820603.000000 1841126.000000 1849318.000000 1865703.000000 0.000000 1850855.000000 1847543.000000 1846062.000000 1847634.000000 0.000000 0.000000 0.000000 
17
0.000000 73728.000000 964673.000000 0.000000 984529.000000 1289717.000000 1442925.000000 1527036.000000 0.000000 0.000000 0.000000 1511489.000000 1526210.000000 0.000000 1513042.000000 1515169.000000 1512361.000000 1527036.000000 0.000000 0.000000 0.000000 1511489.000000 1519681.000000 0.000000 1511106.000000 1515362.000000 1511373.000000 1527036.000000 0.000000 0.000000 0.000000 1511489.000000 1519681.000000 1503314.000000 1510722.000000 1516065.000000 1511373.000000 1527036.000000 0.000000 0.000000 0.000000 1614593.000000 1686754.000000 1706978.000000 1757682.000000 1773234.000000 1920534.000000 1932094.000000 1970443.000000 1960699.000000 1980966.000000 1989158.000000 1997351.000000 0.000000 1990711.000000 1991494.000000 1989042.000000 1988950.000000 0.000000 0.000000 0.000000 
18
0.000000 73728.000000 964673.000000 0.000000 980209.000000 1271901.000000 1425021.000000 1499852.000000 0.000000 0.000000 0.000000 1485073.000000 1493266.000000 0.000000 1486626.000000 1483394.000000 1499152.000000 1500620.000000 0.000000 0.000000 0.000000 1485073.000000 1493265.000000 0.000000 1484690.000000 1488354.000000 1484957.000000 1500620.000000 0.000000 0.000000 0.000000 1485073.000000 1493265.000000 1476898.000000 1484306.000000 1486818.000000 1484957.000000 1500620.000000 0.000000 0.000000 0.000000 1595665.000000 1667922.000000 1689202.000000 1738754.000000 1754882.000000 1896942.000000 1911978.000000 1966767.000000 1963439.000000 1967787.000000 1991642.000000 2006363.000000 0.000000 1993195.000000 1988971.000000 1989958.000000 1989958.000000 0.000000 0.000000 0.000000 
19
0.000000 73728.000000 964673.000000 0.000000 984513.000000 1266173.000000 1422585.000000 1496616.000000 0.000000 0.000000 0.000000 1481069.000000 1495790.000000 0.000000 1482622.000000 1478526.000000 1480953.000000 1496616.000000 0.000000 0.000000 0.000000 1481069.000000 1489261.000000 0.000000 1480686.000000 1484158.000000 1479385.000000 1496616.000000 0.000000 0.000000 0.000000 1481069.000000 1489261.000000 1472894.000000 1480302.000000 1482622.000000 1480953.000000 1496616.000000 0.000000 0.000000 0.000000 1590765.000000 1663502.000000 1687758.000000 1733854.000000 1749982.000000 1896826.000000 1921966.000000 1960259.000000 1956867.000000 1961471.000000 1985326.000000 1993519.000000 0.000000 1986879.000000 1983551.000000 1985210.000000 1983642.000000 0.000000 0.000000 0.000000 
20
0.000000 73728.000000 964673.000000 0.000000 984065.000000 1266077.000000 1422489.000000 1495752.000000 0.000000 0.000000 0.000000 1480973.000000 1495694.000000 0.000000 1482526.000000 1478301.000000 1480857.000000 1496520.000000 0.000000 0.000000 0.000000 1480973.000000 1489165.000000 0.000000 1480590.000000 1484062.000000 1480857.000000 1496520.000000 0.000000 0.000000 0.000000 1480973.000000 1489165.000000 1472798.000000 1480206.000000 1482526.000000 1480857.000000 1496520.000000 0.000000 0.000000 0.000000 1598349.000000 1670606.000000 1690158.000000 1741438.000000 1757566.000000 1899850.000000 1951282.000000 1991647.000000 1988255.000000 2008522.000000 2016714.000000 2024907.000000 0.000000 2018267.000000 2014939.000000 2015030.000000 2015030.000000 0.000000 0.000000 0.000000 
21
0.000000 73728.000000 964673.000000 0.000000 994434.000000 1321301.000000 1468217.000000 1544584.000000 0.000000 0.000000 0.000000 1529805.000000 1537998.000000 0.000000 1531358.000000 1530397.000000 1529689.000000 1545352.000000 0.000000 0.000000 0.000000 1529805.000000 1537997.000000 0.000000 1529422.000000 1533086.000000 1529689.000000 1545352.000000 0.000000 0.000000 0.000000 1529805.000000 1537997.000000 1521630.000000 1529038.000000 1531550.000000 1529689.000000 1545352.000000 0.000000 0.000000 0.000000 1647181.000000 1719438.000000 1741294.000000 1790270.000000 1806398.000000 1953410.000000 2079210.000000 2133247.000000 2126783.000000 2146858.000000 2155050.000000 2163243.000000 0.000000 2156603.000000 2154298.000000 2154934.000000 2153366.000000 0.000000 0.000000 0.000000 
22
0.000000 73728.000000 961217.000000 0.000000 980721.000000 1287209.000000 1439325.000000 1514124.000000 0.000000 0.000000 0.000000 1498577.000000 1506770.000000 0.000000 1500130.000000 1502257.000000 1498461.000000 1514124.000000 0.000000 0.000000 0.000000 1498577.000000 1506769.000000 0.000000 1498194.000000 1506482.000000 1496893.000000 1514124.000000 0.000000 0.000000 0.000000 1498577.000000 1506769.000000 1490402.000000 1497810.000000 1503153.000000 1498461.000000 1514124.000000 0.000000 0.000000 0.000000 1608273.000000 1680626.000000 1702386.000000 1751362.000000 1767490.000000 1910166.000000 1927894.000000 1985115.000000 1975947.000000 1995638.000000 2003830.000000 2012023.000000 0.000000 2005383.000000 2006166.000000 2002178.000000 2002146.000000 0.000000 0.000000 0.000000 
23
0.000000 73728.000000 961217.000000 0.000000 977073.000000 1294945.000000 1449609.000000 1522872.000000 0.000000 0.000000 0.000000 1507325.000000 1515518.000000 0.000000 1508878.000000 1510429.000000 1505901.000000 1522872.000000 0.000000 0.000000 0.000000 1507325.000000 1515517.000000 0.000000 1506942.000000 1511294.000000 1507209.000000 1522872.000000 0.000000 0.000000 0.000000 1507325.000000 1515517.000000 1499150.000000 1506558.000000 1512029.000000 1507209.000000 1522872.000000 0.000000 0.000000 0.000000 1617021.000000 1689854.000000 1714014.000000 1760110.000000 1776238.000000 1918722.000000 1928786.000000 1993863.000000 1984183.000000 2004386.000000 2012578.000000 2027299.000000 0.000000 2013603.000000 2014914.000000 2012462.000000 2010894.000000 0.000000 0.000000 0.000000 
24
0.000000 73728.000000 961217.000000 0.000000 975137.000000 1295461.000000 1450269.000000 1521996.000000 0.000000 0.000000 0.000000 1506449.000000 1514642.000000 0.000000 1508002.000000 1509553.000000 1506333.000000 1521996.000000 0.000000 0.000000 0.000000 1506449.000000 1514641.000000 0.000000 1506066.000000 1510322.000000 1506333.000000 1521996.000000 0.000000 0.000000 0.000000 1506449.000000 1514641.000000 1498274.000000 1505682.000000 1511025.000000 1506333.000000 1521996.000000 0.000000 0.000000 0.000000 1616145.000000 1688402.000000 1707378.000000 1759234.000000 1774786.000000 1922002.000000 1943154.000000 1991991.000000 1982247.000000 2002514.000000 2010706.000000 2025427.000000 0.000000 2012259.000000 2013042.000000 2010590.000000 2009022.000000 0.000000 0.000000 0.000000 
25
0.000000 73728.000000 961217.000000 0.000000 976545.000000 1175244.000000 1351184.000000 1410623.000000 0.000000 0.000000 0.000000 1407364.000000 1415557.000000 0.000000 1408773.000000 1407941.000000 1405680.000000 1422911.000000 0.000000 0.000000 0.000000 1407364.000000 1415556.000000 0.000000 1406853.000000 1410389.000000 1407248.000000 1422911.000000 0.000000 0.000000 0.000000 1407364.000000 1415556.000000 1399189.000000 1406469.000000 1408773.000000 1407248.000000 1422911.000000 0.000000 0.000000 0.000000 6520997.000000 6672518.000000 6725670.000000 6734614.000000 6750166.000000 6872686.000000 6901238.000000 6921963.000000 6916667.000000 6930918.000000 6945254.000000 6953447.000000 0.000000 6946663.000000 6943415.000000 6943570.000000 6943570.000000 0.000000 0.000000 0.000000 
26
0.000000 73728.000000 1245231.000000 0.000000 1264063.000000 1590139.000000 1738643.000000 1809263.000000 0.000000 0.000000 0.000000 1793716.000000 1801909.000000 0.000000 1806232.000000 1805464.000000 1804691.000000 1809263.000000 0.000000 0.000000 0.000000 1793716.000000 1801908.000000 0.000000 1804296.000000 1806792.000000 1803123.000000 1809263.000000 0.000000 0.000000 0.000000 1793716.000000 1801908.000000 1796616.000000 1803912.000000 1806424.000000 1804691.000000 1809263.000000 0.000000 0.000000 0.000000 1835700.000000 1907957.000000 1928085.000000 1989864.000000 2005992.000000 2152656.000000 2290604.000000 2332785.000000 2326385.000000 2335369.000000 2343561.000000 2351754.000000 0.000000 2344986.000000 2342809.000000 2341909.000000 2341877.000000 0.000000 0.000000 0.000000 
27
0.000000 73728.000000 1289563.000000 0.000000 1310139.000000 1626067.000000 1779775.000000 1851470.000000 0.000000 0.000000 0.000000 1835923.000000 1844116.000000 0.000000 1837380.000000 1839635.000000 1835839.000000 1851470.000000 0.000000 0.000000 0.000000 1835923.000000 1844115.000000 0.000000 1835444.000000 1839764.000000 1834271.000000 1851470.000000 0.000000 0.000000 0.000000 1835923.000000 1844115.000000 1827764.000000 1835060.000000 1840531.000000 1835839.000000 1851470.000000 0.000000 0.000000 0.000000 1877779.000000 1950804.000000 1974772.000000 2020884.000000 2036436.000000 2179016.000000 2320016.000000 2366725.000000 2357045.000000 2377280.000000 2385472.000000 2393665.000000 0.000000 2386897.000000 2387808.000000 2385356.000000 2383788.000000 0.000000 0.000000 0.000000 
28
0.000000 40960.000000 1046169.000000 0.000000 1065001.000000 1381065.000000 1533277.000000 1608076.000000 0.000000 0.000000 0.000000 1592529.000000 1600722.000000 0.000000 1593986.000000 1595665.000000 1592445.000000 1608076.000000 0.000000 0.000000 0.000000 1592529.000000 1600721.000000 0.000000 1592050.000000 1596370.000000 1592445.000000 1608076.000000 0.000000 0.000000 0.000000 1592529.000000 1600721.000000 1584370.000000 1591666.000000 1597137.000000 1592445.000000 1608076.000000 0.000000 0.000000 0.000000 1634385.000000 1706834.000000 1729074.000000 1777490.000000 1793042.000000 1940462.000000 2080942.000000 2123331.000000 2113651.000000 2133886.000000 2142078.000000 2150271.000000 0.000000 2143503.000000 2144414.000000 2141962.000000 2140394.000000 0.000000 0.000000 0.000000 
29
0.000000 40960.000000 961217.000000 0.000000 976801.000000 1294025.000000 1444773.000000 1519604.000000 0.000000 0.000000 0.000000 1504057.000000 1512250.000000 0.000000 1505482.000000 1507737.000000 1502849.000000 1519604.000000 0.000000 0.000000 0.000000 1504057.000000 1512249.000000 0.000000 1503546.000000 1510362.000000 1503941.000000 1519604.000000 0.000000 0.000000 0.000000 1504057.000000 1512249.000000 0.000000 1503162.000000 1508633.000000 1503941.000000 1519604.000000 0.000000 0.000000 0.000000 1545913.000000 1618170.000000 1637722.000000 1688986.000000 1705114.000000 1847998.000000 1986182.000000 2034827.000000 2025147.000000 2045414.000000 2053606.000000 2061799.000000 0.000000 2055031.000000 2055942.000000 2051954.000000 2051922.000000 0.000000 0.000000 0.000000 
