0
0.000000 43008.000000 0.000000 0.000000 13392.000000 0.000000 0.000000 0.000000 0.000000 0.000000 0.000000 36864.000000 0.000000 0.000000 17910.000000 14208.000000 0.000000 0.000000 0.000000 0.000000 0.000000 36864.000000 0.000000 0.000000 20440.000000 18944.000000 0.000000 0.000000 0.000000 0.000000 0.000000 43008.000000 0.000000 0.000000 19158.000000 0.000000 0.000000 0.000000 0.000000 0.000000 0.000000 43008.000000 0.000000 0.000000 0.000000 0.000000 12502.000000 8525.000000 8088.000000 0.000000 0.000000 43008.000000 0.000000 0.000000 2058.000000 0.000000 0.000000 0.000000 0.000000 0.000000 0.000000 
1
0.000000 43008.000000 0.000000 0.000000 13436.000000 0.000000 0.000000 0.000000 0.000000 0.000000 0.000000 36864.000000 0.000000 0.000000 17910.000000 14208.000000 0.000000 0.000000 0.000000 0.000000 0.000000 36864.000000 0.000000 0.000000 13490.000000 18944.000000 0.000000 0.000000 0.000000 0.000000 0.000000 43008.000000 0.000000 0.000000 19072.000000 0.000000 0.000000 0.000000 0.000000 0.000000 0.000000 43008.000000 0.000000 0.000000 0.000000 0.000000 7232.000000 8525.000000 8088.000000 0.000000 0.000000 43008.000000 0.000000 0.000000 2058.000000 0.000000 0.000000 0.000000 0.000000 0.000000 0.000000 
2
0.000000 36864.000000 0.000000 0.000000 13340.000000 0.000000 0.000000 0.000000 0.000000 0.000000 0.000000 30720.000000 0.000000 0.000000 17922.000000 11840.000000 0.000000 0.000000 0.000000 0.000000 0.000000 30720.000000 0.000000 0.000000 14372.000000 16576.000000 0.000000 0.000000 0.000000 0.000000 0.000000 36864.000000 0.000000 0.000000 18556.000000 0.000000 0.000000 0.000000 0.000000 0.000000 0.000000 36864.000000 0.000000 0.000000 0.000000 0.000000 7822.000000 5368.000000 8088.000000 0.000000 0.000000 36864.000000 0.000000 0.000000 4212.000000 0.000000 0.000000 0.000000 0.000000 0.000000 0.000000 
3
0.000000 38656.000000 0.000000 0.000000 10504.000000 0.000000 0.000000 0.000000 0.000000 0.000000 0.000000 32512.000000 0.000000 0.000000 22990.000000 11840.000000 0.000000 0.000000 0.000000 0.000000 0.000000 32512.000000 0.000000 0.000000 14324.000000 16576.000000 0.000000 0.000000 0.000000 0.000000 0.000000 38656.000000 0.000000 0.000000 10264.000000 0.000000 0.000000 0.000000 0.000000 0.000000 0.000000 38656.000000 0.000000 0.000000 0.000000 0.000000 7232.000000 3168.000000 6740.000000 0.000000 0.000000 38656.000000 0.000000 0.000000 2058.000000 0.000000 0.000000 0.000000 0.000000 0.000000 0.000000 
4
0.000000 30720.000000 0.000000 0.000000 5970.000000 0.000000 6912.000000 6145.000000 0.000000 0.000000 0.000000 24576.000000 0.000000 0.000000 15616.000000 7104.000000 3456.000000 0.000000 0.000000 0.000000 0.000000 24576.000000 0.000000 0.000000 8800.000000 11840.000000 5760.000000 0.000000 0.000000 0.000000 0.000000 36864.000000 0.000000 0.000000 9730.000000 0.000000 13824.000000 0.000000 0.000000 0.000000 0.000000 29184.000000 512.000000 0.000000 0.000000 0.000000 0.000000 27150.000000 6740.000000 0.000000 0.000000 30720.000000 0.000000 0.000000 15616.000000 0.000000 10368.000000 0.000000 0.000000 0.000000 0.000000 
5
0.000000 30720.000000 0.000000 0.000000 14236.000000 0.000000 6912.000000 0.000000 0.000000 0.000000 0.000000 24576.000000 0.000000 0.000000 15700.000000 7104.000000 3456.000000 0.000000 0.000000 0.000000 0.000000 24576.000000 0.000000 0.000000 13490.000000 11840.000000 5760.000000 0.000000 0.000000 0.000000 0.000000 36864.000000 0.000000 0.000000 9770.000000 0.000000 13824.000000 0.000000 0.000000 0.000000 0.000000 36864.000000 1024.000000 0.000000 0.000000 0.000000 0.000000 26166.000000 5392.000000 0.000000 0.000000 30720.000000 0.000000 0.000000 15700.000000 0.000000 11520.000000 0.000000 0.000000 0.000000 0.000000 
6
0.000000 24576.000000 0.000000 0.000000 17218.000000 0.000000 8064.000000 0.000000 0.000000 0.000000 0.000000 18432.000000 0.000000 0.000000 20344.000000 7104.000000 3456.000000 0.000000 0.000000 0.000000 0.000000 18432.000000 0.000000 0.000000 8800.000000 11840.000000 5760.000000 0.000000 0.000000 0.000000 0.000000 30720.000000 0.000000 0.000000 13754.000000 0.000000 12672.000000 0.000000 0.000000 0.000000 0.000000 36864.000000 512.000000 0.000000 0.000000 0.000000 0.000000 27043.000000 5392.000000 0.000000 0.000000 24576.000000 0.000000 0.000000 20344.000000 0.000000 11520.000000 0.000000 0.000000 0.000000 0.000000 
7
0.000000 24576.000000 0.000000 0.000000 16572.000000 0.000000 8064.000000 0.000000 0.000000 0.000000 0.000000 18432.000000 0.000000 0.000000 15672.000000 7104.000000 2304.000000 0.000000 0.000000 0.000000 0.000000 18432.000000 0.000000 0.000000 0.000000 11840.000000 5760.000000 0.000000 0.000000 0.000000 0.000000 30720.000000 0.000000 0.000000 13754.000000 0.000000 12672.000000 0.000000 0.000000 0.000000 0.000000 36864.000000 512.000000 0.000000 0.000000 0.000000 0.000000 23007.000000 5392.000000 0.000000 0.000000 24576.000000 0.000000 0.000000 15672.000000 0.000000 10368.000000 0.000000 0.000000 0.000000 0.000000 
8
0.000000 43008.000000 0.000000 0.000000 3912.000000 0.000000 0.000000 0.000000 0.000000 0.000000 0.000000 30720.000000 0.000000 0.000000 20732.000000 16576.000000 0.000000 0.000000 0.000000 0.000000 0.000000 24576.000000 0.000000 0.000000 11640.000000 21312.000000 3696.000000 0.000000 0.000000 0.000000 0.000000 36864.000000 0.000000 0.000000 8952.000000 0.000000 4608.000000 0.000000 0.000000 0.000000 0.000000 36864.000000 0.000000 0.000000 0.000000 0.000000 14638.000000 23471.000000 8088.000000 0.000000 6145.000000 36864.000000 0.000000 0.000000 20704.000000 0.000000 2304.000000 0.000000 0.000000 0.000000 0.000000 
9
0.000000 43008.000000 0.000000 0.000000 17218.000000 0.000000 0.000000 0.000000 0.000000 0.000000 0.000000 30720.000000 0.000000 0.000000 22498.000000 16576.000000 0.000000 0.000000 0.000000 0.000000 0.000000 24576.000000 0.000000 0.000000 20440.000000 21312.000000 3696.000000 0.000000 0.000000 0.000000 0.000000 36864.000000 0.000000 0.000000 15160.000000 0.000000 3456.000000 0.000000 0.000000 0.000000 0.000000 43008.000000 0.000000 0.000000 0.000000 0.000000 17545.000000 21510.000000 6948.000000 0.000000 0.000000 36864.000000 0.000000 0.000000 21030.000000 0.000000 1152.000000 0.000000 0.000000 0.000000 0.000000 
10
0.000000 36864.000000 0.000000 0.000000 17218.000000 0.000000 0.000000 0.000000 0.000000 0.000000 0.000000 24576.000000 0.000000 0.000000 20768.000000 16576.000000 0.000000 0.000000 0.000000 0.000000 0.000000 24576.000000 0.000000 0.000000 11640.000000 21312.000000 3696.000000 0.000000 0.000000 0.000000 0.000000 30720.000000 0.000000 0.000000 8220.000000 0.000000 3456.000000 0.000000 0.000000 0.000000 0.000000 43008.000000 0.000000 0.000000 0.000000 0.000000 17545.000000 23769.000000 6740.000000 0.000000 0.000000 30720.000000 0.000000 0.000000 22402.000000 0.000000 1152.000000 0.000000 0.000000 0.000000 0.000000 
11
0.000000 36864.000000 0.000000 0.000000 6452.000000 0.000000 0.000000 0.000000 0.000000 0.000000 0.000000 24576.000000 0.000000 0.000000 23088.000000 14208.000000 0.000000 0.000000 0.000000 0.000000 0.000000 24576.000000 0.000000 0.000000 26400.000000 18944.000000 3696.000000 0.000000 0.000000 0.000000 0.000000 30720.000000 0.000000 0.000000 7580.000000 0.000000 3456.000000 0.000000 0.000000 0.000000 0.000000 36864.000000 0.000000 0.000000 0.000000 0.000000 14822.000000 22947.000000 4148.000000 0.000000 0.000000 30720.000000 0.000000 0.000000 20796.000000 0.000000 1152.000000 0.000000 0.000000 0.000000 0.000000 
12
0.000000 30720.000000 0.000000 0.000000 4598.000000 0.000000 0.000000 0.000000 0.000000 0.000000 0.000000 30720.000000 0.000000 0.000000 17276.000000 9472.000000 4080.000000 0.000000 0.000000 0.000000 0.000000 24576.000000 0.000000 0.000000 17600.000000 11840.000000 13776.000000 0.000000 0.000000 0.000000 0.000000 36864.000000 0.000000 0.000000 9730.000000 0.000000 3456.000000 0.000000 0.000000 0.000000 0.000000 44552.000000 0.000000 0.000000 0.000000 0.000000 0.000000 25571.000000 4044.000000 0.000000 6145.000000 36864.000000 0.000000 0.000000 16796.000000 0.000000 11232.000000 0.000000 0.000000 0.000000 0.000000 
13
0.000000 30720.000000 0.000000 0.000000 17218.000000 0.000000 1732.000000 0.000000 0.000000 0.000000 0.000000 30720.000000 0.000000 0.000000 17346.000000 9472.000000 4320.000000 0.000000 0.000000 0.000000 0.000000 24576.000000 0.000000 0.000000 8800.000000 11840.000000 13536.000000 0.000000 0.000000 0.000000 0.000000 36864.000000 0.000000 0.000000 7434.000000 0.000000 3456.000000 0.000000 0.000000 0.000000 0.000000 43008.000000 0.000000 0.000000 0.000000 0.000000 0.000000 24468.000000 4044.000000 0.000000 0.000000 36864.000000 0.000000 0.000000 16852.000000 0.000000 11232.000000 0.000000 0.000000 0.000000 0.000000 
14
0.000000 24576.000000 0.000000 0.000000 17218.000000 0.000000 0.000000 0.000000 0.000000 0.000000 0.000000 24576.000000 0.000000 0.000000 17600.000000 7104.000000 4800.000000 0.000000 0.000000 0.000000 0.000000 18432.000000 0.000000 0.000000 8800.000000 9472.000000 13536.000000 0.000000 0.000000 0.000000 0.000000 30720.000000 0.000000 0.000000 7580.000000 0.000000 2304.000000 0.000000 0.000000 0.000000 0.000000 44552.000000 0.000000 0.000000 0.000000 0.000000 0.000000 25228.000000 4044.000000 0.000000 0.000000 30720.000000 0.000000 0.000000 17600.000000 0.000000 11280.000000 0.000000 0.000000 0.000000 0.000000 
15
0.000000 24576.000000 0.000000 0.000000 6452.000000 0.000000 580.000000 0.000000 0.000000 0.000000 0.000000 24576.000000 0.000000 0.000000 17264.000000 7104.000000 4320.000000 0.000000 0.000000 0.000000 0.000000 18432.000000 0.000000 0.000000 11640.000000 9472.000000 13536.000000 0.000000 0.000000 0.000000 0.000000 30720.000000 0.000000 0.000000 13754.000000 0.000000 2304.000000 0.000000 0.000000 0.000000 0.000000 49152.000000 0.000000 0.000000 0.000000 0.000000 0.000000 24080.000000 4044.000000 0.000000 0.000000 30720.000000 0.000000 0.000000 16866.000000 0.000000 11040.000000 0.000000 0.000000 0.000000 0.000000 
16
0.000000 43008.000000 0.000000 0.000000 3912.000000 0.000000 3762.000000 0.000000 0.000000 0.000000 0.000000 24576.000000 0.000000 0.000000 14506.000000 14208.000000 0.000000 0.000000 0.000000 0.000000 0.000000 30720.000000 0.000000 0.000000 17600.000000 18944.000000 0.000000 0.000000 0.000000 0.000000 0.000000 30720.000000 0.000000 0.000000 4802.000000 0.000000 4962.000000 0.000000 0.000000 0.000000 0.000000 30720.000000 0.000000 0.000000 0.000000 0.000000 0.000000 11468.000000 6740.000000 0.000000 0.000000 36864.000000 0.000000 0.000000 14506.000000 0.000000 1654.000000 0.000000 0.000000 0.000000 0.000000 
17
0.000000 43008.000000 0.000000 0.000000 9638.000000 0.000000 3762.000000 0.000000 0.000000 0.000000 0.000000 24576.000000 0.000000 0.000000 18286.000000 14208.000000 0.000000 0.000000 0.000000 0.000000 0.000000 30720.000000 0.000000 0.000000 8800.000000 18944.000000 0.000000 0.000000 0.000000 0.000000 0.000000 30720.000000 0.000000 0.000000 7580.000000 0.000000 4562.000000 0.000000 0.000000 0.000000 0.000000 30720.000000 0.000000 0.000000 0.000000 0.000000 0.000000 10752.000000 6740.000000 0.000000 0.000000 36864.000000 0.000000 0.000000 17600.000000 0.000000 1654.000000 0.000000 0.000000 0.000000 0.000000 
18
0.000000 36864.000000 0.000000 0.000000 9638.000000 0.000000 3762.000000 0.000000 0.000000 0.000000 0.000000 18432.000000 0.000000 0.000000 14410.000000 14208.000000 0.000000 0.000000 0.000000 0.000000 0.000000 24576.000000 0.000000 0.000000 8800.000000 18944.000000 0.000000 0.000000 0.000000 0.000000 0.000000 24576.000000 0.000000 0.000000 7580.000000 0.000000 4562.000000 0.000000 0.000000 0.000000 0.000000 24576.000000 0.000000 0.000000 0.000000 0.000000 0.000000 12598.000000 5392.000000 0.000000 0.000000 30720.000000 0.000000 0.000000 14410.000000 0.000000 1654.000000 0.000000 0.000000 0.000000 0.000000 
19
0.000000 36864.000000 0.000000 0.000000 6452.000000 0.000000 2508.000000 0.000000 0.000000 0.000000 0.000000 18432.000000 0.000000 0.000000 14478.000000 11840.000000 0.000000 0.000000 0.000000 0.000000 0.000000 24576.000000 0.000000 0.000000 11640.000000 16576.000000 0.000000 0.000000 0.000000 0.000000 0.000000 24576.000000 0.000000 0.000000 6306.000000 0.000000 4908.000000 0.000000 0.000000 0.000000 0.000000 32256.000000 0.000000 0.000000 0.000000 0.000000 0.000000 10008.000000 5392.000000 0.000000 0.000000 30720.000000 0.000000 0.000000 14478.000000 0.000000 1200.000000 0.000000 0.000000 0.000000 0.000000 
20
0.000000 30720.000000 0.000000 0.000000 0.000000 0.000000 0.000000 0.000000 0.000000 0.000000 0.000000 24576.000000 0.000000 0.000000 17600.000000 18944.000000 0.000000 0.000000 0.000000 0.000000 0.000000 30720.000000 0.000000 0.000000 8800.000000 21312.000000 0.000000 0.000000 0.000000 0.000000 0.000000 36864.000000 0.000000 0.000000 0.000000 0.000000 4608.000000 0.000000 0.000000 0.000000 0.000000 36864.000000 0.000000 0.000000 0.000000 0.000000 0.000000 10008.000000 5392.000000 0.000000 6145.000000 30720.000000 0.000000 0.000000 14958.000000 0.000000 3456.000000 0.000000 0.000000 0.000000 0.000000 
21
0.000000 24576.000000 0.000000 0.000000 2540.000000 0.000000 0.000000 0.000000 0.000000 0.000000 0.000000 18432.000000 0.000000 0.000000 15384.000000 18944.000000 0.000000 0.000000 0.000000 0.000000 0.000000 24576.000000 0.000000 0.000000 17600.000000 21312.000000 0.000000 0.000000 0.000000 0.000000 0.000000 30720.000000 0.000000 0.000000 8952.000000 0.000000 3456.000000 0.000000 0.000000 0.000000 0.000000 30720.000000 0.000000 0.000000 0.000000 0.000000 0.000000 7747.000000 5392.000000 0.000000 6145.000000 24576.000000 0.000000 0.000000 10906.000000 0.000000 2304.000000 0.000000 0.000000 0.000000 0.000000 
22
0.000000 24576.000000 0.000000 0.000000 0.000000 0.000000 0.000000 0.000000 0.000000 0.000000 0.000000 18432.000000 0.000000 0.000000 15384.000000 16576.000000 0.000000 0.000000 0.000000 0.000000 0.000000 24576.000000 0.000000 0.000000 8800.000000 18944.000000 0.000000 0.000000 0.000000 0.000000 0.000000 30720.000000 0.000000 0.000000 8266.000000 0.000000 3456.000000 0.000000 0.000000 0.000000 0.000000 30720.000000 0.000000 0.000000 0.000000 0.000000 0.000000 8968.000000 4044.000000 0.000000 6837.000000 24576.000000 0.000000 0.000000 18286.000000 0.000000 2304.000000 0.000000 0.000000 0.000000 0.000000 
23
0.000000 24576.000000 0.000000 0.000000 0.000000 0.000000 0.000000 0.000000 0.000000 0.000000 0.000000 18432.000000 0.000000 0.000000 15370.000000 16576.000000 0.000000 0.000000 0.000000 0.000000 0.000000 24576.000000 0.000000 0.000000 8800.000000 18944.000000 0.000000 0.000000 0.000000 0.000000 0.000000 30720.000000 0.000000 0.000000 4116.000000 0.000000 3456.000000 0.000000 0.000000 0.000000 0.000000 30720.000000 0.000000 0.000000 0.000000 0.000000 0.000000 9128.000000 4044.000000 0.000000 6145.000000 24576.000000 0.000000 0.000000 18286.000000 0.000000 2304.000000 0.000000 0.000000 0.000000 0.000000 
24
0.000000 30720.000000 0.000000 0.000000 0.000000 0.000000 0.000000 0.000000 0.000000 0.000000 0.000000 30720.000000 0.000000 0.000000 11982.000000 16576.000000 0.000000 0.000000 0.000000 0.000000 0.000000 30720.000000 0.000000 0.000000 11640.000000 21312.000000 0.000000 0.000000 0.000000 0.000000 0.000000 30720.000000 0.000000 0.000000 0.000000 0.000000 4608.000000 0.000000 0.000000 0.000000 0.000000 36864.000000 0.000000 0.000000 0.000000 0.000000 0.000000 9922.000000 6740.000000 0.000000 0.000000 30720.000000 0.000000 0.000000 14698.000000 0.000000 2304.000000 0.000000 0.000000 0.000000 0.000000 
25
0.000000 24576.000000 0.000000 0.000000 0.000000 0.000000 0.000000 0.000000 0.000000 0.000000 0.000000 24576.000000 0.000000 0.000000 11982.000000 16576.000000 0.000000 0.000000 0.000000 0.000000 0.000000 24576.000000 0.000000 0.000000 17600.000000 21312.000000 0.000000 0.000000 0.000000 0.000000 0.000000 24576.000000 0.000000 0.000000 8952.000000 0.000000 3456.000000 0.000000 0.000000 0.000000 0.000000 30720.000000 0.000000 0.000000 0.000000 0.000000 0.000000 10168.000000 6740.000000 0.000000 0.000000 24576.000000 0.000000 0.000000 17600.000000 0.000000 1152.000000 0.000000 0.000000 0.000000 0.000000 
26
0.000000 24576.000000 0.000000 0.000000 0.000000 0.000000 0.000000 0.000000 0.000000 0.000000 0.000000 24576.000000 0.000000 0.000000 9856.000000 14208.000000 0.000000 0.000000 0.000000 0.000000 0.000000 24576.000000 0.000000 0.000000 0.000000 18944.000000 0.000000 0.000000 0.000000 0.000000 0.000000 24576.000000 0.000000 0.000000 8266.000000 0.000000 3456.000000 0.000000 0.000000 0.000000 0.000000 30720.000000 0.000000 0.000000 0.000000 0.000000 0.000000 10912.000000 5392.000000 0.000000 0.000000 24576.000000 0.000000 0.000000 14698.000000 0.000000 1152.000000 0.000000 0.000000 0.000000 0.000000 
27
0.000000 24576.000000 0.000000 0.000000 0.000000 0.000000 0.000000 0.000000 0.000000 0.000000 0.000000 24576.000000 0.000000 0.000000 19616.000000 14208.000000 0.000000 0.000000 0.000000 0.000000 0.000000 24576.000000 0.000000 0.000000 8800.000000 18944.000000 0.000000 0.000000 0.000000 0.000000 0.000000 24576.000000 0.000000 0.000000 3430.000000 0.000000 3456.000000 0.000000 0.000000 0.000000 0.000000 30720.000000 0.000000 0.000000 0.000000 0.000000 0.000000 10945.000000 5392.000000 0.000000 0.000000 24576.000000 0.000000 0.000000 14752.000000 0.000000 1152.000000 0.000000 0.000000 0.000000 0.000000 
28
0.000000 30720.000000 0.000000 0.000000 0.000000 0.000000 0.000000 0.000000 0.000000 0.000000 0.000000 36864.000000 0.000000 0.000000 8800.000000 16576.000000 0.000000 0.000000 0.000000 0.000000 0.000000 36864.000000 0.000000 0.000000 8800.000000 21312.000000 0.000000 0.000000 0.000000 0.000000 0.000000 30720.000000 0.000000 0.000000 0.000000 0.000000 2884.000000 0.000000 0.000000 0.000000 0.000000 30720.000000 0.000000 0.000000 0.000000 0.000000 0.000000 7361.000000 6740.000000 0.000000 6145.000000 36864.000000 0.000000 0.000000 8800.000000 0.000000 3456.000000 0.000000 0.000000 0.000000 0.000000 
29
0.000000 24576.000000 0.000000 0.000000 0.000000 0.000000 0.000000 0.000000 0.000000 0.000000 0.000000 30720.000000 0.000000 0.000000 8800.000000 16576.000000 0.000000 0.000000 0.000000 0.000000 0.000000 30720.000000 0.000000 0.000000 0.000000 21312.000000 0.000000 0.000000 0.000000 0.000000 0.000000 24576.000000 0.000000 0.000000 0.000000 0.000000 3456.000000 0.000000 0.000000 0.000000 0.000000 24576.000000 0.000000 0.000000 0.000000 0.000000 0.000000 8945.000000 6740.000000 0.000000 6145.000000 30720.000000 0.000000 0.000000 8800.000000 0.000000 2304.000000 0.000000 0.000000 0.000000 0.000000 
30
0.000000 24576.000000 0.000000 0.000000 0.000000 0.000000 0.000000 0.000000 0.000000 0.000000 0.000000 30720.000000 0.000000 0.000000 8800.000000 14208.000000 0.000000 0.000000 0.000000 0.000000 0.000000 30720.000000 0.000000 0.000000 0.000000 18944.000000 0.000000 0.000000 0.000000 0.000000 0.000000 24576.000000 0.000000 0.000000 0.000000 0.000000 2304.000000 0.000000 0.000000 0.000000 0.000000 24576.000000 0.000000 0.000000 0.000000 0.000000 0.000000 8417.000000 5392.000000 0.000000 6837.000000 30720.000000 0.000000 0.000000 8800.000000 0.000000 2304.000000 0.000000 0.000000 0.000000 0.000000 
31
0.000000 24576.000000 0.000000 0.000000 0.000000 0.000000 0.000000 0.000000 0.000000 0.000000 0.000000 30720.000000 0.000000 0.000000 8800.000000 14208.000000 0.000000 0.000000 0.000000 0.000000 0.000000 30720.000000 0.000000 0.000000 0.000000 18944.000000 0.000000 0.000000 0.000000 0.000000 0.000000 24576.000000 0.000000 0.000000 0.000000 0.000000 2304.000000 0.000000 0.000000 0.000000 0.000000 24576.000000 0.000000 0.000000 0.000000 0.000000 0.000000 7361.000000 5392.000000 0.000000 6145.000000 30720.000000 0.000000 0.000000 8800.000000 0.000000 2304.000000 0.000000 0.000000 0.000000 0.000000 
32
0.000000 30720.000000 5592.000000 0.000000 0.000000 0.000000 1152.000000 0.000000 0.000000 0.000000 0.000000 30720.000000 0.000000 0.000000 8800.000000 16576.000000 0.000000 0.000000 0.000000 0.000000 0.000000 24576.000000 0.000000 0.000000 8800.000000 21312.000000 3696.000000 0.000000 0.000000 0.000000 0.000000 30720.000000 0.000000 0.000000 0.000000 0.000000 1732.000000 0.000000 0.000000 0.000000 0.000000 30720.000000 0.000000 4608.000000 7086.000000 7086.000000 0.000000 11152.000000 5392.000000 0.000000 0.000000 36864.000000 0.000000 0.000000 10172.000000 0.000000 1152.000000 0.000000 0.000000 0.000000 0.000000 
33
0.000000 24576.000000 5592.000000 0.000000 0.000000 0.000000 0.000000 0.000000 0.000000 0.000000 0.000000 24576.000000 0.000000 0.000000 8800.000000 16576.000000 0.000000 0.000000 0.000000 0.000000 0.000000 18432.000000 0.000000 0.000000 8800.000000 21312.000000 3696.000000 0.000000 0.000000 0.000000 0.000000 24576.000000 0.000000 0.000000 0.000000 0.000000 3456.000000 0.000000 0.000000 0.000000 0.000000 24576.000000 0.000000 4608.000000 0.000000 0.000000 0.000000 10871.000000 4044.000000 0.000000 0.000000 30720.000000 0.000000 0.000000 12230.000000 0.000000 1152.000000 0.000000 0.000000 0.000000 0.000000 
34
0.000000 24576.000000 4986.000000 0.000000 0.000000 0.000000 0.000000 0.000000 0.000000 0.000000 0.000000 24576.000000 0.000000 0.000000 8800.000000 14208.000000 0.000000 0.000000 0.000000 0.000000 0.000000 18432.000000 0.000000 0.000000 8800.000000 18944.000000 3696.000000 0.000000 0.000000 0.000000 0.000000 24576.000000 0.000000 0.000000 0.000000 0.000000 2304.000000 0.000000 0.000000 0.000000 0.000000 24576.000000 0.000000 4608.000000 0.000000 0.000000 0.000000 6932.000000 4044.000000 0.000000 0.000000 30720.000000 0.000000 0.000000 8800.000000 0.000000 1152.000000 0.000000 0.000000 0.000000 0.000000 
35
0.000000 24576.000000 5835.000000 0.000000 3912.000000 0.000000 0.000000 0.000000 0.000000 0.000000 0.000000 24576.000000 0.000000 0.000000 8800.000000 14208.000000 0.000000 0.000000 0.000000 0.000000 0.000000 18432.000000 0.000000 0.000000 8800.000000 18944.000000 3024.000000 0.000000 0.000000 0.000000 0.000000 24576.000000 0.000000 0.000000 0.000000 0.000000 2304.000000 0.000000 0.000000 0.000000 0.000000 24576.000000 0.000000 4608.000000 0.000000 0.000000 0.000000 7360.000000 4044.000000 0.000000 0.000000 30720.000000 0.000000 0.000000 8800.000000 0.000000 1152.000000 0.000000 0.000000 0.000000 0.000000 
36
0.000000 30720.000000 0.000000 0.000000 0.000000 0.000000 0.000000 0.000000 0.000000 0.000000 0.000000 24576.000000 0.000000 0.000000 12352.000000 18944.000000 0.000000 0.000000 0.000000 0.000000 0.000000 18432.000000 0.000000 0.000000 8800.000000 21312.000000 3696.000000 0.000000 0.000000 0.000000 0.000000 36864.000000 0.000000 0.000000 1056.000000 0.000000 3456.000000 0.000000 0.000000 0.000000 0.000000 30720.000000 0.000000 0.000000 0.000000 0.000000 15913.000000 1408.000000 5392.000000 0.000000 0.000000 36864.000000 0.000000 0.000000 12256.000000 0.000000 480.000000 0.000000 0.000000 0.000000 0.000000 
37
0.000000 24576.000000 0.000000 0.000000 0.000000 0.000000 0.000000 0.000000 0.000000 0.000000 0.000000 18432.000000 0.000000 0.000000 12366.000000 18944.000000 0.000000 0.000000 0.000000 0.000000 0.000000 12288.000000 0.000000 0.000000 8800.000000 21312.000000 3696.000000 0.000000 0.000000 0.000000 0.000000 30720.000000 0.000000 0.000000 10324.000000 0.000000 3456.000000 0.000000 0.000000 0.000000 0.000000 24576.000000 0.000000 0.000000 0.000000 0.000000 18182.000000 1408.000000 4044.000000 0.000000 0.000000 30720.000000 0.000000 0.000000 12174.000000 0.000000 480.000000 0.000000 0.000000 0.000000 0.000000 
38
0.000000 24576.000000 0.000000 0.000000 0.000000 0.000000 0.000000 0.000000 0.000000 0.000000 0.000000 18432.000000 0.000000 0.000000 12366.000000 18944.000000 0.000000 0.000000 0.000000 0.000000 0.000000 12288.000000 0.000000 0.000000 8800.000000 21312.000000 3696.000000 0.000000 0.000000 0.000000 0.000000 30720.000000 0.000000 0.000000 10324.000000 0.000000 3456.000000 0.000000 0.000000 0.000000 0.000000 24576.000000 0.000000 0.000000 0.000000 0.000000 12303.000000 1408.000000 4044.000000 0.000000 0.000000 30720.000000 0.000000 0.000000 12174.000000 0.000000 480.000000 0.000000 0.000000 0.000000 0.000000 
39
0.000000 24576.000000 0.000000 0.000000 8714.000000 0.000000 0.000000 0.000000 0.000000 0.000000 0.000000 18432.000000 0.000000 0.000000 12366.000000 16576.000000 0.000000 0.000000 0.000000 0.000000 0.000000 12288.000000 0.000000 0.000000 8800.000000 18944.000000 3264.000000 0.000000 0.000000 0.000000 0.000000 30720.000000 0.000000 0.000000 6228.000000 0.000000 3456.000000 0.000000 0.000000 0.000000 0.000000 24576.000000 0.000000 0.000000 0.000000 0.000000 15865.000000 2816.000000 4044.000000 0.000000 0.000000 30720.000000 0.000000 0.000000 12160.000000 0.000000 480.000000 0.000000 0.000000 0.000000 0.000000 
40
0.000000 30720.000000 0.000000 0.000000 0.000000 0.000000 1152.000000 0.000000 0.000000 0.000000 0.000000 36864.000000 0.000000 0.000000 12736.000000 16576.000000 0.000000 0.000000 0.000000 0.000000 0.000000 30720.000000 0.000000 0.000000 11640.000000 21312.000000 0.000000 0.000000 0.000000 0.000000 0.000000 36864.000000 0.000000 0.000000 3430.000000 0.000000 2304.000000 0.000000 0.000000 0.000000 0.000000 50576.000000 0.000000 0.000000 0.000000 0.000000 13346.000000 8055.000000 5392.000000 0.000000 0.000000 30720.000000 0.000000 0.000000 11406.000000 0.000000 1152.000000 0.000000 0.000000 0.000000 0.000000 
41
0.000000 24576.000000 0.000000 0.000000 9638.000000 0.000000 0.000000 0.000000 0.000000 0.000000 0.000000 30720.000000 0.000000 0.000000 12668.000000 16576.000000 0.000000 0.000000 0.000000 0.000000 0.000000 24576.000000 0.000000 0.000000 8800.000000 21312.000000 0.000000 0.000000 0.000000 0.000000 0.000000 30720.000000 0.000000 0.000000 0.000000 0.000000 2304.000000 0.000000 0.000000 0.000000 0.000000 45840.000000 0.000000 0.000000 0.000000 0.000000 9930.000000 7612.000000 4044.000000 0.000000 0.000000 24576.000000 0.000000 0.000000 11406.000000 0.000000 1152.000000 0.000000 0.000000 0.000000 0.000000 
42
0.000000 24576.000000 0.000000 0.000000 2058.000000 0.000000 0.000000 0.000000 0.000000 0.000000 0.000000 30720.000000 0.000000 0.000000 12668.000000 16576.000000 0.000000 0.000000 0.000000 0.000000 0.000000 24576.000000 0.000000 0.000000 8800.000000 21312.000000 0.000000 0.000000 0.000000 0.000000 0.000000 30720.000000 0.000000 0.000000 0.000000 0.000000 2304.000000 0.000000 0.000000 0.000000 0.000000 52224.000000 0.000000 0.000000 0.000000 0.000000 16297.000000 6588.000000 4044.000000 0.000000 0.000000 24576.000000 0.000000 0.000000 11488.000000 0.000000 1152.000000 0.000000 0.000000 0.000000 0.000000 
43
0.000000 24576.000000 0.000000 0.000000 7620.000000 0.000000 0.000000 0.000000 0.000000 0.000000 0.000000 30720.000000 0.000000 0.000000 12750.000000 14208.000000 0.000000 0.000000 0.000000 0.000000 0.000000 24576.000000 0.000000 0.000000 8800.000000 18944.000000 0.000000 0.000000 0.000000 0.000000 0.000000 30720.000000 0.000000 0.000000 2586.000000 0.000000 2304.000000 0.000000 0.000000 0.000000 0.000000 47576.000000 0.000000 0.000000 0.000000 0.000000 9571.000000 5730.000000 4044.000000 0.000000 0.000000 24576.000000 0.000000 0.000000 9472.000000 0.000000 1152.000000 0.000000 0.000000 0.000000 0.000000 
44
0.000000 30720.000000 0.000000 0.000000 8160.000000 0.000000 0.000000 0.000000 0.000000 0.000000 0.000000 24576.000000 0.000000 0.000000 15152.000000 16576.000000 0.000000 0.000000 0.000000 0.000000 0.000000 24576.000000 0.000000 0.000000 8800.000000 21312.000000 3696.000000 0.000000 0.000000 0.000000 0.000000 30720.000000 0.000000 0.000000 3430.000000 0.000000 2884.000000 0.000000 0.000000 0.000000 0.000000 37632.000000 0.000000 0.000000 0.000000 0.000000 13538.000000 9023.000000 6740.000000 0.000000 6145.000000 30720.000000 0.000000 0.000000 14136.000000 0.000000 0.000000 0.000000 0.000000 0.000000 0.000000 
45
0.000000 24576.000000 0.000000 0.000000 9638.000000 0.000000 0.000000 0.000000 0.000000 0.000000 0.000000 18432.000000 0.000000 0.000000 15136.000000 16576.000000 0.000000 0.000000 0.000000 0.000000 0.000000 18432.000000 0.000000 0.000000 8800.000000 21312.000000 3696.000000 0.000000 0.000000 0.000000 0.000000 24576.000000 0.000000 0.000000 7580.000000 0.000000 2304.000000 0.000000 0.000000 0.000000 0.000000 38400.000000 0.000000 0.000000 0.000000 0.000000 8899.000000 7687.000000 5392.000000 0.000000 6145.000000 24576.000000 0.000000 0.000000 14136.000000 0.000000 0.000000 0.000000 0.000000 0.000000 0.000000 
46
0.000000 24576.000000 0.000000 0.000000 7736.000000 0.000000 0.000000 0.000000 0.000000 0.000000 0.000000 18432.000000 0.000000 0.000000 15136.000000 16576.000000 0.000000 0.000000 0.000000 0.000000 0.000000 18432.000000 0.000000 0.000000 8800.000000 21312.000000 3696.000000 0.000000 0.000000 0.000000 0.000000 24576.000000 0.000000 0.000000 7580.000000 0.000000 2304.000000 0.000000 0.000000 0.000000 0.000000 43776.000000 0.000000 0.000000 0.000000 0.000000 16489.000000 5071.000000 5392.000000 0.000000 6837.000000 24576.000000 0.000000 0.000000 14122.000000 0.000000 0.000000 0.000000 0.000000 0.000000 0.000000 
47
0.000000 24576.000000 0.000000 0.000000 7620.000000 0.000000 0.000000 0.000000 0.000000 0.000000 0.000000 18432.000000 0.000000 0.000000 15166.000000 14208.000000 0.000000 0.000000 0.000000 0.000000 0.000000 18432.000000 0.000000 0.000000 8800.000000 18944.000000 3024.000000 0.000000 0.000000 0.000000 0.000000 24576.000000 0.000000 0.000000 3642.000000 0.000000 2304.000000 0.000000 0.000000 0.000000 0.000000 43776.000000 0.000000 0.000000 0.000000 0.000000 13553.000000 6428.000000 5392.000000 0.000000 6145.000000 24576.000000 0.000000 0.000000 14080.000000 0.000000 0.000000 0.000000 0.000000 0.000000 0.000000 
48
0.000000 30720.000000 0.000000 0.000000 0.000000 0.000000 0.000000 0.000000 0.000000 0.000000 0.000000 30720.000000 0.000000 0.000000 11982.000000 18944.000000 0.000000 0.000000 0.000000 0.000000 0.000000 36864.000000 0.000000 0.000000 11640.000000 21312.000000 0.000000 0.000000 0.000000 0.000000 0.000000 30720.000000 0.000000 0.000000 3430.000000 0.000000 3456.000000 0.000000 0.000000 0.000000 0.000000 37632.000000 6612.000000 0.000000 0.000000 0.000000 16599.000000 15952.000000 5392.000000 0.000000 0.000000 36864.000000 0.000000 0.000000 17600.000000 0.000000 2304.000000 0.000000 0.000000 0.000000 0.000000 
49
0.000000 24576.000000 0.000000 0.000000 9638.000000 0.000000 0.000000 0.000000 0.000000 0.000000 0.000000 18432.000000 0.000000 0.000000 11982.000000 18944.000000 0.000000 0.000000 0.000000 0.000000 0.000000 30720.000000 0.000000 0.000000 17600.000000 21312.000000 0.000000 0.000000 0.000000 0.000000 0.000000 24576.000000 0.000000 0.000000 7580.000000 0.000000 3456.000000 0.000000 0.000000 0.000000 0.000000 38400.000000 5499.000000 0.000000 0.000000 0.000000 13319.000000 18972.000000 4044.000000 0.000000 0.000000 30720.000000 0.000000 0.000000 15178.000000 0.000000 2304.000000 0.000000 0.000000 0.000000 0.000000 
50
0.000000 24576.000000 0.000000 0.000000 2058.000000 0.000000 0.000000 0.000000 0.000000 0.000000 0.000000 18432.000000 0.000000 0.000000 9856.000000 18944.000000 0.000000 0.000000 0.000000 0.000000 0.000000 30720.000000 0.000000 0.000000 8800.000000 21312.000000 0.000000 0.000000 0.000000 0.000000 0.000000 24576.000000 0.000000 0.000000 7580.000000 0.000000 3456.000000 0.000000 0.000000 0.000000 0.000000 43776.000000 5499.000000 0.000000 0.000000 0.000000 13816.000000 17740.000000 4044.000000 0.000000 0.000000 30720.000000 0.000000 0.000000 15178.000000 0.000000 2304.000000 0.000000 0.000000 0.000000 0.000000 
51
0.000000 24576.000000 0.000000 0.000000 7620.000000 0.000000 0.000000 0.000000 0.000000 0.000000 0.000000 18432.000000 0.000000 0.000000 19616.000000 16576.000000 0.000000 0.000000 0.000000 0.000000 0.000000 30720.000000 0.000000 0.000000 8800.000000 18944.000000 0.000000 0.000000 0.000000 0.000000 0.000000 24576.000000 0.000000 0.000000 3430.000000 0.000000 3456.000000 0.000000 0.000000 0.000000 0.000000 43776.000000 6580.000000 0.000000 0.000000 0.000000 12881.000000 16993.000000 4044.000000 0.000000 0.000000 30720.000000 0.000000 0.000000 15164.000000 0.000000 2304.000000 0.000000 0.000000 0.000000 0.000000 
52
0.000000 30720.000000 0.000000 0.000000 7872.000000 0.000000 1152.000000 0.000000 0.000000 0.000000 0.000000 36864.000000 0.000000 0.000000 17600.000000 18944.000000 0.000000 0.000000 0.000000 0.000000 0.000000 24576.000000 0.000000 0.000000 8800.000000 21312.000000 3696.000000 0.000000 0.000000 0.000000 0.000000 36864.000000 0.000000 0.000000 2058.000000 0.000000 3456.000000 0.000000 0.000000 0.000000 0.000000 37632.000000 0.000000 0.000000 0.000000 0.000000 0.000000 5653.000000 6740.000000 0.000000 0.000000 30720.000000 0.000000 0.000000 11982.000000 0.000000 2304.000000 0.000000 0.000000 0.000000 0.000000 
53
0.000000 24576.000000 0.000000 0.000000 9638.000000 0.000000 0.000000 0.000000 0.000000 0.000000 0.000000 30720.000000 0.000000 0.000000 13806.000000 18944.000000 0.000000 0.000000 0.000000 0.000000 0.000000 18432.000000 0.000000 0.000000 17600.000000 21312.000000 3696.000000 0.000000 0.000000 0.000000 0.000000 30720.000000 0.000000 0.000000 0.000000 0.000000 3456.000000 0.000000 0.000000 0.000000 0.000000 38400.000000 0.000000 0.000000 0.000000 0.000000 0.000000 10144.000000 6740.000000 0.000000 0.000000 24576.000000 0.000000 0.000000 11982.000000 0.000000 2304.000000 0.000000 0.000000 0.000000 0.000000 
54
0.000000 24576.000000 0.000000 0.000000 7352.000000 0.000000 0.000000 0.000000 0.000000 0.000000 0.000000 30720.000000 0.000000 0.000000 13806.000000 18944.000000 0.000000 0.000000 0.000000 0.000000 0.000000 18432.000000 0.000000 0.000000 8800.000000 21312.000000 3696.000000 0.000000 0.000000 0.000000 0.000000 30720.000000 0.000000 0.000000 0.000000 0.000000 3456.000000 0.000000 0.000000 0.000000 0.000000 43776.000000 0.000000 0.000000 0.000000 0.000000 384.000000 8194.000000 5392.000000 0.000000 0.000000 24576.000000 0.000000 0.000000 9856.000000 0.000000 2304.000000 0.000000 0.000000 0.000000 0.000000 
55
0.000000 24576.000000 0.000000 0.000000 7620.000000 0.000000 0.000000 0.000000 0.000000 0.000000 0.000000 30720.000000 0.000000 0.000000 13792.000000 16576.000000 0.000000 0.000000 0.000000 0.000000 0.000000 18432.000000 0.000000 0.000000 8800.000000 18944.000000 3504.000000 0.000000 0.000000 0.000000 0.000000 30720.000000 0.000000 0.000000 2058.000000 0.000000 3456.000000 0.000000 0.000000 0.000000 0.000000 43776.000000 0.000000 0.000000 0.000000 0.000000 0.000000 7992.000000 5392.000000 0.000000 0.000000 24576.000000 0.000000 0.000000 19616.000000 0.000000 2304.000000 0.000000 0.000000 0.000000 0.000000 
56
0.000000 30720.000000 0.000000 0.000000 1372.000000 0.000000 0.000000 0.000000 0.000000 0.000000 0.000000 24576.000000 0.000000 0.000000 17600.000000 16576.000000 0.000000 0.000000 0.000000 0.000000 0.000000 30720.000000 0.000000 0.000000 8800.000000 21312.000000 0.000000 0.000000 0.000000 0.000000 0.000000 43008.000000 0.000000 0.000000 2744.000000 0.000000 2304.000000 0.000000 0.000000 0.000000 0.000000 37632.000000 3728.000000 0.000000 0.000000 0.000000 12985.000000 1408.000000 5392.000000 0.000000 0.000000 36864.000000 0.000000 0.000000 17600.000000 0.000000 1152.000000 0.000000 0.000000 0.000000 0.000000 
57
0.000000 24576.000000 0.000000 0.000000 3226.000000 0.000000 0.000000 0.000000 0.000000 0.000000 0.000000 18432.000000 0.000000 0.000000 14492.000000 16576.000000 0.000000 0.000000 0.000000 0.000000 0.000000 24576.000000 0.000000 0.000000 17600.000000 21312.000000 0.000000 0.000000 0.000000 0.000000 0.000000 36864.000000 0.000000 0.000000 0.000000 0.000000 2304.000000 0.000000 0.000000 0.000000 0.000000 38400.000000 4996.000000 0.000000 0.000000 0.000000 14557.000000 2816.000000 5392.000000 0.000000 6145.000000 30720.000000 0.000000 0.000000 13806.000000 0.000000 1152.000000 0.000000 0.000000 0.000000 0.000000 
58
0.000000 24576.000000 0.000000 0.000000 0.000000 0.000000 0.000000 0.000000 0.000000 0.000000 0.000000 18432.000000 0.000000 0.000000 14492.000000 16576.000000 0.000000 0.000000 0.000000 0.000000 0.000000 24576.000000 0.000000 0.000000 8800.000000 21312.000000 0.000000 0.000000 0.000000 0.000000 0.000000 36864.000000 0.000000 0.000000 0.000000 0.000000 2304.000000 0.000000 0.000000 0.000000 0.000000 43776.000000 4072.000000 0.000000 0.000000 0.000000 16095.000000 0.000000 5392.000000 0.000000 692.000000 30720.000000 0.000000 0.000000 13806.000000 0.000000 1152.000000 0.000000 0.000000 0.000000 0.000000 
59
0.000000 24576.000000 0.000000 0.000000 0.000000 0.000000 0.000000 0.000000 0.000000 0.000000 0.000000 18432.000000 0.000000 0.000000 14478.000000 14208.000000 0.000000 0.000000 0.000000 0.000000 0.000000 24576.000000 0.000000 0.000000 8800.000000 18944.000000 0.000000 0.000000 0.000000 0.000000 0.000000 36864.000000 0.000000 0.000000 2744.000000 0.000000 2304.000000 0.000000 0.000000 0.000000 0.000000 43776.000000 4968.000000 0.000000 0.000000 0.000000 12941.000000 1408.000000 4044.000000 0.000000 692.000000 30720.000000 0.000000 0.000000 13792.000000 0.000000 1152.000000 0.000000 0.000000 0.000000 0.000000 
60
0.000000 36864.000000 0.000000 0.000000 0.000000 12288.000000 1152.000000 0.000000 0.000000 0.000000 0.000000 24576.000000 0.000000 0.000000 14958.000000 10496.000000 0.000000 0.000000 0.000000 0.000000 0.000000 24576.000000 0.000000 0.000000 11640.000000 5120.000000 0.000000 0.000000 0.000000 0.000000 0.000000 36864.000000 0.000000 0.000000 3430.000000 11264.000000 2884.000000 0.000000 0.000000 0.000000 0.000000 37632.000000 5264.000000 0.000000 0.000000 0.000000 19066.000000 4965.000000 5392.000000 0.000000 0.000000 30720.000000 0.000000 0.000000 17600.000000 8192.000000 1152.000000 0.000000 0.000000 0.000000 0.000000 
61
0.000000 30720.000000 0.000000 0.000000 0.000000 12288.000000 0.000000 0.000000 0.000000 0.000000 0.000000 18432.000000 0.000000 0.000000 14986.000000 10496.000000 0.000000 0.000000 0.000000 0.000000 0.000000 18432.000000 0.000000 0.000000 17600.000000 5120.000000 0.000000 0.000000 0.000000 0.000000 0.000000 30720.000000 0.000000 0.000000 0.000000 11264.000000 2304.000000 0.000000 0.000000 0.000000 0.000000 38400.000000 5292.000000 0.000000 0.000000 0.000000 12278.000000 1655.000000 5392.000000 0.000000 0.000000 24576.000000 0.000000 0.000000 15178.000000 8192.000000 1152.000000 0.000000 0.000000 0.000000 0.000000 
62
0.000000 30720.000000 0.000000 0.000000 0.000000 12288.000000 0.000000 0.000000 0.000000 0.000000 0.000000 18432.000000 0.000000 0.000000 14986.000000 11840.000000 0.000000 0.000000 0.000000 0.000000 0.000000 18432.000000 0.000000 0.000000 8800.000000 5120.000000 0.000000 0.000000 0.000000 0.000000 0.000000 30720.000000 0.000000 0.000000 0.000000 11264.000000 2304.000000 0.000000 0.000000 0.000000 0.000000 43776.000000 5368.000000 0.000000 0.000000 0.000000 19029.000000 4224.000000 4044.000000 0.000000 0.000000 24576.000000 0.000000 0.000000 15178.000000 8192.000000 1152.000000 0.000000 0.000000 0.000000 0.000000 
63
0.000000 30720.000000 0.000000 0.000000 8028.000000 12288.000000 0.000000 0.000000 0.000000 0.000000 0.000000 18432.000000 0.000000 0.000000 18972.000000 11520.000000 0.000000 0.000000 0.000000 0.000000 0.000000 18432.000000 0.000000 0.000000 8800.000000 5120.000000 0.000000 0.000000 0.000000 0.000000 0.000000 30720.000000 0.000000 0.000000 3430.000000 11264.000000 2304.000000 0.000000 0.000000 0.000000 0.000000 43776.000000 4316.000000 0.000000 0.000000 0.000000 11850.000000 4718.000000 4044.000000 0.000000 0.000000 24576.000000 0.000000 0.000000 15260.000000 8192.000000 1152.000000 0.000000 0.000000 0.000000 0.000000 
64
0.000000 36864.000000 0.000000 0.000000 0.000000 9216.000000 6172.000000 0.000000 0.000000 0.000000 0.000000 24576.000000 0.000000 0.000000 17600.000000 37888.000000 1972.000000 0.000000 0.000000 0.000000 0.000000 24576.000000 0.000000 0.000000 8800.000000 2048.000000 2304.000000 0.000000 0.000000 0.000000 0.000000 30720.000000 0.000000 0.000000 0.000000 9216.000000 6172.000000 0.000000 0.000000 0.000000 0.000000 49152.000000 0.000000 0.000000 0.000000 0.000000 11320.000000 0.000000 0.000000 21056.000000 6145.000000 36864.000000 0.000000 0.000000 17600.000000 5120.000000 2908.000000 0.000000 0.000000 0.000000 0.000000 
65
0.000000 30720.000000 0.000000 0.000000 8952.000000 9216.000000 9036.000000 0.000000 0.000000 0.000000 0.000000 18432.000000 0.000000 0.000000 8800.000000 35520.000000 1392.000000 0.000000 0.000000 0.000000 0.000000 18432.000000 0.000000 0.000000 17600.000000 2048.000000 2304.000000 0.000000 0.000000 0.000000 0.000000 24576.000000 0.000000 0.000000 7580.000000 9216.000000 9036.000000 0.000000 0.000000 0.000000 0.000000 47480.000000 0.000000 0.000000 0.000000 0.000000 11320.000000 0.000000 0.000000 21952.000000 6145.000000 30720.000000 0.000000 0.000000 8800.000000 5120.000000 5772.000000 0.000000 0.000000 0.000000 0.000000 
66
0.000000 30720.000000 0.000000 0.000000 1372.000000 9216.000000 9036.000000 0.000000 0.000000 0.000000 0.000000 18432.000000 0.000000 0.000000 8800.000000 35520.000000 1152.000000 0.000000 0.000000 0.000000 0.000000 18432.000000 0.000000 0.000000 8800.000000 2048.000000 2304.000000 0.000000 0.000000 0.000000 0.000000 24576.000000 0.000000 0.000000 7580.000000 9216.000000 5772.000000 0.000000 0.000000 0.000000 0.000000 48696.000000 0.000000 0.000000 0.000000 0.000000 11808.000000 0.000000 0.000000 21952.000000 6837.000000 30720.000000 0.000000 0.000000 8800.000000 5120.000000 2508.000000 0.000000 0.000000 0.000000 0.000000 
67
0.000000 30720.000000 0.000000 0.000000 7620.000000 9216.000000 7372.000000 0.000000 0.000000 0.000000 0.000000 18432.000000 0.000000 0.000000 8800.000000 35520.000000 2312.000000 0.000000 0.000000 0.000000 0.000000 18432.000000 0.000000 0.000000 8800.000000 2048.000000 1152.000000 0.000000 0.000000 0.000000 0.000000 24576.000000 0.000000 0.000000 4802.000000 9216.000000 7372.000000 0.000000 0.000000 0.000000 0.000000 48696.000000 0.000000 0.000000 0.000000 0.000000 18453.000000 0.000000 0.000000 18688.000000 6837.000000 30720.000000 0.000000 0.000000 8800.000000 5120.000000 2908.000000 0.000000 0.000000 0.000000 0.000000 
68
0.000000 36864.000000 0.000000 0.000000 0.000000 0.000000 0.000000 0.000000 0.000000 0.000000 0.000000 24576.000000 0.000000 0.000000 11790.000000 16576.000000 0.000000 0.000000 0.000000 0.000000 0.000000 30720.000000 0.000000 0.000000 11640.000000 21312.000000 0.000000 0.000000 0.000000 0.000000 0.000000 30720.000000 0.000000 0.000000 3430.000000 0.000000 4608.000000 0.000000 0.000000 0.000000 0.000000 36864.000000 0.000000 0.000000 0.000000 0.000000 6979.000000 3334.000000 6740.000000 0.000000 0.000000 30720.000000 0.000000 0.000000 13518.000000 0.000000 1152.000000 0.000000 0.000000 0.000000 0.000000 
69
0.000000 36864.000000 0.000000 0.000000 0.000000 0.000000 0.000000 0.000000 0.000000 0.000000 0.000000 24576.000000 0.000000 0.000000 11790.000000 16576.000000 0.000000 0.000000 0.000000 0.000000 0.000000 30720.000000 0.000000 0.000000 17600.000000 21312.000000 0.000000 0.000000 0.000000 0.000000 0.000000 30720.000000 0.000000 0.000000 7580.000000 0.000000 3456.000000 0.000000 0.000000 0.000000 0.000000 36864.000000 0.000000 0.000000 0.000000 0.000000 16393.000000 0.000000 5392.000000 0.000000 0.000000 30720.000000 0.000000 0.000000 13422.000000 0.000000 0.000000 0.000000 0.000000 0.000000 0.000000 
70
0.000000 30720.000000 0.000000 0.000000 0.000000 0.000000 0.000000 0.000000 0.000000 0.000000 0.000000 18432.000000 0.000000 0.000000 19520.000000 16576.000000 0.000000 0.000000 0.000000 0.000000 0.000000 24576.000000 0.000000 0.000000 8800.000000 21312.000000 0.000000 0.000000 0.000000 0.000000 0.000000 24576.000000 0.000000 0.000000 7580.000000 0.000000 3456.000000 0.000000 0.000000 0.000000 0.000000 30720.000000 0.000000 0.000000 0.000000 0.000000 16393.000000 4431.000000 4044.000000 0.000000 0.000000 24576.000000 0.000000 0.000000 17600.000000 0.000000 0.000000 0.000000 0.000000 0.000000 0.000000 
71
0.000000 30720.000000 0.000000 0.000000 0.000000 0.000000 0.000000 0.000000 0.000000 0.000000 0.000000 18432.000000 0.000000 0.000000 11776.000000 14208.000000 0.000000 0.000000 0.000000 0.000000 0.000000 24576.000000 0.000000 0.000000 8800.000000 18944.000000 0.000000 0.000000 0.000000 0.000000 0.000000 24576.000000 0.000000 0.000000 3430.000000 0.000000 3456.000000 0.000000 0.000000 0.000000 0.000000 30720.000000 0.000000 0.000000 0.000000 0.000000 14392.000000 0.000000 5392.000000 0.000000 0.000000 24576.000000 0.000000 0.000000 13504.000000 0.000000 0.000000 0.000000 0.000000 0.000000 0.000000 
72
0.000000 36864.000000 0.000000 0.000000 0.000000 0.000000 0.000000 0.000000 0.000000 0.000000 0.000000 30720.000000 0.000000 0.000000 14560.000000 18944.000000 0.000000 0.000000 0.000000 0.000000 0.000000 24576.000000 0.000000 0.000000 11640.000000 21312.000000 3696.000000 0.000000 0.000000 0.000000 0.000000 30720.000000 0.000000 0.000000 0.000000 0.000000 3456.000000 0.000000 0.000000 0.000000 0.000000 30720.000000 0.000000 0.000000 0.000000 0.000000 935.000000 19952.000000 6740.000000 0.000000 0.000000 43008.000000 0.000000 0.000000 19630.000000 0.000000 1152.000000 0.000000 0.000000 0.000000 0.000000 
73
0.000000 36864.000000 0.000000 0.000000 9638.000000 0.000000 0.000000 0.000000 0.000000 0.000000 0.000000 30720.000000 0.000000 0.000000 14506.000000 18944.000000 0.000000 0.000000 0.000000 0.000000 0.000000 24576.000000 0.000000 0.000000 8800.000000 21312.000000 3696.000000 0.000000 0.000000 0.000000 0.000000 30720.000000 0.000000 0.000000 9638.000000 0.000000 3456.000000 0.000000 0.000000 0.000000 0.000000 30720.000000 0.000000 0.000000 0.000000 0.000000 1870.000000 15626.000000 5392.000000 0.000000 0.000000 43008.000000 0.000000 0.000000 11982.000000 0.000000 2304.000000 0.000000 0.000000 0.000000 0.000000 
74
0.000000 30720.000000 0.000000 0.000000 2744.000000 0.000000 0.000000 0.000000 0.000000 0.000000 0.000000 24576.000000 0.000000 0.000000 14492.000000 18944.000000 0.000000 0.000000 0.000000 0.000000 0.000000 18432.000000 0.000000 0.000000 0.000000 21312.000000 3696.000000 0.000000 0.000000 0.000000 0.000000 24576.000000 0.000000 0.000000 8952.000000 0.000000 3456.000000 0.000000 0.000000 0.000000 0.000000 24576.000000 0.000000 0.000000 0.000000 0.000000 1056.000000 17119.000000 5392.000000 0.000000 0.000000 36864.000000 0.000000 0.000000 12064.000000 0.000000 2304.000000 0.000000 0.000000 0.000000 0.000000 
75
0.000000 30720.000000 0.000000 0.000000 7620.000000 0.000000 0.000000 0.000000 0.000000 0.000000 0.000000 24576.000000 0.000000 0.000000 17600.000000 16576.000000 0.000000 0.000000 0.000000 0.000000 0.000000 18432.000000 0.000000 0.000000 8800.000000 18944.000000 3024.000000 0.000000 0.000000 0.000000 0.000000 24576.000000 0.000000 0.000000 2744.000000 0.000000 3456.000000 0.000000 0.000000 0.000000 0.000000 24576.000000 0.000000 0.000000 0.000000 0.000000 1728.000000 15960.000000 5392.000000 0.000000 0.000000 36864.000000 0.000000 0.000000 9856.000000 0.000000 1152.000000 0.000000 0.000000 0.000000 0.000000 
76
0.000000 36864.000000 0.000000 0.000000 0.000000 0.000000 0.000000 0.000000 0.000000 0.000000 0.000000 30720.000000 0.000000 0.000000 17600.000000 18944.000000 0.000000 0.000000 0.000000 0.000000 0.000000 30720.000000 0.000000 0.000000 8800.000000 21312.000000 0.000000 0.000000 0.000000 0.000000 0.000000 30720.000000 0.000000 0.000000 2744.000000 0.000000 4608.000000 0.000000 0.000000 0.000000 0.000000 30720.000000 0.000000 4608.000000 0.000000 0.000000 10733.000000 3063.000000 6740.000000 0.000000 0.000000 43008.000000 0.000000 0.000000 17600.000000 0.000000 2304.000000 0.000000 0.000000 0.000000 0.000000 
77
0.000000 36864.000000 0.000000 0.000000 0.000000 0.000000 0.000000 0.000000 0.000000 0.000000 0.000000 30720.000000 0.000000 0.000000 13806.000000 18944.000000 0.000000 0.000000 0.000000 0.000000 0.000000 30720.000000 0.000000 0.000000 17600.000000 21312.000000 0.000000 0.000000 0.000000 0.000000 0.000000 30720.000000 0.000000 0.000000 7580.000000 0.000000 3456.000000 0.000000 0.000000 0.000000 0.000000 30720.000000 0.000000 4608.000000 0.000000 0.000000 10673.000000 1408.000000 6740.000000 0.000000 0.000000 43008.000000 0.000000 0.000000 13806.000000 0.000000 1152.000000 0.000000 0.000000 0.000000 0.000000 
78
0.000000 30720.000000 0.000000 0.000000 0.000000 0.000000 0.000000 0.000000 0.000000 0.000000 0.000000 24576.000000 0.000000 0.000000 13806.000000 18944.000000 0.000000 0.000000 0.000000 0.000000 0.000000 24576.000000 0.000000 0.000000 8800.000000 21312.000000 0.000000 0.000000 0.000000 0.000000 0.000000 24576.000000 0.000000 0.000000 7580.000000 0.000000 3456.000000 0.000000 0.000000 0.000000 0.000000 24576.000000 0.000000 4608.000000 0.000000 0.000000 16489.000000 0.000000 5392.000000 0.000000 0.000000 36864.000000 0.000000 0.000000 13806.000000 0.000000 1152.000000 0.000000 0.000000 0.000000 0.000000 
79
0.000000 30720.000000 0.000000 0.000000 0.000000 0.000000 0.000000 0.000000 0.000000 0.000000 0.000000 24576.000000 0.000000 0.000000 13792.000000 16576.000000 0.000000 0.000000 0.000000 0.000000 0.000000 24576.000000 0.000000 0.000000 8800.000000 18944.000000 0.000000 0.000000 0.000000 0.000000 0.000000 24576.000000 0.000000 0.000000 2744.000000 0.000000 3456.000000 0.000000 0.000000 0.000000 0.000000 24576.000000 0.000000 4608.000000 0.000000 0.000000 13553.000000 1408.000000 5392.000000 0.000000 0.000000 36864.000000 0.000000 0.000000 13792.000000 0.000000 1152.000000 0.000000 0.000000 0.000000 0.000000 
80
0.000000 36864.000000 0.000000 0.000000 0.000000 0.000000 0.000000 0.000000 0.000000 0.000000 0.000000 18432.000000 0.000000 0.000000 11982.000000 18944.000000 0.000000 0.000000 0.000000 0.000000 0.000000 36864.000000 0.000000 0.000000 17600.000000 21312.000000 3936.000000 0.000000 0.000000 0.000000 0.000000 43008.000000 0.000000 0.000000 3430.000000 0.000000 4608.000000 0.000000 0.000000 0.000000 0.000000 30720.000000 0.000000 0.000000 0.000000 0.000000 0.000000 10154.000000 5392.000000 0.000000 12290.000000 30720.000000 0.000000 0.000000 13408.000000 0.000000 2304.000000 0.000000 0.000000 0.000000 0.000000 
81
0.000000 36864.000000 0.000000 0.000000 5284.000000 0.000000 0.000000 0.000000 0.000000 0.000000 0.000000 18432.000000 0.000000 0.000000 11982.000000 18944.000000 0.000000 0.000000 0.000000 0.000000 0.000000 36864.000000 0.000000 0.000000 8800.000000 21312.000000 3936.000000 0.000000 0.000000 0.000000 0.000000 43008.000000 0.000000 0.000000 0.000000 0.000000 3456.000000 0.000000 0.000000 0.000000 0.000000 30720.000000 0.000000 0.000000 0.000000 0.000000 960.000000 9487.000000 5392.000000 0.000000 6145.000000 30720.000000 0.000000 0.000000 13312.000000 0.000000 1152.000000 0.000000 0.000000 0.000000 0.000000 
82
0.000000 30720.000000 0.000000 0.000000 0.000000 0.000000 0.000000 0.000000 0.000000 0.000000 0.000000 12288.000000 0.000000 0.000000 9856.000000 18944.000000 0.000000 0.000000 0.000000 0.000000 0.000000 30720.000000 0.000000 0.000000 8800.000000 21312.000000 3936.000000 0.000000 0.000000 0.000000 0.000000 36864.000000 0.000000 0.000000 0.000000 0.000000 3456.000000 0.000000 0.000000 0.000000 0.000000 24576.000000 0.000000 0.000000 0.000000 0.000000 960.000000 9240.000000 4044.000000 0.000000 6145.000000 24576.000000 0.000000 0.000000 17600.000000 0.000000 1152.000000 0.000000 0.000000 0.000000 0.000000 
83
0.000000 30720.000000 0.000000 0.000000 3912.000000 0.000000 0.000000 0.000000 0.000000 0.000000 0.000000 12288.000000 0.000000 0.000000 19616.000000 16576.000000 0.000000 0.000000 0.000000 0.000000 0.000000 30720.000000 0.000000 0.000000 8800.000000 18944.000000 3936.000000 0.000000 0.000000 0.000000 0.000000 36864.000000 0.000000 0.000000 3430.000000 0.000000 3456.000000 0.000000 0.000000 0.000000 0.000000 24576.000000 0.000000 0.000000 0.000000 0.000000 0.000000 10144.000000 4044.000000 0.000000 6837.000000 24576.000000 0.000000 0.000000 13312.000000 0.000000 1152.000000 0.000000 0.000000 0.000000 0.000000 
84
0.000000 36864.000000 0.000000 0.000000 8160.000000 0.000000 0.000000 0.000000 0.000000 0.000000 0.000000 30720.000000 0.000000 0.000000 17600.000000 18944.000000 0.000000 0.000000 0.000000 0.000000 0.000000 24576.000000 0.000000 0.000000 11640.000000 21312.000000 0.000000 0.000000 0.000000 0.000000 0.000000 30720.000000 0.000000 0.000000 2744.000000 0.000000 4608.000000 0.000000 0.000000 0.000000 0.000000 36864.000000 0.000000 0.000000 0.000000 0.000000 10733.000000 16128.000000 6740.000000 0.000000 0.000000 30720.000000 0.000000 0.000000 11290.000000 0.000000 1152.000000 0.000000 0.000000 0.000000 0.000000 
85
0.000000 36864.000000 0.000000 0.000000 9638.000000 0.000000 0.000000 0.000000 0.000000 0.000000 0.000000 30720.000000 0.000000 0.000000 15178.000000 18944.000000 0.000000 0.000000 0.000000 0.000000 0.000000 24576.000000 0.000000 0.000000 17600.000000 21312.000000 0.000000 0.000000 0.000000 0.000000 0.000000 30720.000000 0.000000 0.000000 0.000000 0.000000 3456.000000 0.000000 0.000000 0.000000 0.000000 36864.000000 0.000000 0.000000 0.000000 0.000000 14148.000000 13443.000000 6740.000000 0.000000 0.000000 30720.000000 0.000000 0.000000 15630.000000 0.000000 0.000000 0.000000 0.000000 0.000000 0.000000 
86
0.000000 30720.000000 0.000000 0.000000 7448.000000 0.000000 0.000000 0.000000 0.000000 0.000000 0.000000 24576.000000 0.000000 0.000000 15178.000000 18944.000000 0.000000 0.000000 0.000000 0.000000 0.000000 18432.000000 0.000000 0.000000 8800.000000 21312.000000 0.000000 0.000000 0.000000 0.000000 0.000000 24576.000000 0.000000 0.000000 0.000000 0.000000 3456.000000 0.000000 0.000000 0.000000 0.000000 30720.000000 0.000000 0.000000 0.000000 0.000000 19029.000000 12864.000000 5392.000000 0.000000 0.000000 24576.000000 0.000000 0.000000 18286.000000 0.000000 0.000000 0.000000 0.000000 0.000000 0.000000 
87
0.000000 30720.000000 0.000000 0.000000 7620.000000 0.000000 0.000000 0.000000 0.000000 0.000000 0.000000 24576.000000 0.000000 0.000000 15164.000000 16576.000000 0.000000 0.000000 0.000000 0.000000 0.000000 18432.000000 0.000000 0.000000 8800.000000 18944.000000 0.000000 0.000000 0.000000 0.000000 0.000000 24576.000000 0.000000 0.000000 2058.000000 0.000000 3456.000000 0.000000 0.000000 0.000000 0.000000 30720.000000 0.000000 0.000000 0.000000 0.000000 13791.000000 15450.000000 5392.000000 0.000000 0.000000 24576.000000 0.000000 0.000000 18286.000000 0.000000 0.000000 0.000000 0.000000 0.000000 0.000000 
88
0.000000 36864.000000 0.000000 0.000000 686.000000 0.000000 1152.000000 0.000000 0.000000 0.000000 0.000000 30720.000000 0.000000 0.000000 17600.000000 18944.000000 0.000000 0.000000 0.000000 0.000000 0.000000 24576.000000 0.000000 0.000000 8800.000000 21312.000000 0.000000 0.000000 0.000000 0.000000 0.000000 36864.000000 0.000000 0.000000 0.000000 0.000000 4608.000000 0.000000 0.000000 0.000000 0.000000 30720.000000 0.000000 0.000000 0.000000 0.000000 0.000000 3449.000000 6740.000000 0.000000 6145.000000 43008.000000 0.000000 0.000000 17600.000000 0.000000 2304.000000 0.000000 0.000000 0.000000 0.000000 
89
0.000000 36864.000000 0.000000 0.000000 2540.000000 0.000000 0.000000 0.000000 0.000000 0.000000 0.000000 30720.000000 0.000000 0.000000 13326.000000 18944.000000 0.000000 0.000000 0.000000 0.000000 0.000000 24576.000000 0.000000 0.000000 17600.000000 21312.000000 0.000000 0.000000 0.000000 0.000000 0.000000 36864.000000 0.000000 0.000000 8952.000000 0.000000 3456.000000 0.000000 0.000000 0.000000 0.000000 30720.000000 0.000000 0.000000 0.000000 0.000000 576.000000 5632.000000 5392.000000 0.000000 6145.000000 43008.000000 0.000000 0.000000 14698.000000 0.000000 1872.000000 0.000000 0.000000 0.000000 0.000000 
90
0.000000 30720.000000 0.000000 0.000000 0.000000 0.000000 0.000000 0.000000 0.000000 0.000000 0.000000 24576.000000 0.000000 0.000000 13326.000000 18944.000000 0.000000 0.000000 0.000000 0.000000 0.000000 18432.000000 0.000000 0.000000 8800.000000 21312.000000 0.000000 0.000000 0.000000 0.000000 0.000000 30720.000000 0.000000 0.000000 8266.000000 0.000000 3456.000000 0.000000 0.000000 0.000000 0.000000 24576.000000 0.000000 0.000000 0.000000 0.000000 0.000000 6126.000000 5392.000000 0.000000 6837.000000 36864.000000 0.000000 0.000000 14698.000000 0.000000 1872.000000 0.000000 0.000000 0.000000 0.000000 
91
0.000000 30720.000000 0.000000 0.000000 0.000000 0.000000 0.000000 0.000000 0.000000 0.000000 0.000000 24576.000000 0.000000 0.000000 13312.000000 16576.000000 0.000000 0.000000 0.000000 0.000000 0.000000 18432.000000 0.000000 0.000000 8800.000000 18944.000000 0.000000 0.000000 0.000000 0.000000 0.000000 30720.000000 0.000000 0.000000 5488.000000 0.000000 3456.000000 0.000000 0.000000 0.000000 0.000000 24576.000000 0.000000 0.000000 0.000000 0.000000 864.000000 5985.000000 5392.000000 0.000000 6145.000000 36864.000000 0.000000 0.000000 14684.000000 0.000000 1632.000000 0.000000 0.000000 0.000000 0.000000 
92
0.000000 36864.000000 0.000000 0.000000 0.000000 0.000000 1152.000000 0.000000 0.000000 0.000000 0.000000 30720.000000 0.000000 0.000000 9280.000000 18944.000000 0.000000 0.000000 0.000000 0.000000 0.000000 30720.000000 0.000000 0.000000 0.000000 21312.000000 0.000000 0.000000 0.000000 0.000000 0.000000 36864.000000 0.000000 0.000000 8074.000000 0.000000 2304.000000 0.000000 0.000000 0.000000 0.000000 36864.000000 0.000000 4608.000000 0.000000 0.000000 0.000000 2640.000000 6740.000000 0.000000 0.000000 30720.000000 0.000000 0.000000 8422.000000 0.000000 0.000000 0.000000 0.000000 0.000000 0.000000 
93
0.000000 36864.000000 0.000000 0.000000 0.000000 0.000000 0.000000 0.000000 0.000000 0.000000 0.000000 30720.000000 0.000000 0.000000 17298.000000 18944.000000 0.000000 0.000000 0.000000 0.000000 0.000000 30720.000000 0.000000 0.000000 11440.000000 21312.000000 0.000000 0.000000 0.000000 0.000000 0.000000 36864.000000 0.000000 0.000000 8024.000000 0.000000 2304.000000 0.000000 0.000000 0.000000 0.000000 36864.000000 0.000000 4608.000000 0.000000 0.000000 672.000000 5168.000000 5392.000000 0.000000 0.000000 30720.000000 0.000000 0.000000 7160.000000 0.000000 0.000000 0.000000 0.000000 0.000000 0.000000 
94
0.000000 30720.000000 0.000000 0.000000 8510.000000 0.000000 0.000000 0.000000 0.000000 0.000000 0.000000 24576.000000 0.000000 0.000000 8524.000000 18944.000000 0.000000 0.000000 0.000000 0.000000 0.000000 24576.000000 0.000000 0.000000 8800.000000 21312.000000 0.000000 0.000000 0.000000 0.000000 0.000000 30720.000000 0.000000 0.000000 8294.000000 0.000000 2304.000000 0.000000 0.000000 0.000000 0.000000 30720.000000 0.000000 4608.000000 0.000000 0.000000 0.000000 4640.000000 5392.000000 0.000000 0.000000 24576.000000 0.000000 0.000000 13566.000000 0.000000 0.000000 0.000000 0.000000 0.000000 0.000000 
95
0.000000 30720.000000 0.000000 0.000000 7824.000000 0.000000 0.000000 0.000000 0.000000 0.000000 0.000000 24576.000000 0.000000 0.000000 8394.000000 18944.000000 0.000000 0.000000 0.000000 0.000000 0.000000 24576.000000 0.000000 0.000000 0.000000 21312.000000 0.000000 0.000000 0.000000 0.000000 0.000000 30720.000000 0.000000 0.000000 6864.000000 0.000000 2304.000000 0.000000 0.000000 0.000000 0.000000 30720.000000 0.000000 4608.000000 0.000000 0.000000 1152.000000 1584.000000 5392.000000 0.000000 0.000000 24576.000000 0.000000 0.000000 13580.000000 0.000000 0.000000 0.000000 0.000000 0.000000 0.000000 
96
0.000000 36864.000000 0.000000 0.000000 0.000000 0.000000 0.000000 0.000000 0.000000 0.000000 0.000000 30720.000000 0.000000 0.000000 14218.000000 16576.000000 0.000000 0.000000 0.000000 0.000000 0.000000 24576.000000 0.000000 0.000000 8800.000000 21312.000000 0.000000 0.000000 0.000000 0.000000 0.000000 43008.000000 0.000000 0.000000 0.000000 0.000000 3456.000000 0.000000 0.000000 0.000000 0.000000 30720.000000 0.000000 0.000000 0.000000 0.000000 12674.000000 5903.000000 5392.000000 0.000000 6145.000000 30720.000000 0.000000 0.000000 10906.000000 0.000000 1152.000000 0.000000 0.000000 0.000000 0.000000 
97
0.000000 36864.000000 0.000000 0.000000 3430.000000 0.000000 0.000000 0.000000 0.000000 0.000000 0.000000 30720.000000 0.000000 0.000000 17600.000000 16576.000000 0.000000 0.000000 0.000000 0.000000 0.000000 24576.000000 0.000000 0.000000 17600.000000 21312.000000 0.000000 0.000000 0.000000 0.000000 0.000000 43008.000000 0.000000 0.000000 8952.000000 0.000000 3456.000000 0.000000 0.000000 0.000000 0.000000 30720.000000 0.000000 0.000000 0.000000 0.000000 8515.000000 6783.000000 4044.000000 0.000000 6145.000000 30720.000000 0.000000 0.000000 14958.000000 0.000000 1152.000000 0.000000 0.000000 0.000000 0.000000 
98
0.000000 30720.000000 0.000000 0.000000 15200.000000 0.000000 0.000000 0.000000 0.000000 0.000000 0.000000 24576.000000 0.000000 0.000000 14218.000000 16576.000000 0.000000 0.000000 0.000000 0.000000 0.000000 18432.000000 0.000000 0.000000 8800.000000 21312.000000 0.000000 0.000000 0.000000 0.000000 0.000000 36864.000000 0.000000 0.000000 2540.000000 0.000000 3456.000000 0.000000 0.000000 0.000000 0.000000 24576.000000 0.000000 0.000000 0.000000 0.000000 12689.000000 3557.000000 4044.000000 0.000000 6837.000000 24576.000000 0.000000 0.000000 18286.000000 0.000000 1152.000000 0.000000 0.000000 0.000000 0.000000 
99
0.000000 30720.000000 0.000000 0.000000 15200.000000 0.000000 0.000000 0.000000 0.000000 0.000000 0.000000 24576.000000 0.000000 0.000000 14272.000000 16576.000000 0.000000 0.000000 0.000000 0.000000 0.000000 18432.000000 0.000000 0.000000 8800.000000 21312.000000 0.000000 0.000000 0.000000 0.000000 0.000000 36864.000000 0.000000 0.000000 3430.000000 0.000000 3456.000000 0.000000 0.000000 0.000000 0.000000 24576.000000 0.000000 0.000000 0.000000 0.000000 15621.000000 2816.000000 4044.000000 0.000000 6145.000000 24576.000000 0.000000 0.000000 18286.000000 0.000000 1152.000000 0.000000 0.000000 0.000000 0.000000 
100
0.000000 36864.000000 0.000000 0.000000 0.000000 0.000000 0.000000 0.000000 0.000000 0.000000 0.000000 24576.000000 0.000000 0.000000 16346.000000 18944.000000 0.000000 0.000000 0.000000 0.000000 0.000000 24576.000000 0.000000 0.000000 17600.000000 23680.000000 3696.000000 0.000000 0.000000 0.000000 0.000000 30720.000000 0.000000 0.000000 0.000000 0.000000 2884.000000 0.000000 0.000000 0.000000 0.000000 38400.000000 4616.000000 0.000000 0.000000 0.000000 13008.000000 0.000000 6740.000000 3264.000000 0.000000 36864.000000 0.000000 0.000000 16346.000000 0.000000 2304.000000 0.000000 0.000000 0.000000 0.000000 
101
0.000000 36864.000000 0.000000 0.000000 1372.000000 0.000000 0.000000 0.000000 0.000000 0.000000 0.000000 24576.000000 0.000000 0.000000 17600.000000 18944.000000 0.000000 0.000000 0.000000 0.000000 0.000000 24576.000000 0.000000 0.000000 8800.000000 23680.000000 3696.000000 0.000000 0.000000 0.000000 0.000000 30720.000000 0.000000 0.000000 0.000000 0.000000 2304.000000 0.000000 0.000000 0.000000 0.000000 44544.000000 4368.000000 0.000000 0.000000 0.000000 10385.000000 0.000000 5392.000000 0.000000 0.000000 36864.000000 0.000000 0.000000 17600.000000 0.000000 2304.000000 0.000000 0.000000 0.000000 0.000000 
102
0.000000 30720.000000 0.000000 0.000000 7620.000000 0.000000 0.000000 0.000000 0.000000 0.000000 0.000000 18432.000000 0.000000 0.000000 8800.000000 18944.000000 0.000000 0.000000 0.000000 0.000000 0.000000 18432.000000 0.000000 0.000000 8800.000000 23680.000000 3696.000000 0.000000 0.000000 0.000000 0.000000 24576.000000 0.000000 0.000000 0.000000 0.000000 2304.000000 0.000000 0.000000 0.000000 0.000000 44544.000000 4330.000000 0.000000 0.000000 0.000000 15913.000000 0.000000 5392.000000 0.000000 0.000000 30720.000000 0.000000 0.000000 8800.000000 0.000000 2304.000000 0.000000 0.000000 0.000000 0.000000 
103
0.000000 30720.000000 0.000000 0.000000 7620.000000 0.000000 0.000000 0.000000 0.000000 0.000000 0.000000 18432.000000 0.000000 0.000000 8800.000000 18944.000000 0.000000 0.000000 0.000000 0.000000 0.000000 18432.000000 0.000000 0.000000 8800.000000 23680.000000 3024.000000 0.000000 0.000000 0.000000 0.000000 24576.000000 0.000000 0.000000 0.000000 0.000000 2304.000000 0.000000 0.000000 0.000000 0.000000 44544.000000 4545.000000 0.000000 0.000000 0.000000 15953.000000 0.000000 5392.000000 0.000000 0.000000 30720.000000 0.000000 0.000000 8800.000000 0.000000 2304.000000 0.000000 0.000000 0.000000 0.000000 
104
0.000000 36864.000000 0.000000 0.000000 0.000000 0.000000 0.000000 0.000000 0.000000 0.000000 0.000000 30720.000000 0.000000 0.000000 19630.000000 18944.000000 0.000000 0.000000 0.000000 0.000000 0.000000 30720.000000 0.000000 0.000000 8800.000000 21312.000000 0.000000 0.000000 0.000000 0.000000 0.000000 36864.000000 0.000000 0.000000 2058.000000 0.000000 3456.000000 0.000000 0.000000 0.000000 0.000000 30720.000000 0.000000 0.000000 0.000000 0.000000 13897.000000 2816.000000 6740.000000 0.000000 0.000000 36864.000000 0.000000 0.000000 13806.000000 0.000000 2304.000000 0.000000 0.000000 0.000000 0.000000 
105
0.000000 36864.000000 0.000000 0.000000 0.000000 0.000000 1152.000000 0.000000 0.000000 0.000000 0.000000 30720.000000 0.000000 0.000000 11982.000000 18944.000000 0.000000 0.000000 0.000000 0.000000 0.000000 30720.000000 0.000000 0.000000 17600.000000 21312.000000 0.000000 0.000000 0.000000 0.000000 0.000000 36864.000000 0.000000 0.000000 7580.000000 0.000000 3456.000000 0.000000 0.000000 0.000000 0.000000 30720.000000 0.000000 0.000000 0.000000 0.000000 9450.000000 2816.000000 5392.000000 0.000000 0.000000 36864.000000 0.000000 0.000000 13806.000000 0.000000 1872.000000 0.000000 0.000000 0.000000 0.000000 
106
0.000000 30720.000000 0.000000 0.000000 8510.000000 0.000000 0.000000 0.000000 0.000000 0.000000 0.000000 24576.000000 0.000000 0.000000 12064.000000 18944.000000 0.000000 0.000000 0.000000 0.000000 0.000000 24576.000000 0.000000 0.000000 8800.000000 21312.000000 0.000000 0.000000 0.000000 0.000000 0.000000 30720.000000 0.000000 0.000000 5080.000000 0.000000 2304.000000 0.000000 0.000000 0.000000 0.000000 24576.000000 0.000000 0.000000 0.000000 0.000000 18409.000000 2816.000000 5392.000000 0.000000 0.000000 30720.000000 0.000000 0.000000 17600.000000 0.000000 1872.000000 0.000000 0.000000 0.000000 0.000000 
107
0.000000 30720.000000 0.000000 0.000000 7824.000000 0.000000 0.000000 0.000000 0.000000 0.000000 0.000000 24576.000000 0.000000 0.000000 9856.000000 16576.000000 0.000000 0.000000 0.000000 0.000000 0.000000 24576.000000 0.000000 0.000000 8800.000000 18944.000000 0.000000 0.000000 0.000000 0.000000 0.000000 30720.000000 0.000000 0.000000 5488.000000 0.000000 2304.000000 0.000000 0.000000 0.000000 0.000000 24576.000000 0.000000 0.000000 0.000000 0.000000 15909.000000 1408.000000 5392.000000 0.000000 0.000000 30720.000000 0.000000 0.000000 13888.000000 0.000000 1632.000000 0.000000 0.000000 0.000000 0.000000 
108
0.000000 36864.000000 0.000000 0.000000 0.000000 0.000000 0.000000 0.000000 0.000000 0.000000 0.000000 24576.000000 0.000000 0.000000 10906.000000 16576.000000 0.000000 0.000000 0.000000 0.000000 0.000000 30720.000000 0.000000 0.000000 8800.000000 21312.000000 0.000000 0.000000 0.000000 0.000000 0.000000 36864.000000 0.000000 0.000000 1372.000000 0.000000 1732.000000 0.000000 0.000000 0.000000 0.000000 30720.000000 0.000000 4608.000000 0.000000 0.000000 935.000000 10365.000000 6740.000000 0.000000 6145.000000 36864.000000 0.000000 0.000000 13120.000000 0.000000 0.000000 0.000000 0.000000 0.000000 0.000000 
109
0.000000 36864.000000 0.000000 0.000000 3430.000000 0.000000 0.000000 0.000000 0.000000 0.000000 0.000000 24576.000000 0.000000 0.000000 14958.000000 16576.000000 0.000000 0.000000 0.000000 0.000000 0.000000 30720.000000 0.000000 0.000000 8800.000000 21312.000000 0.000000 0.000000 0.000000 0.000000 0.000000 36864.000000 0.000000 0.000000 0.000000 0.000000 2304.000000 0.000000 0.000000 0.000000 0.000000 30720.000000 0.000000 4608.000000 0.000000 0.000000 672.000000 6946.000000 5392.000000 0.000000 6145.000000 36864.000000 0.000000 0.000000 13038.000000 0.000000 0.000000 0.000000 0.000000 0.000000 0.000000 
110
0.000000 30720.000000 0.000000 0.000000 7620.000000 0.000000 0.000000 0.000000 0.000000 0.000000 0.000000 18432.000000 0.000000 0.000000 18286.000000 16576.000000 0.000000 0.000000 0.000000 0.000000 0.000000 24576.000000 0.000000 0.000000 0.000000 21312.000000 0.000000 0.000000 0.000000 0.000000 0.000000 30720.000000 0.000000 0.000000 0.000000 0.000000 3456.000000 0.000000 0.000000 0.000000 0.000000 24576.000000 0.000000 4608.000000 0.000000 0.000000 1536.000000 9786.000000 5392.000000 0.000000 6837.000000 30720.000000 0.000000 0.000000 17600.000000 0.000000 0.000000 0.000000 0.000000 0.000000 0.000000 
111
0.000000 30720.000000 0.000000 0.000000 7620.000000 0.000000 0.000000 0.000000 0.000000 0.000000 0.000000 18432.000000 0.000000 0.000000 18286.000000 14208.000000 0.000000 0.000000 0.000000 0.000000 0.000000 24576.000000 0.000000 0.000000 8800.000000 18944.000000 0.000000 0.000000 0.000000 0.000000 0.000000 30720.000000 0.000000 0.000000 686.000000 0.000000 2304.000000 0.000000 0.000000 0.000000 0.000000 24576.000000 0.000000 4608.000000 0.000000 0.000000 935.000000 6786.000000 5392.000000 0.000000 6145.000000 30720.000000 0.000000 0.000000 13120.000000 0.000000 0.000000 0.000000 0.000000 0.000000 0.000000 
112
0.000000 43008.000000 0.000000 0.000000 0.000000 0.000000 0.000000 0.000000 0.000000 0.000000 0.000000 24576.000000 0.000000 0.000000 13326.000000 16576.000000 0.000000 0.000000 0.000000 0.000000 0.000000 30720.000000 0.000000 0.000000 8800.000000 21312.000000 3696.000000 0.000000 0.000000 0.000000 0.000000 30720.000000 0.000000 0.000000 1372.000000 0.000000 2304.000000 0.000000 0.000000 0.000000 0.000000 30720.000000 0.000000 0.000000 0.000000 0.000000 9869.000000 1408.000000 5392.000000 0.000000 0.000000 36864.000000 0.000000 0.000000 13326.000000 0.000000 0.000000 0.000000 0.000000 0.000000 0.000000 
113
0.000000 43008.000000 0.000000 0.000000 0.000000 0.000000 0.000000 0.000000 0.000000 0.000000 0.000000 24576.000000 0.000000 0.000000 13326.000000 16576.000000 0.000000 0.000000 0.000000 0.000000 0.000000 30720.000000 0.000000 0.000000 17600.000000 21312.000000 3696.000000 0.000000 0.000000 0.000000 0.000000 30720.000000 0.000000 0.000000 0.000000 0.000000 2304.000000 0.000000 0.000000 0.000000 0.000000 30720.000000 0.000000 0.000000 0.000000 0.000000 13190.000000 1408.000000 4044.000000 0.000000 0.000000 36864.000000 0.000000 0.000000 13326.000000 0.000000 0.000000 0.000000 0.000000 0.000000 0.000000 
114
0.000000 36864.000000 0.000000 0.000000 8510.000000 0.000000 0.000000 0.000000 0.000000 0.000000 0.000000 18432.000000 0.000000 0.000000 17600.000000 16576.000000 0.000000 0.000000 0.000000 0.000000 0.000000 24576.000000 0.000000 0.000000 8800.000000 21312.000000 3696.000000 0.000000 0.000000 0.000000 0.000000 24576.000000 0.000000 0.000000 2540.000000 0.000000 2884.000000 0.000000 0.000000 0.000000 0.000000 24576.000000 0.000000 0.000000 0.000000 0.000000 4174.000000 2816.000000 4044.000000 0.000000 0.000000 30720.000000 0.000000 0.000000 17600.000000 0.000000 0.000000 0.000000 0.000000 0.000000 0.000000 
115
0.000000 36864.000000 0.000000 0.000000 7824.000000 0.000000 0.000000 0.000000 0.000000 0.000000 0.000000 18432.000000 0.000000 0.000000 13312.000000 14208.000000 0.000000 0.000000 0.000000 0.000000 0.000000 24576.000000 0.000000 0.000000 8800.000000 18944.000000 3504.000000 0.000000 0.000000 0.000000 0.000000 24576.000000 0.000000 0.000000 686.000000 0.000000 2884.000000 0.000000 0.000000 0.000000 0.000000 24576.000000 0.000000 0.000000 0.000000 0.000000 15621.000000 0.000000 4044.000000 0.000000 0.000000 30720.000000 0.000000 0.000000 13312.000000 0.000000 0.000000 0.000000 0.000000 0.000000 0.000000 
116
0.000000 43008.000000 0.000000 0.000000 3912.000000 0.000000 0.000000 0.000000 0.000000 0.000000 0.000000 30720.000000 0.000000 0.000000 19438.000000 16576.000000 0.000000 0.000000 0.000000 0.000000 0.000000 30720.000000 0.000000 0.000000 17600.000000 21312.000000 3696.000000 0.000000 0.000000 0.000000 0.000000 36864.000000 0.000000 0.000000 686.000000 0.000000 2304.000000 0.000000 0.000000 0.000000 0.000000 30720.000000 0.000000 0.000000 0.000000 0.000000 0.000000 4417.000000 5392.000000 0.000000 6145.000000 30720.000000 0.000000 0.000000 13326.000000 0.000000 1632.000000 0.000000 0.000000 0.000000 0.000000 
117
0.000000 43008.000000 0.000000 0.000000 1372.000000 0.000000 0.000000 0.000000 0.000000 0.000000 0.000000 30720.000000 0.000000 0.000000 9760.000000 16576.000000 0.000000 0.000000 0.000000 0.000000 0.000000 30720.000000 0.000000 0.000000 8800.000000 21312.000000 3696.000000 0.000000 0.000000 0.000000 0.000000 36864.000000 0.000000 0.000000 8952.000000 0.000000 2304.000000 0.000000 0.000000 0.000000 0.000000 30720.000000 0.000000 0.000000 0.000000 0.000000 480.000000 6560.000000 4044.000000 0.000000 6145.000000 30720.000000 0.000000 0.000000 13326.000000 0.000000 1632.000000 0.000000 0.000000 0.000000 0.000000 
118
0.000000 36864.000000 0.000000 0.000000 686.000000 0.000000 0.000000 0.000000 0.000000 0.000000 0.000000 24576.000000 0.000000 0.000000 9760.000000 16576.000000 0.000000 0.000000 0.000000 0.000000 0.000000 24576.000000 0.000000 0.000000 8800.000000 21312.000000 3696.000000 0.000000 0.000000 0.000000 0.000000 30720.000000 0.000000 0.000000 5080.000000 0.000000 2304.000000 0.000000 0.000000 0.000000 0.000000 24576.000000 0.000000 0.000000 0.000000 0.000000 0.000000 7450.000000 4044.000000 0.000000 6837.000000 24576.000000 0.000000 0.000000 17600.000000 0.000000 1632.000000 0.000000 0.000000 0.000000 0.000000 
119
0.000000 36864.000000 0.000000 0.000000 3226.000000 0.000000 0.000000 0.000000 0.000000 0.000000 0.000000 24576.000000 0.000000 0.000000 9760.000000 14208.000000 0.000000 0.000000 0.000000 0.000000 0.000000 24576.000000 0.000000 0.000000 8800.000000 18944.000000 3024.000000 0.000000 0.000000 0.000000 0.000000 30720.000000 0.000000 0.000000 6174.000000 0.000000 2304.000000 0.000000 0.000000 0.000000 0.000000 24576.000000 0.000000 0.000000 0.000000 0.000000 672.000000 6560.000000 4044.000000 0.000000 6145.000000 24576.000000 0.000000 0.000000 13312.000000 0.000000 1632.000000 0.000000 0.000000 0.000000 0.000000 
