0
0.000000 0.000000 24874.000000 138240.000000 73344.000000 7200.000000 4256.000000 23739.000000 0.000000 0.000000 0.000000 0.000000 27690.000000 138240.000000 61312.000000 6688.000000 2668.000000 23687.000000 0.000000 0.000000 0.000000 0.000000 27690.000000 138240.000000 61312.000000 6688.000000 2616.000000 23739.000000 0.000000 0.000000 0.000000 0.000000 0.000000 141738.000000 84992.000000 7072.000000 2744.000000 23739.000000 0.000000 0.000000 0.000000 2048.000000 6272.000000 39552.000000 103722.000000 96768.000000 66432.000000 1728.000000 19494.000000 3008.000000 24051.000000 0.000000 27690.000000 138240.000000 60800.000000 7072.000000 2744.000000 0.000000 0.000000 0.000000 0.000000 
1
0.000000 0.000000 24874.000000 138240.000000 73344.000000 7200.000000 4256.000000 23739.000000 0.000000 0.000000 0.000000 0.000000 27690.000000 138240.000000 61312.000000 6688.000000 2668.000000 23687.000000 0.000000 0.000000 0.000000 0.000000 27690.000000 138240.000000 61312.000000 6688.000000 2616.000000 23739.000000 0.000000 0.000000 0.000000 0.000000 0.000000 141738.000000 84992.000000 7072.000000 2744.000000 23739.000000 0.000000 0.000000 0.000000 2048.000000 6272.000000 39552.000000 103722.000000 96768.000000 66432.000000 1728.000000 19494.000000 3008.000000 24051.000000 0.000000 27690.000000 138240.000000 60800.000000 7072.000000 2744.000000 0.000000 0.000000 0.000000 0.000000 
2
0.000000 0.000000 24874.000000 138240.000000 73344.000000 7200.000000 4256.000000 23739.000000 0.000000 0.000000 0.000000 0.000000 27690.000000 138240.000000 61312.000000 6688.000000 2668.000000 23687.000000 0.000000 0.000000 0.000000 0.000000 27690.000000 138240.000000 61312.000000 6688.000000 2616.000000 23739.000000 0.000000 0.000000 0.000000 0.000000 0.000000 141738.000000 84992.000000 7072.000000 2744.000000 23739.000000 0.000000 0.000000 0.000000 2048.000000 6272.000000 39552.000000 103722.000000 96768.000000 66432.000000 1728.000000 19494.000000 3008.000000 24051.000000 0.000000 27690.000000 138240.000000 60800.000000 7072.000000 2744.000000 0.000000 0.000000 0.000000 0.000000 
3
0.000000 0.000000 24874.000000 138240.000000 73344.000000 7200.000000 4256.000000 23739.000000 0.000000 0.000000 0.000000 0.000000 27690.000000 138240.000000 61312.000000 6688.000000 2668.000000 23687.000000 0.000000 0.000000 0.000000 0.000000 27690.000000 138240.000000 61312.000000 6688.000000 2616.000000 23739.000000 0.000000 0.000000 0.000000 0.000000 0.000000 141738.000000 84992.000000 7072.000000 2744.000000 23739.000000 0.000000 0.000000 0.000000 2048.000000 6272.000000 39552.000000 103722.000000 96768.000000 66432.000000 1728.000000 19494.000000 3008.000000 24051.000000 0.000000 27690.000000 138240.000000 60800.000000 7072.000000 2744.000000 0.000000 0.000000 0.000000 0.000000 
4
0.000000 41984.000000 26155.000000 138240.000000 85660.000000 13969.000000 6500.000000 23739.000000 0.000000 0.000000 0.000000 41984.000000 35883.000000 138240.000000 70316.000000 9856.000000 4860.000000 23739.000000 0.000000 0.000000 0.000000 41984.000000 49707.000000 138240.000000 54556.000000 11792.000000 4860.000000 23739.000000 0.000000 0.000000 0.000000 41984.000000 8193.000000 148650.000000 85276.000000 12048.000000 4988.000000 23739.000000 0.000000 0.000000 0.000000 56608.000000 26337.000000 31104.000000 96810.000000 96768.000000 73104.000000 14236.000000 21318.000000 4096.000000 20919.000000 48128.000000 49707.000000 138240.000000 56492.000000 9728.000000 4988.000000 0.000000 0.000000 0.000000 0.000000 
5
0.000000 41984.000000 26155.000000 138240.000000 85660.000000 13969.000000 6500.000000 23739.000000 0.000000 0.000000 0.000000 41984.000000 35883.000000 138240.000000 70316.000000 9856.000000 4860.000000 23739.000000 0.000000 0.000000 0.000000 41984.000000 49707.000000 138240.000000 54556.000000 11792.000000 4860.000000 23739.000000 0.000000 0.000000 0.000000 41984.000000 8193.000000 148650.000000 85276.000000 12048.000000 4988.000000 23739.000000 0.000000 0.000000 0.000000 56608.000000 26337.000000 31104.000000 96810.000000 96768.000000 73104.000000 14236.000000 21318.000000 4096.000000 20919.000000 48128.000000 49707.000000 138240.000000 56492.000000 9728.000000 4988.000000 0.000000 0.000000 0.000000 0.000000 
6
0.000000 41984.000000 26155.000000 138240.000000 85660.000000 13969.000000 6500.000000 23739.000000 0.000000 0.000000 0.000000 41984.000000 35883.000000 138240.000000 70316.000000 9856.000000 4860.000000 23739.000000 0.000000 0.000000 0.000000 41984.000000 49707.000000 138240.000000 54556.000000 11792.000000 4860.000000 23739.000000 0.000000 0.000000 0.000000 41984.000000 8193.000000 148650.000000 85276.000000 12048.000000 4988.000000 23739.000000 0.000000 0.000000 0.000000 56608.000000 26337.000000 31104.000000 96810.000000 96768.000000 73104.000000 14236.000000 21318.000000 4096.000000 20919.000000 48128.000000 49707.000000 138240.000000 56492.000000 9728.000000 4988.000000 0.000000 0.000000 0.000000 0.000000 
7
0.000000 41984.000000 26155.000000 138240.000000 85660.000000 13969.000000 6500.000000 23739.000000 0.000000 0.000000 0.000000 41984.000000 35883.000000 138240.000000 70316.000000 9856.000000 4860.000000 23739.000000 0.000000 0.000000 0.000000 41984.000000 49707.000000 138240.000000 54556.000000 11792.000000 4860.000000 23739.000000 0.000000 0.000000 0.000000 41984.000000 8193.000000 148650.000000 85276.000000 12048.000000 4988.000000 23739.000000 0.000000 0.000000 0.000000 56608.000000 26337.000000 31104.000000 96810.000000 96768.000000 73104.000000 14236.000000 21318.000000 4096.000000 20919.000000 48128.000000 49707.000000 138240.000000 56492.000000 9728.000000 4988.000000 0.000000 0.000000 0.000000 0.000000 
8
0.000000 41984.000000 43051.000000 138240.000000 75292.000000 13393.000000 8036.000000 25275.000000 0.000000 0.000000 0.000000 41984.000000 49323.000000 138240.000000 62892.000000 9792.000000 7932.000000 23739.000000 0.000000 0.000000 0.000000 41984.000000 49323.000000 138240.000000 60956.000000 11728.000000 7932.000000 23739.000000 0.000000 0.000000 0.000000 41984.000000 14721.000000 134826.000000 99100.000000 11472.000000 6524.000000 25275.000000 0.000000 0.000000 0.000000 56608.000000 27105.000000 37824.000000 112362.000000 96768.000000 70222.000000 8286.000000 19910.000000 3008.000000 30135.000000 41984.000000 49323.000000 138240.000000 62892.000000 9664.000000 6524.000000 1536.000000 0.000000 0.000000 0.000000 
9
0.000000 41984.000000 43051.000000 138240.000000 75292.000000 13393.000000 8036.000000 25275.000000 0.000000 0.000000 0.000000 41984.000000 49323.000000 138240.000000 62892.000000 9792.000000 7932.000000 23739.000000 0.000000 0.000000 0.000000 41984.000000 49323.000000 138240.000000 60956.000000 11728.000000 7932.000000 23739.000000 0.000000 0.000000 0.000000 41984.000000 14721.000000 134826.000000 99100.000000 11472.000000 6524.000000 25275.000000 0.000000 0.000000 0.000000 56608.000000 27105.000000 37824.000000 112362.000000 96768.000000 70222.000000 8286.000000 19910.000000 3008.000000 30135.000000 41984.000000 49323.000000 138240.000000 62892.000000 9664.000000 6524.000000 1536.000000 0.000000 0.000000 0.000000 
10
0.000000 41984.000000 43051.000000 138240.000000 75292.000000 13393.000000 8036.000000 25275.000000 0.000000 0.000000 0.000000 41984.000000 49323.000000 138240.000000 62892.000000 9792.000000 7932.000000 23739.000000 0.000000 0.000000 0.000000 41984.000000 49323.000000 138240.000000 60956.000000 11728.000000 7932.000000 23739.000000 0.000000 0.000000 0.000000 41984.000000 14721.000000 134826.000000 99100.000000 11472.000000 6524.000000 25275.000000 0.000000 0.000000 0.000000 56608.000000 27105.000000 37824.000000 112362.000000 96768.000000 70222.000000 8286.000000 19910.000000 3008.000000 30135.000000 41984.000000 49323.000000 138240.000000 62892.000000 9664.000000 6524.000000 1536.000000 0.000000 0.000000 0.000000 
11
0.000000 41984.000000 43051.000000 138240.000000 75292.000000 13393.000000 8036.000000 25275.000000 0.000000 0.000000 0.000000 41984.000000 49323.000000 138240.000000 62892.000000 9792.000000 7932.000000 23739.000000 0.000000 0.000000 0.000000 41984.000000 49323.000000 138240.000000 60956.000000 11728.000000 7932.000000 23739.000000 0.000000 0.000000 0.000000 41984.000000 14721.000000 134826.000000 99100.000000 11472.000000 6524.000000 25275.000000 0.000000 0.000000 0.000000 56608.000000 27105.000000 37824.000000 112362.000000 96768.000000 70222.000000 8286.000000 19910.000000 3008.000000 30135.000000 41984.000000 49323.000000 138240.000000 62892.000000 9664.000000 6524.000000 1536.000000 0.000000 0.000000 0.000000 
12
0.000000 41984.000000 36139.000000 138240.000000 82204.000000 15505.000000 8036.000000 6912.000000 0.000000 0.000000 0.000000 41984.000000 56235.000000 138240.000000 56492.000000 11392.000000 6396.000000 6912.000000 0.000000 0.000000 0.000000 41984.000000 42411.000000 138240.000000 68380.000000 13328.000000 6396.000000 6912.000000 0.000000 0.000000 0.000000 41984.000000 14721.000000 141738.000000 92188.000000 13584.000000 6524.000000 6912.000000 0.000000 0.000000 0.000000 62752.000000 21345.000000 42048.000000 97386.000000 93312.000000 76536.000000 15764.000000 20934.000000 4096.000000 11004.000000 42752.000000 45867.000000 138240.000000 66860.000000 11264.000000 6524.000000 0.000000 0.000000 0.000000 0.000000 
13
0.000000 41984.000000 36139.000000 138240.000000 82204.000000 15505.000000 8036.000000 6912.000000 0.000000 0.000000 0.000000 41984.000000 56235.000000 138240.000000 56492.000000 11392.000000 6396.000000 6912.000000 0.000000 0.000000 0.000000 41984.000000 42411.000000 138240.000000 68380.000000 13328.000000 6396.000000 6912.000000 0.000000 0.000000 0.000000 41984.000000 14721.000000 141738.000000 92188.000000 13584.000000 6524.000000 6912.000000 0.000000 0.000000 0.000000 62752.000000 21345.000000 42048.000000 97386.000000 93312.000000 76536.000000 15764.000000 20934.000000 4096.000000 11004.000000 42752.000000 45867.000000 138240.000000 66860.000000 11264.000000 6524.000000 0.000000 0.000000 0.000000 0.000000 
14
0.000000 41984.000000 36139.000000 138240.000000 82204.000000 15505.000000 8036.000000 6912.000000 0.000000 0.000000 0.000000 41984.000000 56235.000000 138240.000000 56492.000000 11392.000000 6396.000000 6912.000000 0.000000 0.000000 0.000000 41984.000000 42411.000000 138240.000000 68380.000000 13328.000000 6396.000000 6912.000000 0.000000 0.000000 0.000000 41984.000000 14721.000000 141738.000000 92188.000000 13584.000000 6524.000000 6912.000000 0.000000 0.000000 0.000000 62752.000000 21345.000000 42048.000000 97386.000000 93312.000000 76536.000000 15764.000000 20934.000000 4096.000000 11004.000000 42752.000000 45867.000000 138240.000000 66860.000000 11264.000000 6524.000000 0.000000 0.000000 0.000000 0.000000 
15
0.000000 41984.000000 36139.000000 138240.000000 82204.000000 15505.000000 8036.000000 6912.000000 0.000000 0.000000 0.000000 41984.000000 56235.000000 138240.000000 56492.000000 11392.000000 6396.000000 6912.000000 0.000000 0.000000 0.000000 41984.000000 42411.000000 138240.000000 68380.000000 13328.000000 6396.000000 6912.000000 0.000000 0.000000 0.000000 41984.000000 14721.000000 141738.000000 92188.000000 13584.000000 6524.000000 6912.000000 0.000000 0.000000 0.000000 62752.000000 21345.000000 42048.000000 97386.000000 93312.000000 76536.000000 15764.000000 20934.000000 4096.000000 11004.000000 42752.000000 45867.000000 138240.000000 66860.000000 11264.000000 6524.000000 0.000000 0.000000 0.000000 0.000000 
16
0.000000 41984.000000 32683.000000 138240.000000 85660.000000 17249.000000 5024.000000 28491.000000 0.000000 0.000000 0.000000 41984.000000 38955.000000 141696.000000 70316.000000 13136.000000 8168.000000 23707.000000 0.000000 0.000000 0.000000 41984.000000 38955.000000 141696.000000 68380.000000 15072.000000 6552.000000 25323.000000 0.000000 0.000000 0.000000 41984.000000 14721.000000 145194.000000 88732.000000 15328.000000 5240.000000 26763.000000 0.000000 0.000000 0.000000 56609.000000 14721.000000 38400.000000 101418.000000 93312.000000 76888.000000 13820.000000 23912.000000 4096.000000 30339.000000 41984.000000 45867.000000 138240.000000 66860.000000 13008.000000 5240.000000 3024.000000 0.000000 0.000000 0.000000 
17
0.000000 41984.000000 32683.000000 138240.000000 85660.000000 17249.000000 5024.000000 28491.000000 0.000000 0.000000 0.000000 41984.000000 38955.000000 141696.000000 70316.000000 13136.000000 8168.000000 23707.000000 0.000000 0.000000 0.000000 41984.000000 38955.000000 141696.000000 68380.000000 15072.000000 6552.000000 25323.000000 0.000000 0.000000 0.000000 41984.000000 14721.000000 145194.000000 88732.000000 15328.000000 5240.000000 26763.000000 0.000000 0.000000 0.000000 56609.000000 14721.000000 38400.000000 101418.000000 93312.000000 76888.000000 13820.000000 23912.000000 4096.000000 30339.000000 41984.000000 45867.000000 138240.000000 66860.000000 13008.000000 5240.000000 3024.000000 0.000000 0.000000 0.000000 
18
0.000000 41984.000000 32683.000000 138240.000000 85660.000000 17249.000000 5024.000000 28491.000000 0.000000 0.000000 0.000000 41984.000000 38955.000000 141696.000000 70316.000000 13136.000000 8168.000000 23707.000000 0.000000 0.000000 0.000000 41984.000000 38955.000000 141696.000000 68380.000000 15072.000000 6552.000000 25323.000000 0.000000 0.000000 0.000000 41984.000000 14721.000000 145194.000000 88732.000000 15328.000000 5240.000000 26763.000000 0.000000 0.000000 0.000000 56609.000000 14721.000000 38400.000000 101418.000000 93312.000000 76888.000000 13820.000000 23912.000000 4096.000000 30339.000000 41984.000000 45867.000000 138240.000000 66860.000000 13008.000000 5240.000000 3024.000000 0.000000 0.000000 0.000000 
19
0.000000 41984.000000 32683.000000 138240.000000 85660.000000 17249.000000 5024.000000 28491.000000 0.000000 0.000000 0.000000 41984.000000 38955.000000 141696.000000 70316.000000 13136.000000 8168.000000 23707.000000 0.000000 0.000000 0.000000 41984.000000 38955.000000 141696.000000 68380.000000 15072.000000 6552.000000 25323.000000 0.000000 0.000000 0.000000 41984.000000 14721.000000 145194.000000 88732.000000 15328.000000 5240.000000 26763.000000 0.000000 0.000000 0.000000 56609.000000 14721.000000 38400.000000 101418.000000 93312.000000 76888.000000 13820.000000 23912.000000 4096.000000 30339.000000 41984.000000 45867.000000 138240.000000 66860.000000 13008.000000 5240.000000 3024.000000 0.000000 0.000000 0.000000 
20
0.000000 41984.000000 44289.000000 138240.000000 78736.000000 16849.000000 9956.000000 26763.000000 0.000000 0.000000 0.000000 41984.000000 54017.000000 138240.000000 61456.000000 14672.000000 11340.000000 23739.000000 0.000000 0.000000 0.000000 41984.000000 57473.000000 138240.000000 56064.000000 16608.000000 9852.000000 25227.000000 0.000000 0.000000 0.000000 41984.000000 22913.000000 141696.000000 86784.000000 16864.000000 8444.000000 26763.000000 0.000000 0.000000 0.000000 56577.000000 35585.000000 41568.000000 104832.000000 93312.000000 69672.000000 10192.000000 24366.000000 4096.000000 33543.000000 41984.000000 54017.000000 138240.000000 61456.000000 14544.000000 8444.000000 3024.000000 0.000000 0.000000 0.000000 
21
0.000000 41984.000000 44289.000000 138240.000000 78736.000000 16849.000000 9956.000000 26763.000000 0.000000 0.000000 0.000000 41984.000000 54017.000000 138240.000000 61456.000000 14672.000000 11340.000000 23739.000000 0.000000 0.000000 0.000000 41984.000000 57473.000000 138240.000000 56064.000000 16608.000000 9852.000000 25227.000000 0.000000 0.000000 0.000000 41984.000000 22913.000000 141696.000000 86784.000000 16864.000000 8444.000000 26763.000000 0.000000 0.000000 0.000000 56577.000000 35585.000000 41568.000000 104832.000000 93312.000000 69672.000000 10192.000000 24366.000000 4096.000000 33543.000000 41984.000000 54017.000000 138240.000000 61456.000000 14544.000000 8444.000000 3024.000000 0.000000 0.000000 0.000000 
22
0.000000 41984.000000 44289.000000 138240.000000 78736.000000 16849.000000 9956.000000 26763.000000 0.000000 0.000000 0.000000 41984.000000 54017.000000 138240.000000 61456.000000 14672.000000 11340.000000 23739.000000 0.000000 0.000000 0.000000 41984.000000 57473.000000 138240.000000 56064.000000 16608.000000 9852.000000 25227.000000 0.000000 0.000000 0.000000 41984.000000 22913.000000 141696.000000 86784.000000 16864.000000 8444.000000 26763.000000 0.000000 0.000000 0.000000 56577.000000 35585.000000 41568.000000 104832.000000 93312.000000 69672.000000 10192.000000 24366.000000 4096.000000 33543.000000 41984.000000 54017.000000 138240.000000 61456.000000 14544.000000 8444.000000 3024.000000 0.000000 0.000000 0.000000 
23
0.000000 41984.000000 44289.000000 138240.000000 78736.000000 16849.000000 9956.000000 26763.000000 0.000000 0.000000 0.000000 41984.000000 54017.000000 138240.000000 61456.000000 14672.000000 11340.000000 23739.000000 0.000000 0.000000 0.000000 41984.000000 57473.000000 138240.000000 56064.000000 16608.000000 9852.000000 25227.000000 0.000000 0.000000 0.000000 41984.000000 22913.000000 141696.000000 86784.000000 16864.000000 8444.000000 26763.000000 0.000000 0.000000 0.000000 56577.000000 35585.000000 41568.000000 104832.000000 93312.000000 69672.000000 10192.000000 24366.000000 4096.000000 33543.000000 41984.000000 54017.000000 138240.000000 61456.000000 14544.000000 8444.000000 3024.000000 0.000000 0.000000 0.000000 
24
0.000000 41984.000000 40875.000000 138240.000000 82176.000000 16865.000000 6468.000000 29735.000000 0.000000 0.000000 0.000000 41984.000000 57515.000000 138240.000000 58000.000000 14672.000000 10868.000000 23695.000000 0.000000 0.000000 0.000000 41984.000000 54059.000000 138240.000000 59520.000000 16608.000000 6364.000000 28199.000000 0.000000 0.000000 0.000000 41984.000000 22913.000000 138282.000000 90240.000000 16864.000000 6524.000000 28167.000000 0.000000 0.000000 0.000000 56449.000000 35905.000000 41952.000000 97386.000000 93312.000000 76560.000000 10272.000000 24310.000000 4096.000000 33027.000000 41984.000000 50603.000000 138240.000000 64912.000000 14544.000000 6524.000000 4464.000000 0.000000 0.000000 0.000000 
25
0.000000 41984.000000 40875.000000 138240.000000 82176.000000 16865.000000 6468.000000 29735.000000 0.000000 0.000000 0.000000 41984.000000 57515.000000 138240.000000 58000.000000 14672.000000 10868.000000 23695.000000 0.000000 0.000000 0.000000 41984.000000 54059.000000 138240.000000 59520.000000 16608.000000 6364.000000 28199.000000 0.000000 0.000000 0.000000 41984.000000 22913.000000 138282.000000 90240.000000 16864.000000 6524.000000 28167.000000 0.000000 0.000000 0.000000 56449.000000 35905.000000 41952.000000 97386.000000 93312.000000 76560.000000 10272.000000 24310.000000 4096.000000 33027.000000 41984.000000 50603.000000 138240.000000 64912.000000 14544.000000 6524.000000 4464.000000 0.000000 0.000000 0.000000 
26
0.000000 41984.000000 40875.000000 138240.000000 82176.000000 16865.000000 6468.000000 29735.000000 0.000000 0.000000 0.000000 41984.000000 57515.000000 138240.000000 58000.000000 14672.000000 10868.000000 23695.000000 0.000000 0.000000 0.000000 41984.000000 54059.000000 138240.000000 59520.000000 16608.000000 6364.000000 28199.000000 0.000000 0.000000 0.000000 41984.000000 22913.000000 138282.000000 90240.000000 16864.000000 6524.000000 28167.000000 0.000000 0.000000 0.000000 56449.000000 35905.000000 41952.000000 97386.000000 93312.000000 76560.000000 10272.000000 24310.000000 4096.000000 33027.000000 41984.000000 50603.000000 138240.000000 64912.000000 14544.000000 6524.000000 4464.000000 0.000000 0.000000 0.000000 
27
0.000000 41984.000000 40875.000000 138240.000000 82176.000000 16865.000000 6468.000000 29735.000000 0.000000 0.000000 0.000000 41984.000000 57515.000000 138240.000000 58000.000000 14672.000000 10868.000000 23695.000000 0.000000 0.000000 0.000000 41984.000000 54059.000000 138240.000000 59520.000000 16608.000000 6364.000000 28199.000000 0.000000 0.000000 0.000000 41984.000000 22913.000000 138282.000000 90240.000000 16864.000000 6524.000000 28167.000000 0.000000 0.000000 0.000000 56449.000000 35905.000000 41952.000000 97386.000000 93312.000000 76560.000000 10272.000000 24310.000000 4096.000000 33027.000000 41984.000000 50603.000000 138240.000000 64912.000000 14544.000000 6524.000000 4464.000000 0.000000 0.000000 0.000000 
28
0.000000 41984.000000 37451.000000 141696.000000 80256.000000 13792.000000 8004.000000 28199.000000 0.000000 0.000000 0.000000 41984.000000 43723.000000 138240.000000 71936.000000 11488.000000 10876.000000 23687.000000 0.000000 0.000000 0.000000 41984.000000 47179.000000 138240.000000 66560.000000 13408.000000 6332.000000 28231.000000 0.000000 0.000000 0.000000 41984.000000 22913.000000 134858.000000 93824.000000 13664.000000 6492.000000 28199.000000 0.000000 0.000000 0.000000 56449.000000 35425.000000 39552.000000 103754.000000 93312.000000 73136.000000 10312.000000 21230.000000 4032.000000 33027.000000 41984.000000 43723.000000 138240.000000 71936.000000 11360.000000 6492.000000 4464.000000 0.000000 0.000000 0.000000 
29
0.000000 41984.000000 37451.000000 141696.000000 80256.000000 13792.000000 8004.000000 28199.000000 0.000000 0.000000 0.000000 41984.000000 43723.000000 138240.000000 71936.000000 11488.000000 10876.000000 23687.000000 0.000000 0.000000 0.000000 41984.000000 47179.000000 138240.000000 66560.000000 13408.000000 6332.000000 28231.000000 0.000000 0.000000 0.000000 41984.000000 22913.000000 134858.000000 93824.000000 13664.000000 6492.000000 28199.000000 0.000000 0.000000 0.000000 56449.000000 35425.000000 39552.000000 103754.000000 93312.000000 73136.000000 10312.000000 21230.000000 4032.000000 33027.000000 41984.000000 43723.000000 138240.000000 71936.000000 11360.000000 6492.000000 4464.000000 0.000000 0.000000 0.000000 
30
0.000000 41984.000000 37451.000000 141696.000000 80256.000000 13792.000000 8004.000000 28199.000000 0.000000 0.000000 0.000000 41984.000000 43723.000000 138240.000000 71936.000000 11488.000000 10876.000000 23687.000000 0.000000 0.000000 0.000000 41984.000000 47179.000000 138240.000000 66560.000000 13408.000000 6332.000000 28231.000000 0.000000 0.000000 0.000000 41984.000000 22913.000000 134858.000000 93824.000000 13664.000000 6492.000000 28199.000000 0.000000 0.000000 0.000000 56449.000000 35425.000000 39552.000000 103754.000000 93312.000000 73136.000000 10312.000000 21230.000000 4032.000000 33027.000000 41984.000000 43723.000000 138240.000000 71936.000000 11360.000000 6492.000000 4464.000000 0.000000 0.000000 0.000000 
31
0.000000 41984.000000 37451.000000 141696.000000 80256.000000 13792.000000 8004.000000 28199.000000 0.000000 0.000000 0.000000 41984.000000 43723.000000 138240.000000 71936.000000 11488.000000 10876.000000 23687.000000 0.000000 0.000000 0.000000 41984.000000 47179.000000 138240.000000 66560.000000 13408.000000 6332.000000 28231.000000 0.000000 0.000000 0.000000 41984.000000 22913.000000 134858.000000 93824.000000 13664.000000 6492.000000 28199.000000 0.000000 0.000000 0.000000 56449.000000 35425.000000 39552.000000 103754.000000 93312.000000 73136.000000 10312.000000 21230.000000 4032.000000 33027.000000 41984.000000 43723.000000 138240.000000 71936.000000 11360.000000 6492.000000 4464.000000 0.000000 0.000000 0.000000 
32
0.000000 41984.000000 35089.000000 576.000000 11136.000000 16288.000000 8036.000000 28199.000000 0.000000 0.000000 0.000000 41984.000000 27273.000000 0.000000 9728.000000 13984.000000 10860.000000 23735.000000 0.000000 0.000000 0.000000 41984.000000 27273.000000 0.000000 7808.000000 15904.000000 7932.000000 26663.000000 0.000000 0.000000 0.000000 41984.000000 27225.000000 48.000000 7424.000000 16160.000000 6524.000000 28199.000000 0.000000 0.000000 0.000000 56449.000000 40129.000000 42616.000000 9840.000000 16128.000000 18560.000000 11472.000000 23574.000000 4032.000000 26915.000000 48128.000000 27273.000000 0.000000 9728.000000 13856.000000 6524.000000 4464.000000 0.000000 0.000000 0.000000 
33
0.000000 41984.000000 35089.000000 576.000000 11136.000000 16288.000000 8036.000000 28199.000000 0.000000 0.000000 0.000000 41984.000000 27273.000000 0.000000 9728.000000 13984.000000 10860.000000 23735.000000 0.000000 0.000000 0.000000 41984.000000 27273.000000 0.000000 7808.000000 15904.000000 7932.000000 26663.000000 0.000000 0.000000 0.000000 41984.000000 27225.000000 48.000000 7424.000000 16160.000000 6524.000000 28199.000000 0.000000 0.000000 0.000000 56449.000000 40129.000000 42616.000000 9840.000000 16128.000000 18560.000000 11472.000000 23574.000000 4032.000000 26915.000000 48128.000000 27273.000000 0.000000 9728.000000 13856.000000 6524.000000 4464.000000 0.000000 0.000000 0.000000 
34
0.000000 41984.000000 35089.000000 576.000000 11136.000000 16288.000000 8036.000000 28199.000000 0.000000 0.000000 0.000000 41984.000000 27273.000000 0.000000 9728.000000 13984.000000 10860.000000 23735.000000 0.000000 0.000000 0.000000 41984.000000 27273.000000 0.000000 7808.000000 15904.000000 7932.000000 26663.000000 0.000000 0.000000 0.000000 41984.000000 27225.000000 48.000000 7424.000000 16160.000000 6524.000000 28199.000000 0.000000 0.000000 0.000000 56449.000000 40129.000000 42616.000000 9840.000000 16128.000000 18560.000000 11472.000000 23574.000000 4032.000000 26915.000000 48128.000000 27273.000000 0.000000 9728.000000 13856.000000 6524.000000 4464.000000 0.000000 0.000000 0.000000 
35
0.000000 41984.000000 35089.000000 576.000000 11136.000000 16288.000000 8036.000000 28199.000000 0.000000 0.000000 0.000000 41984.000000 27273.000000 0.000000 9728.000000 13984.000000 10860.000000 23735.000000 0.000000 0.000000 0.000000 41984.000000 27273.000000 0.000000 7808.000000 15904.000000 7932.000000 26663.000000 0.000000 0.000000 0.000000 41984.000000 27225.000000 48.000000 7424.000000 16160.000000 6524.000000 28199.000000 0.000000 0.000000 0.000000 56449.000000 40129.000000 42616.000000 9840.000000 16128.000000 18560.000000 11472.000000 23574.000000 4032.000000 26915.000000 48128.000000 27273.000000 0.000000 9728.000000 13856.000000 6524.000000 4464.000000 0.000000 0.000000 0.000000 
36
0.000000 41984.000000 30481.000000 0.000000 13056.000000 16865.000000 8388.000000 29735.000000 0.000000 0.000000 0.000000 41984.000000 26385.000000 0.000000 9744.000000 14544.000000 12780.000000 23703.000000 0.000000 0.000000 0.000000 41984.000000 26385.000000 0.000000 7808.000000 16480.000000 9820.000000 26663.000000 0.000000 0.000000 0.000000 41984.000000 26369.000000 16.000000 7424.000000 16736.000000 8412.000000 28199.000000 0.000000 0.000000 0.000000 54481.000000 38881.000000 37824.000000 14992.000000 15552.000000 24240.000000 6368.000000 24150.000000 4032.000000 34947.000000 41984.000000 26385.000000 0.000000 9744.000000 14416.000000 9948.000000 2928.000000 0.000000 0.000000 0.000000 
37
0.000000 41984.000000 30481.000000 0.000000 13056.000000 16865.000000 8388.000000 29735.000000 0.000000 0.000000 0.000000 41984.000000 26385.000000 0.000000 9744.000000 14544.000000 12780.000000 23703.000000 0.000000 0.000000 0.000000 41984.000000 26385.000000 0.000000 7808.000000 16480.000000 9820.000000 26663.000000 0.000000 0.000000 0.000000 41984.000000 26369.000000 16.000000 7424.000000 16736.000000 8412.000000 28199.000000 0.000000 0.000000 0.000000 54481.000000 38881.000000 37824.000000 14992.000000 15552.000000 24240.000000 6368.000000 24150.000000 4032.000000 34947.000000 41984.000000 26385.000000 0.000000 9744.000000 14416.000000 9948.000000 2928.000000 0.000000 0.000000 0.000000 
38
0.000000 41984.000000 30481.000000 0.000000 13056.000000 16865.000000 8388.000000 29735.000000 0.000000 0.000000 0.000000 41984.000000 26385.000000 0.000000 9744.000000 14544.000000 12780.000000 23703.000000 0.000000 0.000000 0.000000 41984.000000 26385.000000 0.000000 7808.000000 16480.000000 9820.000000 26663.000000 0.000000 0.000000 0.000000 41984.000000 26369.000000 16.000000 7424.000000 16736.000000 8412.000000 28199.000000 0.000000 0.000000 0.000000 54481.000000 38881.000000 37824.000000 14992.000000 15552.000000 24240.000000 6368.000000 24150.000000 4032.000000 34947.000000 41984.000000 26385.000000 0.000000 9744.000000 14416.000000 9948.000000 2928.000000 0.000000 0.000000 0.000000 
39
0.000000 41984.000000 30481.000000 0.000000 13056.000000 16865.000000 8388.000000 29735.000000 0.000000 0.000000 0.000000 41984.000000 26385.000000 0.000000 9744.000000 14544.000000 12780.000000 23703.000000 0.000000 0.000000 0.000000 41984.000000 26385.000000 0.000000 7808.000000 16480.000000 9820.000000 26663.000000 0.000000 0.000000 0.000000 41984.000000 26369.000000 16.000000 7424.000000 16736.000000 8412.000000 28199.000000 0.000000 0.000000 0.000000 54481.000000 38881.000000 37824.000000 14992.000000 15552.000000 24240.000000 6368.000000 24150.000000 4032.000000 34947.000000 41984.000000 26385.000000 0.000000 9744.000000 14416.000000 9948.000000 2928.000000 0.000000 0.000000 0.000000 
40
0.000000 41984.000000 30481.000000 0.000000 13056.000000 16865.000000 9956.000000 28199.000000 0.000000 0.000000 0.000000 41984.000000 26385.000000 0.000000 9744.000000 14544.000000 12812.000000 23703.000000 0.000000 0.000000 0.000000 41984.000000 26385.000000 0.000000 7808.000000 16480.000000 9852.000000 26663.000000 0.000000 0.000000 0.000000 41984.000000 26369.000000 16.000000 7424.000000 16736.000000 8444.000000 28199.000000 0.000000 0.000000 0.000000 68944.000000 24417.000000 40128.000000 12688.000000 15552.000000 23664.000000 6944.000000 24534.000000 4032.000000 34979.000000 41984.000000 26385.000000 0.000000 9744.000000 14416.000000 9980.000000 2928.000000 0.000000 0.000000 0.000000 
41
0.000000 41984.000000 30481.000000 0.000000 13056.000000 16865.000000 9956.000000 28199.000000 0.000000 0.000000 0.000000 41984.000000 26385.000000 0.000000 9744.000000 14544.000000 12812.000000 23703.000000 0.000000 0.000000 0.000000 41984.000000 26385.000000 0.000000 7808.000000 16480.000000 9852.000000 26663.000000 0.000000 0.000000 0.000000 41984.000000 26369.000000 16.000000 7424.000000 16736.000000 8444.000000 28199.000000 0.000000 0.000000 0.000000 68944.000000 24417.000000 40128.000000 12688.000000 15552.000000 23664.000000 6944.000000 24534.000000 4032.000000 34979.000000 41984.000000 26385.000000 0.000000 9744.000000 14416.000000 9980.000000 2928.000000 0.000000 0.000000 0.000000 
42
0.000000 41984.000000 30481.000000 0.000000 13056.000000 16865.000000 9956.000000 28199.000000 0.000000 0.000000 0.000000 41984.000000 26385.000000 0.000000 9744.000000 14544.000000 12812.000000 23703.000000 0.000000 0.000000 0.000000 41984.000000 26385.000000 0.000000 7808.000000 16480.000000 9852.000000 26663.000000 0.000000 0.000000 0.000000 41984.000000 26369.000000 16.000000 7424.000000 16736.000000 8444.000000 28199.000000 0.000000 0.000000 0.000000 68944.000000 24417.000000 40128.000000 12688.000000 15552.000000 23664.000000 6944.000000 24534.000000 4032.000000 34979.000000 41984.000000 26385.000000 0.000000 9744.000000 14416.000000 9980.000000 2928.000000 0.000000 0.000000 0.000000 
43
0.000000 41984.000000 30481.000000 0.000000 13056.000000 16865.000000 9956.000000 28199.000000 0.000000 0.000000 0.000000 41984.000000 26385.000000 0.000000 9744.000000 14544.000000 12812.000000 23703.000000 0.000000 0.000000 0.000000 41984.000000 26385.000000 0.000000 7808.000000 16480.000000 9852.000000 26663.000000 0.000000 0.000000 0.000000 41984.000000 26369.000000 16.000000 7424.000000 16736.000000 8444.000000 28199.000000 0.000000 0.000000 0.000000 68944.000000 24417.000000 40128.000000 12688.000000 15552.000000 23664.000000 6944.000000 24534.000000 4032.000000 34979.000000 41984.000000 26385.000000 0.000000 9744.000000 14416.000000 9980.000000 2928.000000 0.000000 0.000000 0.000000 
44
0.000000 41984.000000 30481.000000 0.000000 13073.000000 16848.000000 8036.000000 28167.000000 0.000000 0.000000 0.000000 41984.000000 26385.000000 0.000000 9744.000000 14544.000000 10828.000000 23735.000000 0.000000 0.000000 0.000000 41984.000000 26385.000000 0.000000 7808.000000 16480.000000 7932.000000 26631.000000 0.000000 0.000000 0.000000 41984.000000 26369.000000 16.000000 7424.000000 16736.000000 6524.000000 28167.000000 0.000000 0.000000 0.000000 54608.000000 38753.000000 39552.000000 13264.000000 15552.000000 23760.000000 6848.000000 24534.000000 4032.000000 33027.000000 41984.000000 26385.000000 0.000000 9744.000000 14416.000000 8060.000000 2896.000000 0.000000 0.000000 0.000000 
45
0.000000 41984.000000 30481.000000 0.000000 13073.000000 16848.000000 8036.000000 28167.000000 0.000000 0.000000 0.000000 41984.000000 26385.000000 0.000000 9744.000000 14544.000000 10828.000000 23735.000000 0.000000 0.000000 0.000000 41984.000000 26385.000000 0.000000 7808.000000 16480.000000 7932.000000 26631.000000 0.000000 0.000000 0.000000 41984.000000 26369.000000 16.000000 7424.000000 16736.000000 6524.000000 28167.000000 0.000000 0.000000 0.000000 54608.000000 38753.000000 39552.000000 13264.000000 15552.000000 23760.000000 6848.000000 24534.000000 4032.000000 33027.000000 41984.000000 26385.000000 0.000000 9744.000000 14416.000000 8060.000000 2896.000000 0.000000 0.000000 0.000000 
46
0.000000 41984.000000 30481.000000 0.000000 13073.000000 16848.000000 8036.000000 28167.000000 0.000000 0.000000 0.000000 41984.000000 26385.000000 0.000000 9744.000000 14544.000000 10828.000000 23735.000000 0.000000 0.000000 0.000000 41984.000000 26385.000000 0.000000 7808.000000 16480.000000 7932.000000 26631.000000 0.000000 0.000000 0.000000 41984.000000 26369.000000 16.000000 7424.000000 16736.000000 6524.000000 28167.000000 0.000000 0.000000 0.000000 54608.000000 38753.000000 39552.000000 13264.000000 15552.000000 23760.000000 6848.000000 24534.000000 4032.000000 33027.000000 41984.000000 26385.000000 0.000000 9744.000000 14416.000000 8060.000000 2896.000000 0.000000 0.000000 0.000000 
47
0.000000 41984.000000 30481.000000 0.000000 13073.000000 16848.000000 8036.000000 28167.000000 0.000000 0.000000 0.000000 41984.000000 26385.000000 0.000000 9744.000000 14544.000000 10828.000000 23735.000000 0.000000 0.000000 0.000000 41984.000000 26385.000000 0.000000 7808.000000 16480.000000 7932.000000 26631.000000 0.000000 0.000000 0.000000 41984.000000 26369.000000 16.000000 7424.000000 16736.000000 6524.000000 28167.000000 0.000000 0.000000 0.000000 54608.000000 38753.000000 39552.000000 13264.000000 15552.000000 23760.000000 6848.000000 24534.000000 4032.000000 33027.000000 41984.000000 26385.000000 0.000000 9744.000000 14416.000000 8060.000000 2896.000000 0.000000 0.000000 0.000000 
48
0.000000 8192.000000 30481.000000 0.000000 13056.000000 16865.000000 6468.000000 27239.000000 0.000000 0.000000 0.000000 8192.000000 26385.000000 0.000000 9744.000000 14544.000000 9408.000000 22659.000000 0.000000 0.000000 0.000000 8192.000000 26385.000000 0.000000 7808.000000 16480.000000 6396.000000 25671.000000 0.000000 0.000000 0.000000 8192.000000 26369.000000 16.000000 7424.000000 16736.000000 6524.000000 25671.000000 0.000000 0.000000 0.000000 20816.000000 38753.000000 18816.000000 30528.000000 16128.000000 25090.000000 8254.000000 24630.000000 4032.000000 30531.000000 8192.000000 26385.000000 0.000000 9744.000000 14416.000000 6524.000000 3012.000000 0.000000 0.000000 0.000000 
49
0.000000 8192.000000 30481.000000 0.000000 13056.000000 16865.000000 6468.000000 27239.000000 0.000000 0.000000 0.000000 8192.000000 26385.000000 0.000000 9744.000000 14544.000000 9408.000000 22659.000000 0.000000 0.000000 0.000000 8192.000000 26385.000000 0.000000 7808.000000 16480.000000 6396.000000 25671.000000 0.000000 0.000000 0.000000 8192.000000 26369.000000 16.000000 7424.000000 16736.000000 6524.000000 25671.000000 0.000000 0.000000 0.000000 20816.000000 38753.000000 18816.000000 30528.000000 16128.000000 25090.000000 8254.000000 24630.000000 4032.000000 30531.000000 8192.000000 26385.000000 0.000000 9744.000000 14416.000000 6524.000000 3012.000000 0.000000 0.000000 0.000000 
50
0.000000 8192.000000 30481.000000 0.000000 13056.000000 16865.000000 6468.000000 27239.000000 0.000000 0.000000 0.000000 8192.000000 26385.000000 0.000000 9744.000000 14544.000000 9408.000000 22659.000000 0.000000 0.000000 0.000000 8192.000000 26385.000000 0.000000 7808.000000 16480.000000 6396.000000 25671.000000 0.000000 0.000000 0.000000 8192.000000 26369.000000 16.000000 7424.000000 16736.000000 6524.000000 25671.000000 0.000000 0.000000 0.000000 20816.000000 38753.000000 18816.000000 30528.000000 16128.000000 25090.000000 8254.000000 24630.000000 4032.000000 30531.000000 8192.000000 26385.000000 0.000000 9744.000000 14416.000000 6524.000000 3012.000000 0.000000 0.000000 0.000000 
51
0.000000 8192.000000 30481.000000 0.000000 13056.000000 16865.000000 6468.000000 27239.000000 0.000000 0.000000 0.000000 8192.000000 26385.000000 0.000000 9744.000000 14544.000000 9408.000000 22659.000000 0.000000 0.000000 0.000000 8192.000000 26385.000000 0.000000 7808.000000 16480.000000 6396.000000 25671.000000 0.000000 0.000000 0.000000 8192.000000 26369.000000 16.000000 7424.000000 16736.000000 6524.000000 25671.000000 0.000000 0.000000 0.000000 20816.000000 38753.000000 18816.000000 30528.000000 16128.000000 25090.000000 8254.000000 24630.000000 4032.000000 30531.000000 8192.000000 26385.000000 0.000000 9744.000000 14416.000000 6524.000000 3012.000000 0.000000 0.000000 0.000000 
52
0.000000 8192.000000 27025.000000 0.000000 13073.000000 16848.000000 8036.000000 25671.000000 0.000000 0.000000 0.000000 8192.000000 22929.000000 0.000000 9744.000000 14544.000000 9452.000000 22615.000000 0.000000 0.000000 0.000000 8192.000000 22929.000000 0.000000 7808.000000 16480.000000 7932.000000 24135.000000 0.000000 0.000000 0.000000 8192.000000 22913.000000 16.000000 7424.000000 16736.000000 6524.000000 25671.000000 0.000000 0.000000 0.000000 20816.000000 35777.000000 41952.000000 10384.000000 16128.000000 19440.000000 10592.000000 24534.000000 4032.000000 30531.000000 8192.000000 22929.000000 0.000000 9744.000000 14416.000000 6524.000000 3012.000000 0.000000 0.000000 0.000000 
53
0.000000 8192.000000 27025.000000 0.000000 13073.000000 16848.000000 8036.000000 25671.000000 0.000000 0.000000 0.000000 8192.000000 22929.000000 0.000000 9744.000000 14544.000000 9452.000000 22615.000000 0.000000 0.000000 0.000000 8192.000000 22929.000000 0.000000 7808.000000 16480.000000 7932.000000 24135.000000 0.000000 0.000000 0.000000 8192.000000 22913.000000 16.000000 7424.000000 16736.000000 6524.000000 25671.000000 0.000000 0.000000 0.000000 20816.000000 35777.000000 41952.000000 10384.000000 16128.000000 19440.000000 10592.000000 24534.000000 4032.000000 30531.000000 8192.000000 22929.000000 0.000000 9744.000000 14416.000000 6524.000000 3012.000000 0.000000 0.000000 0.000000 
54
0.000000 8192.000000 27025.000000 0.000000 13073.000000 16848.000000 8036.000000 25671.000000 0.000000 0.000000 0.000000 8192.000000 22929.000000 0.000000 9744.000000 14544.000000 9452.000000 22615.000000 0.000000 0.000000 0.000000 8192.000000 22929.000000 0.000000 7808.000000 16480.000000 7932.000000 24135.000000 0.000000 0.000000 0.000000 8192.000000 22913.000000 16.000000 7424.000000 16736.000000 6524.000000 25671.000000 0.000000 0.000000 0.000000 20816.000000 35777.000000 41952.000000 10384.000000 16128.000000 19440.000000 10592.000000 24534.000000 4032.000000 30531.000000 8192.000000 22929.000000 0.000000 9744.000000 14416.000000 6524.000000 3012.000000 0.000000 0.000000 0.000000 
55
0.000000 8192.000000 27025.000000 0.000000 13073.000000 16848.000000 8036.000000 25671.000000 0.000000 0.000000 0.000000 8192.000000 22929.000000 0.000000 9744.000000 14544.000000 9452.000000 22615.000000 0.000000 0.000000 0.000000 8192.000000 22929.000000 0.000000 7808.000000 16480.000000 7932.000000 24135.000000 0.000000 0.000000 0.000000 8192.000000 22913.000000 16.000000 7424.000000 16736.000000 6524.000000 25671.000000 0.000000 0.000000 0.000000 20816.000000 35777.000000 41952.000000 10384.000000 16128.000000 19440.000000 10592.000000 24534.000000 4032.000000 30531.000000 8192.000000 22929.000000 0.000000 9744.000000 14416.000000 6524.000000 3012.000000 0.000000 0.000000 0.000000 
56
0.000000 8192.000000 27025.000000 0.000000 13072.000000 16849.000000 8036.000000 25671.000000 0.000000 0.000000 0.000000 8192.000000 22929.000000 0.000000 9744.000000 14544.000000 9408.000000 22659.000000 0.000000 0.000000 0.000000 8192.000000 22929.000000 0.000000 7808.000000 16480.000000 7932.000000 24135.000000 0.000000 0.000000 0.000000 8192.000000 22913.000000 16.000000 7424.000000 16736.000000 6524.000000 25671.000000 0.000000 0.000000 0.000000 20816.000000 35297.000000 28608.000000 24208.000000 15552.000000 24144.000000 6464.000000 24534.000000 4032.000000 30531.000000 8192.000000 22929.000000 0.000000 9744.000000 14416.000000 8060.000000 1476.000000 0.000000 0.000000 0.000000 
57
0.000000 8192.000000 27025.000000 0.000000 13072.000000 16849.000000 8036.000000 25671.000000 0.000000 0.000000 0.000000 8192.000000 22929.000000 0.000000 9744.000000 14544.000000 9408.000000 22659.000000 0.000000 0.000000 0.000000 8192.000000 22929.000000 0.000000 7808.000000 16480.000000 7932.000000 24135.000000 0.000000 0.000000 0.000000 8192.000000 22913.000000 16.000000 7424.000000 16736.000000 6524.000000 25671.000000 0.000000 0.000000 0.000000 20816.000000 35297.000000 28608.000000 24208.000000 15552.000000 24144.000000 6464.000000 24534.000000 4032.000000 30531.000000 8192.000000 22929.000000 0.000000 9744.000000 14416.000000 8060.000000 1476.000000 0.000000 0.000000 0.000000 
58
0.000000 8192.000000 27025.000000 0.000000 13072.000000 16849.000000 8036.000000 25671.000000 0.000000 0.000000 0.000000 8192.000000 22929.000000 0.000000 9744.000000 14544.000000 9408.000000 22659.000000 0.000000 0.000000 0.000000 8192.000000 22929.000000 0.000000 7808.000000 16480.000000 7932.000000 24135.000000 0.000000 0.000000 0.000000 8192.000000 22913.000000 16.000000 7424.000000 16736.000000 6524.000000 25671.000000 0.000000 0.000000 0.000000 20816.000000 35297.000000 28608.000000 24208.000000 15552.000000 24144.000000 6464.000000 24534.000000 4032.000000 30531.000000 8192.000000 22929.000000 0.000000 9744.000000 14416.000000 8060.000000 1476.000000 0.000000 0.000000 0.000000 
59
0.000000 8192.000000 27025.000000 0.000000 13072.000000 16849.000000 8036.000000 25671.000000 0.000000 0.000000 0.000000 8192.000000 22929.000000 0.000000 9744.000000 14544.000000 9408.000000 22659.000000 0.000000 0.000000 0.000000 8192.000000 22929.000000 0.000000 7808.000000 16480.000000 7932.000000 24135.000000 0.000000 0.000000 0.000000 8192.000000 22913.000000 16.000000 7424.000000 16736.000000 6524.000000 25671.000000 0.000000 0.000000 0.000000 20816.000000 35297.000000 28608.000000 24208.000000 15552.000000 24144.000000 6464.000000 24534.000000 4032.000000 30531.000000 8192.000000 22929.000000 0.000000 9744.000000 14416.000000 8060.000000 1476.000000 0.000000 0.000000 0.000000 
60
0.000000 8192.000000 27025.000000 0.000000 13056.000000 16225.000000 8036.000000 25671.000000 0.000000 0.000000 0.000000 8192.000000 22929.000000 0.000000 9744.000000 13904.000000 9408.000000 22659.000000 0.000000 0.000000 0.000000 8192.000000 22929.000000 0.000000 7808.000000 15712.000000 8060.000000 24135.000000 0.000000 0.000000 0.000000 8192.000000 22913.000000 16.000000 7424.000000 16096.000000 6524.000000 25671.000000 0.000000 0.000000 0.000000 20816.000000 35297.000000 25152.000000 27664.000000 15552.000000 23568.000000 7040.000000 24534.000000 3392.000000 30531.000000 8192.000000 22929.000000 0.000000 9744.000000 13776.000000 6524.000000 3012.000000 0.000000 0.000000 0.000000 
61
0.000000 8192.000000 27025.000000 0.000000 13056.000000 16225.000000 8036.000000 25671.000000 0.000000 0.000000 0.000000 8192.000000 22929.000000 0.000000 9744.000000 13904.000000 9408.000000 22659.000000 0.000000 0.000000 0.000000 8192.000000 22929.000000 0.000000 7808.000000 15712.000000 8060.000000 24135.000000 0.000000 0.000000 0.000000 8192.000000 22913.000000 16.000000 7424.000000 16096.000000 6524.000000 25671.000000 0.000000 0.000000 0.000000 20816.000000 35297.000000 25152.000000 27664.000000 15552.000000 23568.000000 7040.000000 24534.000000 3392.000000 30531.000000 8192.000000 22929.000000 0.000000 9744.000000 13776.000000 6524.000000 3012.000000 0.000000 0.000000 0.000000 
62
0.000000 8192.000000 27025.000000 0.000000 13056.000000 16225.000000 8036.000000 25671.000000 0.000000 0.000000 0.000000 8192.000000 22929.000000 0.000000 9744.000000 13904.000000 9408.000000 22659.000000 0.000000 0.000000 0.000000 8192.000000 22929.000000 0.000000 7808.000000 15712.000000 8060.000000 24135.000000 0.000000 0.000000 0.000000 8192.000000 22913.000000 16.000000 7424.000000 16096.000000 6524.000000 25671.000000 0.000000 0.000000 0.000000 20816.000000 35297.000000 25152.000000 27664.000000 15552.000000 23568.000000 7040.000000 24534.000000 3392.000000 30531.000000 8192.000000 22929.000000 0.000000 9744.000000 13776.000000 6524.000000 3012.000000 0.000000 0.000000 0.000000 
63
0.000000 8192.000000 27025.000000 0.000000 13056.000000 16225.000000 8036.000000 25671.000000 0.000000 0.000000 0.000000 8192.000000 22929.000000 0.000000 9744.000000 13904.000000 9408.000000 22659.000000 0.000000 0.000000 0.000000 8192.000000 22929.000000 0.000000 7808.000000 15712.000000 8060.000000 24135.000000 0.000000 0.000000 0.000000 8192.000000 22913.000000 16.000000 7424.000000 16096.000000 6524.000000 25671.000000 0.000000 0.000000 0.000000 20816.000000 35297.000000 25152.000000 27664.000000 15552.000000 23568.000000 7040.000000 24534.000000 3392.000000 30531.000000 8192.000000 22929.000000 0.000000 9744.000000 13776.000000 6524.000000 3012.000000 0.000000 0.000000 0.000000 
64
0.000000 8192.000000 27025.000000 0.000000 11136.000000 9888.000000 4000.000000 28811.000000 0.000000 0.000000 0.000000 8192.000000 22929.000000 0.000000 9728.000000 8224.000000 7872.000000 22659.000000 0.000000 0.000000 0.000000 8192.000000 22929.000000 0.000000 7808.000000 9376.000000 5592.000000 25707.000000 0.000000 0.000000 0.000000 8192.000000 22913.000000 16.000000 7424.000000 9760.000000 2488.000000 28811.000000 0.000000 0.000000 0.000000 35281.000000 21057.000000 40608.000000 12112.000000 16128.000000 23744.000000 6288.000000 18582.000000 2112.000000 30531.000000 8192.000000 22929.000000 0.000000 9728.000000 7456.000000 2488.000000 6152.000000 0.000000 0.000000 0.000000 
65
0.000000 8192.000000 27025.000000 0.000000 11136.000000 9888.000000 4000.000000 28811.000000 0.000000 0.000000 0.000000 8192.000000 22929.000000 0.000000 9728.000000 8224.000000 7872.000000 22659.000000 0.000000 0.000000 0.000000 8192.000000 22929.000000 0.000000 7808.000000 9376.000000 5592.000000 25707.000000 0.000000 0.000000 0.000000 8192.000000 22913.000000 16.000000 7424.000000 9760.000000 2488.000000 28811.000000 0.000000 0.000000 0.000000 35281.000000 21057.000000 40608.000000 12112.000000 16128.000000 23744.000000 6288.000000 18582.000000 2112.000000 30531.000000 8192.000000 22929.000000 0.000000 9728.000000 7456.000000 2488.000000 6152.000000 0.000000 0.000000 0.000000 
66
0.000000 8192.000000 27025.000000 0.000000 11136.000000 9888.000000 4000.000000 28811.000000 0.000000 0.000000 0.000000 8192.000000 22929.000000 0.000000 9728.000000 8224.000000 7872.000000 22659.000000 0.000000 0.000000 0.000000 8192.000000 22929.000000 0.000000 7808.000000 9376.000000 5592.000000 25707.000000 0.000000 0.000000 0.000000 8192.000000 22913.000000 16.000000 7424.000000 9760.000000 2488.000000 28811.000000 0.000000 0.000000 0.000000 35281.000000 21057.000000 40608.000000 12112.000000 16128.000000 23744.000000 6288.000000 18582.000000 2112.000000 30531.000000 8192.000000 22929.000000 0.000000 9728.000000 7456.000000 2488.000000 6152.000000 0.000000 0.000000 0.000000 
67
0.000000 8192.000000 27025.000000 0.000000 11136.000000 9888.000000 4000.000000 28811.000000 0.000000 0.000000 0.000000 8192.000000 22929.000000 0.000000 9728.000000 8224.000000 7872.000000 22659.000000 0.000000 0.000000 0.000000 8192.000000 22929.000000 0.000000 7808.000000 9376.000000 5592.000000 25707.000000 0.000000 0.000000 0.000000 8192.000000 22913.000000 16.000000 7424.000000 9760.000000 2488.000000 28811.000000 0.000000 0.000000 0.000000 35281.000000 21057.000000 40608.000000 12112.000000 16128.000000 23744.000000 6288.000000 18582.000000 2112.000000 30531.000000 8192.000000 22929.000000 0.000000 9728.000000 7456.000000 2488.000000 6152.000000 0.000000 0.000000 0.000000 
68
0.000000 8192.000000 22289.000000 0.000000 13073.000000 16848.000000 9956.000000 25671.000000 0.000000 0.000000 0.000000 8192.000000 18193.000000 0.000000 9744.000000 14544.000000 11376.000000 22611.000000 0.000000 0.000000 0.000000 8192.000000 18193.000000 0.000000 7808.000000 16480.000000 9852.000000 24135.000000 0.000000 0.000000 0.000000 8192.000000 18177.000000 16.000000 7424.000000 16736.000000 8444.000000 25671.000000 0.000000 0.000000 0.000000 11856.000000 30689.000000 38976.000000 13840.000000 15552.000000 23952.000000 5120.000000 23766.000000 4032.000000 32451.000000 8192.000000 18193.000000 0.000000 9744.000000 14416.000000 8444.000000 3012.000000 0.000000 0.000000 0.000000 
69
0.000000 8192.000000 22289.000000 0.000000 13073.000000 16848.000000 9956.000000 25671.000000 0.000000 0.000000 0.000000 8192.000000 18193.000000 0.000000 9744.000000 14544.000000 11376.000000 22611.000000 0.000000 0.000000 0.000000 8192.000000 18193.000000 0.000000 7808.000000 16480.000000 9852.000000 24135.000000 0.000000 0.000000 0.000000 8192.000000 18177.000000 16.000000 7424.000000 16736.000000 8444.000000 25671.000000 0.000000 0.000000 0.000000 11856.000000 30689.000000 38976.000000 13840.000000 15552.000000 23952.000000 5120.000000 23766.000000 4032.000000 32451.000000 8192.000000 18193.000000 0.000000 9744.000000 14416.000000 8444.000000 3012.000000 0.000000 0.000000 0.000000 
70
0.000000 8192.000000 22289.000000 0.000000 13073.000000 16848.000000 9956.000000 25671.000000 0.000000 0.000000 0.000000 8192.000000 18193.000000 0.000000 9744.000000 14544.000000 11376.000000 22611.000000 0.000000 0.000000 0.000000 8192.000000 18193.000000 0.000000 7808.000000 16480.000000 9852.000000 24135.000000 0.000000 0.000000 0.000000 8192.000000 18177.000000 16.000000 7424.000000 16736.000000 8444.000000 25671.000000 0.000000 0.000000 0.000000 11856.000000 30689.000000 38976.000000 13840.000000 15552.000000 23952.000000 5120.000000 23766.000000 4032.000000 32451.000000 8192.000000 18193.000000 0.000000 9744.000000 14416.000000 8444.000000 3012.000000 0.000000 0.000000 0.000000 
71
0.000000 8192.000000 22289.000000 0.000000 13073.000000 16848.000000 9956.000000 25671.000000 0.000000 0.000000 0.000000 8192.000000 18193.000000 0.000000 9744.000000 14544.000000 11376.000000 22611.000000 0.000000 0.000000 0.000000 8192.000000 18193.000000 0.000000 7808.000000 16480.000000 9852.000000 24135.000000 0.000000 0.000000 0.000000 8192.000000 18177.000000 16.000000 7424.000000 16736.000000 8444.000000 25671.000000 0.000000 0.000000 0.000000 11856.000000 30689.000000 38976.000000 13840.000000 15552.000000 23952.000000 5120.000000 23766.000000 4032.000000 32451.000000 8192.000000 18193.000000 0.000000 9744.000000 14416.000000 8444.000000 3012.000000 0.000000 0.000000 0.000000 
72
0.000000 8192.000000 22289.000000 0.000000 13056.000000 10513.000000 6468.000000 26843.000000 0.000000 0.000000 0.000000 8192.000000 18193.000000 0.000000 9744.000000 8192.000000 25527.000000 6144.000000 0.000000 0.000000 0.000000 8192.000000 18193.000000 0.000000 7808.000000 10128.000000 7932.000000 23739.000000 0.000000 0.000000 0.000000 8192.000000 18177.000000 16.000000 7424.000000 10384.000000 6524.000000 25275.000000 0.000000 0.000000 0.000000 11776.000000 30689.000000 40128.000000 12688.000000 16128.000000 18640.000000 11040.000000 17510.000000 4032.000000 23991.000000 14336.000000 18193.000000 0.000000 9744.000000 8064.000000 6524.000000 1536.000000 0.000000 0.000000 0.000000 
73
0.000000 8192.000000 22289.000000 0.000000 13056.000000 10513.000000 6468.000000 26843.000000 0.000000 0.000000 0.000000 8192.000000 18193.000000 0.000000 9744.000000 8192.000000 25527.000000 6144.000000 0.000000 0.000000 0.000000 8192.000000 18193.000000 0.000000 7808.000000 10128.000000 7932.000000 23739.000000 0.000000 0.000000 0.000000 8192.000000 18177.000000 16.000000 7424.000000 10384.000000 6524.000000 25275.000000 0.000000 0.000000 0.000000 11776.000000 30689.000000 40128.000000 12688.000000 16128.000000 18640.000000 11040.000000 17510.000000 4032.000000 23991.000000 14336.000000 18193.000000 0.000000 9744.000000 8064.000000 6524.000000 1536.000000 0.000000 0.000000 0.000000 
74
0.000000 8192.000000 22289.000000 0.000000 13056.000000 10513.000000 6468.000000 26843.000000 0.000000 0.000000 0.000000 8192.000000 18193.000000 0.000000 9744.000000 8192.000000 25527.000000 6144.000000 0.000000 0.000000 0.000000 8192.000000 18193.000000 0.000000 7808.000000 10128.000000 7932.000000 23739.000000 0.000000 0.000000 0.000000 8192.000000 18177.000000 16.000000 7424.000000 10384.000000 6524.000000 25275.000000 0.000000 0.000000 0.000000 11776.000000 30689.000000 40128.000000 12688.000000 16128.000000 18640.000000 11040.000000 17510.000000 4032.000000 23991.000000 14336.000000 18193.000000 0.000000 9744.000000 8064.000000 6524.000000 1536.000000 0.000000 0.000000 0.000000 
75
0.000000 8192.000000 22289.000000 0.000000 13056.000000 10513.000000 6468.000000 26843.000000 0.000000 0.000000 0.000000 8192.000000 18193.000000 0.000000 9744.000000 8192.000000 25527.000000 6144.000000 0.000000 0.000000 0.000000 8192.000000 18193.000000 0.000000 7808.000000 10128.000000 7932.000000 23739.000000 0.000000 0.000000 0.000000 8192.000000 18177.000000 16.000000 7424.000000 10384.000000 6524.000000 25275.000000 0.000000 0.000000 0.000000 11776.000000 30689.000000 40128.000000 12688.000000 16128.000000 18640.000000 11040.000000 17510.000000 4032.000000 23991.000000 14336.000000 18193.000000 0.000000 9744.000000 8064.000000 6524.000000 1536.000000 0.000000 0.000000 0.000000 
76
0.000000 8192.000000 22289.000000 0.000000 13072.000000 10497.000000 8036.000000 25275.000000 0.000000 0.000000 0.000000 8192.000000 18193.000000 0.000000 9744.000000 8192.000000 7964.000000 23707.000000 0.000000 0.000000 0.000000 8192.000000 18193.000000 0.000000 7808.000000 10128.000000 6364.000000 25307.000000 0.000000 0.000000 0.000000 8192.000000 18177.000000 16.000000 7424.000000 10384.000000 6524.000000 25275.000000 0.000000 0.000000 0.000000 11776.000000 31265.000000 42432.000000 9808.000000 16128.000000 23376.000000 6656.000000 17414.000000 4032.000000 11852.000000 26475.000000 18193.000000 0.000000 9744.000000 8064.000000 6524.000000 1536.000000 0.000000 0.000000 0.000000 
77
0.000000 8192.000000 22289.000000 0.000000 13072.000000 10497.000000 8036.000000 25275.000000 0.000000 0.000000 0.000000 8192.000000 18193.000000 0.000000 9744.000000 8192.000000 7964.000000 23707.000000 0.000000 0.000000 0.000000 8192.000000 18193.000000 0.000000 7808.000000 10128.000000 6364.000000 25307.000000 0.000000 0.000000 0.000000 8192.000000 18177.000000 16.000000 7424.000000 10384.000000 6524.000000 25275.000000 0.000000 0.000000 0.000000 11776.000000 31265.000000 42432.000000 9808.000000 16128.000000 23376.000000 6656.000000 17414.000000 4032.000000 11852.000000 26475.000000 18193.000000 0.000000 9744.000000 8064.000000 6524.000000 1536.000000 0.000000 0.000000 0.000000 
78
0.000000 8192.000000 22289.000000 0.000000 13072.000000 10497.000000 8036.000000 25275.000000 0.000000 0.000000 0.000000 8192.000000 18193.000000 0.000000 9744.000000 8192.000000 7964.000000 23707.000000 0.000000 0.000000 0.000000 8192.000000 18193.000000 0.000000 7808.000000 10128.000000 6364.000000 25307.000000 0.000000 0.000000 0.000000 8192.000000 18177.000000 16.000000 7424.000000 10384.000000 6524.000000 25275.000000 0.000000 0.000000 0.000000 11776.000000 31265.000000 42432.000000 9808.000000 16128.000000 23376.000000 6656.000000 17414.000000 4032.000000 11852.000000 26475.000000 18193.000000 0.000000 9744.000000 8064.000000 6524.000000 1536.000000 0.000000 0.000000 0.000000 
79
0.000000 8192.000000 22289.000000 0.000000 13072.000000 10497.000000 8036.000000 25275.000000 0.000000 0.000000 0.000000 8192.000000 18193.000000 0.000000 9744.000000 8192.000000 7964.000000 23707.000000 0.000000 0.000000 0.000000 8192.000000 18193.000000 0.000000 7808.000000 10128.000000 6364.000000 25307.000000 0.000000 0.000000 0.000000 8192.000000 18177.000000 16.000000 7424.000000 10384.000000 6524.000000 25275.000000 0.000000 0.000000 0.000000 11776.000000 31265.000000 42432.000000 9808.000000 16128.000000 23376.000000 6656.000000 17414.000000 4032.000000 11852.000000 26475.000000 18193.000000 0.000000 9744.000000 8064.000000 6524.000000 1536.000000 0.000000 0.000000 0.000000 
80
0.000000 8192.000000 22289.000000 0.000000 13072.000000 10497.000000 8036.000000 25275.000000 0.000000 0.000000 0.000000 8192.000000 18193.000000 0.000000 9744.000000 8192.000000 7964.000000 23707.000000 0.000000 0.000000 0.000000 8192.000000 18193.000000 0.000000 7808.000000 10128.000000 7932.000000 23739.000000 0.000000 0.000000 0.000000 8192.000000 18177.000000 16.000000 7424.000000 10384.000000 6524.000000 25275.000000 0.000000 0.000000 0.000000 11904.000000 30689.000000 37824.000000 14992.000000 16128.000000 18864.000000 11168.000000 17414.000000 4032.000000 30135.000000 8192.000000 18193.000000 0.000000 9744.000000 8064.000000 6524.000000 1536.000000 0.000000 0.000000 0.000000 
81
0.000000 8192.000000 22289.000000 0.000000 13072.000000 10497.000000 8036.000000 25275.000000 0.000000 0.000000 0.000000 8192.000000 18193.000000 0.000000 9744.000000 8192.000000 7964.000000 23707.000000 0.000000 0.000000 0.000000 8192.000000 18193.000000 0.000000 7808.000000 10128.000000 7932.000000 23739.000000 0.000000 0.000000 0.000000 8192.000000 18177.000000 16.000000 7424.000000 10384.000000 6524.000000 25275.000000 0.000000 0.000000 0.000000 11904.000000 30689.000000 37824.000000 14992.000000 16128.000000 18864.000000 11168.000000 17414.000000 4032.000000 30135.000000 8192.000000 18193.000000 0.000000 9744.000000 8064.000000 6524.000000 1536.000000 0.000000 0.000000 0.000000 
82
0.000000 8192.000000 22289.000000 0.000000 13072.000000 10497.000000 8036.000000 25275.000000 0.000000 0.000000 0.000000 8192.000000 18193.000000 0.000000 9744.000000 8192.000000 7964.000000 23707.000000 0.000000 0.000000 0.000000 8192.000000 18193.000000 0.000000 7808.000000 10128.000000 7932.000000 23739.000000 0.000000 0.000000 0.000000 8192.000000 18177.000000 16.000000 7424.000000 10384.000000 6524.000000 25275.000000 0.000000 0.000000 0.000000 11904.000000 30689.000000 37824.000000 14992.000000 16128.000000 18864.000000 11168.000000 17414.000000 4032.000000 30135.000000 8192.000000 18193.000000 0.000000 9744.000000 8064.000000 6524.000000 1536.000000 0.000000 0.000000 0.000000 
83
0.000000 8192.000000 22289.000000 0.000000 13072.000000 10497.000000 8036.000000 25275.000000 0.000000 0.000000 0.000000 8192.000000 18193.000000 0.000000 9744.000000 8192.000000 7964.000000 23707.000000 0.000000 0.000000 0.000000 8192.000000 18193.000000 0.000000 7808.000000 10128.000000 7932.000000 23739.000000 0.000000 0.000000 0.000000 8192.000000 18177.000000 16.000000 7424.000000 10384.000000 6524.000000 25275.000000 0.000000 0.000000 0.000000 11904.000000 30689.000000 37824.000000 14992.000000 16128.000000 18864.000000 11168.000000 17414.000000 4032.000000 30135.000000 8192.000000 18193.000000 0.000000 9744.000000 8064.000000 6524.000000 1536.000000 0.000000 0.000000 0.000000 
84
0.000000 8192.000000 22289.000000 0.000000 13073.000000 13568.000000 6468.000000 26843.000000 0.000000 0.000000 0.000000 8192.000000 18193.000000 0.000000 9744.000000 11264.000000 7932.000000 23739.000000 0.000000 0.000000 0.000000 8192.000000 18193.000000 0.000000 7808.000000 13200.000000 7932.000000 23739.000000 0.000000 0.000000 0.000000 8192.000000 18177.000000 16.000000 7424.000000 13456.000000 6524.000000 25275.000000 0.000000 0.000000 0.000000 11904.000000 30785.000000 40608.000000 12112.000000 16128.000000 23568.000000 6304.000000 20638.000000 4032.000000 30135.000000 8192.000000 18193.000000 0.000000 9744.000000 11136.000000 6524.000000 1536.000000 0.000000 0.000000 0.000000 
85
0.000000 8192.000000 22289.000000 0.000000 13073.000000 13568.000000 6468.000000 26843.000000 0.000000 0.000000 0.000000 8192.000000 18193.000000 0.000000 9744.000000 11264.000000 7932.000000 23739.000000 0.000000 0.000000 0.000000 8192.000000 18193.000000 0.000000 7808.000000 13200.000000 7932.000000 23739.000000 0.000000 0.000000 0.000000 8192.000000 18177.000000 16.000000 7424.000000 13456.000000 6524.000000 25275.000000 0.000000 0.000000 0.000000 11904.000000 30785.000000 40608.000000 12112.000000 16128.000000 23568.000000 6304.000000 20638.000000 4032.000000 30135.000000 8192.000000 18193.000000 0.000000 9744.000000 11136.000000 6524.000000 1536.000000 0.000000 0.000000 0.000000 
86
0.000000 8192.000000 22289.000000 0.000000 13073.000000 13568.000000 6468.000000 26843.000000 0.000000 0.000000 0.000000 8192.000000 18193.000000 0.000000 9744.000000 11264.000000 7932.000000 23739.000000 0.000000 0.000000 0.000000 8192.000000 18193.000000 0.000000 7808.000000 13200.000000 7932.000000 23739.000000 0.000000 0.000000 0.000000 8192.000000 18177.000000 16.000000 7424.000000 13456.000000 6524.000000 25275.000000 0.000000 0.000000 0.000000 11904.000000 30785.000000 40608.000000 12112.000000 16128.000000 23568.000000 6304.000000 20638.000000 4032.000000 30135.000000 8192.000000 18193.000000 0.000000 9744.000000 11136.000000 6524.000000 1536.000000 0.000000 0.000000 0.000000 
87
0.000000 8192.000000 22289.000000 0.000000 13073.000000 13568.000000 6468.000000 26843.000000 0.000000 0.000000 0.000000 8192.000000 18193.000000 0.000000 9744.000000 11264.000000 7932.000000 23739.000000 0.000000 0.000000 0.000000 8192.000000 18193.000000 0.000000 7808.000000 13200.000000 7932.000000 23739.000000 0.000000 0.000000 0.000000 8192.000000 18177.000000 16.000000 7424.000000 13456.000000 6524.000000 25275.000000 0.000000 0.000000 0.000000 11904.000000 30785.000000 40608.000000 12112.000000 16128.000000 23568.000000 6304.000000 20638.000000 4032.000000 30135.000000 8192.000000 18193.000000 0.000000 9744.000000 11136.000000 6524.000000 1536.000000 0.000000 0.000000 0.000000 
88
0.000000 8192.000000 22289.000000 0.000000 13072.000000 16849.000000 9956.000000 25275.000000 0.000000 0.000000 0.000000 8192.000000 18193.000000 0.000000 9744.000000 14544.000000 9888.000000 23703.000000 0.000000 0.000000 0.000000 8192.000000 18193.000000 0.000000 7808.000000 16480.000000 8284.000000 25307.000000 0.000000 0.000000 0.000000 8192.000000 18177.000000 16.000000 7424.000000 16736.000000 8444.000000 25275.000000 0.000000 0.000000 0.000000 11776.000000 30785.000000 40608.000000 12112.000000 16128.000000 19248.000000 10784.000000 23766.000000 4032.000000 32055.000000 8192.000000 18193.000000 0.000000 9744.000000 14416.000000 9980.000000 0.000000 0.000000 0.000000 0.000000 
89
0.000000 8192.000000 22289.000000 0.000000 13072.000000 16849.000000 9956.000000 25275.000000 0.000000 0.000000 0.000000 8192.000000 18193.000000 0.000000 9744.000000 14544.000000 9888.000000 23703.000000 0.000000 0.000000 0.000000 8192.000000 18193.000000 0.000000 7808.000000 16480.000000 8284.000000 25307.000000 0.000000 0.000000 0.000000 8192.000000 18177.000000 16.000000 7424.000000 16736.000000 8444.000000 25275.000000 0.000000 0.000000 0.000000 11776.000000 30785.000000 40608.000000 12112.000000 16128.000000 19248.000000 10784.000000 23766.000000 4032.000000 32055.000000 8192.000000 18193.000000 0.000000 9744.000000 14416.000000 9980.000000 0.000000 0.000000 0.000000 0.000000 
90
0.000000 8192.000000 22289.000000 0.000000 13072.000000 16849.000000 9956.000000 25275.000000 0.000000 0.000000 0.000000 8192.000000 18193.000000 0.000000 9744.000000 14544.000000 9888.000000 23703.000000 0.000000 0.000000 0.000000 8192.000000 18193.000000 0.000000 7808.000000 16480.000000 8284.000000 25307.000000 0.000000 0.000000 0.000000 8192.000000 18177.000000 16.000000 7424.000000 16736.000000 8444.000000 25275.000000 0.000000 0.000000 0.000000 11776.000000 30785.000000 40608.000000 12112.000000 16128.000000 19248.000000 10784.000000 23766.000000 4032.000000 32055.000000 8192.000000 18193.000000 0.000000 9744.000000 14416.000000 9980.000000 0.000000 0.000000 0.000000 0.000000 
91
0.000000 8192.000000 22289.000000 0.000000 13072.000000 16849.000000 9956.000000 25275.000000 0.000000 0.000000 0.000000 8192.000000 18193.000000 0.000000 9744.000000 14544.000000 9888.000000 23703.000000 0.000000 0.000000 0.000000 8192.000000 18193.000000 0.000000 7808.000000 16480.000000 8284.000000 25307.000000 0.000000 0.000000 0.000000 8192.000000 18177.000000 16.000000 7424.000000 16736.000000 8444.000000 25275.000000 0.000000 0.000000 0.000000 11776.000000 30785.000000 40608.000000 12112.000000 16128.000000 19248.000000 10784.000000 23766.000000 4032.000000 32055.000000 8192.000000 18193.000000 0.000000 9744.000000 14416.000000 9980.000000 0.000000 0.000000 0.000000 0.000000 
92
0.000000 8192.000000 22289.000000 0.000000 13056.000000 16609.000000 9956.000000 25275.000000 0.000000 0.000000 0.000000 8192.000000 18193.000000 0.000000 9616.000000 14416.000000 9892.000000 23699.000000 0.000000 0.000000 0.000000 8192.000000 18193.000000 0.000000 7680.000000 16352.000000 9852.000000 23739.000000 0.000000 0.000000 0.000000 8192.000000 18177.000000 16.000000 7296.000000 16608.000000 8444.000000 25275.000000 0.000000 0.000000 0.000000 11776.000000 31457.000000 42240.000000 9808.000000 16128.000000 19056.000000 7360.000000 27254.000000 3904.000000 32055.000000 8192.000000 18193.000000 0.000000 9616.000000 14288.000000 8444.000000 1536.000000 0.000000 0.000000 0.000000 
93
0.000000 8192.000000 22289.000000 0.000000 13056.000000 16609.000000 9956.000000 25275.000000 0.000000 0.000000 0.000000 8192.000000 18193.000000 0.000000 9616.000000 14416.000000 9892.000000 23699.000000 0.000000 0.000000 0.000000 8192.000000 18193.000000 0.000000 7680.000000 16352.000000 9852.000000 23739.000000 0.000000 0.000000 0.000000 8192.000000 18177.000000 16.000000 7296.000000 16608.000000 8444.000000 25275.000000 0.000000 0.000000 0.000000 11776.000000 31457.000000 42240.000000 9808.000000 16128.000000 19056.000000 7360.000000 27254.000000 3904.000000 32055.000000 8192.000000 18193.000000 0.000000 9616.000000 14288.000000 8444.000000 1536.000000 0.000000 0.000000 0.000000 
94
0.000000 8192.000000 22289.000000 0.000000 13056.000000 16609.000000 9956.000000 25275.000000 0.000000 0.000000 0.000000 8192.000000 18193.000000 0.000000 9616.000000 14416.000000 9892.000000 23699.000000 0.000000 0.000000 0.000000 8192.000000 18193.000000 0.000000 7680.000000 16352.000000 9852.000000 23739.000000 0.000000 0.000000 0.000000 8192.000000 18177.000000 16.000000 7296.000000 16608.000000 8444.000000 25275.000000 0.000000 0.000000 0.000000 11776.000000 31457.000000 42240.000000 9808.000000 16128.000000 19056.000000 7360.000000 27254.000000 3904.000000 32055.000000 8192.000000 18193.000000 0.000000 9616.000000 14288.000000 8444.000000 1536.000000 0.000000 0.000000 0.000000 
95
0.000000 8192.000000 22289.000000 0.000000 13056.000000 16609.000000 9956.000000 25275.000000 0.000000 0.000000 0.000000 8192.000000 18193.000000 0.000000 9616.000000 14416.000000 9892.000000 23699.000000 0.000000 0.000000 0.000000 8192.000000 18193.000000 0.000000 7680.000000 16352.000000 9852.000000 23739.000000 0.000000 0.000000 0.000000 8192.000000 18177.000000 16.000000 7296.000000 16608.000000 8444.000000 25275.000000 0.000000 0.000000 0.000000 11776.000000 31457.000000 42240.000000 9808.000000 16128.000000 19056.000000 7360.000000 27254.000000 3904.000000 32055.000000 8192.000000 18193.000000 0.000000 9616.000000 14288.000000 8444.000000 1536.000000 0.000000 0.000000 0.000000 
96
0.000000 8192.000000 22289.000000 0.000000 13073.000000 16848.000000 9956.000000 25275.000000 0.000000 0.000000 0.000000 8192.000000 18193.000000 0.000000 9744.000000 14544.000000 9884.000000 23707.000000 0.000000 0.000000 0.000000 8192.000000 18193.000000 0.000000 7808.000000 16480.000000 9852.000000 23739.000000 0.000000 0.000000 0.000000 8192.000000 18177.000000 16.000000 7424.000000 16736.000000 8444.000000 25275.000000 0.000000 0.000000 0.000000 11776.000000 30689.000000 37824.000000 14992.000000 15552.000000 23856.000000 6752.000000 23766.000000 4032.000000 32055.000000 8192.000000 18193.000000 0.000000 9744.000000 14416.000000 8444.000000 1536.000000 0.000000 0.000000 0.000000 
97
0.000000 8192.000000 22289.000000 0.000000 13073.000000 16848.000000 9956.000000 25275.000000 0.000000 0.000000 0.000000 8192.000000 18193.000000 0.000000 9744.000000 14544.000000 9884.000000 23707.000000 0.000000 0.000000 0.000000 8192.000000 18193.000000 0.000000 7808.000000 16480.000000 9852.000000 23739.000000 0.000000 0.000000 0.000000 8192.000000 18177.000000 16.000000 7424.000000 16736.000000 8444.000000 25275.000000 0.000000 0.000000 0.000000 11776.000000 30689.000000 37824.000000 14992.000000 15552.000000 23856.000000 6752.000000 23766.000000 4032.000000 32055.000000 8192.000000 18193.000000 0.000000 9744.000000 14416.000000 8444.000000 1536.000000 0.000000 0.000000 0.000000 
98
0.000000 8192.000000 22289.000000 0.000000 13073.000000 16848.000000 9956.000000 25275.000000 0.000000 0.000000 0.000000 8192.000000 18193.000000 0.000000 9744.000000 14544.000000 9884.000000 23707.000000 0.000000 0.000000 0.000000 8192.000000 18193.000000 0.000000 7808.000000 16480.000000 9852.000000 23739.000000 0.000000 0.000000 0.000000 8192.000000 18177.000000 16.000000 7424.000000 16736.000000 8444.000000 25275.000000 0.000000 0.000000 0.000000 11776.000000 30689.000000 37824.000000 14992.000000 15552.000000 23856.000000 6752.000000 23766.000000 4032.000000 32055.000000 8192.000000 18193.000000 0.000000 9744.000000 14416.000000 8444.000000 1536.000000 0.000000 0.000000 0.000000 
99
0.000000 8192.000000 22289.000000 0.000000 13073.000000 16848.000000 9956.000000 25275.000000 0.000000 0.000000 0.000000 8192.000000 18193.000000 0.000000 9744.000000 14544.000000 9884.000000 23707.000000 0.000000 0.000000 0.000000 8192.000000 18193.000000 0.000000 7808.000000 16480.000000 9852.000000 23739.000000 0.000000 0.000000 0.000000 8192.000000 18177.000000 16.000000 7424.000000 16736.000000 8444.000000 25275.000000 0.000000 0.000000 0.000000 11776.000000 30689.000000 37824.000000 14992.000000 15552.000000 23856.000000 6752.000000 23766.000000 4032.000000 32055.000000 8192.000000 18193.000000 0.000000 9744.000000 14416.000000 8444.000000 1536.000000 0.000000 0.000000 0.000000 
100
0.000000 8192.000000 22289.000000 0.000000 11136.000000 9088.000000 8036.000000 25275.000000 0.000000 0.000000 0.000000 8192.000000 18193.000000 0.000000 9600.000000 6912.000000 7932.000000 23739.000000 0.000000 0.000000 0.000000 8192.000000 18193.000000 0.000000 7680.000000 8832.000000 7932.000000 23739.000000 0.000000 0.000000 0.000000 8192.000000 18177.000000 16.000000 7296.000000 9088.000000 6524.000000 25275.000000 0.000000 0.000000 0.000000 25633.000000 30561.000000 6144.000000 9808.000000 15552.000000 23744.000000 6736.000000 17974.000000 2944.000000 30135.000000 8192.000000 18193.000000 0.000000 9600.000000 6784.000000 6524.000000 1536.000000 0.000000 0.000000 0.000000 
101
0.000000 8192.000000 22289.000000 0.000000 11136.000000 9088.000000 8036.000000 25275.000000 0.000000 0.000000 0.000000 8192.000000 18193.000000 0.000000 9600.000000 6912.000000 7932.000000 23739.000000 0.000000 0.000000 0.000000 8192.000000 18193.000000 0.000000 7680.000000 8832.000000 7932.000000 23739.000000 0.000000 0.000000 0.000000 8192.000000 18177.000000 16.000000 7296.000000 9088.000000 6524.000000 25275.000000 0.000000 0.000000 0.000000 25633.000000 30561.000000 6144.000000 9808.000000 15552.000000 23744.000000 6736.000000 17974.000000 2944.000000 30135.000000 8192.000000 18193.000000 0.000000 9600.000000 6784.000000 6524.000000 1536.000000 0.000000 0.000000 0.000000 
102
0.000000 8192.000000 22289.000000 0.000000 11136.000000 9088.000000 8036.000000 25275.000000 0.000000 0.000000 0.000000 8192.000000 18193.000000 0.000000 9600.000000 6912.000000 7932.000000 23739.000000 0.000000 0.000000 0.000000 8192.000000 18193.000000 0.000000 7680.000000 8832.000000 7932.000000 23739.000000 0.000000 0.000000 0.000000 8192.000000 18177.000000 16.000000 7296.000000 9088.000000 6524.000000 25275.000000 0.000000 0.000000 0.000000 25633.000000 30561.000000 6144.000000 9808.000000 15552.000000 23744.000000 6736.000000 17974.000000 2944.000000 30135.000000 8192.000000 18193.000000 0.000000 9600.000000 6784.000000 6524.000000 1536.000000 0.000000 0.000000 0.000000 
103
0.000000 8192.000000 22289.000000 0.000000 11136.000000 9088.000000 8036.000000 25275.000000 0.000000 0.000000 0.000000 8192.000000 18193.000000 0.000000 9600.000000 6912.000000 7932.000000 23739.000000 0.000000 0.000000 0.000000 8192.000000 18193.000000 0.000000 7680.000000 8832.000000 7932.000000 23739.000000 0.000000 0.000000 0.000000 8192.000000 18177.000000 16.000000 7296.000000 9088.000000 6524.000000 25275.000000 0.000000 0.000000 0.000000 25633.000000 30561.000000 6144.000000 9808.000000 15552.000000 23744.000000 6736.000000 17974.000000 2944.000000 30135.000000 8192.000000 18193.000000 0.000000 9600.000000 6784.000000 6524.000000 1536.000000 0.000000 0.000000 0.000000 
104
0.000000 8192.000000 22305.000000 0.000000 13056.000000 13585.000000 8036.000000 8040.000000 0.000000 0.000000 0.000000 8192.000000 18209.000000 0.000000 9616.000000 11392.000000 7948.000000 6488.000000 0.000000 0.000000 0.000000 8192.000000 18209.000000 0.000000 7680.000000 13328.000000 4828.000000 9608.000000 0.000000 0.000000 0.000000 8192.000000 18177.000000 32.000000 7296.000000 13584.000000 6524.000000 8040.000000 0.000000 0.000000 0.000000 9472.000000 30689.000000 38976.000000 13856.000000 16128.000000 23280.000000 6624.000000 20550.000000 4096.000000 12900.000000 8192.000000 18177.000000 0.000000 9616.000000 11264.000000 8060.000000 0.000000 0.000000 0.000000 0.000000 
105
0.000000 8192.000000 22305.000000 0.000000 13056.000000 13585.000000 8036.000000 8040.000000 0.000000 0.000000 0.000000 8192.000000 18209.000000 0.000000 9616.000000 11392.000000 7948.000000 6488.000000 0.000000 0.000000 0.000000 8192.000000 18209.000000 0.000000 7680.000000 13328.000000 4828.000000 9608.000000 0.000000 0.000000 0.000000 8192.000000 18177.000000 32.000000 7296.000000 13584.000000 6524.000000 8040.000000 0.000000 0.000000 0.000000 9472.000000 30689.000000 38976.000000 13856.000000 16128.000000 23280.000000 6624.000000 20550.000000 4096.000000 12900.000000 8192.000000 18177.000000 0.000000 9616.000000 11264.000000 8060.000000 0.000000 0.000000 0.000000 0.000000 
106
0.000000 8192.000000 22305.000000 0.000000 13056.000000 13585.000000 8036.000000 8040.000000 0.000000 0.000000 0.000000 8192.000000 18209.000000 0.000000 9616.000000 11392.000000 7948.000000 6488.000000 0.000000 0.000000 0.000000 8192.000000 18209.000000 0.000000 7680.000000 13328.000000 4828.000000 9608.000000 0.000000 0.000000 0.000000 8192.000000 18177.000000 32.000000 7296.000000 13584.000000 6524.000000 8040.000000 0.000000 0.000000 0.000000 9472.000000 30689.000000 38976.000000 13856.000000 16128.000000 23280.000000 6624.000000 20550.000000 4096.000000 12900.000000 8192.000000 18177.000000 0.000000 9616.000000 11264.000000 8060.000000 0.000000 0.000000 0.000000 0.000000 
107
0.000000 8192.000000 22305.000000 0.000000 13056.000000 13585.000000 8036.000000 8040.000000 0.000000 0.000000 0.000000 8192.000000 18209.000000 0.000000 9616.000000 11392.000000 7948.000000 6488.000000 0.000000 0.000000 0.000000 8192.000000 18209.000000 0.000000 7680.000000 13328.000000 4828.000000 9608.000000 0.000000 0.000000 0.000000 8192.000000 18177.000000 32.000000 7296.000000 13584.000000 6524.000000 8040.000000 0.000000 0.000000 0.000000 9472.000000 30689.000000 38976.000000 13856.000000 16128.000000 23280.000000 6624.000000 20550.000000 4096.000000 12900.000000 8192.000000 18177.000000 0.000000 9616.000000 11264.000000 8060.000000 0.000000 0.000000 0.000000 0.000000 
108
0.000000 8192.000000 22305.000000 0.000000 13073.000000 16848.000000 9956.000000 25243.000000 0.000000 0.000000 0.000000 8192.000000 18209.000000 0.000000 9616.000000 14672.000000 9856.000000 23703.000000 0.000000 0.000000 0.000000 8192.000000 18209.000000 0.000000 7680.000000 16608.000000 8284.000000 25275.000000 0.000000 0.000000 0.000000 8192.000000 18177.000000 32.000000 7296.000000 16864.000000 8444.000000 25243.000000 0.000000 0.000000 0.000000 9472.000000 31649.000000 42048.000000 9824.000000 15552.000000 19152.000000 11328.000000 23830.000000 4096.000000 32023.000000 8192.000000 18177.000000 0.000000 9616.000000 14544.000000 8444.000000 1536.000000 0.000000 0.000000 0.000000 
109
0.000000 8192.000000 22305.000000 0.000000 13073.000000 16848.000000 9956.000000 25243.000000 0.000000 0.000000 0.000000 8192.000000 18209.000000 0.000000 9616.000000 14672.000000 9856.000000 23703.000000 0.000000 0.000000 0.000000 8192.000000 18209.000000 0.000000 7680.000000 16608.000000 8284.000000 25275.000000 0.000000 0.000000 0.000000 8192.000000 18177.000000 32.000000 7296.000000 16864.000000 8444.000000 25243.000000 0.000000 0.000000 0.000000 9472.000000 31649.000000 42048.000000 9824.000000 15552.000000 19152.000000 11328.000000 23830.000000 4096.000000 32023.000000 8192.000000 18177.000000 0.000000 9616.000000 14544.000000 8444.000000 1536.000000 0.000000 0.000000 0.000000 
110
0.000000 8192.000000 22305.000000 0.000000 13073.000000 16848.000000 9956.000000 25243.000000 0.000000 0.000000 0.000000 8192.000000 18209.000000 0.000000 9616.000000 14672.000000 9856.000000 23703.000000 0.000000 0.000000 0.000000 8192.000000 18209.000000 0.000000 7680.000000 16608.000000 8284.000000 25275.000000 0.000000 0.000000 0.000000 8192.000000 18177.000000 32.000000 7296.000000 16864.000000 8444.000000 25243.000000 0.000000 0.000000 0.000000 9472.000000 31649.000000 42048.000000 9824.000000 15552.000000 19152.000000 11328.000000 23830.000000 4096.000000 32023.000000 8192.000000 18177.000000 0.000000 9616.000000 14544.000000 8444.000000 1536.000000 0.000000 0.000000 0.000000 
111
0.000000 8192.000000 22305.000000 0.000000 13073.000000 16848.000000 9956.000000 25243.000000 0.000000 0.000000 0.000000 8192.000000 18209.000000 0.000000 9616.000000 14672.000000 9856.000000 23703.000000 0.000000 0.000000 0.000000 8192.000000 18209.000000 0.000000 7680.000000 16608.000000 8284.000000 25275.000000 0.000000 0.000000 0.000000 8192.000000 18177.000000 32.000000 7296.000000 16864.000000 8444.000000 25243.000000 0.000000 0.000000 0.000000 9472.000000 31649.000000 42048.000000 9824.000000 15552.000000 19152.000000 11328.000000 23830.000000 4096.000000 32023.000000 8192.000000 18177.000000 0.000000 9616.000000 14544.000000 8444.000000 1536.000000 0.000000 0.000000 0.000000 
112
0.000000 8192.000000 22305.000000 0.000000 13056.000000 16865.000000 8388.000000 26811.000000 0.000000 0.000000 0.000000 8192.000000 18209.000000 0.000000 9616.000000 14672.000000 9852.000000 23707.000000 0.000000 0.000000 0.000000 8192.000000 18209.000000 0.000000 7680.000000 16608.000000 9852.000000 23707.000000 0.000000 0.000000 0.000000 8192.000000 18177.000000 32.000000 7296.000000 16864.000000 8444.000000 25243.000000 0.000000 0.000000 0.000000 9472.000000 30977.000000 40992.000000 11552.000000 15552.000000 24048.000000 6432.000000 23830.000000 4096.000000 32023.000000 8192.000000 18177.000000 0.000000 9616.000000 14544.000000 9980.000000 0.000000 0.000000 0.000000 0.000000 
113
0.000000 8192.000000 22305.000000 0.000000 13056.000000 16865.000000 8388.000000 26811.000000 0.000000 0.000000 0.000000 8192.000000 18209.000000 0.000000 9616.000000 14672.000000 9852.000000 23707.000000 0.000000 0.000000 0.000000 8192.000000 18209.000000 0.000000 7680.000000 16608.000000 9852.000000 23707.000000 0.000000 0.000000 0.000000 8192.000000 18177.000000 32.000000 7296.000000 16864.000000 8444.000000 25243.000000 0.000000 0.000000 0.000000 9472.000000 30977.000000 40992.000000 11552.000000 15552.000000 24048.000000 6432.000000 23830.000000 4096.000000 32023.000000 8192.000000 18177.000000 0.000000 9616.000000 14544.000000 9980.000000 0.000000 0.000000 0.000000 0.000000 
114
0.000000 8192.000000 22305.000000 0.000000 13056.000000 16865.000000 8388.000000 26811.000000 0.000000 0.000000 0.000000 8192.000000 18209.000000 0.000000 9616.000000 14672.000000 9852.000000 23707.000000 0.000000 0.000000 0.000000 8192.000000 18209.000000 0.000000 7680.000000 16608.000000 9852.000000 23707.000000 0.000000 0.000000 0.000000 8192.000000 18177.000000 32.000000 7296.000000 16864.000000 8444.000000 25243.000000 0.000000 0.000000 0.000000 9472.000000 30977.000000 40992.000000 11552.000000 15552.000000 24048.000000 6432.000000 23830.000000 4096.000000 32023.000000 8192.000000 18177.000000 0.000000 9616.000000 14544.000000 9980.000000 0.000000 0.000000 0.000000 0.000000 
115
0.000000 8192.000000 22305.000000 0.000000 13056.000000 16865.000000 8388.000000 26811.000000 0.000000 0.000000 0.000000 8192.000000 18209.000000 0.000000 9616.000000 14672.000000 9852.000000 23707.000000 0.000000 0.000000 0.000000 8192.000000 18209.000000 0.000000 7680.000000 16608.000000 9852.000000 23707.000000 0.000000 0.000000 0.000000 8192.000000 18177.000000 32.000000 7296.000000 16864.000000 8444.000000 25243.000000 0.000000 0.000000 0.000000 9472.000000 30977.000000 40992.000000 11552.000000 15552.000000 24048.000000 6432.000000 23830.000000 4096.000000 32023.000000 8192.000000 18177.000000 0.000000 9616.000000 14544.000000 9980.000000 0.000000 0.000000 0.000000 0.000000 
116
0.000000 8192.000000 22273.000000 0.000000 11136.000000 18785.000000 8388.000000 26843.000000 0.000000 0.000000 0.000000 8192.000000 18177.000000 0.000000 9616.000000 14672.000000 9904.000000 23687.000000 0.000000 0.000000 0.000000 8192.000000 18177.000000 0.000000 7680.000000 16608.000000 9852.000000 23739.000000 0.000000 0.000000 0.000000 8192.000000 18177.000000 0.000000 7296.000000 16864.000000 8444.000000 25275.000000 0.000000 0.000000 0.000000 9472.000000 30689.000000 38400.000000 14400.000000 16128.000000 19368.000000 10536.000000 23830.000000 4096.000000 32055.000000 8192.000000 18177.000000 0.000000 9616.000000 14544.000000 9980.000000 0.000000 0.000000 0.000000 0.000000 
117
0.000000 8192.000000 22273.000000 0.000000 11136.000000 18785.000000 8388.000000 26843.000000 0.000000 0.000000 0.000000 8192.000000 18177.000000 0.000000 9616.000000 14672.000000 9904.000000 23687.000000 0.000000 0.000000 0.000000 8192.000000 18177.000000 0.000000 7680.000000 16608.000000 9852.000000 23739.000000 0.000000 0.000000 0.000000 8192.000000 18177.000000 0.000000 7296.000000 16864.000000 8444.000000 25275.000000 0.000000 0.000000 0.000000 9472.000000 30689.000000 38400.000000 14400.000000 16128.000000 19368.000000 10536.000000 23830.000000 4096.000000 32055.000000 8192.000000 18177.000000 0.000000 9616.000000 14544.000000 9980.000000 0.000000 0.000000 0.000000 0.000000 
118
0.000000 8192.000000 22273.000000 0.000000 11136.000000 18785.000000 8388.000000 26843.000000 0.000000 0.000000 0.000000 8192.000000 18177.000000 0.000000 9616.000000 14672.000000 9904.000000 23687.000000 0.000000 0.000000 0.000000 8192.000000 18177.000000 0.000000 7680.000000 16608.000000 9852.000000 23739.000000 0.000000 0.000000 0.000000 8192.000000 18177.000000 0.000000 7296.000000 16864.000000 8444.000000 25275.000000 0.000000 0.000000 0.000000 9472.000000 30689.000000 38400.000000 14400.000000 16128.000000 19368.000000 10536.000000 23830.000000 4096.000000 32055.000000 8192.000000 18177.000000 0.000000 9616.000000 14544.000000 9980.000000 0.000000 0.000000 0.000000 0.000000 
119
0.000000 8192.000000 22273.000000 0.000000 11136.000000 18785.000000 8388.000000 26843.000000 0.000000 0.000000 0.000000 8192.000000 18177.000000 0.000000 9616.000000 14672.000000 9904.000000 23687.000000 0.000000 0.000000 0.000000 8192.000000 18177.000000 0.000000 7680.000000 16608.000000 9852.000000 23739.000000 0.000000 0.000000 0.000000 8192.000000 18177.000000 0.000000 7296.000000 16864.000000 8444.000000 25275.000000 0.000000 0.000000 0.000000 9472.000000 30689.000000 38400.000000 14400.000000 16128.000000 19368.000000 10536.000000 23830.000000 4096.000000 32055.000000 8192.000000 18177.000000 0.000000 9616.000000 14544.000000 9980.000000 0.000000 0.000000 0.000000 0.000000 
