0
0.000000 0.283600 0.661662 0.000000 0.436954 0.718338 0.695415 0.105185 0.000000 0.000000 0.000000 0.378123 0.567138 0.000000 0.543015 0.685877 0.631477 0.105185 0.000000 0.000000 0.000000 0.378123 0.567138 0.000000 0.475077 0.682923 0.713262 0.105185 0.000000 0.000000 0.000000 0.283600 0.661662 0.000000 0.267569 0.883908 0.695415 0.105185 0.000000 0.000000 0.000000 0.376092 0.720738 0.000000 0.070892 0.000000 0.249538 0.942815 0.801723 0.666954 0.275923 0.283600 0.661662 0.000000 0.571538 0.545431 0.695415 0.105185 0.000000 0.000000 0.000000 
1
0.000000 0.283585 0.661662 0.000000 0.436954 0.685631 0.709046 0.105185 0.000000 0.000000 0.000000 0.378108 0.567138 0.000000 0.543015 0.679169 0.618338 0.105185 0.000000 0.000000 0.000000 0.378108 0.567138 0.000000 0.472954 0.662400 0.700123 0.105185 0.000000 0.000000 0.000000 0.283585 0.661662 0.000000 0.267569 0.865200 0.709046 0.094538 0.000000 0.000000 0.000000 0.336215 0.708923 0.000000 0.070892 0.000000 0.272738 0.918846 0.838062 0.666954 0.262785 0.283585 0.661662 0.000000 0.571538 0.650677 0.709046 0.105185 0.000000 0.000000 0.000000 
2
0.000000 0.283585 0.600369 0.000000 0.409785 0.720246 0.716677 0.094538 0.000000 0.000000 0.000000 0.378108 0.505846 0.000000 0.549600 0.622446 0.643815 0.094538 0.000000 0.000000 0.000000 0.378108 0.505846 0.000000 0.470677 0.665385 0.707754 0.094538 0.000000 0.000000 0.000000 0.283585 0.600369 0.000000 0.279477 0.843600 0.716677 0.105185 0.000000 0.000000 0.000000 0.336031 0.644308 0.000000 0.070892 0.000000 0.268369 0.976662 0.700554 0.680738 0.245985 0.283585 0.600369 0.000000 0.549600 0.563108 0.716677 0.094538 0.000000 0.000000 0.000000 
3
0.000000 0.311154 0.594708 0.000000 0.414831 0.723277 0.657538 0.094538 0.000000 0.000000 0.000000 0.405677 0.500185 0.000000 0.565477 0.648862 0.593600 0.094538 0.000000 0.000000 0.000000 0.405677 0.500185 0.000000 0.469938 0.646662 0.657538 0.094538 0.000000 0.000000 0.000000 0.311154 0.594708 0.000000 0.363877 0.774815 0.657538 0.094538 0.000000 0.000000 0.000000 0.403462 0.669046 0.000000 0.070892 0.000000 0.272738 1.001215 0.693815 0.643169 0.245985 0.311154 0.594708 0.000000 0.576031 0.518092 0.657538 0.094538 0.000000 0.000000 0.000000 
4
0.000000 0.283585 0.687200 0.000000 0.394738 0.821446 0.547015 0.282415 0.095231 0.000000 0.000000 0.378108 0.596000 0.000000 0.500800 0.718400 0.607138 0.252892 0.000000 0.000000 0.000000 0.378108 0.596000 0.000000 0.544492 0.546308 0.635631 0.288338 0.000000 0.000000 0.000000 0.189062 0.785046 0.000000 0.351108 0.763308 0.520492 0.412400 0.000000 0.000000 0.000000 0.271585 0.829108 0.149662 0.000000 0.000000 0.210169 0.911015 0.691600 0.609938 0.350154 0.483308 0.690523 0.000000 0.500800 0.608415 0.573662 0.348585 0.000000 0.000000 0.000000 
5
0.000000 0.283569 0.679323 0.000000 0.267569 0.840800 0.549785 0.271769 0.000000 0.000000 0.000000 0.378092 0.588123 0.000000 0.501415 0.625415 0.600985 0.147708 0.000000 0.000000 0.000000 0.378092 0.588123 0.000000 0.472954 0.677385 0.638400 0.183154 0.000000 0.000000 0.000000 0.189046 0.777169 0.000000 0.351108 0.760692 0.514338 0.307215 0.000000 0.000000 0.000000 0.237600 0.845538 0.086646 0.000000 0.000000 0.142585 0.885031 0.790800 0.613231 0.344000 0.378108 0.682646 0.000000 0.501415 0.624769 0.549785 0.271769 0.000000 0.000000 0.000000 
6
0.000000 0.283569 0.731015 0.000000 0.240400 0.837677 0.532062 0.289492 0.000000 0.000000 0.000000 0.378092 0.631508 0.000000 0.504585 0.660969 0.592062 0.147708 0.000000 0.000000 0.000000 0.378092 0.631508 0.000000 0.575169 0.541308 0.638400 0.183154 0.000000 0.000000 0.000000 0.189046 0.820554 0.000000 0.279477 0.823800 0.523138 0.289492 0.000000 0.000000 0.000000 0.237600 0.859262 0.078769 0.000000 0.000000 0.165123 0.898646 0.668908 0.609538 0.335077 0.378108 0.726031 0.000000 0.504585 0.571862 0.540862 0.271769 0.000000 0.000000 0.000000 
7
0.000000 0.283569 0.727692 0.000000 0.249477 0.736723 0.523138 0.271769 0.000000 0.000000 0.000000 0.378092 0.631508 0.000000 0.503108 0.665585 0.592062 0.129985 0.000000 0.000000 0.000000 0.378092 0.631508 0.000000 0.573692 0.457523 0.611754 0.183154 0.000000 0.000000 0.000000 0.189046 0.820554 0.000000 0.278000 0.781338 0.505415 0.289492 0.000000 0.000000 0.000000 0.233354 0.855015 0.078769 0.000000 0.000000 0.150523 0.911569 0.748108 0.609538 0.317354 0.378108 0.726031 0.000000 0.503108 0.573877 0.540862 0.264692 0.000000 0.000000 0.000000 
8
0.000000 0.094538 0.747938 0.000000 0.405292 0.902031 0.675015 0.260277 0.000000 0.000000 0.000000 0.283585 0.535631 0.000000 0.500800 0.794615 0.671631 0.199723 0.000000 0.000000 0.000000 0.378108 0.441108 0.000000 0.500800 0.776446 0.669908 0.256585 0.000000 0.000000 0.000000 0.189062 0.630154 0.000000 0.338308 0.880708 0.666215 0.270615 0.000000 0.000000 0.000000 0.143092 0.739323 0.000000 0.141785 0.000000 0.134923 0.998600 0.881400 0.756954 0.285492 0.283600 0.630154 0.000000 0.500800 0.736492 0.701662 0.235169 0.000000 0.000000 0.000000 
9
0.000000 0.094523 0.740062 0.000000 0.267569 0.904108 0.660062 0.155092 0.000000 0.000000 0.000000 0.283569 0.527754 0.000000 0.493292 0.819077 0.647754 0.094538 0.000000 0.000000 0.000000 0.378092 0.433231 0.000000 0.472185 0.756892 0.663754 0.151400 0.000000 0.000000 0.000000 0.189046 0.622277 0.000000 0.267569 0.978308 0.660062 0.158785 0.000000 0.000000 0.000000 0.131262 0.743754 0.000000 0.070892 0.000000 0.078923 1.079031 0.895832 0.739415 0.286415 0.189046 0.622277 0.000000 0.515877 0.712800 0.695508 0.123338 0.000000 0.000000 0.000000 
10
0.000000 0.094523 0.648862 0.000000 0.240400 0.974138 0.660062 0.155092 0.000000 0.000000 0.000000 0.283569 0.486400 0.000000 0.494738 0.777815 0.638831 0.094538 0.000000 0.000000 0.000000 0.283569 0.486400 0.000000 0.473631 0.743862 0.672554 0.151400 0.000000 0.000000 0.000000 0.189046 0.580923 0.000000 0.368369 0.865138 0.651138 0.155092 0.000000 0.000000 0.000000 0.127200 0.740431 0.000000 0.070892 0.000000 0.036831 1.067231 0.714785 0.742615 0.295215 0.189046 0.580923 0.000000 0.494738 0.703815 0.686585 0.119646 0.000000 0.000000 0.000000 
11
0.000000 0.094523 0.652185 0.000000 0.341323 0.853446 0.614708 0.151400 0.000000 0.000000 0.000000 0.283569 0.483077 0.000000 0.492554 0.806862 0.598708 0.094538 0.000000 0.000000 0.000000 0.283569 0.483077 0.000000 0.394615 0.769877 0.614708 0.151400 0.000000 0.000000 0.000000 0.189046 0.577600 0.000000 0.355538 0.834369 0.614708 0.155092 0.000000 0.000000 0.000000 0.126831 0.719631 0.000000 0.070892 0.000000 0.036831 1.048969 0.915492 0.682923 0.291523 0.189046 0.577600 0.000000 0.503108 0.720742 0.650154 0.119646 0.000000 0.000000 0.000000 
12
0.000000 0.283585 0.535631 0.000000 0.394738 0.782138 0.514338 0.408646 0.000000 0.000000 0.000000 0.283585 0.488369 0.000000 0.500800 0.638862 0.641108 0.252092 0.000000 0.000000 0.000000 0.378108 0.441108 0.000000 0.466954 0.677754 0.521723 0.401015 0.000000 0.000000 0.000000 0.189062 0.630154 0.000000 0.351108 0.783892 0.532062 0.397323 0.000000 0.000000 0.000000 0.072323 0.796800 0.000000 0.141785 0.000000 0.195569 0.910246 0.846569 0.583262 0.451338 0.283846 0.630154 0.000000 0.500800 0.631831 0.567508 0.362570 0.000000 0.000000 0.000000 
13
0.000000 0.283569 0.527754 0.000000 0.267569 0.802046 0.505292 0.337062 0.000000 0.000000 0.000000 0.283569 0.480492 0.000000 0.493292 0.674415 0.637415 0.161246 0.000000 0.000000 0.000000 0.378092 0.433231 0.000000 0.500800 0.561092 0.521723 0.303123 0.000000 0.000000 0.000000 0.189046 0.622277 0.000000 0.365415 0.743492 0.532062 0.303123 0.000000 0.000000 0.000000 0.131262 0.773662 0.000000 0.070892 0.000000 0.142585 0.921185 0.797108 0.584169 0.423031 0.189292 0.622277 0.000000 0.503846 0.591738 0.567508 0.267677 0.000000 0.000000 0.000000 
14
0.000000 0.283569 0.486400 0.000000 0.240400 0.799292 0.471754 0.310415 0.000000 0.000000 0.000000 0.283569 0.533662 0.000000 0.494738 0.621708 0.579262 0.168631 0.000000 0.000000 0.000000 0.378092 0.391877 0.000000 0.488708 0.622908 0.487938 0.303108 0.000000 0.000000 0.000000 0.189046 0.580923 0.000000 0.357015 0.696492 0.480554 0.303846 0.000000 0.000000 0.000000 0.056431 0.797415 0.000000 0.070892 0.000000 0.165123 0.928769 0.616985 0.547738 0.450292 0.189292 0.580923 0.000000 0.494738 0.598738 0.516000 0.268400 0.000000 0.000000 0.000000 
15
0.000000 0.283569 0.483077 0.000000 0.341323 0.791246 0.468154 0.319338 0.000000 0.000000 0.000000 0.283569 0.530338 0.000000 0.492554 0.648108 0.588277 0.161246 0.000000 0.000000 0.000000 0.378092 0.388554 0.000000 0.472154 0.628385 0.493262 0.303108 0.000000 0.000000 0.000000 0.189046 0.577600 0.000000 0.278000 0.843338 0.485877 0.300154 0.000000 0.000000 0.000000 0.032308 0.811323 0.000000 0.070892 0.000000 0.165123 0.938015 0.832369 0.544985 0.455615 0.189292 0.577600 0.000000 0.503108 0.593954 0.521323 0.264708 0.000000 0.000000 0.000000 
16
0.000000 0.094538 0.747938 0.000000 0.366831 0.842338 0.654523 0.191369 0.000000 0.000000 0.000000 0.378108 0.441108 0.000000 0.470708 0.693185 0.662062 0.105185 0.000000 0.000000 0.000000 0.283585 0.535631 0.000000 0.428492 0.704308 0.716092 0.129800 0.000000 0.000000 0.000000 0.283585 0.535631 0.000000 0.384800 0.701554 0.654523 0.181892 0.000000 0.000000 0.000000 0.356446 0.676923 0.000000 0.070892 0.000000 0.117738 0.912785 0.709846 0.738708 0.347800 0.189062 0.582892 0.000000 0.470708 0.645462 0.705415 0.134692 0.000000 0.000000 0.000000 
17
0.000000 0.094523 0.740062 0.000000 0.345723 0.717000 0.654523 0.182000 0.000000 0.000000 0.000000 0.378092 0.433231 0.000000 0.516585 0.694846 0.652200 0.094538 0.000000 0.000000 0.000000 0.283569 0.527754 0.000000 0.506031 0.608292 0.712400 0.124123 0.000000 0.000000 0.000000 0.283569 0.527754 0.000000 0.345723 0.783569 0.654523 0.175723 0.000000 0.000000 0.000000 0.347138 0.676923 0.000000 0.070892 0.000000 0.128200 0.930800 0.725846 0.723862 0.337938 0.189046 0.575015 0.000000 0.527138 0.607585 0.699262 0.130985 0.000000 0.000000 0.000000 
18
0.000000 0.094523 0.648862 0.000000 0.331877 0.737492 0.654523 0.171354 0.000000 0.000000 0.000000 0.378092 0.391877 0.000000 0.490708 0.666785 0.652200 0.105185 0.000000 0.000000 0.000000 0.283569 0.486400 0.000000 0.448492 0.570708 0.712400 0.113477 0.000000 0.000000 0.000000 0.283569 0.486400 0.000000 0.331877 0.676538 0.654523 0.165077 0.000000 0.000000 0.000000 0.345631 0.679262 0.000000 0.070892 0.000000 0.077123 0.887477 0.711108 0.725277 0.327292 0.189046 0.628185 0.000000 0.490708 0.574492 0.699262 0.120338 0.000000 0.000000 0.000000 
19
0.000000 0.094523 0.652185 0.000000 0.328000 0.649169 0.660431 0.152062 0.000000 0.000000 0.000000 0.378092 0.388554 0.000000 0.484462 0.592600 0.663431 0.094538 0.000000 0.000000 0.000000 0.283569 0.483077 0.000000 0.430215 0.621892 0.699015 0.113477 0.000000 0.000000 0.000000 0.283569 0.483077 0.000000 0.361908 0.732462 0.660431 0.174092 0.000000 0.000000 0.000000 0.286908 0.688000 0.000000 0.070892 0.000000 0.062738 0.919846 0.653400 0.720554 0.324738 0.189046 0.624862 0.000000 0.484462 0.517877 0.717477 0.113354 0.000000 0.000000 0.000000 
20
0.000000 0.283585 0.555138 0.000000 0.378615 0.693108 0.673969 0.169431 0.000000 0.000000 0.000000 0.378108 0.448985 0.000000 0.411046 0.661277 0.715569 0.105185 0.000000 0.000000 0.000000 0.283585 0.553477 0.000000 0.356800 0.636646 0.674092 0.169431 0.000000 0.000000 0.000000 0.190274 0.648000 0.000000 0.290523 0.775846 0.674092 0.176446 0.000000 0.000000 0.000000 0.326846 0.666462 0.000000 0.141785 0.000000 0.190585 0.896277 0.703046 0.754400 0.233908 0.378123 0.543508 0.000000 0.411046 0.622723 0.682892 0.158723 0.000000 0.000000 0.000000 
21
0.000000 0.283569 0.495938 0.000000 0.360123 0.671200 0.659015 0.165738 0.000000 0.000000 0.000000 0.378092 0.403077 0.000000 0.360123 0.631585 0.671185 0.094538 0.000000 0.000000 0.000000 0.283569 0.497600 0.000000 0.382708 0.681723 0.667815 0.155092 0.000000 0.000000 0.000000 0.189046 0.592123 0.000000 0.222400 0.762892 0.659015 0.159138 0.000000 0.000000 0.000000 0.312246 0.642831 0.000000 0.070892 0.000000 0.153138 0.909831 0.644754 0.739554 0.178877 0.378108 0.497600 0.000000 0.422369 0.554400 0.685662 0.152062 0.000000 0.000000 0.000000 
22
0.000000 0.283569 0.492615 0.000000 0.334615 0.644908 0.681723 0.156523 0.000000 0.000000 0.000000 0.378092 0.403077 0.000000 0.359385 0.645338 0.701708 0.105185 0.000000 0.000000 0.000000 0.283569 0.492615 0.000000 0.381969 0.593138 0.681723 0.165738 0.000000 0.000000 0.000000 0.189046 0.587138 0.000000 0.221662 0.692385 0.672800 0.169785 0.000000 0.000000 0.000000 0.313231 0.640000 0.000000 0.070892 0.000000 0.175462 0.905938 0.686169 0.754754 0.195615 0.388754 0.497600 0.000000 0.338277 0.625892 0.690523 0.141415 0.000000 0.000000 0.000000 
23
0.000000 0.283569 0.492615 0.000000 0.254462 0.555492 0.623631 0.155092 0.000000 0.000000 0.000000 0.378092 0.403077 0.000000 0.338708 0.630785 0.651492 0.094538 0.000000 0.000000 0.000000 0.283569 0.492615 0.000000 0.273908 0.585631 0.614708 0.156523 0.000000 0.000000 0.000000 0.189046 0.587138 0.000000 0.304092 0.622723 0.614708 0.159138 0.000000 0.000000 0.000000 0.310462 0.619200 0.000000 0.070892 0.000000 0.147954 0.911400 0.564923 0.686031 0.195615 0.378108 0.497600 0.000000 0.317600 0.600215 0.632431 0.141415 0.000000 0.000000 0.000000 
24
0.000000 0.283585 0.555138 0.000000 0.396062 0.685662 0.657292 0.179769 0.000000 0.000000 0.000000 0.283585 0.543508 0.000000 0.416738 0.655031 0.664185 0.105185 0.000000 0.000000 0.000000 0.283585 0.480492 0.000000 0.356800 0.679046 0.657292 0.179769 0.000000 0.000000 0.000000 0.283585 0.560123 0.000000 0.290523 0.761862 0.657292 0.177554 0.000000 0.000000 0.000000 0.313246 0.666462 0.000000 0.141785 0.000000 0.208692 0.913308 0.630431 0.763077 0.306108 0.283585 0.543508 0.000000 0.355323 0.616877 0.692738 0.149492 0.000000 0.000000 0.000000 
25
0.000000 0.283569 0.495938 0.000000 0.349569 0.612923 0.657292 0.160723 0.000000 0.000000 0.000000 0.283569 0.500923 0.000000 0.442646 0.683246 0.646446 0.094538 0.000000 0.000000 0.000000 0.283569 0.522892 0.000000 0.339015 0.683585 0.657292 0.171369 0.000000 0.000000 0.000000 0.283569 0.494277 0.000000 0.222400 0.736938 0.657292 0.170892 0.000000 0.000000 0.000000 0.312246 0.642831 0.000000 0.070892 0.000000 0.142585 0.904831 0.640123 0.761200 0.299446 0.283569 0.500923 0.000000 0.403815 0.613215 0.692738 0.131754 0.000000 0.000000 0.000000 
26
0.000000 0.283569 0.492615 0.000000 0.348831 0.640092 0.664923 0.167692 0.000000 0.000000 0.000000 0.283569 0.495938 0.000000 0.474400 0.552615 0.654062 0.105185 0.000000 0.000000 0.000000 0.283569 0.516246 0.000000 0.473662 0.468585 0.664923 0.167692 0.000000 0.000000 0.000000 0.283569 0.490954 0.000000 0.221662 0.695492 0.664923 0.170877 0.000000 0.000000 0.000000 0.313231 0.628185 0.000000 0.070892 0.000000 0.165123 0.906646 0.666523 0.774585 0.293277 0.283569 0.495938 0.000000 0.380492 0.564308 0.700369 0.131738 0.000000 0.000000 0.000000 
27
0.000000 0.283569 0.492615 0.000000 0.272431 0.601308 0.614708 0.167677 0.000000 0.000000 0.000000 0.283569 0.495938 0.000000 0.316123 0.657523 0.603846 0.105185 0.000000 0.000000 0.000000 0.283569 0.516677 0.000000 0.317600 0.588585 0.614708 0.157031 0.000000 0.000000 0.000000 0.283569 0.490954 0.000000 0.314646 0.663354 0.614708 0.156538 0.000000 0.000000 0.000000 0.312246 0.619200 0.000000 0.070892 0.000000 0.150523 0.891615 0.621000 0.724369 0.278938 0.283569 0.495938 0.000000 0.382400 0.590446 0.650154 0.121092 0.000000 0.000000 0.000000 
28
0.000000 0.283585 0.558092 0.000000 0.249969 0.694831 0.666215 0.165754 0.000000 0.000000 0.000000 0.189062 0.650954 0.000000 0.453969 0.685000 0.671646 0.105185 0.000000 0.000000 0.000000 0.189062 0.640985 0.000000 0.432862 0.643615 0.666215 0.179769 0.000000 0.000000 0.000000 0.283585 0.560123 0.002954 0.320708 0.653569 0.675015 0.149569 0.000000 0.000000 0.000000 0.407769 0.571938 0.000000 0.141785 0.000000 0.177462 0.898446 0.666338 0.760292 0.217492 0.283600 0.640985 0.000000 0.447754 0.617938 0.683938 0.158369 0.000000 0.000000 0.000000 
29
0.000000 0.283569 0.498892 0.000000 0.362215 0.669954 0.659938 0.155092 0.000000 0.000000 0.000000 0.189046 0.595077 0.000000 0.376492 0.652738 0.638831 0.105185 0.000000 0.000000 0.000000 0.189046 0.598400 0.000000 0.519569 0.469662 0.651138 0.169431 0.000000 0.000000 0.000000 0.283569 0.494277 0.002954 0.340492 0.641231 0.668862 0.147708 0.000000 0.000000 0.000000 0.406769 0.548800 0.000000 0.075323 0.000000 0.138754 0.900523 0.673985 0.760292 0.191877 0.283585 0.598400 0.000000 0.382708 0.574523 0.668862 0.151708 0.000000 0.000000 0.000000 
30
0.000000 0.283569 0.495569 0.000000 0.360862 0.652708 0.673846 0.165738 0.000000 0.000000 0.000000 0.189046 0.590092 0.000000 0.404554 0.648846 0.652615 0.094538 0.000000 0.000000 0.000000 0.189046 0.593415 0.000000 0.490031 0.448000 0.664923 0.155108 0.000000 0.000000 0.000000 0.283569 0.490954 0.002954 0.339754 0.625323 0.682646 0.155400 0.000000 0.000000 0.000000 0.407754 0.536492 0.000000 0.075323 0.000000 0.128200 0.922415 0.594354 0.774585 0.182954 0.294231 0.593415 0.000000 0.371415 0.560954 0.682646 0.141062 0.000000 0.000000 0.000000 
31
0.000000 0.283569 0.495569 0.000000 0.277754 0.614969 0.614708 0.155092 0.000000 0.000000 0.000000 0.189046 0.590092 0.000000 0.331723 0.621385 0.602400 0.094538 0.000000 0.000000 0.000000 0.189046 0.593415 0.000000 0.456554 0.422969 0.614708 0.155092 0.000000 0.000000 0.000000 0.283569 0.490954 0.002954 0.347323 0.614862 0.632431 0.144754 0.000000 0.000000 0.000000 0.406769 0.521354 0.000000 0.073846 0.000000 0.128200 0.905954 0.688692 0.722523 0.182954 0.283585 0.593415 0.000000 0.364862 0.563108 0.632431 0.137369 0.000000 0.000000 0.000000 
32
0.000000 0.283585 0.586076 0.091938 0.155692 0.715077 0.660062 0.179785 0.000000 0.000000 0.000000 0.283585 0.598384 0.000000 0.312923 0.686138 0.647769 0.105185 0.000000 0.000000 0.000000 0.378108 0.583492 0.000000 0.291815 0.637077 0.677785 0.162062 0.000000 0.000000 0.000000 0.283585 0.556815 0.121200 0.229569 0.661292 0.668862 0.142923 0.000000 0.000000 0.000000 0.425369 0.587985 0.070892 0.071062 0.000350 0.310310 0.820815 0.640062 0.752554 0.191892 0.294246 0.696861 0.000000 0.335508 0.611785 0.695508 0.130308 0.000000 0.000000 0.000000 
33
0.000000 0.283569 0.524123 0.091938 0.233231 0.689954 0.651138 0.151400 0.000000 0.000000 0.000000 0.283569 0.646338 0.000000 0.298031 0.636431 0.638831 0.094538 0.000000 0.000000 0.000000 0.378092 0.521538 0.000000 0.276923 0.626123 0.651138 0.162046 0.000000 0.000000 0.000000 0.283569 0.494862 0.116400 0.233231 0.646815 0.668862 0.158354 0.000000 0.000000 0.000000 0.414092 0.537277 0.000000 0.182077 0.000000 0.207123 0.820508 0.624969 0.734523 0.182954 0.283585 0.734215 0.000000 0.243785 0.625969 0.686585 0.130292 0.000000 0.000000 0.000000 
34
0.000000 0.283569 0.525323 0.082615 0.233231 0.598769 0.664923 0.162046 0.000000 0.000000 0.000000 0.283569 0.636554 0.000000 0.298031 0.639569 0.652615 0.105185 0.000000 0.000000 0.000000 0.378092 0.513415 0.000000 0.276923 0.562415 0.664923 0.151400 0.000000 0.000000 0.000000 0.283569 0.491538 0.115615 0.233231 0.646846 0.682646 0.137369 0.000000 0.000000 0.000000 0.415077 0.525554 0.000000 0.186185 0.000000 0.202477 0.851677 0.528123 0.749215 0.182954 0.294231 0.731323 0.000000 0.233231 0.557738 0.700369 0.119646 0.000000 0.000000 0.000000 
35
0.000000 0.283569 0.510692 0.095677 0.141477 0.681846 0.614708 0.144754 0.000000 0.000000 0.000000 0.283569 0.627108 0.000000 0.230769 0.638831 0.598708 0.094538 0.000000 0.000000 0.000000 0.378092 0.511846 0.000000 0.209662 0.568338 0.618400 0.141062 0.000000 0.000000 0.000000 0.283569 0.491538 0.120415 0.225262 0.573031 0.632431 0.137369 0.000000 0.000000 0.000000 0.413292 0.522231 0.000000 0.185400 0.000000 0.203738 0.857554 0.561785 0.677708 0.179262 0.283585 0.724077 0.000000 0.253354 0.587908 0.650154 0.115954 0.000000 0.000000 0.000000 
36
0.000000 0.283585 0.625200 0.000000 0.208462 0.682954 0.674092 0.165754 0.000000 0.000000 0.000000 0.378108 0.532338 0.000000 0.302369 0.619431 0.704385 0.105185 0.000000 0.000000 0.000000 0.473555 0.436154 0.000000 0.243077 0.591585 0.691815 0.162062 0.000000 0.000000 0.000000 0.189062 0.647354 0.072369 0.182492 0.655923 0.674092 0.165754 0.000000 0.000000 0.000000 0.366785 0.619569 0.000000 0.155631 0.000000 0.228231 0.999262 0.482092 0.733108 0.311108 0.189985 0.719723 0.000000 0.356615 0.559954 0.727262 0.112585 0.000000 0.000000 0.000000 
37
0.000000 0.283569 0.559662 0.000000 0.197908 0.627754 0.659015 0.158785 0.000000 0.000000 0.000000 0.378092 0.465138 0.000000 0.329692 0.576462 0.676985 0.094538 0.000000 0.000000 0.000000 0.472615 0.370615 0.000000 0.276923 0.614954 0.659015 0.162046 0.000000 0.000000 0.000000 0.189046 0.589385 0.064800 0.116615 0.792615 0.659015 0.155092 0.000000 0.000000 0.000000 0.352800 0.523600 0.000000 0.157892 0.000000 0.157954 1.072338 0.307877 0.735431 0.283708 0.189046 0.655846 0.000000 0.296554 0.544277 0.712185 0.112569 0.000000 0.000000 0.000000 
38
0.000000 0.283569 0.555554 0.000000 0.233231 0.628646 0.659015 0.165738 0.000000 0.000000 0.000000 0.378092 0.461031 0.000000 0.329692 0.554369 0.670831 0.105185 0.000000 0.000000 0.000000 0.472615 0.366508 0.000000 0.276923 0.605015 0.659015 0.151400 0.000000 0.000000 0.000000 0.189046 0.586062 0.064015 0.116615 0.735077 0.659015 0.165738 0.000000 0.000000 0.000000 0.352000 0.520846 0.000000 0.157892 0.000000 0.217677 0.994400 0.427754 0.729892 0.291523 0.189046 0.650077 0.000000 0.296554 0.549031 0.712185 0.101923 0.000000 0.000000 0.000000 
39
0.000000 0.283569 0.563123 0.000000 0.155692 0.669277 0.664923 0.151400 0.000000 0.000000 0.000000 0.378092 0.466938 0.000000 0.251877 0.585754 0.701354 0.094538 0.000000 0.000000 0.000000 0.472615 0.374077 0.000000 0.258400 0.537046 0.668615 0.144754 0.000000 0.000000 0.000000 0.189046 0.586062 0.071585 0.181385 0.623200 0.664923 0.155092 0.000000 0.000000 0.000000 0.352000 0.509031 0.000000 0.155815 0.000000 0.217677 0.994046 0.338154 0.762215 0.283646 0.189046 0.655985 0.000000 0.274462 0.526477 0.718092 0.101923 0.000000 0.000000 0.000000 
40
0.000000 0.283585 0.560769 0.000000 0.197908 0.698462 0.681969 0.179785 0.000000 0.000000 0.000000 0.189985 0.653631 0.000000 0.346062 0.662062 0.661800 0.105185 0.000000 0.000000 0.000000 0.283585 0.542492 0.000000 0.275569 0.600692 0.674092 0.162062 0.000000 0.000000 0.000000 0.189062 0.649015 0.006277 0.219015 0.666185 0.685662 0.148031 0.000000 0.000000 0.000000 0.090969 0.871554 0.000000 0.141785 0.000000 0.100031 1.041600 0.499554 0.733108 0.311108 0.283585 0.560769 0.000000 0.302154 0.546877 0.709538 0.130308 0.000000 0.000000 0.000000 
41
0.000000 0.283569 0.501138 0.000000 0.116615 0.720277 0.659015 0.151400 0.000000 0.000000 0.000000 0.189046 0.597323 0.000000 0.275446 0.615569 0.646708 0.094538 0.000000 0.000000 0.000000 0.283569 0.507785 0.000000 0.233231 0.622923 0.682892 0.162046 0.000000 0.000000 0.000000 0.189046 0.589385 0.006277 0.233231 0.602938 0.676738 0.148015 0.000000 0.000000 0.000000 0.089662 0.796415 0.000000 0.078738 0.000000 0.153492 0.987692 0.408369 0.735431 0.285369 0.283569 0.501138 0.000000 0.374646 0.532462 0.694462 0.130292 0.000000 0.000000 0.000000 
42
0.000000 0.283569 0.497031 0.000000 0.169385 0.677354 0.651138 0.162046 0.000000 0.000000 0.000000 0.189046 0.591554 0.000000 0.275446 0.623662 0.646708 0.105185 0.000000 0.000000 0.000000 0.283569 0.502015 0.000000 0.233231 0.622923 0.646708 0.151400 0.000000 0.000000 0.000000 0.189046 0.586062 0.005492 0.233231 0.579569 0.676738 0.137369 0.000000 0.000000 0.000000 0.058154 0.895185 0.000000 0.078738 0.000000 0.128554 1.004677 0.392615 0.748431 0.296015 0.283569 0.497031 0.000000 0.330954 0.538477 0.694462 0.119646 0.000000 0.000000 0.000000 
43
0.000000 0.283569 0.495369 0.000000 0.148277 0.675646 0.664923 0.148446 0.000000 0.000000 0.000000 0.189046 0.589892 0.000000 0.295569 0.601554 0.652615 0.094538 0.000000 0.000000 0.000000 0.283569 0.502015 0.000000 0.269600 0.545754 0.671077 0.148446 0.000000 0.000000 0.000000 0.189046 0.584400 0.005492 0.248800 0.620954 0.688800 0.137369 0.000000 0.000000 0.000000 0.065908 0.823677 0.000000 0.078738 0.000000 0.147785 0.985015 0.418062 0.743677 0.277492 0.283569 0.495369 0.000000 0.293231 0.485123 0.700369 0.119646 0.000000 0.000000 0.000000 
44
0.000000 0.284508 0.542492 0.000000 0.203815 0.732738 0.683938 0.162062 0.000000 0.000000 0.000000 0.378108 0.447969 0.000000 0.297323 0.682615 0.653923 0.105185 0.000000 0.000000 0.000000 0.378108 0.447969 0.000000 0.251200 0.589769 0.683938 0.162062 0.000000 0.000000 0.000000 0.283585 0.554492 0.006277 0.227138 0.664215 0.675015 0.156954 0.000000 0.000000 0.000000 0.164508 0.762954 0.000000 0.141785 0.000000 0.100031 1.021431 0.450631 0.754754 0.208692 0.378123 0.559108 0.000000 0.220492 0.588877 0.710462 0.112585 0.000000 0.000000 0.000000 
45
0.000000 0.283569 0.507785 0.000000 0.116615 0.766477 0.651138 0.151400 0.000000 0.000000 0.000000 0.378092 0.413262 0.000000 0.233231 0.659077 0.638831 0.094538 0.000000 0.000000 0.000000 0.378092 0.413262 0.000000 0.276923 0.606292 0.651138 0.151400 0.000000 0.000000 0.000000 0.283569 0.494862 0.006277 0.116615 0.743000 0.668862 0.137369 0.000000 0.000000 0.000000 0.152677 0.774985 0.000000 0.078738 0.000000 0.172308 0.966908 0.431862 0.757077 0.182954 0.378108 0.501138 0.000000 0.298031 0.574462 0.713231 0.112569 0.000000 0.000000 0.000000 
46
0.000000 0.283569 0.502015 0.000000 0.161785 0.680785 0.651138 0.162046 0.000000 0.000000 0.000000 0.378092 0.407492 0.000000 0.233231 0.657862 0.638831 0.105185 0.000000 0.000000 0.000000 0.378092 0.407492 0.000000 0.276923 0.620785 0.651138 0.162046 0.000000 0.000000 0.000000 0.283569 0.491538 0.005492 0.116615 0.704969 0.668862 0.148015 0.000000 0.000000 0.000000 0.147138 0.749277 0.000000 0.078738 0.000000 0.128554 1.033123 0.348538 0.752508 0.182954 0.388754 0.497031 0.000000 0.298031 0.579000 0.704308 0.101923 0.000000 0.000000 0.000000 
47
0.000000 0.283569 0.502015 0.000000 0.148277 0.617062 0.664923 0.148446 0.000000 0.000000 0.000000 0.378092 0.407492 0.000000 0.302092 0.653569 0.652615 0.094538 0.000000 0.000000 0.000000 0.378092 0.407492 0.000000 0.250277 0.555385 0.672308 0.141062 0.000000 0.000000 0.000000 0.283569 0.489877 0.005492 0.224431 0.630569 0.682646 0.137369 0.000000 0.000000 0.000000 0.144369 0.795615 0.000000 0.078738 0.000000 0.089477 1.057200 0.408062 0.779262 0.182954 0.378108 0.497031 0.000000 0.312646 0.556015 0.718092 0.101923 0.000000 0.000000 0.000000 
48
0.000000 0.283569 0.560769 0.000000 0.197908 0.730277 0.660062 0.165754 0.000000 0.000000 0.000000 0.283569 0.542492 0.000000 0.259323 0.623815 0.690354 0.105185 0.000000 0.000000 0.000000 0.189046 0.653631 0.000000 0.243077 0.619215 0.677785 0.162062 0.000000 0.000000 0.000000 0.283569 0.552831 0.006277 0.197908 0.729446 0.657292 0.165754 0.000000 0.000000 0.000000 0.164492 0.671200 0.101723 0.070892 0.000000 0.160369 1.044862 0.663754 0.733108 0.278615 0.189046 0.637015 0.000000 0.305446 0.574277 0.677785 0.148031 0.000000 0.000000 0.000000 
49
0.000000 0.283569 0.501138 0.000000 0.116615 0.743369 0.660062 0.155092 0.000000 0.000000 0.000000 0.378092 0.409938 0.000000 0.336862 0.582954 0.690338 0.094538 0.000000 0.000000 0.000000 0.189046 0.595662 0.000000 0.233231 0.657800 0.660062 0.162046 0.000000 0.000000 0.000000 0.283569 0.494862 0.006277 0.116615 0.722169 0.651138 0.155092 0.000000 0.000000 0.000000 0.152677 0.650415 0.084600 0.000000 0.000000 0.229200 0.996569 0.713600 0.735431 0.292569 0.189046 0.602308 0.000000 0.264892 0.604200 0.677785 0.148015 0.000000 0.000000 0.000000 
50
0.000000 0.283569 0.497031 0.000000 0.169385 0.707554 0.653908 0.165738 0.000000 0.000000 0.000000 0.378092 0.409154 0.000000 0.325662 0.510862 0.684185 0.105185 0.000000 0.000000 0.000000 0.189046 0.591554 0.000000 0.233231 0.644046 0.653908 0.162046 0.000000 0.000000 0.000000 0.283569 0.491538 0.005492 0.116615 0.734108 0.659446 0.165738 0.000000 0.000000 0.000000 0.144369 0.703385 0.084600 0.000000 0.000000 0.172138 1.035062 0.817292 0.748431 0.297062 0.189046 0.596538 0.000000 0.264892 0.593415 0.671631 0.148015 0.000000 0.000000 0.000000 
51
0.000000 0.283569 0.495369 0.000000 0.148277 0.602338 0.664092 0.165738 0.000000 0.000000 0.000000 0.378092 0.409154 0.000000 0.298646 0.623323 0.669754 0.105185 0.000000 0.000000 0.000000 0.189046 0.591554 0.000000 0.212738 0.572385 0.664092 0.148446 0.000000 0.000000 0.000000 0.283569 0.491538 0.005492 0.167569 0.631292 0.670246 0.165738 0.000000 0.000000 0.000000 0.144369 0.685677 0.101231 0.000000 0.000000 0.172138 1.019323 0.658600 0.743677 0.293462 0.189046 0.596538 0.000000 0.236277 0.572323 0.681815 0.137369 0.000000 0.000000 0.000000 
52
0.000000 0.283569 0.559754 0.000000 0.208246 0.728831 0.660062 0.179785 0.000000 0.000000 0.000000 0.189046 0.654277 0.000000 0.305446 0.603677 0.684200 0.105185 0.000000 0.000000 0.000000 0.378092 0.466892 0.000000 0.243077 0.640169 0.660062 0.162062 0.000000 0.000000 0.000000 0.189046 0.649662 0.006277 0.219015 0.710292 0.657292 0.165754 0.000000 0.000000 0.000000 0.164492 0.755692 0.000000 0.141785 0.000000 0.228231 0.904354 0.452077 0.775138 0.297077 0.283569 0.549785 0.000000 0.311138 0.593677 0.677785 0.148031 0.000000 0.000000 0.000000 
53
0.000000 0.283569 0.503877 0.000000 0.116615 0.714692 0.660062 0.151400 0.000000 0.000000 0.000000 0.189046 0.598400 0.000000 0.286000 0.612631 0.683354 0.094538 0.000000 0.000000 0.000000 0.378092 0.407692 0.000000 0.276923 0.659308 0.660062 0.162046 0.000000 0.000000 0.000000 0.189046 0.590462 0.006277 0.233231 0.608538 0.659446 0.165738 0.000000 0.000000 0.000000 0.152677 0.777477 0.000000 0.078738 0.000000 0.200015 0.867985 0.509538 0.760292 0.297062 0.283569 0.505538 0.000000 0.336862 0.581354 0.677785 0.148015 0.000000 0.000000 0.000000 
54
0.000000 0.283569 0.498108 0.000000 0.166215 0.660046 0.653908 0.162046 0.000000 0.000000 0.000000 0.189046 0.592631 0.000000 0.286000 0.607769 0.684185 0.105185 0.000000 0.000000 0.000000 0.378092 0.403585 0.000000 0.276923 0.593031 0.653908 0.162046 0.000000 0.000000 0.000000 0.189046 0.587138 0.005492 0.233231 0.629785 0.651138 0.165738 0.000000 0.000000 0.000000 0.144369 0.773662 0.000000 0.078738 0.000000 0.250169 0.887969 0.442369 0.761708 0.290908 0.283569 0.501431 0.000000 0.369354 0.475046 0.671631 0.148015 0.000000 0.000000 0.000000 
55
0.000000 0.283569 0.496446 0.000000 0.148277 0.706338 0.664092 0.159092 0.000000 0.000000 0.000000 0.189046 0.590969 0.000000 0.257385 0.636077 0.682892 0.105185 0.000000 0.000000 0.000000 0.378092 0.401923 0.000000 0.169046 0.590785 0.681815 0.148446 0.000000 0.000000 0.000000 0.189046 0.585477 0.005492 0.188677 0.626492 0.670246 0.155092 0.000000 0.000000 0.000000 0.144369 0.779877 0.000000 0.078738 0.000000 0.185415 0.897431 0.398154 0.756985 0.276662 0.283569 0.501431 0.000000 0.203138 0.578692 0.681815 0.137369 0.000000 0.000000 0.000000 
56
0.000000 0.283569 0.549785 0.000000 0.243785 0.701123 0.677785 0.162062 0.000000 0.000000 0.000000 0.378092 0.466892 0.000000 0.297323 0.657015 0.647769 0.105185 0.000000 0.000000 0.000000 0.283569 0.559754 0.000000 0.243077 0.638492 0.677785 0.162062 0.000000 0.000000 0.000000 0.094523 0.754585 0.006277 0.208462 0.708169 0.683938 0.148031 0.000000 0.000000 0.000000 0.164492 0.698769 0.057354 0.141785 0.000000 0.228231 0.988708 0.369292 0.754400 0.297077 0.189046 0.654277 0.000000 0.261754 0.588738 0.695508 0.130308 0.000000 0.000000 0.000000 
57
0.000000 0.283569 0.505538 0.000000 0.243785 0.681200 0.660062 0.162046 0.000000 0.000000 0.000000 0.378092 0.407692 0.000000 0.275446 0.665969 0.646923 0.094538 0.000000 0.000000 0.000000 0.283569 0.503877 0.000000 0.276923 0.679954 0.660062 0.162046 0.000000 0.000000 0.000000 0.094523 0.686215 0.006277 0.233231 0.658385 0.659323 0.137369 0.000000 0.000000 0.000000 0.152677 0.664615 0.076862 0.078738 0.000000 0.203354 1.014000 0.397477 0.739554 0.191877 0.283585 0.598400 0.000000 0.329692 0.596754 0.695508 0.130292 0.000000 0.000000 0.000000 
58
0.000000 0.283569 0.501431 0.000000 0.229569 0.650662 0.653908 0.162046 0.000000 0.000000 0.000000 0.378092 0.403585 0.000000 0.275446 0.648923 0.647754 0.105185 0.000000 0.000000 0.000000 0.283569 0.498108 0.000000 0.276923 0.579569 0.653908 0.162046 0.000000 0.000000 0.000000 0.094523 0.675015 0.005492 0.233231 0.638646 0.677785 0.148015 0.000000 0.000000 0.000000 0.144369 0.726585 0.062646 0.078738 0.000000 0.153692 1.032615 0.321908 0.761708 0.280262 0.199692 0.592631 0.000000 0.329692 0.559631 0.689354 0.130292 0.000000 0.000000 0.000000 
59
0.000000 0.283569 0.501431 0.000000 0.141477 0.557662 0.664092 0.148446 0.000000 0.000000 0.000000 0.378092 0.401923 0.000000 0.254954 0.665631 0.646462 0.105185 0.000000 0.000000 0.000000 0.283569 0.496446 0.000000 0.169046 0.585277 0.664092 0.148446 0.000000 0.000000 0.000000 0.094523 0.675015 0.005492 0.178123 0.591015 0.687969 0.148015 0.000000 0.000000 0.000000 0.144369 0.723446 0.076431 0.078738 0.000000 0.217677 0.988692 0.370277 0.736246 0.276662 0.199692 0.590969 0.000000 0.213692 0.569308 0.699538 0.119646 0.000000 0.000000 0.000000 
60
0.000000 0.189046 0.655938 0.000000 0.208462 0.746046 0.700615 0.179785 0.000000 0.000000 0.000000 0.378092 0.465231 0.000000 0.286769 0.850123 0.560385 0.105185 0.000000 0.000000 0.000000 0.378092 0.471877 0.000000 0.243077 0.799292 0.616985 0.162062 0.000000 0.000000 0.000000 0.189046 0.638031 0.006277 0.197908 0.801215 0.702585 0.156954 0.000000 0.000000 0.000000 0.164492 0.676554 0.080985 0.141785 0.000000 0.153200 1.060754 0.493369 0.819631 0.303231 0.283569 0.561415 0.000000 0.297323 0.715200 0.681969 0.130308 0.000000 0.000000 0.000000 
61
0.000000 0.189046 0.596738 0.000000 0.197908 0.710538 0.666954 0.162046 0.000000 0.000000 0.000000 0.378092 0.409354 0.000000 0.264892 0.853692 0.545292 0.094538 0.000000 0.000000 0.000000 0.378092 0.406031 0.000000 0.233231 0.827846 0.547754 0.162046 0.000000 0.000000 0.000000 0.189046 0.593785 0.006277 0.233231 0.684554 0.660000 0.148015 0.000000 0.000000 0.000000 0.152677 0.664615 0.081415 0.078738 0.000000 0.134708 1.020785 0.310569 0.820538 0.288138 0.283569 0.502215 0.000000 0.264892 0.724815 0.630462 0.130292 0.000000 0.000000 0.000000 
62
0.000000 0.189046 0.592631 0.000000 0.233231 0.745800 0.658031 0.162046 0.000000 0.000000 0.000000 0.378092 0.403585 0.000000 0.264892 0.831400 0.565969 0.105185 0.000000 0.000000 0.000000 0.378092 0.401923 0.000000 0.233231 0.783677 0.547754 0.162046 0.000000 0.000000 0.000000 0.189046 0.590462 0.005492 0.233231 0.723785 0.660000 0.148015 0.000000 0.000000 0.000000 0.147138 0.720738 0.082585 0.078738 0.000000 0.116062 1.035385 0.350092 0.824123 0.288138 0.283569 0.498108 0.000000 0.264892 0.728508 0.630462 0.130292 0.000000 0.000000 0.000000 
63
0.000000 0.189046 0.590969 0.000000 0.166246 0.705415 0.658031 0.148446 0.000000 0.000000 0.000000 0.378092 0.401923 0.000000 0.244400 0.810646 0.561046 0.105185 0.000000 0.000000 0.000000 0.378092 0.400262 0.000000 0.212738 0.821662 0.547754 0.148446 0.000000 0.000000 0.000000 0.189046 0.590462 0.005492 0.167569 0.735169 0.660000 0.137369 0.000000 0.000000 0.000000 0.144369 0.713292 0.066400 0.078738 0.000000 0.171031 0.982323 0.479046 0.816415 0.277492 0.283569 0.496446 0.000000 0.244400 0.725677 0.630462 0.119646 0.000000 0.000000 0.000000 
64
0.000000 0.189046 0.654277 0.000000 0.176800 0.528938 1.012862 0.301492 0.000000 0.000000 0.000000 0.378092 0.455262 0.000000 0.286769 0.653862 1.000615 0.135523 0.000000 0.000000 0.000000 0.378092 0.466892 0.000000 0.243077 0.517277 0.997538 0.197631 0.000000 0.000000 0.000000 0.283569 0.555138 0.006277 0.155692 0.546708 1.012862 0.301492 0.000000 0.000000 0.000000 0.090954 0.844308 0.000000 0.141785 0.000000 0.207123 0.943000 0.222954 0.880138 0.517554 0.283585 0.644308 0.000000 0.294892 0.526769 1.000062 0.240631 0.000000 0.000000 0.000000 
65
0.000000 0.189046 0.598400 0.000000 0.116615 0.569954 0.970277 0.317200 0.000000 0.000000 0.000000 0.378092 0.411015 0.000000 0.286000 0.579015 0.991754 0.115954 0.000000 0.000000 0.000000 0.378092 0.407692 0.000000 0.276923 0.586277 0.999015 0.197738 0.000000 0.000000 0.000000 0.283569 0.495938 0.006277 0.116615 0.571523 0.970277 0.304585 0.000000 0.000000 0.000000 0.091938 0.828123 0.000000 0.078738 0.000000 0.207123 0.924415 0.218338 0.846754 0.508369 0.283585 0.598400 0.000000 0.286000 0.462338 0.957477 0.276400 0.000000 0.000000 0.000000 
66
0.000000 0.189046 0.592631 0.000000 0.148277 0.404108 0.964123 0.327831 0.000000 0.000000 0.000000 0.378092 0.406908 0.000000 0.286000 0.532969 0.989308 0.122908 0.000000 0.000000 0.000000 0.378092 0.403585 0.000000 0.276923 0.502800 0.992862 0.197615 0.000000 0.000000 0.000000 0.283569 0.492615 0.005492 0.116615 0.509154 1.014338 0.287277 0.000000 0.000000 0.000000 0.076831 0.847877 0.000000 0.078738 0.000000 0.207123 0.952031 0.318277 0.846754 0.519938 0.294231 0.597615 0.000000 0.286000 0.425200 1.001538 0.236323 0.000000 0.000000 0.000000 
67
0.000000 0.189046 0.590969 0.000000 0.137723 0.584123 0.994892 0.317000 0.000000 0.000000 0.000000 0.378092 0.406908 0.000000 0.223292 0.531492 0.996000 0.140754 0.000000 0.000000 0.000000 0.378092 0.401923 0.000000 0.169046 0.535323 0.998031 0.184138 0.000000 0.000000 0.000000 0.283569 0.490954 0.005492 0.167569 0.482662 0.994892 0.319954 0.000000 0.000000 0.000000 0.079585 0.848492 0.000000 0.078738 0.000000 0.082754 1.080338 0.318277 0.846754 0.507385 0.294231 0.595954 0.000000 0.215169 0.422231 1.000554 0.240631 0.000000 0.000000 0.000000 
68
0.000000 0.189046 0.636738 0.000000 0.282338 0.677415 0.681846 0.165754 0.000000 0.000000 0.000000 0.378092 0.447692 0.000000 0.353354 0.650369 0.651215 0.105185 0.000000 0.000000 0.000000 0.283569 0.542215 0.000000 0.243077 0.685569 0.691815 0.165754 0.000000 0.000000 0.000000 0.283569 0.535938 0.006277 0.197908 0.737600 0.663508 0.183477 0.000000 0.000000 0.000000 0.208492 0.653938 0.000000 0.077169 0.000000 0.233277 0.974138 0.542308 0.753846 0.311108 0.283569 0.542215 0.000000 0.337108 0.597046 0.727262 0.122923 0.000000 0.000000 0.000000 
69
0.000000 0.189046 0.628862 0.000000 0.243785 0.657092 0.660062 0.155092 0.000000 0.000000 0.000000 0.378092 0.439815 0.000000 0.291692 0.587569 0.662708 0.105185 0.000000 0.000000 0.000000 0.283569 0.534338 0.000000 0.233231 0.637323 0.659015 0.165738 0.000000 0.000000 0.000000 0.283569 0.528062 0.006277 0.116615 0.758892 0.657292 0.165738 0.000000 0.000000 0.000000 0.208492 0.634246 0.000000 0.077169 0.000000 0.149662 1.060969 0.370400 0.756169 0.290785 0.283569 0.534338 0.000000 0.275446 0.564615 0.712185 0.116262 0.000000 0.000000 0.000000 
70
0.000000 0.189046 0.583400 0.000000 0.243785 0.606215 0.660062 0.165738 0.000000 0.000000 0.000000 0.378092 0.394354 0.000000 0.275446 0.667400 0.644985 0.105185 0.000000 0.000000 0.000000 0.283569 0.488877 0.000000 0.233231 0.561031 0.651138 0.165738 0.000000 0.000000 0.000000 0.283569 0.483385 0.005492 0.116615 0.721662 0.657292 0.165738 0.000000 0.000000 0.000000 0.203046 0.637077 0.000000 0.076385 0.000000 0.149662 1.028831 0.407923 0.735431 0.294292 0.283569 0.488877 0.000000 0.275446 0.558523 0.704308 0.112569 0.000000 0.000000 0.000000 
71
0.000000 0.189046 0.583400 0.000000 0.159446 0.520292 0.664923 0.162046 0.000000 0.000000 0.000000 0.378092 0.394354 0.000000 0.263077 0.592908 0.655077 0.094538 0.000000 0.000000 0.000000 0.283569 0.488877 0.000000 0.212738 0.584169 0.664923 0.151400 0.000000 0.000000 0.000000 0.283569 0.483385 0.005492 0.167569 0.573508 0.671077 0.151400 0.000000 0.000000 0.000000 0.200277 0.625877 0.000000 0.076385 0.000000 0.100031 1.102923 0.317538 0.767200 0.290600 0.283569 0.488877 0.000000 0.246831 0.535354 0.718092 0.101923 0.000000 0.000000 0.000000 
72
0.000000 0.189046 0.636738 0.000000 0.197908 0.718031 0.666215 0.260277 0.000000 0.000000 0.000000 0.283569 0.542215 0.000000 0.294892 0.660154 0.681415 0.199723 0.000000 0.000000 0.000000 0.378092 0.447692 0.000000 0.243077 0.641431 0.683938 0.257277 0.000000 0.000000 0.000000 0.283569 0.535938 0.006277 0.187354 0.684231 0.666215 0.260277 0.000000 0.000000 0.000000 0.303092 0.559415 0.000000 0.077169 0.000000 0.247662 0.857585 0.743446 0.769600 0.198031 0.294246 0.691877 0.000000 0.293415 0.568877 0.701662 0.224831 0.000000 0.000000 0.000000 
73
0.000000 0.189046 0.628862 0.000000 0.116615 0.718062 0.651138 0.155092 0.000000 0.000000 0.000000 0.283569 0.534338 0.000000 0.286000 0.592492 0.684185 0.105185 0.000000 0.000000 0.000000 0.378092 0.439815 0.000000 0.368615 0.535708 0.651138 0.151400 0.000000 0.000000 0.000000 0.283569 0.528062 0.006277 0.116615 0.774138 0.651138 0.155092 0.000000 0.000000 0.000000 0.300308 0.539723 0.000000 0.077169 0.000000 0.243769 0.900631 0.734862 0.756169 0.182954 0.189062 0.684000 0.000000 0.336862 0.561738 0.668862 0.148015 0.000000 0.000000 0.000000 
74
0.000000 0.189046 0.583400 0.000000 0.158831 0.674754 0.651138 0.155092 0.000000 0.000000 0.000000 0.283569 0.488877 0.000000 0.286000 0.594138 0.675262 0.094538 0.000000 0.000000 0.000000 0.378092 0.394354 0.000000 0.368615 0.469646 0.651138 0.151400 0.000000 0.000000 0.000000 0.283569 0.483385 0.005492 0.116615 0.705015 0.651138 0.155092 0.000000 0.000000 0.000000 0.300292 0.542554 0.000000 0.076385 0.000000 0.253554 0.853185 0.757831 0.752508 0.182954 0.189062 0.717308 0.000000 0.336862 0.551231 0.668862 0.137369 0.000000 0.000000 0.000000 
75
0.000000 0.189046 0.583400 0.000000 0.148277 0.653723 0.614708 0.165738 0.000000 0.000000 0.000000 0.283569 0.488877 0.000000 0.236277 0.581969 0.638831 0.094538 0.000000 0.000000 0.000000 0.378092 0.394354 0.000000 0.212738 0.546369 0.622092 0.151708 0.000000 0.000000 0.000000 0.283569 0.483385 0.005492 0.188677 0.613554 0.614708 0.165738 0.000000 0.000000 0.000000 0.300292 0.531354 0.000000 0.076385 0.000000 0.244477 0.873446 0.724062 0.715108 0.182954 0.199708 0.717308 0.000000 0.253354 0.483862 0.650154 0.119646 0.000000 0.000000 0.000000 
76
0.000000 0.189046 0.636738 0.000000 0.271785 0.676000 0.675015 0.260277 0.000000 0.000000 0.000000 0.283569 0.494954 0.000000 0.261754 0.602938 0.699138 0.199723 0.000000 0.000000 0.000000 0.283569 0.542215 0.000000 0.243077 0.626262 0.657292 0.274308 0.000000 0.000000 0.000000 0.283569 0.535938 0.006277 0.208462 0.715231 0.657292 0.278000 0.000000 0.000000 0.000000 0.297538 0.547446 0.000000 0.077169 0.000000 0.233277 0.989769 0.479862 0.760292 0.206831 0.210354 0.684000 0.000000 0.261754 0.586231 0.692738 0.242554 0.000000 0.000000 0.000000 
77
0.000000 0.189046 0.628862 0.000000 0.233231 0.608862 0.657292 0.165738 0.000000 0.000000 0.000000 0.283569 0.487077 0.000000 0.329692 0.604769 0.681415 0.094538 0.000000 0.000000 0.000000 0.283569 0.534338 0.000000 0.276923 0.665138 0.657292 0.169431 0.000000 0.000000 0.000000 0.283569 0.528062 0.006277 0.116615 0.756400 0.657292 0.165738 0.000000 0.000000 0.000000 0.297538 0.539785 0.000000 0.077169 0.000000 0.198723 1.008477 0.426769 0.760292 0.189108 0.284293 0.676123 0.000000 0.329692 0.599400 0.692738 0.130292 0.000000 0.000000 0.000000 
78
0.000000 0.189046 0.583400 0.000000 0.233231 0.557154 0.651138 0.155092 0.000000 0.000000 0.000000 0.283569 0.536138 0.000000 0.329692 0.612323 0.675262 0.094538 0.000000 0.000000 0.000000 0.283569 0.488877 0.000000 0.276923 0.586292 0.651138 0.155092 0.000000 0.000000 0.000000 0.283569 0.483385 0.005492 0.116615 0.694446 0.651138 0.155092 0.000000 0.000000 0.000000 0.297523 0.557738 0.000000 0.076385 0.000000 0.149662 1.059462 0.338769 0.760800 0.182954 0.189062 0.725185 0.000000 0.329692 0.534369 0.686585 0.119646 0.000000 0.000000 0.000000 
79
0.000000 0.189046 0.583400 0.000000 0.191108 0.635015 0.614708 0.155092 0.000000 0.000000 0.000000 0.283569 0.536138 0.000000 0.213692 0.597246 0.638831 0.105185 0.000000 0.000000 0.000000 0.283569 0.488877 0.000000 0.169046 0.562723 0.614708 0.155092 0.000000 0.000000 0.000000 0.283569 0.483385 0.005492 0.178123 0.620492 0.614708 0.155092 0.000000 0.000000 0.000000 0.294754 0.528077 0.000000 0.076385 0.000000 0.100031 1.067015 0.360431 0.722523 0.182954 0.189062 0.725185 0.000000 0.213692 0.551554 0.650154 0.119646 0.000000 0.000000 0.000000 
80
0.000000 0.189046 0.636738 0.000000 0.233231 0.680723 0.675015 0.260277 0.000000 0.000000 0.000000 0.472615 0.353169 0.000000 0.311138 0.631569 0.699138 0.199723 0.000000 0.000000 0.000000 0.189046 0.644615 0.000000 0.251200 0.658154 0.666215 0.260277 0.000000 0.000000 0.000000 0.094523 0.724985 0.006277 0.197908 0.724631 0.657292 0.270615 0.000000 0.000000 0.000000 0.297769 0.559415 0.000000 0.077169 0.000000 0.247662 0.832785 0.516154 0.754400 0.217477 0.472646 0.542215 0.000000 0.303969 0.558938 0.692738 0.235169 0.000000 0.000000 0.000000 
81
0.000000 0.189046 0.628862 0.000000 0.243785 0.643262 0.657292 0.155092 0.000000 0.000000 0.000000 0.472615 0.345292 0.000000 0.336862 0.607092 0.681415 0.094538 0.000000 0.000000 0.000000 0.189046 0.636738 0.000000 0.276923 0.617246 0.666092 0.165738 0.000000 0.000000 0.000000 0.094523 0.717108 0.006277 0.233231 0.639169 0.657292 0.169431 0.000000 0.000000 0.000000 0.297769 0.539723 0.000000 0.077169 0.000000 0.255031 0.839215 0.571554 0.739554 0.189108 0.378108 0.534338 0.000000 0.329692 0.573985 0.692738 0.133985 0.000000 0.000000 0.000000 
82
0.000000 0.189046 0.583400 0.000000 0.169385 0.580785 0.651138 0.155092 0.000000 0.000000 0.000000 0.472615 0.299831 0.000000 0.369354 0.483615 0.675262 0.094538 0.000000 0.000000 0.000000 0.189046 0.575523 0.000000 0.276923 0.599754 0.651138 0.155092 0.000000 0.000000 0.000000 0.094523 0.672431 0.005492 0.233231 0.577831 0.651138 0.158785 0.000000 0.000000 0.000000 0.297754 0.542554 0.000000 0.076385 0.000000 0.255031 0.839231 0.524677 0.740969 0.182954 0.378108 0.488877 0.000000 0.319138 0.553354 0.686585 0.123338 0.000000 0.000000 0.000000 
83
0.000000 0.189046 0.583400 0.000000 0.141477 0.713738 0.614708 0.165738 0.000000 0.000000 0.000000 0.472615 0.299831 0.000000 0.203138 0.609338 0.638831 0.105185 0.000000 0.000000 0.000000 0.189046 0.575523 0.000000 0.160923 0.565262 0.614708 0.155092 0.000000 0.000000 0.000000 0.094523 0.672431 0.005492 0.167569 0.632815 0.614708 0.155092 0.000000 0.000000 0.000000 0.294969 0.531354 0.000000 0.076385 0.000000 0.243554 0.823354 0.546462 0.686031 0.182954 0.388754 0.488877 0.000000 0.203138 0.564169 0.650154 0.119646 0.000000 0.000000 0.000000 
84
0.000000 0.189046 0.636738 0.000000 0.203815 0.760262 0.657292 0.274308 0.000000 0.000000 0.000000 0.283569 0.542215 0.000000 0.297323 0.611800 0.705292 0.200416 0.000000 0.000000 0.000000 0.378092 0.447692 0.000000 0.243077 0.661800 0.666215 0.260277 0.000000 0.000000 0.000000 0.283569 0.535938 0.006277 0.208462 0.715231 0.657292 0.278693 0.000000 0.000000 0.000000 0.203246 0.653938 0.000000 0.077169 0.000000 0.233277 0.960754 0.735600 0.760292 0.217477 0.472646 0.542215 0.000000 0.376031 0.547415 0.710462 0.217446 0.000000 0.000000 0.000000 
85
0.000000 0.189046 0.628862 0.000000 0.116615 0.779908 0.657292 0.158785 0.000000 0.000000 0.000000 0.283569 0.534338 0.000000 0.264892 0.634369 0.681415 0.094538 0.000000 0.000000 0.000000 0.378092 0.439815 0.000000 0.233231 0.631108 0.666092 0.165738 0.000000 0.000000 0.000000 0.283569 0.528062 0.006277 0.233231 0.642708 0.657292 0.155092 0.000000 0.000000 0.000000 0.203246 0.634246 0.000000 0.077169 0.000000 0.117969 1.031200 0.715554 0.760292 0.189108 0.378108 0.534338 0.000000 0.243785 0.627969 0.710462 0.116262 0.000000 0.000000 0.000000 
86
0.000000 0.189046 0.583400 0.000000 0.164738 0.669369 0.600923 0.155092 0.000000 0.000000 0.000000 0.283569 0.488877 0.000000 0.264892 0.660446 0.631200 0.094538 0.000000 0.000000 0.000000 0.378092 0.394354 0.000000 0.233231 0.629354 0.600923 0.155092 0.000000 0.000000 0.000000 0.283569 0.483385 0.005492 0.233231 0.622354 0.600923 0.155092 0.000000 0.000000 0.000000 0.203231 0.637077 0.000000 0.076385 0.000000 0.110585 1.094169 0.693923 0.710585 0.182954 0.378108 0.488877 0.000000 0.233231 0.615354 0.654092 0.105615 0.000000 0.000000 0.000000 
87
0.000000 0.189046 0.583400 0.000000 0.148277 0.613615 0.614708 0.165738 0.000000 0.000000 0.000000 0.283569 0.488877 0.000000 0.244400 0.624200 0.626523 0.105185 0.000000 0.000000 0.000000 0.378092 0.394354 0.000000 0.212738 0.612062 0.614708 0.155092 0.000000 0.000000 0.000000 0.283569 0.483385 0.005492 0.188677 0.612708 0.614708 0.165738 0.000000 0.000000 0.000000 0.200446 0.625877 0.000000 0.076385 0.000000 0.125138 1.024077 0.721892 0.722523 0.182954 0.388754 0.488877 0.000000 0.212738 0.600077 0.667877 0.101923 0.000000 0.000000 0.000000 
88
0.000000 0.189046 0.636738 0.000000 0.254338 0.694246 0.669662 0.183462 0.000000 0.000000 0.000000 0.283569 0.494954 0.000000 0.305446 0.618062 0.698215 0.105185 0.000000 0.000000 0.000000 0.378092 0.447692 0.000000 0.243077 0.603831 0.674092 0.179769 0.000000 0.000000 0.000000 0.189046 0.630462 0.006277 0.176800 0.666369 0.660738 0.176077 0.000000 0.000000 0.000000 0.297538 0.559415 0.000000 0.077169 0.000000 0.247662 0.871908 0.458600 0.753846 0.210400 0.189062 0.691877 0.000000 0.305446 0.642646 0.709538 0.140631 0.000000 0.000000 0.000000 
89
0.000000 0.189046 0.628862 0.000000 0.254338 0.629600 0.646708 0.155092 0.000000 0.000000 0.000000 0.283569 0.487077 0.000000 0.286000 0.590692 0.700862 0.094538 0.000000 0.000000 0.000000 0.378092 0.439815 0.000000 0.276923 0.617754 0.659015 0.169431 0.000000 0.000000 0.000000 0.189046 0.622585 0.006277 0.116615 0.792923 0.655631 0.158785 0.000000 0.000000 0.000000 0.297538 0.551538 0.000000 0.077169 0.000000 0.257985 0.872138 0.476800 0.757077 0.208554 0.189062 0.684000 0.000000 0.264892 0.568569 0.694462 0.133985 0.000000 0.000000 0.000000 
90
0.000000 0.189046 0.583400 0.000000 0.229569 0.636554 0.663446 0.165738 0.000000 0.000000 0.000000 0.283569 0.536138 0.000000 0.286000 0.581215 0.683138 0.105185 0.000000 0.000000 0.000000 0.378092 0.394354 0.000000 0.276923 0.604200 0.659015 0.155092 0.000000 0.000000 0.000000 0.189046 0.577908 0.005492 0.116615 0.695046 0.663446 0.169431 0.000000 0.000000 0.000000 0.297523 0.534369 0.000000 0.076385 0.000000 0.253723 0.867677 0.480462 0.756169 0.190831 0.199708 0.717308 0.000000 0.264892 0.537215 0.694462 0.123338 0.000000 0.000000 0.000000 
91
0.000000 0.189046 0.583385 0.000000 0.141477 0.550231 0.677231 0.155092 0.000000 0.000000 0.000000 0.283569 0.536123 0.000000 0.257385 0.611277 0.689046 0.094538 0.000000 0.000000 0.000000 0.378092 0.394338 0.000000 0.169046 0.598600 0.664923 0.155092 0.000000 0.000000 0.000000 0.189046 0.577892 0.005492 0.178123 0.647862 0.677231 0.155092 0.000000 0.000000 0.000000 0.294754 0.527708 0.000000 0.076385 0.000000 0.253338 0.879862 0.498231 0.766292 0.189108 0.189062 0.717292 0.000000 0.236277 0.570415 0.700369 0.119646 0.000000 0.000000 0.000000 
92
0.000000 0.189046 0.636738 0.000000 0.208462 0.775062 0.724308 0.179769 0.000000 0.000000 0.000000 0.283569 0.542215 0.000000 0.364185 0.650400 0.748431 0.105185 0.000000 0.000000 0.000000 0.283569 0.542215 0.000000 0.400492 0.541880 0.742031 0.162046 0.000000 0.000000 0.000000 0.189046 0.630462 0.006277 0.261292 0.687738 0.735877 0.148015 0.000000 0.000000 0.000000 0.203015 0.653938 0.000000 0.077169 0.000000 0.247662 0.880000 0.538938 0.882892 0.311092 0.283569 0.542215 0.000000 0.374954 0.623446 0.768554 0.112569 0.000000 0.000000 0.000000 
93
0.000000 0.189046 0.628862 0.000000 0.197908 0.802880 0.659015 0.151400 0.000000 0.000000 0.000000 0.283569 0.534338 0.000000 0.333785 0.674280 0.683138 0.094538 0.000000 0.000000 0.000000 0.283569 0.534338 0.000000 0.350031 0.708585 0.659015 0.151400 0.000000 0.000000 0.000000 0.189046 0.622585 0.006277 0.265723 0.821492 0.676738 0.137369 0.000000 0.000000 0.000000 0.203015 0.646062 0.000000 0.077169 0.000000 0.256508 0.844138 0.546754 0.834092 0.296015 0.283569 0.534338 0.000000 0.395292 0.582231 0.709415 0.112569 0.000000 0.000000 0.000000 
94
0.000000 0.189046 0.583400 0.000000 0.155692 0.820062 0.659015 0.162046 0.000000 0.000000 0.000000 0.283569 0.488877 0.000000 0.408677 0.600138 0.683138 0.105185 0.000000 0.000000 0.000000 0.283569 0.488877 0.000000 0.347569 0.656954 0.659015 0.162046 0.000000 0.000000 0.000000 0.189046 0.577908 0.005492 0.251631 0.794450 0.676738 0.148015 0.000000 0.000000 0.000000 0.203000 0.625569 0.000000 0.076385 0.000000 0.253723 0.849892 0.556000 0.828554 0.285369 0.283569 0.488877 0.000000 0.378923 0.598492 0.726646 0.101923 0.000000 0.000000 0.000000 
95
0.000000 0.189046 0.583385 0.000000 0.116615 0.840169 0.651138 0.148446 0.000000 0.000000 0.000000 0.283569 0.488862 0.000000 0.407692 0.623415 0.675262 0.094538 0.000000 0.000000 0.000000 0.283569 0.488862 0.000000 0.396492 0.514846 0.651138 0.148446 0.000000 0.000000 0.000000 0.189046 0.577892 0.005492 0.247200 0.587323 0.675015 0.137369 0.000000 0.000000 0.000000 0.200231 0.625554 0.000000 0.076385 0.000000 0.248908 0.894969 0.524862 0.826803 0.277492 0.283569 0.488862 0.000000 0.376985 0.586462 0.701538 0.101923 0.000000 0.000000 0.000000 
96
0.000000 0.189046 0.636738 0.000000 0.197908 0.739108 0.742031 0.162046 0.000000 0.000000 0.000000 0.283569 0.542215 0.000000 0.241600 0.659185 0.712000 0.105185 0.000000 0.000000 0.000000 0.378092 0.447692 0.000000 0.243077 0.632969 0.733108 0.162046 0.000000 0.000000 0.000000 0.094523 0.724985 0.006277 0.176800 0.676108 0.721538 0.165738 0.000000 0.000000 0.000000 0.297538 0.559415 0.000000 0.077169 0.000000 0.105077 1.016738 0.449646 0.783323 0.216554 0.378108 0.542215 0.000000 0.326431 0.565923 0.759754 0.130292 0.000000 0.000000 0.000000 
97
0.000000 0.189046 0.628862 0.000000 0.148277 0.741354 0.659015 0.151400 0.000000 0.000000 0.000000 0.283569 0.534338 0.000000 0.298031 0.632677 0.646708 0.094538 0.000000 0.000000 0.000000 0.378092 0.439815 0.000000 0.233231 0.651077 0.667938 0.162046 0.000000 0.000000 0.000000 0.094523 0.717108 0.006277 0.116615 0.775246 0.671323 0.155092 0.000000 0.000000 0.000000 0.297538 0.551538 0.000000 0.077169 0.000000 0.178431 0.963985 0.562815 0.735431 0.190831 0.378108 0.534338 0.000000 0.243785 0.612400 0.694462 0.130292 0.000000 0.000000 0.000000 
98
0.000000 0.189046 0.583400 0.000000 0.031662 0.821600 0.659015 0.162046 0.000000 0.000000 0.000000 0.283569 0.488877 0.000000 0.276062 0.648892 0.646708 0.105185 0.000000 0.000000 0.000000 0.378092 0.394354 0.000000 0.277538 0.564000 0.659015 0.151400 0.000000 0.000000 0.000000 0.094523 0.672431 0.005492 0.205323 0.613185 0.652862 0.165738 0.000000 0.000000 0.000000 0.297523 0.531046 0.000000 0.076385 0.000000 0.110585 1.050785 0.512077 0.748431 0.190831 0.388754 0.488877 0.000000 0.277538 0.580523 0.694462 0.119646 0.000000 0.000000 0.000000 
99
0.000000 0.189046 0.583385 0.000000 0.031662 0.691677 0.651138 0.148446 0.000000 0.000000 0.000000 0.283569 0.488862 0.000000 0.277538 0.660708 0.638831 0.094538 0.000000 0.000000 0.000000 0.378092 0.394338 0.000000 0.212738 0.588615 0.651138 0.148446 0.000000 0.000000 0.000000 0.094523 0.672415 0.005492 0.209785 0.630185 0.647754 0.155092 0.000000 0.000000 0.000000 0.294754 0.531031 0.000000 0.076385 0.000000 0.139108 1.029277 0.399815 0.714138 0.182954 0.378108 0.488862 0.000000 0.212738 0.583908 0.686585 0.119646 0.000000 0.000000 0.000000 
100
0.000000 0.189046 0.634385 0.000000 0.176800 0.606154 0.814646 0.162046 0.000000 0.000000 0.000000 0.378092 0.445338 0.000000 0.253631 0.615677 0.790769 0.105185 0.000000 0.000000 0.000000 0.378092 0.445338 0.000000 0.199385 0.558323 0.796923 0.162046 0.000000 0.000000 0.000000 0.283569 0.535938 0.003923 0.208462 0.689000 0.805723 0.156938 0.000000 0.000000 0.000000 0.385231 0.699200 0.212800 0.003923 0.000000 0.078923 0.938554 0.420738 0.782154 0.252738 0.283585 0.634385 0.000000 0.253631 0.573569 0.814646 0.140631 0.000000 0.000000 0.000000 
101
0.000000 0.189046 0.626508 0.000000 0.158831 0.582092 0.737785 0.151400 0.000000 0.000000 0.000000 0.378092 0.437462 0.000000 0.233231 0.619308 0.731631 0.094538 0.000000 0.000000 0.000000 0.378092 0.437462 0.000000 0.276923 0.555969 0.755508 0.162046 0.000000 0.000000 0.000000 0.283569 0.528062 0.003923 0.233231 0.514985 0.755508 0.137369 0.000000 0.000000 0.000000 0.373415 0.707908 0.138092 0.003923 0.000000 0.132385 0.899431 0.374462 0.765108 0.182954 0.283585 0.626508 0.000000 0.233231 0.555754 0.755508 0.140631 0.000000 0.000000 0.000000 
102
0.000000 0.189046 0.581046 0.000000 0.137723 0.599754 0.737785 0.162046 0.000000 0.000000 0.000000 0.378092 0.392000 0.000000 0.233846 0.613154 0.707015 0.105185 0.000000 0.000000 0.000000 0.378092 0.392000 0.000000 0.277538 0.514985 0.737785 0.151400 0.000000 0.000000 0.000000 0.283569 0.483385 0.003138 0.254954 0.486385 0.755508 0.148015 0.000000 0.000000 0.000000 0.373554 0.719862 0.137508 0.003138 0.000000 0.078923 0.939046 0.374462 0.761415 0.182954 0.294231 0.581046 0.000000 0.233846 0.515077 0.755508 0.144754 0.000000 0.000000 0.000000 
103
0.000000 0.189046 0.581031 0.000000 0.137723 0.685723 0.737785 0.148446 0.000000 0.000000 0.000000 0.378092 0.391985 0.000000 0.204615 0.602785 0.731631 0.094538 0.000000 0.000000 0.000000 0.378092 0.391985 0.000000 0.160923 0.540754 0.745169 0.141062 0.000000 0.000000 0.000000 0.283569 0.483369 0.003138 0.170000 0.527785 0.755508 0.137369 0.000000 0.000000 0.000000 0.373554 0.716538 0.140815 0.003138 0.000000 0.078923 0.983400 0.377169 0.761415 0.182954 0.283585 0.581031 0.000000 0.204615 0.515077 0.755508 0.144754 0.000000 0.000000 0.000000 
104
0.000000 0.189046 0.583308 0.000000 0.208462 0.721846 0.666215 0.260277 0.000000 0.000000 0.000000 0.283569 0.536046 0.000000 0.285292 0.667877 0.700677 0.199723 0.000000 0.000000 0.000000 0.283569 0.536046 0.000000 0.243077 0.665200 0.666215 0.274308 0.000000 0.000000 0.000000 0.189046 0.630462 0.000108 0.176800 0.695985 0.666215 0.263969 0.000000 0.000000 0.000000 0.685292 0.559415 0.000000 0.071000 0.000000 0.105077 1.053308 0.539200 0.754754 0.415477 0.189046 0.630569 0.000000 0.241600 0.606492 0.701662 0.235169 0.000000 0.000000 0.000000 
105
0.000000 0.189046 0.575431 0.000000 0.197908 0.641354 0.651138 0.183462 0.000000 0.000000 0.000000 0.283569 0.528169 0.000000 0.293169 0.641246 0.678954 0.105185 0.000000 0.000000 0.000000 0.283569 0.528169 0.000000 0.233231 0.650569 0.651138 0.169431 0.000000 0.000000 0.000000 0.189046 0.622585 0.000108 0.116615 0.762000 0.668862 0.158354 0.000000 0.000000 0.000000 0.685292 0.551538 0.000000 0.071000 0.000000 0.192815 0.985369 0.462523 0.771015 0.288138 0.189046 0.622692 0.000000 0.319138 0.603477 0.686585 0.133985 0.000000 0.000000 0.000000 
106
0.000000 0.189046 0.625262 0.000000 0.155692 0.669723 0.600923 0.165738 0.000000 0.000000 0.000000 0.283569 0.483477 0.000000 0.337477 0.582200 0.628738 0.105185 0.000000 0.000000 0.000000 0.283569 0.483477 0.000000 0.277538 0.589292 0.600923 0.165738 0.000000 0.000000 0.000000 0.189046 0.577908 0.000092 0.155692 0.659692 0.618646 0.151708 0.000000 0.000000 0.000000 0.660462 0.534369 0.000000 0.070985 0.000000 0.110585 1.087169 0.359077 0.705046 0.288138 0.189046 0.578000 0.000000 0.319754 0.579369 0.636369 0.133985 0.000000 0.000000 0.000000 
107
0.000000 0.189046 0.625246 0.000000 0.116615 0.719154 0.614708 0.155092 0.000000 0.000000 0.000000 0.283569 0.483462 0.000000 0.253354 0.515862 0.638831 0.094538 0.000000 0.000000 0.000000 0.283569 0.483462 0.000000 0.160923 0.610923 0.614708 0.155092 0.000000 0.000000 0.000000 0.189046 0.577892 0.000092 0.170000 0.693969 0.632431 0.137369 0.000000 0.000000 0.000000 0.663215 0.527708 0.000000 0.070985 0.000000 0.139108 1.056046 0.337415 0.731831 0.277492 0.189046 0.577985 0.000000 0.203138 0.557785 0.650154 0.119646 0.000000 0.000000 0.000000 
108
0.000000 0.189046 0.630585 0.000000 0.197908 0.716523 0.682892 0.162046 0.000000 0.000000 0.000000 0.378092 0.441538 0.000000 0.326431 0.658554 0.661785 0.105185 0.000000 0.000000 0.000000 0.283569 0.536062 0.000000 0.243077 0.620477 0.674092 0.165738 0.000000 0.000000 0.000000 0.189046 0.630462 0.000123 0.229569 0.746754 0.682892 0.142908 0.000000 0.000000 0.000000 0.685292 0.559415 0.000000 0.071015 0.000000 0.233277 0.842323 0.528446 0.770508 0.229846 0.283585 0.583323 0.000000 0.295846 0.565800 0.727262 0.112569 0.000000 0.000000 0.000000 
109
0.000000 0.189046 0.622708 0.000000 0.148277 0.740308 0.667938 0.162046 0.000000 0.000000 0.000000 0.378092 0.433662 0.000000 0.243785 0.704554 0.646708 0.094538 0.000000 0.000000 0.000000 0.283569 0.528185 0.000000 0.368615 0.538677 0.659015 0.155092 0.000000 0.000000 0.000000 0.189046 0.622585 0.000123 0.233231 0.633431 0.676738 0.151708 0.000000 0.000000 0.000000 0.685292 0.551538 0.000000 0.071015 0.000000 0.252077 0.849338 0.510800 0.771923 0.178523 0.283585 0.583323 0.000000 0.275446 0.588708 0.712185 0.112569 0.000000 0.000000 0.000000 
110
0.000000 0.189046 0.578015 0.000000 0.148277 0.694108 0.659015 0.151400 0.000000 0.000000 0.000000 0.378092 0.388969 0.000000 0.233846 0.713692 0.646708 0.105185 0.000000 0.000000 0.000000 0.283569 0.483492 0.000000 0.369231 0.498123 0.659015 0.165738 0.000000 0.000000 0.000000 0.189046 0.577908 0.000108 0.244400 0.565169 0.676738 0.147708 0.000000 0.000000 0.000000 0.663215 0.534369 0.000000 0.071000 0.000000 0.250600 0.836385 0.516769 0.751600 0.195262 0.294231 0.617400 0.000000 0.276062 0.595431 0.712185 0.101923 0.000000 0.000000 0.000000 
111
0.000000 0.189046 0.578000 0.000000 0.148277 0.634769 0.664923 0.148446 0.000000 0.000000 0.000000 0.378092 0.388954 0.000000 0.204615 0.634415 0.652615 0.094538 0.000000 0.000000 0.000000 0.283569 0.483477 0.000000 0.204615 0.585631 0.664923 0.155092 0.000000 0.000000 0.000000 0.189046 0.577892 0.000108 0.191108 0.584785 0.682646 0.137369 0.000000 0.000000 0.000000 0.660446 0.527708 0.000000 0.071000 0.000000 0.236169 0.853323 0.505138 0.779262 0.177538 0.283585 0.625262 0.000000 0.246831 0.584323 0.718092 0.101923 0.000000 0.000000 0.000000 
112
0.000000 0.094523 0.740400 0.000000 0.208462 0.695923 0.674092 0.165738 0.000000 0.000000 0.000000 0.378092 0.441446 0.000000 0.285292 0.679354 0.661785 0.105185 0.000000 0.000000 0.000000 0.283569 0.535969 0.000000 0.243077 0.612354 0.691815 0.162046 0.000000 0.000000 0.000000 0.283569 0.535938 0.000031 0.229569 0.735677 0.678462 0.148015 0.000000 0.000000 0.000000 0.685292 0.559415 0.000000 0.070923 0.000000 0.233277 1.001477 0.476615 0.748862 0.324385 0.189046 0.630492 0.000000 0.285292 0.589877 0.718338 0.112569 0.000000 0.000000 0.000000 
113
0.000000 0.094523 0.740400 0.000000 0.197908 0.675938 0.659015 0.155092 0.000000 0.000000 0.000000 0.378092 0.433569 0.000000 0.275446 0.645985 0.646708 0.094538 0.000000 0.000000 0.000000 0.283569 0.528092 0.000000 0.233231 0.672215 0.659015 0.162046 0.000000 0.000000 0.000000 0.283569 0.528062 0.000031 0.233231 0.631662 0.673354 0.148015 0.000000 0.000000 0.000000 0.685292 0.551538 0.000000 0.070923 0.000000 0.149662 1.051385 0.436000 0.738215 0.283708 0.189046 0.622615 0.000000 0.275446 0.595723 0.718338 0.112569 0.000000 0.000000 0.000000 
114
0.000000 0.094523 0.653754 0.000000 0.155692 0.709108 0.659015 0.165738 0.000000 0.000000 0.000000 0.378092 0.388892 0.000000 0.276062 0.654969 0.646708 0.094538 0.000000 0.000000 0.000000 0.283569 0.483415 0.000000 0.233846 0.642000 0.659015 0.151400 0.000000 0.000000 0.000000 0.283569 0.483385 0.000031 0.205323 0.624631 0.672246 0.146292 0.000000 0.000000 0.000000 0.663215 0.534369 0.000000 0.070923 0.000000 0.241585 0.907231 0.425846 0.744738 0.289800 0.189046 0.577938 0.000000 0.319754 0.582092 0.708800 0.101923 0.000000 0.000000 0.000000 
115
0.000000 0.094523 0.652508 0.000000 0.116615 0.668800 0.664923 0.155092 0.000000 0.000000 0.000000 0.378092 0.388877 0.000000 0.246831 0.655954 0.652615 0.105185 0.000000 0.000000 0.000000 0.283569 0.483400 0.000000 0.204615 0.587108 0.664923 0.148446 0.000000 0.000000 0.000000 0.283569 0.483369 0.000031 0.191108 0.577246 0.686031 0.146292 0.000000 0.000000 0.000000 0.660446 0.527708 0.000000 0.070923 0.000000 0.139108 1.064400 0.371015 0.758523 0.272077 0.189046 0.577923 0.000000 0.203138 0.577123 0.724246 0.101923 0.000000 0.000000 0.000000 
116
0.000000 0.094523 0.740369 0.000000 0.243785 0.680708 0.669662 0.165738 0.000000 0.000000 0.000000 0.283569 0.535938 0.000000 0.241600 0.763969 0.661785 0.105185 0.000000 0.000000 0.000000 0.283569 0.488677 0.000000 0.199385 0.644385 0.691815 0.162046 0.000000 0.000000 0.000000 0.189046 0.630462 0.000000 0.166246 0.750800 0.697969 0.148015 0.000000 0.000000 0.000000 0.685292 0.559415 0.000000 0.070892 0.000000 0.247662 0.892815 0.479831 0.748862 0.212123 0.378108 0.535938 0.000000 0.285292 0.600954 0.709538 0.130292 0.000000 0.000000 0.000000 
117
0.000000 0.094523 0.740369 0.000000 0.247538 0.680446 0.646708 0.155092 0.000000 0.000000 0.000000 0.283569 0.528062 0.000000 0.363662 0.577477 0.646708 0.105185 0.000000 0.000000 0.000000 0.283569 0.480800 0.000000 0.276923 0.642015 0.659015 0.162046 0.000000 0.000000 0.000000 0.189046 0.622585 0.000000 0.116615 0.753123 0.670585 0.148015 0.000000 0.000000 0.000000 0.685292 0.551538 0.000000 0.070892 0.000000 0.259462 0.862477 0.515262 0.750277 0.178523 0.378108 0.528062 0.000000 0.275446 0.584969 0.694462 0.130292 0.000000 0.000000 0.000000 
118
0.000000 0.094523 0.653723 0.000000 0.170000 0.664600 0.663446 0.165738 0.000000 0.000000 0.000000 0.283569 0.483385 0.000000 0.365538 0.576631 0.646708 0.094538 0.000000 0.000000 0.000000 0.283569 0.530646 0.000000 0.277538 0.642015 0.659015 0.151400 0.000000 0.000000 0.000000 0.189046 0.577908 0.000000 0.166246 0.704077 0.664431 0.137369 0.000000 0.000000 0.000000 0.663215 0.534369 0.000000 0.070892 0.000000 0.253723 0.852554 0.497138 0.728985 0.195262 0.388754 0.483385 0.000000 0.319754 0.586462 0.694462 0.119646 0.000000 0.000000 0.000000 
119
0.000000 0.094523 0.652477 0.000000 0.127169 0.614200 0.677231 0.155092 0.000000 0.000000 0.000000 0.283569 0.483369 0.000000 0.248923 0.582092 0.652615 0.094538 0.000000 0.000000 0.000000 0.283569 0.530631 0.000000 0.160923 0.585262 0.672308 0.141062 0.000000 0.000000 0.000000 0.189046 0.577892 0.000000 0.159446 0.611892 0.694954 0.137369 0.000000 0.000000 0.000000 0.660446 0.527708 0.000000 0.070892 0.000000 0.256292 0.865369 0.515015 0.762215 0.195262 0.378108 0.483369 0.000000 0.203138 0.572431 0.700369 0.119646 0.000000 0.000000 0.000000 
