task94
0.012000 0.012000 1.001520 1.063297 2.002372 2.161852 3.011255 3.137114 4.014075 4.105078 5.011744 5.098806 
task16
0.022000 0.022200 1.072109 1.072277 2.171125 2.171306 3.141255 3.141346 4.111072 4.111080 5.101744 5.101840 
task19
0.022000 0.029843 1.070476 1.099194 2.170323 2.179163 3.141255 3.159445 4.111072 4.130489 5.101744 5.118409 
task13
0.022000 0.022202 1.083267 1.106608 2.170464 2.316171 3.150703 3.183418 4.123030 4.256471 5.111030 5.235405 
task10
0.022000 0.022202 1.083259 1.083388 2.170457 2.312958 3.150506 3.164900 4.123537 4.264078 5.110077 5.234460 
task0
0.022000 0.022202 1.083255 1.100289 2.170433 2.310952 3.151061 3.159875 4.123037 4.266649 5.110814 5.249840 
task15
0.022000 0.022202 1.083245 1.083380 2.170446 2.312180 3.150693 3.225918 4.123460 4.261462 5.110990 5.231820 
task17
0.025289 0.246914 1.084675 1.366085 2.174091 2.386235 3.150152 3.435517 4.122468 4.409602 5.110084 5.391660 
task2
0.026000 0.026402 1.143240 1.143565 2.313068 2.313569 3.182859 3.219366 4.268360 4.362791 5.251533 5.741668 
task9
0.026000 0.026402 1.143241 1.143577 2.312990 2.313346 3.182771 3.198428 4.268289 4.353531 5.250376 5.761714 
task6
0.026000 0.026402 1.143248 1.143620 2.313180 2.354663 3.182694 3.215278 4.268437 4.361592 5.250741 5.833337 
task3
0.026000 0.026402 1.143248 1.143577 2.311531 2.338731 3.183008 3.183422 4.268346 4.363086 5.251999 5.747469 
task4
0.026000 0.026402 1.143251 1.143703 2.311524 2.334335 3.182811 3.182948 4.268275 4.358946 5.251413 5.738500 
task7
0.026000 0.026402 1.143572 1.143586 2.313195 2.334454 3.183061 3.183112 4.268825 4.364980 5.250784 5.796215 
task1
0.026000 0.026403 1.143267 1.143609 2.311226 2.338729 3.182703 3.183420 4.267970 4.358945 5.250479 5.796214 
task14
0.026000 0.026403 1.143259 1.143589 2.311219 2.334334 3.182506 3.182943 4.268521 4.364978 5.251471 5.750635 
task12
0.026000 0.026003 1.143255 1.143408 2.313195 2.334452 3.183061 3.183254 4.268152 4.367422 5.250376 5.764997 
task11
0.026000 0.026403 1.143245 1.143582 2.311208 2.333575 3.182693 3.225920 4.268429 4.362915 5.250423 5.822389 
task5
0.026305 0.026402 1.143564 1.143754 2.311513 2.333577 3.182998 3.225922 4.268152 4.367423 5.251775 5.750637 
task8
0.026305 0.026402 1.143255 1.143291 2.313373 2.313537 3.183164 3.218454 4.268734 4.362917 5.250376 5.765269 
task18
0.031829 0.241283 1.095259 1.235746 2.184315 2.261125 3.161423 3.222186 4.136348 4.211892 5.130727 5.198674 
task20
0.032088 0.247308 1.096274 1.282545 2.186437 2.378462 3.166643 3.403491 4.137933 4.278185 5.122727 5.383263 
task21
0.248554 0.266551 1.283356 1.319688 2.378708 2.416168 3.206698 3.274291 4.279609 4.333886 5.179947 5.262462 
task22
0.254699 0.272792 1.294200 1.326609 1.326616 1.326786 2.387186 2.406528 3.228159 3.272269 4.296212 4.323128 5.205180 5.248563 
task23
0.270942 0.362595 1.326121 1.455883 2.405427 2.539772 3.273792 3.456042 4.322254 4.400603 5.262991 5.496502 
task24
0.276990 0.356103 1.331930 1.397214 2.413194 2.424100 2.425942 2.426100 2.428050 2.428225 2.430158 2.430425 2.432267 2.432425 2.434375 2.434625 2.436509 2.436625 2.438617 2.438825 2.440726 2.441025 2.442834 2.443025 2.444368 2.444532 2.444942 2.445225 3.280108 3.392249 4.338679 4.391898 5.273079 5.381517 
task26
0.410305 0.425920 1.470720 1.486875 2.540475 2.562331 3.501019 3.522018 4.490492 4.927774 5.849478 5.857998 
task27
0.410305 0.425871 1.470720 1.488205 2.540476 2.564325 3.501019 3.523938 4.490493 4.930078 5.847227 5.853066 
task28
0.412306 0.437708 1.472721 1.500991 2.542477 2.580771 3.503020 3.540208 4.492493 4.944257 5.841099 5.852614 
task54
0.418003 0.437418 1.478724 1.500746 2.551818 2.580674 3.511023 3.540051 4.500496 4.944063 5.841098 5.842449 5.842460 5.843331 
task33
0.418005 0.437772 1.478726 1.500640 2.551821 2.580818 3.511026 3.540222 4.500498 4.944112 5.840932 5.843325 
task31
0.418270 0.438794 1.479310 1.501774 2.554200 2.582252 3.513405 3.541788 4.500831 4.936097 5.840927 5.843282 
task83
0.419633 0.434026 1.480552 1.495426 2.555234 2.567100 3.514239 3.526183 4.503284 4.515154 5.502715 5.572329 
task84
0.419645 0.445749 1.480564 1.507762 2.555244 2.578823 3.514248 3.537906 4.503294 4.526877 5.502604 5.562406 
task86
0.419756 0.492337 1.480654 1.550652 2.555320 2.613931 3.514331 3.572712 4.503377 4.561862 5.502216 5.550683 
task30
0.420277 0.438937 1.479319 1.501843 2.554211 2.582400 3.514251 3.541935 4.501225 4.936245 5.840927 5.841885 5.842288 5.842672 
task25
0.420278 0.439071 1.479320 1.502638 2.554212 2.580643 3.514252 3.542405 4.501226 4.945234 5.840505 5.841817 5.841945 5.842711 
task90
0.420355 0.519503 1.481014 1.564177 2.556809 2.632495 3.515448 3.591866 4.505290 4.589563 5.501802 5.537843 
task29
0.421270 0.441334 1.483608 1.507022 2.557272 2.588642 3.516416 3.548797 4.912572 4.917842 5.861335 5.885785 
task45
0.421277 0.467971 1.483609 1.535677 2.557283 2.625140 3.516428 3.589646 4.915136 4.970238 5.858114 5.881622 
task55
0.438978 0.470375 1.501914 1.537828 2.581670 2.628671 3.540438 3.553920 4.985763 5.125194 5.855249 5.863648 
task36
0.439677 0.472000 1.503839 1.542855 2.583787 2.632945 3.545106 3.560646 4.917503 4.927751 5.869322 5.888646 
task34
0.439684 0.470414 1.501618 1.535951 2.581290 2.626358 3.541336 3.555582 4.988855 5.096695 5.851934 5.857197 
task32
0.440119 0.472162 1.502612 1.540935 2.582568 2.630443 3.542387 3.558092 4.903033 4.913255 5.851228 5.859435 
task85
0.450144 0.496078 1.507128 1.554349 2.578550 2.609740 3.537244 3.570562 4.527071 4.564514 5.542782 5.668538 
task39
0.470826 0.487122 1.540623 1.700143 2.629639 2.831266 3.595455 3.782617 4.930200 4.966575 5.934823 5.934824 5.934825 5.934826 5.934826 5.934827 5.934828 5.934829 5.934830 5.934831 5.934832 5.934833 5.934833 5.934834 5.934835 5.934836 5.934837 5.934838 5.934839 5.934839 5.934840 5.934841 5.934842 5.934843 5.934844 5.934845 5.934846 5.934846 5.934847 5.934848 5.934849 5.934850 5.934851 5.934852 5.934852 5.934853 5.934854 5.934855 5.934856 5.934857 5.934858 5.934859 5.934859 5.934860 5.934861 5.934862 5.934863 5.934864 5.934865 5.934865 5.934866 5.935418 5.935419 5.935420 5.935421 5.935421 5.935422 5.935423 5.935424 5.935425 5.935426 5.935427 5.935428 5.935428 5.935429 5.935430 5.935431 5.935432 5.935433 5.935434 5.935434 5.935435 5.935436 5.935437 5.935438 5.935439 5.935440 5.935441 5.935441 5.935442 5.935443 5.935444 5.935445 5.935446 5.935447 5.935447 5.935448 5.935449 5.935450 5.935451 5.935452 5.935453 5.935454 5.935454 5.935455 5.935456 5.935457 5.935458 5.935459 5.935460 5.935460 5.935461 5.935462 5.935463 5.935464 5.935465 5.935466 5.935467 5.935467 5.935468 5.935469 5.935470 5.935471 5.935472 5.935473 5.935473 5.935474 5.935475 5.935476 5.935477 5.935478 5.935479 5.935480 5.935480 5.935481 5.935482 5.935483 5.935484 5.935485 5.935486 5.935486 5.935487 5.935488 5.935489 5.935490 5.935491 5.935492 5.935493 5.935493 5.935494 5.935495 5.935496 5.935497 5.935498 5.935499 5.935499 5.935500 5.935501 5.935502 5.935503 5.935504 5.936867 5.937505 5.937637 5.937638 5.937639 5.937640 5.937641 5.937641 5.937642 5.937643 5.937644 5.937645 5.937646 5.937647 5.937647 5.937648 5.937648 5.937649 5.937650 5.937651 5.937652 5.937653 5.937654 5.937654 5.937655 5.937656 5.937657 5.937658 5.937659 5.937660 5.937661 5.937661 5.937662 5.937663 5.937664 5.937665 5.937666 5.937667 5.937667 5.937668 5.937669 5.937670 5.937671 5.937672 5.937673 5.937674 5.937674 5.937675 5.937676 5.937677 5.937678 5.937679 5.937680 5.937680 5.937681 5.937682 5.937683 5.937684 5.937685 5.937686 5.937687 5.937687 5.937688 5.937689 5.937690 5.937691 5.937692 5.937693 5.939536 5.939537 5.939538 5.939539 5.939540 5.939541 5.939542 5.939543 5.939543 5.939544 5.939545 5.939546 5.939547 5.939548 5.939549 5.939549 5.939550 5.939551 5.939552 5.939553 5.939554 5.939555 5.939555 5.939556 5.939557 5.939558 5.939559 5.939560 5.939561 5.939562 5.939562 5.939563 5.939564 5.939565 5.939566 5.939567 5.939568 5.939568 5.939569 5.939570 5.939571 5.939572 5.939573 5.939574 5.939575 5.939575 5.939576 5.939577 5.939578 5.939579 5.939580 5.939581 5.939581 5.939582 5.939583 5.939584 5.939585 5.939586 5.939587 5.939588 5.939588 5.939589 5.939693 5.941590 5.942175 5.942175 5.942176 5.942177 5.942178 5.942179 5.942180 5.942181 5.942181 5.942182 5.942184 5.942185 5.942186 5.942187 5.942188 5.942188 5.942189 5.942190 5.942191 5.942192 5.942193 5.942194 5.942194 5.942195 5.942196 5.942197 5.942198 5.942199 5.942200 5.942201 5.942201 5.942202 5.942203 5.942204 5.942205 5.942206 5.942207 5.942207 5.942208 5.942209 5.942210 5.942211 5.942212 5.942213 5.942214 5.942214 5.942215 5.942216 5.942217 5.942218 5.942219 5.942220 5.942220 5.942221 5.942222 5.942223 5.942224 5.942225 5.942226 5.942227 5.942227 5.942228 5.943517 5.943518 5.943518 5.943519 5.943520 5.943521 5.943522 5.943523 5.943524 5.943524 5.943525 5.943526 5.943527 5.943528 5.943529 5.943530 5.943531 5.943531 5.943532 5.943533 5.943534 5.943535 5.943536 5.943537 5.943537 5.943538 5.943539 5.943540 5.943541 5.943542 5.943543 5.943544 5.943544 5.943545 5.943546 5.943547 5.943548 5.943549 5.943550 5.943550 5.943551 5.943552 5.943553 5.943554 5.943555 5.943556 5.943557 5.943557 5.943558 5.943559 5.943560 5.943561 5.943562 5.943563 5.943563 5.943564 5.944229 
task56
0.470870 0.524425 1.537847 1.683938 2.626808 2.813972 3.589353 3.648165 5.173223 5.727488 5.867101 5.868044 5.914635 5.868047 5.914605 5.868082 5.868099 5.868154 5.914618 5.868158 5.914678 5.868193 5.868210 5.868265 5.924089 5.868268 5.924058 5.868304 5.868321 5.868376 5.924072 5.868379 5.924132 5.868414 5.868432 5.868487 5.933543 5.868490 5.933512 5.868525 5.868542 5.868598 5.933526 5.868601 5.933586 5.868636 5.868653 5.868709 5.942997 5.868712 5.942966 5.868747 5.868764 5.868819 5.942980 5.868823 5.943040 5.868858 5.868875 5.868930 5.952451 5.868934 5.952420 5.868969 5.868986 5.869041 5.952434 5.869044 5.952494 5.869080 5.869097 5.869152 5.961905 5.869155 5.961874 5.869190 5.869207 5.869263 5.961888 5.869266 5.961948 5.869301 5.869318 5.869374 5.971358 5.869412 5.869468 5.869523 5.869578 5.869634 5.869689 5.869745 5.869800 5.869856 5.869911 5.869856 
task47
0.471591 0.737431 1.540672 1.947558 2.629706 3.113129 3.595516 4.131680 4.934482 5.080142 5.889354 5.902282 5.957398 5.902282 5.986169 5.902282 5.902283 5.902283 5.960306 5.902284 5.989034 5.902284 5.902284 5.902285 5.960277 5.902285 5.989048 5.902286 5.902286 5.902287 5.963185 5.902287 5.991912 5.902287 5.902288 5.902289 5.963155 5.902289 5.991926 5.902289 5.902289 5.902290 5.966063 5.902291 5.994791 5.902291 5.902291 5.902292 5.966034 5.902292 5.994805 5.902293 5.902293 5.902294 5.968942 5.902294 5.997669 5.902294 5.902295 5.902296 5.968912 5.902296 5.997683 5.902296 5.902296 5.902297 5.902297 5.902298 5.902298 5.902299 5.971791 5.902299 5.902300 5.902301 5.974698 5.902301 5.902302 5.902302 5.974669 5.902303 5.902303 5.902304 5.977577 5.902304 5.902305 5.902306 5.977548 5.902306 5.902307 5.902308 5.980455 5.902308 5.902308 5.902309 5.980426 5.902310 5.902310 5.902311 5.983334 5.902311 5.902312 5.902313 5.983305 5.902313 5.902314 5.902333 5.902334 5.902334 5.902335 5.902336 5.902337 5.902338 5.902339 5.902340 5.902341 5.902341 5.902342 5.902343 5.902344 5.902345 5.902346 5.902347 5.902347 5.902348 5.904232 5.904299 5.997600 5.904300 5.997591 5.904301 5.999789 5.904301 5.904302 5.904303 5.904304 5.904305 5.904306 5.904307 5.904308 5.904308 5.904309 5.904310 5.904311 5.904312 5.904313 5.904314 5.904314 5.904315 5.904316 5.904317 5.904318 5.905495 5.953011 5.905496 5.952994 5.905497 5.953189 5.905498 5.953838 5.905499 5.955889 5.905500 5.955872 5.905500 5.956068 5.905501 5.956717 5.905502 5.958768 5.905503 5.958751 5.905504 5.958946 5.905505 5.959595 5.905506 5.961646 5.905506 5.961629 5.905507 5.961825 5.905508 5.962474 5.905509 5.964525 5.905510 5.964508 5.905511 5.964703 5.905512 5.965352 5.905513 5.967403 5.905513 5.967386 5.905514 5.967582 5.905515 5.968231 5.905516 5.970282 5.905517 5.970265 5.905518 5.970460 5.905519 5.971109 5.905519 5.973160 5.905520 5.973143 5.905521 5.973338 5.905522 5.973988 5.905523 5.976038 5.905524 5.976022 5.905525 5.976217 5.905525 5.976866 5.905526 5.978917 5.905527 5.978900 5.905528 5.979095 5.905529 5.979745 5.905530 5.981795 5.905531 5.981778 5.905532 5.981974 5.905532 5.982623 5.905533 5.984674 5.905534 5.984657 5.905535 5.984852 5.905536 5.985502 5.905537 5.987552 5.905538 5.987535 5.905538 5.987731 5.905539 5.988380 5.905540 5.990431 5.905541 5.990414 5.905542 5.990609 5.905543 5.991258 5.905544 5.993309 5.905545 5.993292 5.905545 5.993488 5.905546 5.994137 5.905547 5.996188 5.905548 5.996171 5.905549 5.996366 5.905550 5.997015 5.905551 5.999066 5.905551 5.999049 5.905552 5.999245 5.905553 5.999894 5.905554 5.905555 5.905556 5.905557 5.905558 5.905558 5.905559 5.905560 5.905561 5.905562 5.905563 5.905564 5.905564 5.905565 5.905566 5.905567 5.905568 5.905569 5.905570 5.905571 5.905571 5.905572 5.905573 5.905574 5.905575 5.905576 5.905577 5.905577 5.905578 5.905579 5.905580 5.905581 5.906319 5.907582 5.907624 5.953285 5.907624 5.953283 5.907625 5.953249 5.907626 5.956003 5.907627 5.956163 5.907628 5.956162 5.907629 5.956128 5.907630 5.958882 5.907631 5.959042 5.907631 5.959040 5.907632 5.959006 5.907633 5.961760 5.907634 5.961920 5.907635 5.961918 5.907636 5.961885 5.907637 5.964638 5.907637 5.964798 5.907638 5.964797 5.907639 5.964763 5.907640 5.967517 5.907641 5.967677 5.907642 5.967675 5.907643 5.967642 5.907643 5.970395 5.907644 5.970555 5.907645 5.970554 5.907646 5.970520 5.907647 5.973274 5.907648 5.973434 5.907649 5.973432 5.907650 5.973398 5.907650 5.976152 5.907651 5.976312 5.907652 5.976311 5.907653 5.976277 5.907654 5.979031 5.907655 5.979191 5.907656 5.979189 5.907656 5.979155 5.907657 5.981909 5.907658 5.982069 5.907659 5.982068 5.907660 5.982034 5.907661 5.984788 5.907662 5.984948 5.907663 5.984946 5.907663 5.984912 5.907664 5.987666 5.907665 5.987826 5.907666 5.987825 5.907667 5.987791 5.907668 5.990545 5.907669 5.990705 5.907669 5.990703 5.907670 5.990669 5.907671 5.993423 5.907672 5.993583 5.907673 5.993582 5.907674 5.993548 5.907675 5.996302 5.907676 5.996462 5.907676 5.996460 5.907677 5.996426 5.907678 5.999180 5.907679 5.999340 5.907680 5.999338 5.907681 5.999305 5.907682 5.907682 5.907683 5.907684 5.907685 5.907686 5.907687 5.907688 5.907689 5.907689 5.907690 5.907691 5.907692 5.907693 5.907694 5.907695 5.907695 5.907696 5.907697 5.907698 5.907699 5.907700 5.907701 5.907702 5.907702 5.907703 5.907704 5.907705 5.907706 5.907707 5.907708 5.907708 5.907709 5.909331 5.909376 5.909377 5.909378 5.909379 5.909380 5.909381 5.909382 5.909383 5.909383 5.909384 5.909385 5.909386 5.909387 5.909388 5.909389 5.909389 5.909390 5.909391 5.909392 5.909393 5.909394 5.909395 5.909396 5.909396 5.909397 5.909398 5.909399 5.909400 5.909401 5.909402 5.909402 5.909403 5.909404 5.909405 5.909406 5.909407 5.909408 5.909408 5.909409 5.909410 5.909411 5.909412 5.909413 5.909414 5.909415 5.909415 5.909416 5.909417 5.909550 5.966462 5.909551 5.966406 5.909551 5.966494 5.909552 5.969232 5.909553 5.969340 5.909554 5.969285 5.909555 5.969372 5.909556 5.972111 5.909557 5.972218 5.909557 5.972163 5.909558 5.972251 5.909559 5.974989 5.909560 5.975097 5.909561 5.975042 5.909562 5.975129 5.909563 5.977868 5.909564 5.977975 5.909564 5.977920 5.909565 5.978008 5.909566 5.980746 5.909567 5.980854 5.909568 5.980798 5.909569 5.980886 5.909570 5.983625 5.909570 5.983732 5.909571 5.983677 5.909572 5.983765 5.909573 5.986503 5.909574 5.986611 5.909575 5.986555 5.909576 5.986643 5.909577 5.989382 5.909577 5.989489 5.909578 5.989434 5.909579 5.989522 5.909580 5.992260 5.909581 5.992368 5.909582 5.992312 5.909583 5.992400 5.909583 5.995138 5.909584 5.995246 5.909585 5.995191 5.909586 5.995278 5.909587 5.998017 5.909588 5.998125 5.909589 5.998069 5.909590 5.998157 5.909590 5.909591 5.909592 5.909593 5.909594 5.909595 5.909596 5.909596 5.909597 5.909598 5.909599 5.909600 5.909601 5.909602 5.909603 5.909603 5.909604 5.909605 5.909606 5.909607 5.909608 5.909609 5.909609 5.909610 5.909611 5.909612 5.909613 5.909614 5.909615 5.909616 5.909616 5.909617 5.909618 5.909619 5.909620 5.909621 5.909622 5.909622 5.909623 5.909624 5.909625 5.909626 5.909627 5.909628 5.909629 5.909629 5.909630 5.909631 5.909632 5.909633 5.909634 5.909635 5.909635 5.909710 5.911449 5.970074 5.911450 5.970043 5.911451 5.972931 5.911452 5.972994 5.911452 5.972952 5.911453 5.972922 5.911454 5.975809 5.911455 5.975872 5.911456 5.975831 5.911457 5.975800 5.911458 5.978688 5.911459 5.978751 5.911459 5.978709 5.911460 5.978678 5.911461 5.981566 5.911462 5.981629 5.911463 5.981588 5.911464 5.981557 5.911465 5.984445 5.911465 5.984508 5.911466 5.984466 5.911467 5.984435 5.911468 5.987323 5.911469 5.987386 5.911470 5.987345 5.911471 5.987314 5.911471 5.990202 5.911472 5.990265 5.911473 5.990223 5.911474 5.990192 5.911475 5.993080 5.911476 5.993143 5.911477 5.993102 5.911478 5.993071 5.911478 5.995958 5.911479 5.996022 5.911480 5.995980 5.911481 5.995949 5.911482 5.998837 5.911483 5.998900 5.911484 5.998858 5.911484 5.998828 5.911485 5.911486 5.911487 5.911488 5.911489 5.911490 5.911491 5.911491 5.911492 5.911493 5.911494 5.911495 5.911496 5.911497 5.911497 5.911498 5.911499 5.911500 5.911501 5.911502 5.911503 5.911504 5.911504 5.911505 5.911506 5.911507 5.911508 5.911509 5.911510 5.911510 5.911511 5.911512 5.911513 5.911514 5.911515 5.911516 5.911517 5.911517 5.911518 5.911519 5.911520 5.911521 5.911522 5.911523 5.911523 5.911524 5.911525 5.911526 5.911527 5.911528 5.911529 5.911530 5.911530 5.911531 5.911532 5.911533 5.911534 5.911535 5.911636 5.913536 5.914087 5.972977 5.914088 5.972986 5.914089 5.971891 5.914090 5.975855 5.914091 5.975865 5.914091 5.974658 5.914092 5.974769 5.914093 5.978734 5.914094 5.978743 5.914095 5.977537 5.914096 5.977648 5.914097 5.981612 5.914097 5.981622 5.914098 5.980415 5.914099 5.980526 5.914100 5.984491 5.914101 5.984500 5.914102 5.983294 5.914103 5.983405 5.914104 5.987369 5.914104 5.987378 5.914105 5.986172 5.914106 5.986283 5.914107 5.990248 5.914108 5.990257 5.914109 5.989051 5.914110 5.989162 5.914110 5.993126 5.914111 5.993135 5.914112 5.991929 5.914113 5.992040 5.914114 5.996005 5.914115 5.996014 5.914116 5.994808 5.914117 5.994918 5.914117 5.998883 5.914118 5.998892 5.914119 5.997686 5.914120 5.997797 5.914121 5.914122 5.914123 5.914123 5.914124 5.914125 5.914126 5.914127 5.914128 5.914129 5.914130 5.914130 5.914131 5.914132 5.914133 5.914134 5.914135 5.914136 5.914136 5.914137 5.914138 5.914139 5.914140 5.914141 5.914142 5.914143 5.914143 5.914144 5.914145 5.914146 5.914147 5.914148 5.914149 5.914149 5.914150 5.914151 5.914152 5.914153 5.914154 5.914155 5.914155 5.914156 5.914157 5.914158 5.914159 5.914160 5.914161 5.914162 5.914162 5.914163 5.914164 5.914165 5.914166 5.914167 5.914168 5.914168 5.914169 5.914170 5.914171 5.914172 5.914173 5.915429 5.915468 5.915469 5.915470 5.915471 5.915472 5.915472 5.915473 5.915474 5.915475 5.915476 5.915477 5.915478 5.915479 5.915479 5.915480 5.915481 5.915482 5.915483 5.915484 5.915485 5.915485 5.915486 5.915487 5.915488 5.915489 5.915490 5.915491 5.915492 5.915492 5.915493 5.915494 5.915495 5.915496 5.915497 5.915498 5.915498 5.915499 5.915500 5.915501 5.915502 5.915503 5.915504 5.915505 5.915505 5.915506 5.915507 5.915508 5.915509 5.915510 5.915511 5.915511 5.915512 5.915513 5.915514 5.915515 5.916174 5.917516 5.918216 5.918237 5.999260 5.918238 5.999149 5.918239 5.999034 5.918240 5.918241 5.918241 5.918242 5.918243 5.918244 5.918245 5.918246 5.918247 5.918248 5.918248 5.918249 5.918250 5.918251 5.918252 5.918253 5.918254 5.918254 5.918255 5.918256 5.918257 5.918258 5.918259 5.918260 5.918261 5.918261 5.918262 5.918263 5.918264 5.918265 5.918266 5.918267 5.918267 5.918268 5.918269 5.918270 5.918271 5.918272 5.918273 5.918274 5.918274 5.918275 5.918276 5.918277 5.918278 5.918279 5.918280 5.918280 5.918281 5.918282 5.918283 5.918284 5.918285 5.918286 5.918287 5.918287 5.918288 5.918289 5.918290 5.918291 5.918292 5.918293 5.918293 5.918294 5.918295 5.918296 5.918297 5.918298 5.918299 5.918299 5.918300 5.918301 5.918302 5.920192 5.920213 5.920214 5.920215 5.920216 5.920217 5.920217 5.920218 5.920219 5.920220 5.920221 5.920222 5.920223 5.920223 5.920224 5.920225 5.920226 5.920227 5.920228 5.920229 5.920229 5.920230 5.920231 5.920232 5.920233 5.920234 5.920235 5.920236 5.920236 5.920237 5.920238 5.920239 5.920240 5.920241 5.920242 5.920242 5.920243 5.920244 5.920245 5.920246 5.920247 5.920248 5.920249 5.920249 5.920250 5.920251 5.920252 5.920253 5.920254 5.920255 5.920255 5.920256 5.920257 5.920258 5.920259 5.920260 5.920261 5.920262 5.920262 5.920263 5.920264 5.920265 5.920266 5.920267 5.920268 5.920268 5.920269 5.920270 5.920271 5.920272 5.920273 5.920274 5.920275 5.920275 5.920276 5.920277 5.920278 5.920303 5.922078 5.922087 5.922088 5.922089 5.922090 5.922090 5.922091 5.922092 5.922093 5.922094 5.922095 5.922096 5.922096 5.922097 5.922098 5.922099 5.922100 5.922101 5.922102 5.922103 5.922103 5.922104 5.922105 5.922106 5.922107 5.922108 5.922109 5.922109 5.922110 5.922111 5.922112 5.922113 5.922114 5.922115 5.922116 5.922116 5.922117 5.922118 5.922119 5.922120 5.922121 5.922122 5.922122 5.922123 5.922124 5.922125 5.922126 5.922127 5.922128 5.922129 5.922129 5.922130 5.922131 5.922132 5.922133 5.922134 5.922135 5.922135 5.922136 5.922137 5.922138 5.922139 5.922140 5.922141 5.922142 5.922142 5.922143 5.922144 5.922145 5.922146 5.922147 5.922148 5.922148 5.922149 5.922150 5.922151 5.922152 5.922153 5.922154 5.922155 5.922155 5.922156 5.922157 5.922158 5.922159 5.922160 5.922161 5.922161 5.922162 5.922163 5.922164 5.922279 5.923992 5.923999 5.924000 5.924001 5.997055 5.924002 5.924003 5.924004 5.924005 5.924006 5.924007 5.924008 5.924009 5.924010 5.924011 5.924012 5.924012 5.924013 5.924014 5.924015 5.924016 5.924017 5.924018 5.924018 5.924019 5.924020 5.924021 5.924022 5.924023 5.924024 5.924025 5.924025 5.924026 5.924027 5.924028 5.924029 5.924030 5.924031 5.924031 5.924032 5.924033 5.924034 5.924035 5.924036 5.924037 5.924037 5.924038 5.924039 5.924040 5.924041 5.924042 5.924043 5.924044 5.924044 5.924045 5.924046 5.924047 5.924048 5.924049 5.924050 5.924050 5.924051 5.924052 5.924053 5.924054 5.924055 5.924056 5.924057 5.924057 5.924058 5.924059 5.924060 5.924061 5.924062 5.924063 5.924063 5.924064 5.924065 5.924066 5.924067 5.924068 5.924069 5.924070 5.924070 5.924071 5.924072 5.924073 5.924074 5.924075 5.924076 5.924076 5.924077 5.924078 5.924165 5.926079 5.926314 5.926315 5.926316 5.926317 5.926317 5.926318 5.926319 5.926320 5.926321 5.926322 5.926323 5.926324 5.926324 5.926325 5.926326 5.926327 5.926328 5.926329 5.926330 5.926330 5.926331 5.926332 5.926333 5.926334 5.926335 5.926336 5.926337 5.926337 5.926338 5.926339 5.926340 5.926341 5.926342 5.926343 5.926343 5.926344 5.926345 5.926346 5.926347 5.926348 5.926349 5.926349 5.926349 5.926350 5.926350 5.926351 5.926351 5.926352 5.926352 5.926353 5.926353 5.926354 5.926354 5.926354 5.926355 5.926355 5.926356 5.926356 5.926356 5.926357 5.926357 5.926358 5.926358 5.926359 5.926359 5.926360 5.926360 5.926360 5.926361 5.926361 5.926362 5.926362 5.926362 5.926363 5.926363 5.926364 5.926364 5.926365 5.926365 5.926366 5.926366 5.926367 5.926367 5.926367 5.926368 5.926368 5.926369 5.926369 5.926369 5.926370 5.926370 5.926371 5.926371 5.926372 5.926372 5.926373 5.926373 5.926373 5.926374 5.926374 5.926375 5.926375 5.926375 5.926376 5.926376 5.926377 5.926377 5.926378 5.926378 5.926379 5.926379 5.926380 5.926380 5.926380 5.926381 5.926381 5.926382 5.926382 5.926382 5.926383 5.926383 5.926384 5.926384 5.926385 5.926385 5.926386 5.926386 5.926386 5.926387 5.926387 5.926388 5.926388 5.926388 5.926389 5.926389 5.926390 5.926390 5.926391 5.926391 5.926392 5.926392 5.926393 5.926393 5.926393 5.926394 5.926394 5.926395 5.926395 5.926395 5.926396 5.926396 5.926397 5.926397 5.926398 5.926398 5.926399 5.926399 5.926399 5.926400 5.926400 5.926401 5.926401 5.926402 5.926403 5.926404 5.926405 5.926405 5.926406 5.926407 5.926408 5.926409 5.926410 5.926411 5.926412 5.926412 5.926413 5.926414 5.926415 5.926416 5.926417 5.926418 5.926418 5.926419 5.926420 5.926421 5.926422 5.926423 5.926424 5.926425 5.926425 5.926426 5.926427 5.926428 5.926429 5.926430 5.926431 5.926431 5.926432 5.926433 5.926434 5.926435 5.928300 5.928300 5.928301 5.928302 5.928303 5.928304 5.928305 5.928306 5.928306 5.928307 5.928308 5.928309 5.928310 5.928311 5.928312 5.928313 5.928313 5.928314 5.928315 5.928316 5.928317 5.928318 5.928319 5.928319 5.928320 5.928321 5.928322 5.928323 5.928324 5.928325 5.928326 5.928326 5.928327 5.928328 5.928329 5.928330 5.928331 5.928332 5.928332 5.928333 5.928334 5.928335 5.928336 5.928337 5.928338 5.928339 5.928339 5.928340 5.928341 5.928342 5.928343 5.928344 5.928345 5.928345 5.928346 5.928347 5.928348 5.928349 5.928350 5.928351 5.928352 5.928352 5.928353 5.928354 5.928355 5.928356 5.928357 5.928358 5.928358 5.928359 5.928360 5.928361 5.928362 5.928363 5.928364 5.928365 5.928365 5.928366 5.928367 5.928368 5.928369 5.928370 5.928371 5.928371 5.928372 5.928373 5.928374 5.928375 5.928376 5.928377 5.928377 5.928378 5.928379 5.928380 5.928381 5.928382 5.928383 5.928384 5.928384 5.928385 5.930320 5.930320 5.930321 5.930322 5.930323 5.930324 5.930325 5.930326 5.930327 5.930327 5.930328 5.930329 5.930330 5.930331 5.930332 5.930333 5.930333 5.930334 5.930335 5.930336 5.930337 5.930338 5.930339 5.930340 5.930340 5.930341 5.930342 5.930343 5.930344 5.930345 5.930346 5.930346 5.930347 5.930348 5.930349 5.930350 5.930351 5.930352 5.930353 5.930353 5.930354 5.930355 5.930356 5.930357 5.930358 5.930359 5.930359 5.930360 5.930361 5.930362 5.930363 5.930364 5.930365 5.930366 5.930366 5.930367 5.930368 5.930369 5.930370 5.930371 5.930372 5.930372 5.930373 5.930374 5.930375 5.930376 5.930377 5.930378 5.930379 5.930379 5.930380 5.930381 5.930382 5.930383 5.930384 5.930385 5.930385 5.930386 5.930386 5.930387 5.930388 5.930389 5.930390 5.930391 5.930392 5.930392 5.930393 5.930394 5.930395 5.930396 5.930397 5.930398 5.930398 5.930399 5.930400 5.930401 5.930402 5.930403 5.930404 5.930404 5.930405 5.930406 5.931583 5.931584 5.931584 5.931585 5.931586 5.931587 5.931588 5.931589 5.931590 5.931590 5.931591 5.931592 5.931593 5.931594 5.931595 5.931596 5.931597 5.931597 5.931598 5.931599 5.931600 5.931601 5.931602 5.931603 5.931603 5.931604 5.931605 5.931606 5.931607 5.931608 5.931609 5.931610 5.931610 5.931611 5.931612 5.931613 5.931614 5.931615 5.931616 5.931616 5.931617 5.931618 5.931619 5.931620 5.931621 5.931622 5.931622 5.931623 5.931624 5.931625 5.931626 5.931627 5.931628 5.931629 5.931629 5.931630 5.931631 5.931632 5.931633 5.931634 5.931635 5.931635 5.931636 5.931637 5.931638 5.931639 5.931640 5.931641 5.931642 5.931642 5.931643 5.931644 5.931645 5.931646 5.931647 5.931648 5.931648 5.931649 5.931650 5.931651 5.931652 5.931653 5.931654 5.931655 5.931655 5.931656 5.931657 5.931658 5.931659 5.931660 5.931661 5.931661 5.931662 5.931663 5.931664 5.931665 5.931666 5.931667 5.931668 5.931668 5.931711 5.931712 5.931713 5.931714 5.931715 5.931715 5.931716 5.931717 5.931718 5.931719 5.931720 5.931721 5.931721 5.931722 5.931723 5.931724 5.931725 5.931726 5.931727 5.931728 5.931728 5.931729 5.931730 5.931731 5.931732 5.931733 5.931734 5.931734 5.931735 5.931736 5.931737 5.931738 5.931739 5.931740 5.931740 5.931741 5.931742 5.931743 5.931744 5.931745 5.931746 5.931747 5.931747 5.931748 5.931749 5.931750 5.931751 5.931752 5.931753 5.931753 5.931754 5.931755 5.931756 5.931757 5.931758 5.931759 5.931760 5.931760 5.931761 5.931762 5.931763 5.931764 5.931765 5.931766 5.931766 5.931767 5.931768 5.931769 5.931770 5.931771 5.931772 5.931773 5.931773 5.931774 5.931775 5.931776 5.931777 5.931778 5.931779 5.931779 5.931780 5.931781 5.931782 5.931783 5.931784 5.931785 5.931786 5.931786 5.931787 5.931788 5.931789 5.931790 5.931791 5.931792 5.931792 5.931793 5.931794 5.931795 5.931796 5.931797 5.932671 5.932672 5.932673 5.932674 5.932675 5.932675 5.932676 5.932677 5.932678 5.932679 5.932680 5.932681 5.932682 5.932682 5.932683 5.932684 5.932685 5.932686 5.932687 5.932688 5.932688 5.932689 5.932690 5.932691 5.932692 5.932693 5.932694 5.932694 5.932695 5.932696 5.932697 5.932698 5.932699 5.932700 5.932701 5.932701 5.932702 5.932703 5.932704 5.932705 5.932706 5.932707 5.932707 5.932708 5.932709 5.932710 5.932711 5.932712 5.932713 5.932714 5.932714 5.932715 5.932716 5.932717 5.932718 5.932719 5.932720 5.932720 5.932721 5.932722 5.932723 5.932724 5.932725 5.932726 5.932727 5.932727 5.932728 5.932729 5.932730 5.932731 5.932732 5.932733 5.932733 5.932734 5.932735 5.932736 5.932737 5.932738 5.932739 5.932740 5.932740 5.932741 5.932742 5.932743 5.932744 5.932745 5.932746 5.932746 5.932747 5.932748 5.932749 5.932750 5.932751 5.932752 5.932753 5.932753 5.932754 5.932755 5.932756 5.932757 5.933798 5.934758 5.934781 5.934781 5.934782 5.934783 5.934784 5.934785 5.934786 5.934787 5.934788 5.934788 5.934789 5.934790 5.934791 5.934792 5.934793 5.934794 5.934794 5.934795 5.934796 5.934797 5.934798 5.934799 5.934800 5.934801 5.934801 5.934802 5.934803 5.934804 5.934805 5.934806 5.934807 5.934807 5.934808 5.934809 5.934810 5.934811 5.934812 5.934813 5.934814 5.934814 5.934815 5.934816 5.934817 5.934818 5.934819 5.934820 5.934820 5.934821 5.934822 5.934821 
task37
0.477858 0.764391 1.546967 1.975585 2.638045 3.151683 3.605444 4.157295 4.971744 5.102431 5.888125 5.942220 
task35
0.477902 0.863574 1.535847 1.654326 2.623800 2.771586 3.592173 3.786694 5.093255 5.223517 5.863346 5.864413 5.990923 5.864421 5.864427 5.864442 5.998277 5.864450 5.864457 5.864471 5.997945 5.864480 5.864486 5.864501 5.864509 5.864516 5.864524 5.864530 5.864539 5.864545 5.864553 5.864560 5.864568 5.864574 5.864583 5.864589 5.864597 5.864604 5.864612 5.864619 5.864627 5.864633 5.864642 5.864648 5.864656 5.864663 5.864678 5.864692 5.864707 5.864722 5.864736 5.864751 5.864766 5.865478 5.873046 5.865493 5.872972 5.865507 5.872974 5.865522 5.873045 5.865537 5.880482 5.865552 5.880408 5.865565 5.873189 5.865566 5.880409 5.865579 5.873108 5.865581 5.880480 5.865594 5.873166 5.865596 5.887917 5.865609 5.873091 5.865611 5.887843 5.865624 5.880625 5.865625 5.887845 5.865638 5.880543 5.865640 5.887915 5.865653 5.880602 5.865655 5.895352 5.865668 5.880526 5.865669 5.895278 5.865683 5.888060 5.865684 5.895280 5.865694 5.873162 5.865697 5.887978 5.865699 5.895351 5.865709 5.873206 5.865712 5.873192 5.865712 5.888037 5.865714 5.902788 5.865724 5.873238 5.865726 5.873186 5.865727 5.887962 5.865728 5.902714 5.865738 5.873245 5.865741 5.873262 5.865741 5.895495 5.865743 5.902715 5.865753 5.880597 5.865756 5.873226 5.865756 5.895414 5.865758 5.902786 5.865768 5.880642 5.865771 5.880628 5.865771 5.895472 5.865772 5.910223 5.865783 5.880674 5.865785 5.880622 5.865786 5.895397 5.865787 5.910149 5.865797 5.880680 5.865800 5.880697 5.865800 5.902931 5.865802 5.910151 5.865812 5.888032 5.865815 5.880662 5.865815 5.902849 5.865817 5.910222 5.865827 5.888077 5.865830 5.888063 5.865830 5.902908 5.865831 5.917658 5.865842 5.888109 5.865844 5.888057 5.865844 5.902832 5.865846 5.917585 5.865856 5.888115 5.865859 5.888132 5.865859 5.910366 5.865861 5.917586 5.865871 5.895468 5.865874 5.888097 5.865874 5.910285 5.865876 5.917657 5.865886 5.895512 5.865888 5.895498 5.865889 5.910343 5.865890 5.925094 5.865900 5.895545 5.865903 5.895492 5.865903 5.910268 5.865915 5.895551 5.865918 5.895568 5.865918 5.917802 5.865930 5.902903 5.865933 5.895532 5.865933 5.917720 5.865945 5.902948 5.865947 5.902934 5.865948 5.917778 5.865959 5.902980 5.865962 5.902928 5.865962 5.917703 5.865974 5.902986 5.865977 5.903003 5.865977 5.925237 5.865989 5.910338 5.865991 5.902968 5.866004 5.910383 5.866006 5.910369 5.866018 5.910415 5.866021 5.910363 5.866033 5.910422 5.866036 5.910438 5.866048 5.917774 5.866050 5.910403 5.866062 5.917818 5.866065 5.917805 5.866077 5.917851 5.866080 5.917798 5.866092 5.917857 5.866095 5.917874 5.866107 5.925209 5.866109 5.917838 5.866121 5.925254 5.866124 5.925240 5.866136 5.925286 5.866139 5.925234 5.866151 5.925292 5.866153 5.925309 5.866165 5.932645 5.866168 5.925274 5.866180 5.932689 5.866183 5.932675 5.866195 5.932722 5.866198 5.932669 5.866210 5.932728 5.866212 5.932745 5.866224 5.940080 5.866227 5.932709 5.866239 5.940125 5.866242 5.940111 5.866254 5.940157 5.866256 5.940105 5.866269 5.940163 5.866271 5.940180 5.866283 5.947515 5.866286 5.940145 5.866298 5.947560 5.866301 5.947546 5.866313 5.947592 5.866315 5.947540 5.866327 5.947598 5.866330 5.947615 5.866342 5.954951 5.866345 5.947580 5.866357 5.954995 5.866360 5.954982 5.866372 5.955028 5.866374 5.954975 5.866386 5.955034 5.866389 5.955051 5.866401 5.962386 5.866404 5.955015 5.866416 5.962431 5.866418 5.962417 5.866430 5.962463 5.866433 5.962411 5.866445 5.962469 5.866448 5.962486 5.866460 5.969822 5.866463 5.962451 5.866475 5.969866 5.866477 5.969852 5.866489 5.969898 5.866492 5.969846 5.866504 5.969905 5.866507 5.969922 5.866519 5.977257 5.866521 5.969886 5.866534 5.977302 5.866536 5.977288 5.866548 5.977334 5.866551 5.977282 5.866563 5.977340 5.866566 5.977357 5.866566 5.874077 5.866578 5.984692 5.866580 5.977322 5.866581 5.874171 5.866592 5.984737 5.866595 5.984723 5.866596 5.874235 5.866607 5.984769 5.866610 5.984717 5.866610 5.874063 5.866622 5.984775 5.866625 5.984792 5.866625 5.881512 5.866637 5.992128 5.866639 5.984757 5.866640 5.881606 5.866651 5.992172 5.866654 5.992158 5.866655 5.881671 5.866666 5.992205 5.866669 5.992152 5.866669 5.881498 5.866681 5.992211 5.866683 5.992228 5.866684 5.888948 5.866695 5.999563 5.866698 5.992192 5.866699 5.889042 5.866710 5.999608 5.866713 5.999594 5.866713 5.889106 5.866725 5.999640 5.866728 5.999588 5.866728 5.888934 5.866740 5.999646 5.866742 5.999663 5.866743 5.896383 5.866754 5.866757 5.866772 5.866772 5.866786 5.866787 5.866801 5.866802 5.866816 5.866817 5.866831 5.866831 5.866845 5.866846 5.866860 5.866861 5.866875 5.866875 5.866890 5.866890 5.866904 5.866905 5.866919 5.866920 5.866934 5.866934 5.866948 5.866949 5.866963 5.866964 5.866978 5.866978 5.866993 5.866993 5.867007 5.867008 5.867022 5.867023 5.867037 5.867037 5.867052 5.867052 5.867066 5.867067 5.867081 5.867082 5.867096 5.867096 5.867110 5.867111 5.867125 5.867126 5.867140 5.867140 5.867155 5.867155 5.867169 5.867170 5.970831 
task40
0.478697 0.884132 1.683064 1.995960 2.814322 2.831583 3.780659 3.798360 4.979362 5.126020 
task87
0.492356 0.571102 1.549258 1.569066 2.613634 2.654365 3.573061 3.652083 4.563718 4.677517 5.529802 5.588515 
task57
0.496932 0.882631 1.657016 1.974529 2.778106 3.150511 3.607948 4.073265 5.750245 5.750342 5.750356 5.750675 5.750823 5.751028 5.751588 5.752023 5.752151 5.752251 5.963773 5.963780 5.963787 5.963794 5.963801 5.963946 5.963953 5.963953 5.963960 5.963974 5.963981 5.963981 5.963988 5.964002 5.964009 5.964009 5.964016 5.964029 
task48
0.522974 0.889400 1.699290 2.004240 2.863554 3.145618 3.797056 3.903643 4.993683 5.112326 
task88
0.571214 0.626808 1.569235 1.625320 2.653428 2.709451 3.652103 3.694602 4.590886 4.647097 5.542250 5.651902 
task89
0.627251 0.678994 1.625267 1.652552 2.709426 2.724157 3.694131 3.712314 4.646916 4.673611 5.585196 5.650874 
task93
0.679443 0.686595 1.651603 1.660872 2.723648 2.734595 3.712417 3.718748 4.673210 4.682589 5.590132 5.692538 
task91
0.679490 0.706794 1.651603 1.691115 2.723759 2.764798 3.712454 3.733849 4.673293 4.706335 5.589800 5.680525 
task92
0.707536 0.725391 1.690606 1.705989 2.763773 2.778711 3.732952 3.754954 4.705270 4.722585 5.595974 5.733834 
task38
0.739619 0.747997 1.945291 1.953600 3.114169 3.161652 4.193030 4.262749 5.081029 5.112568 5.943565 5.943570 5.943574 5.943579 5.943584 5.943588 5.943593 5.943597 5.943602 5.943607 5.943611 5.943616 5.943621 5.943625 5.943630 5.943634 5.943639 5.943644 5.943648 5.943653 5.943658 5.943662 5.943667 5.943671 5.943676 5.943681 5.943685 5.943690 5.943694 5.943699 5.943704 5.943708 5.943713 5.943718 5.943722 5.943727 5.943731 5.943736 5.943741 5.943745 5.943750 5.943755 5.943759 5.943764 5.945768 5.946304 5.946308 5.946313 5.946318 5.946322 5.946327 5.946332 5.946336 5.946341 5.946345 5.946350 5.946355 5.946359 5.946364 5.946368 5.946373 5.946378 5.946382 5.946387 5.946392 5.946396 5.946401 5.946405 5.946410 5.946415 5.946419 5.946424 5.946429 5.946433 5.946438 5.946442 5.946447 5.946452 5.946456 5.946461 5.946465 5.946470 5.946475 5.946479 5.946484 5.946489 5.946493 5.946498 5.946502 5.946507 5.946512 5.946516 5.946521 5.946526 5.946530 5.946535 5.946539 5.946544 5.946549 5.946553 5.946558 5.946562 5.946567 5.946572 5.946576 5.946581 5.946586 5.946590 5.946595 5.946599 5.946604 5.946609 5.946613 5.946618 5.946623 5.946627 5.946632 5.946636 5.946641 5.946646 5.946650 5.946655 5.946659 5.946664 5.946669 5.946673 5.946678 5.946683 5.946687 5.946692 5.946696 5.946701 5.946706 5.946710 5.946715 5.946720 5.946724 5.946729 5.946733 5.946738 5.946743 5.946747 5.946752 5.946756 5.946761 5.946766 5.948280 5.948284 5.948289 5.948294 5.948298 5.948303 5.948307 5.948312 5.948317 5.948321 5.948326 5.948331 5.948335 5.948340 5.948344 5.948349 5.948354 5.948358 5.948363 5.948367 5.948372 5.948377 5.948381 5.948386 5.948391 5.948395 5.948400 5.948404 5.948409 5.948414 5.948418 5.948423 5.948428 5.948432 5.948437 5.948441 5.948446 5.948451 5.948455 5.948460 5.948464 5.948469 5.948474 5.948478 5.948483 5.948488 5.948492 5.948497 5.948501 5.948506 5.948511 5.948515 5.948520 5.948525 5.948529 5.948534 5.948538 5.948543 5.948548 5.948552 5.948557 5.948561 5.948566 5.948571 5.948575 5.948580 5.948585 5.948589 5.948594 5.948598 5.948603 5.948608 5.948612 5.948617 5.948622 5.948626 5.948631 5.948635 5.948640 5.948645 5.948649 5.948654 5.948658 5.948663 5.948668 5.948672 5.948677 5.948682 5.948686 5.948691 5.948695 5.948700 5.948705 5.948709 5.948714 5.948719 5.948723 5.948728 5.948732 5.948737 5.948742 5.949184 5.949189 5.949193 5.949198 5.949202 5.949207 5.949212 5.949216 5.949221 5.949226 5.949230 5.949235 5.949239 5.949244 5.949249 5.949253 5.949258 5.949263 5.949267 5.949272 5.949276 5.949281 5.949286 5.949290 5.949295 5.949299 5.949304 5.949309 5.949313 5.949318 5.949323 5.949327 5.949332 5.949336 5.949341 5.949346 5.949350 5.949355 5.949360 5.949364 5.949369 5.949373 5.949378 5.949383 5.949387 5.949392 5.949396 5.949401 5.949406 5.949410 5.949415 5.949420 5.949424 5.949429 5.949433 5.949438 5.949443 5.949447 5.949452 5.949457 5.949461 5.949466 5.949470 5.949475 5.949480 5.949484 5.949489 5.949493 5.949498 5.949503 5.949507 5.949512 5.949517 5.949521 5.949526 5.949530 5.949535 5.949540 5.949544 5.949549 5.949554 5.949558 5.949563 5.949567 5.949572 5.949577 5.949581 5.949586 5.949590 5.949595 5.949600 5.949604 5.949609 5.949614 5.949618 5.949623 5.949627 5.949632 5.949637 5.949641 5.949646 5.951181 5.951186 5.951191 5.951195 5.951200 5.951204 5.951209 5.951214 5.951218 5.951223 5.951228 5.951232 5.951237 5.951241 5.951246 5.951251 5.951255 5.951260 5.951264 5.951269 5.951274 5.951278 5.951283 5.951288 5.951292 5.951297 5.951301 5.951306 5.951311 5.951315 5.951320 5.951325 5.951329 5.951334 5.951338 5.951343 5.951348 5.951352 5.951357 5.951361 5.951366 5.951371 5.951375 5.951380 5.951385 5.951389 5.951394 5.951398 5.951403 5.951408 5.951412 5.951417 5.951422 5.951426 5.951431 5.951435 5.951440 5.951445 5.951449 5.951454 5.951458 5.951463 5.951468 5.951472 5.951477 5.951482 5.951486 5.951491 5.951495 5.951500 5.951505 5.951509 5.951514 5.951519 5.951523 5.951528 5.951532 5.951537 5.951542 5.951546 5.951551 5.951555 5.951560 5.951565 5.951569 5.951574 5.951579 5.951583 5.951588 5.951592 5.951597 5.951602 5.951606 5.951611 5.951616 5.951620 5.951625 5.951629 5.951634 5.951639 5.951643 5.951648 5.951652 5.951657 5.951662 5.951666 5.951671 5.951676 5.951680 5.951685 5.951689 5.951694 5.951699 5.951703 5.951708 5.951713 5.951717 5.951722 5.951726 5.951731 5.951736 5.951740 5.951745 5.951749 5.951754 5.951759 5.951763 5.951768 5.951773 5.951777 5.951782 5.951786 5.951791 5.951796 5.951800 5.951805 5.951810 5.951814 5.951819 5.951823 5.951828 5.951833 5.951837 5.951842 5.951846 5.951851 5.951856 5.951860 5.953865 5.954166 5.954170 5.954175 5.954180 5.954184 5.954189 5.954193 5.954198 5.954203 5.954207 5.954212 5.954217 5.954221 5.954226 5.954230 
task42
0.857855 0.906357 1.977504 2.022917 2.817153 2.923286 3.784844 3.822555 5.121288 5.290051 
task41
0.857913 0.893271 1.977557 2.066706 2.819599 2.924697 3.785748 3.816575 5.121354 5.341978 
task43
0.861061 1.019615 1.977611 2.131158 2.820888 2.967162 3.790755 3.966678 5.123420 5.412797 
task46
0.869058 1.117549 1.983448 2.302500 2.823339 3.208395 3.798618 4.164578 5.123484 5.784363 
task49
0.898174 1.058278 2.003546 2.314112 3.182811 3.230755 3.969799 4.124835 5.097493 5.229532 
task44
0.904091 1.064580 2.068225 2.315688 2.903237 3.137114 3.840576 4.164588 5.342681 5.766220 
task50
1.143255 1.163282 2.230227 2.340660 3.199760 3.226605 4.094364 4.253092 5.244423 5.765268 
task51
1.145837 1.166628 2.317195 2.344269 3.202335 3.260712 4.239375 4.355366 5.773623 5.777277 
task52
1.162433 1.166228 2.339461 2.344294 3.269340 3.269875 3.270654 3.271111 4.372904 4.373015 4.374230 4.374332 4.374594 4.374778 5.777941 5.777995 5.778003 5.778066 5.778131 5.778171 5.778190 5.778249 5.778504 5.778551 5.778583 5.778708 5.778709 5.778886 5.778960 5.778994 5.779176 5.779282 
task53
1.166718 1.166749 1.167004 1.167151 2.344473 2.344723 2.345811 2.346082 2.346183 2.346266 3.269857 3.269966 3.271017 3.271123 3.271691 3.271920 4.378836 4.911089 5.779941 5.780043 5.780055 5.780342 5.780504 5.780626 5.780642 5.780969 5.781176 5.781315 5.781945 5.782049 
task72
4.011661 4.194120 
task73
4.011663 4.195477 
task74
4.012254 4.198897 
task69
4.012255 4.198323 
task62
4.012269 4.223431 
task64
4.014271 4.221334 
task61
4.014359 4.220817 
task59
4.014364 4.227242 
task58
4.014364 4.231825 
task75
4.203632 4.275062 
task71
4.231330 4.315342 
task63
4.231375 4.322197 
task65
4.231375 4.356612 
task60
4.241970 4.366862 
task76
4.270594 4.363100 
task66
4.372904 4.808469 
task67
4.374881 4.827423 
task77
4.374881 4.888366 
task80
4.376842 4.912405 
task70
4.827616 4.853586 
task68
4.827634 4.849422 
task82
4.829725 4.913623 
task78
4.853844 5.045252 
task81
4.877726 4.903655 
task79
5.000109 5.109658 
