5
0.000000 0.012000 1.000000 1.063297 2.000000 2.161852 3.000000 3.137114 4.000000 4.105078 5.000000 5.098806 
0
0.000000 0.026403 1.000000 1.143754 2.000000 2.354663 3.000000 3.225922 4.000000 4.367423 5.000000 5.833337 
4
0.000000 0.408986 1.000000 1.468846 2.000000 2.539772 3.000000 3.497480 4.000000 4.489111 5.000000 5.496680 
1
0.000000 0.725391 1.000000 1.705989 2.000000 2.778711 3.000000 3.754954 4.000000 4.725794 5.000000 5.734335 
2
0.000000 1.167252 1.000000 2.362525 2.000000 3.271985 3.000000 4.911089 4.000000 5.835840 
3
4.000000 5.110766 
