0
0.000000 98304.000000 98304.000000 99840.000000 86376.000000 99984.000000 99840.000000 99840.000000 99808.000000 100000.000000 99968.000000 99968.000000 98304.000000 99840.000000 99984.000000 99840.000000 99968.000000 99840.000000 93248.000000 0.000000 99904.000000 99968.000000 99968.000000 94848.000000 99725.000000 99984.000000 99968.000000 99824.000000 60880.000000 99984.000000 99968.000000 99968.000000 99968.000000 94848.000000 94848.000000 94848.000000 99968.000000 76416.000000 49088.000000 99968.000000 99968.000000 99456.000000 99968.000000 94848.000000 99936.000000 99888.000000 99968.000000 99968.000000 99968.000000 99968.000000 100000.000000 99272.000000 99992.000000 99936.000000 97968.000000 99888.000000 99968.000000 99968.000000 67422.000000 99998.000000 99840.000000 
1
0.000000 98304.000000 98304.000000 99840.000000 84072.000000 99984.000000 99840.000000 99840.000000 99936.000000 100000.000000 99968.000000 99840.000000 98304.000000 98304.000000 100000.000000 99984.000000 99968.000000 99968.000000 87392.000000 0.000000 99936.000000 100000.000000 99840.000000 99840.000000 97920.000000 99984.000000 99984.000000 99920.000000 70480.000000 100000.000000 100000.000000 99840.000000 99968.000000 99936.000000 99984.000000 99952.000000 99984.000000 99944.000000 99880.000000 100000.000000 99840.000000 99840.000000 99840.000000 99840.000000 99936.000000 99984.000000 99968.000000 86392.000000 86968.000000 99960.000000 100000.000000 98080.000000 100000.000000 98304.000000 98304.000000 0.000000 100000.000000 96512.000000 95038.000000 99998.000000 99936.000000 
2
0.000000 98304.000000 98304.000000 99840.000000 88320.000000 99984.000000 94464.000000 51712.000000 71392.000000 99968.000000 99968.000000 99840.000000 99840.000000 98304.000000 100000.000000 99984.000000 99968.000000 99968.000000 92096.000000 0.000000 99968.000000 99968.000000 99840.000000 98304.000000 98304.000000 100000.000000 99984.000000 99840.000000 99584.000000 99968.000000 99968.000000 99840.000000 99840.000000 99984.000000 99984.000000 0.000000 99968.000000 99904.000000 99968.000000 100000.000000 99648.000000 99648.000000 99648.000000 98112.000000 100000.000000 76024.000000 99992.000000 99768.000000 99768.000000 99960.000000 99992.000000 97928.000000 100000.000000 100000.000000 99984.000000 99992.000000 100000.000000 95200.000000 99806.000000 100000.000000 99936.000000 
3
0.000000 98304.000000 98304.000000 99840.000000 88224.000000 99984.000000 94464.000000 50176.000000 69344.000000 99968.000000 99968.000000 99840.000000 99840.000000 98304.000000 99984.000000 99984.000000 99968.000000 99968.000000 92096.000000 0.000000 99968.000000 99968.000000 99840.000000 98304.000000 98304.000000 99984.000000 99968.000000 99792.000000 99536.000000 99992.000000 99968.000000 99840.000000 99840.000000 99840.000000 77088.000000 79368.000000 99984.000000 99968.000000 99968.000000 100000.000000 99712.000000 98688.000000 99712.000000 97152.000000 100000.000000 98176.000000 99904.000000 99832.000000 97336.000000 99960.000000 99992.000000 100000.000000 100000.000000 99936.000000 99912.000000 100000.000000 99992.000000 99328.000000 99634.000000 100000.000000 99936.000000 
4
0.000000 98304.000000 98304.000000 99840.000000 88224.000000 99984.000000 99840.000000 99840.000000 99904.000000 100000.000000 99968.000000 99840.000000 98304.000000 99840.000000 99968.000000 99984.000000 99968.000000 99968.000000 90848.000000 0.000000 100000.000000 100000.000000 99776.000000 97728.000000 99936.000000 99840.000000 99968.000000 99960.000000 99920.000000 100000.000000 99968.000000 98688.000000 99712.000000 99712.000000 97152.000000 97152.000000 100000.000000 99752.000000 99880.000000 99968.000000 99712.000000 98688.000000 99712.000000 97152.000000 100000.000000 99552.000000 99960.000000 99832.000000 99832.000000 99928.000000 100000.000000 100000.000000 99992.000000 99936.000000 99912.000000 100000.000000 99992.000000 99712.000000 99994.000000 100000.000000 99932.000000 
5
0.000000 98304.000000 98304.000000 99840.000000 88224.000000 99984.000000 99840.000000 99840.000000 99776.000000 100000.000000 99968.000000 99840.000000 99840.000000 99840.000000 99936.000000 99960.000000 99904.000000 99840.000000 27456.000000 0.000000 86144.000000 99968.000000 99840.000000 99840.000000 99936.000000 96288.000000 99984.000000 99904.000000 66368.000000 100000.000000 99968.000000 99456.000000 99982.000000 99968.000000 97925.000000 97934.000000 100000.000000 79488.000000 63104.000000 99968.000000 99456.000000 99456.000000 99968.000000 99456.000000 99936.000000 99864.000000 99960.000000 99824.000000 99888.000000 99952.000000 100000.000000 100000.000000 100000.000000 99984.000000 99984.000000 0.000000 100000.000000 99968.000000 99980.000000 100000.000000 99968.000000 
6
0.000000 98308.000000 98304.000000 99984.000000 99984.000000 99968.000000 99968.000000 99968.000000 99776.000000 100000.000000 99968.000000 99845.000000 99840.000000 99845.000000 99840.000000 99936.000000 99968.000000 99840.000000 89888.000000 0.000000 100000.000000 99936.000000 99520.000000 96960.000000 99936.000000 99648.000000 100000.000000 99904.000000 99648.000000 99968.000000 99968.000000 99456.000000 99968.000000 99968.000000 96384.000000 96384.000000 100000.000000 99904.000000 99904.000000 99968.000000 99456.000000 99456.000000 99968.000000 96384.000000 96384.000000 96384.000000 99968.000000 87792.000000 88368.000000 99984.000000 99988.000000 99988.000000 99988.000000 99936.000000 99984.000000 99952.000000 100000.000000 99968.000000 99966.000000 100000.000000 99996.000000 
7
0.000000 98308.000000 98304.000000 99984.000000 99984.000000 99968.000000 99968.000000 99968.000000 99776.000000 100000.000000 99968.000000 99845.000000 99840.000000 99845.000000 99936.000000 99960.000000 99968.000000 99776.000000 90272.000000 0.000000 100000.000000 100000.000000 99840.000000 98304.000000 99840.000000 99936.000000 99968.000000 99792.000000 99536.000000 100000.000000 100000.000000 99776.000000 99776.000000 97728.000000 97728.000000 97728.000000 99968.000000 99968.000000 99968.000000 100000.000000 99264.000000 99264.000000 99776.000000 97728.000000 100000.000000 93464.000000 99992.000000 99776.000000 35008.000000 80416.000000 99996.000000 99996.000000 100000.000000 97728.000000 97735.000000 0.000000 99847.000000 99776.000000 99966.000000 100000.000000 99980.000000 
8
0.000000 98307.000000 98304.000000 99936.000000 84672.000000 99984.000000 99840.000000 99840.000000 99904.000000 100000.000000 99968.000000 99840.000000 99840.000000 98304.000000 99984.000000 99984.000000 99904.000000 99648.000000 90432.000000 0.000000 99968.000000 100000.000000 99840.000000 98304.000000 98304.000000 100000.000000 99968.000000 99776.000000 99776.000000 100000.000000 99968.000000 99840.000000 99840.000000 99840.000000 98304.000000 98304.000000 99968.000000 99776.000000 99904.000000 100000.000000 99840.000000 99840.000000 99840.000000 99840.000000 99936.000000 90984.000000 99984.000000 99824.000000 98352.000000 99984.000000 100000.000000 100000.000000 100000.000000 99984.000000 99288.000000 0.000000 100000.000000 99968.000000 99966.000000 100000.000000 99988.000000 
9
0.000000 98307.000000 98304.000000 99984.000000 99984.000000 99968.000000 99968.000000 99968.000000 99776.000000 100000.000000 99968.000000 99844.000000 99840.000000 99844.000000 99744.000000 99960.000000 99968.000000 99968.000000 0.000000 0.000000 99968.000000 100000.000000 99840.000000 98304.000000 99840.000000 99840.000000 99968.000000 99792.000000 99536.000000 100000.000000 100000.000000 99776.000000 99776.000000 99840.000000 65088.000000 67368.000000 100000.000000 99840.000000 99968.000000 99968.000000 99904.000000 98880.000000 99904.000000 95808.000000 99936.000000 99736.000000 99968.000000 99760.000000 95472.000000 99984.000000 100000.000000 99348.000000 100000.000000 99984.000000 99984.000000 0.000000 99952.000000 99968.000000 99966.000000 100000.000000 99968.000000 
10
0.000000 33820.000000 0.000000 0.000000 0.000000 100000.000000 100000.000000 100000.000000 100000.000000 99978.000000 99968.000000 99840.000000 99840.000000 98304.000000 100000.000000 99960.000000 99904.000000 99904.000000 86592.000000 0.000000 99968.000000 100000.000000 99840.000000 98304.000000 99936.000000 87456.000000 99984.000000 99920.000000 99920.000000 100000.000000 100000.000000 99648.000000 99648.000000 100000.000000 99992.000000 95976.000000 99984.000000 99880.000000 99880.000000 100000.000000 99648.000000 99968.000000 99968.000000 98112.000000 100000.000000 93848.000000 99984.000000 99760.000000 99824.000000 99984.000000 99996.000000 99980.000000 99996.000000 99936.000000 99912.000000 100000.000000 99992.000000 99904.000000 99966.000000 100000.000000 99996.000000 
11
0.000000 33824.000000 0.000000 0.000000 0.000000 100000.000000 99968.000000 99968.000000 100000.000000 99978.000000 99968.000000 99840.000000 100000.000000 0.000000 0.000000 100000.000000 100000.000000 99968.000000 99936.000000 99936.000000 99984.000000 99968.000000 99840.000000 99840.000000 98304.000000 100000.000000 99968.000000 99776.000000 99520.000000 100000.000000 99968.000000 99840.000000 99840.000000 99936.000000 99984.000000 99984.000000 99984.000000 99776.000000 99904.000000 100000.000000 99840.000000 99840.000000 99854.000000 99854.000000 99984.000000 98616.000000 99960.000000 99840.000000 99904.000000 99840.000000 100000.000000 100000.000000 99968.000000 99868.000000 99840.000000 99840.000000 99840.000000 99840.000000 99840.000000 100000.000000 99980.000000 
12
0.000000 33792.000000 0.000000 0.000000 0.000000 100000.000000 100000.000000 100000.000000 99968.000000 99978.000000 99968.000000 99872.000000 100000.000000 0.000000 0.000000 100000.000000 100000.000000 99968.000000 99936.000000 99936.000000 100000.000000 99968.000000 99840.000000 99840.000000 98304.000000 100000.000000 99968.000000 99792.000000 72656.000000 100000.000000 99968.000000 99840.000000 99840.000000 99840.000000 98304.000000 98304.000000 99968.000000 99936.000000 99936.000000 100000.000000 99840.000000 100000.000000 100000.000000 100000.000000 100000.000000 94164.000000 100000.000000 99648.000000 99648.000000 100000.000000 100000.000000 100000.000000 99968.000000 99872.000000 99840.000000 99840.000000 99840.000000 99840.000000 99964.000000 100000.000000 99996.000000 
13
0.000000 33793.888889 0.000000 0.000000 0.000000 100000.000000 99968.000000 99968.000000 100000.000000 99978.000000 99968.000000 99840.000000 100000.000000 0.000000 0.000000 100000.000000 100000.000000 99968.000000 99936.000000 99936.000000 99992.000000 99992.000000 99968.000000 99840.000000 99996.000000 0.000000 100000.000000 100000.000000 99840.000000 100000.000000 100000.000000 100000.000000 100000.000000 99992.000000 0.000000 0.000000 100000.000000 99936.000000 99968.000000 100000.000000 100000.000000 100000.000000 100000.000000 100000.000000 100000.000000 97908.000000 100000.000000 99648.000000 99648.000000 100000.000000 100000.000000 100000.000000 100000.000000 99840.000000 99968.000000 99840.000000 99840.000000 99840.000000 99966.000000 100000.000000 99968.000000 
14
0.000000 33792.000000 0.000000 0.000000 0.000000 100000.000000 99968.000000 99968.000000 99968.000000 99968.000000 99968.000000 99841.888889 99980.000000 0.000000 0.000000 100000.000000 99999.000000 99968.000000 99936.000000 99936.000000 99992.000000 99968.000000 99968.000000 99840.000000 100000.000000 0.000000 100000.000000 100000.000000 99840.000000 100000.000000 100000.000000 100000.000000 100000.000000 100000.000000 0.000000 0.000000 100000.000000 99936.000000 99968.000000 100000.000000 99936.000000 100000.000000 100000.000000 99988.000000 99976.000000 100000.000000 100000.000000 99648.000000 99648.000000 100000.000000 100000.000000 99984.000000 100000.000000 99841.888889 99968.000000 99840.000000 99840.000000 99840.000000 99840.000000 100000.000000 99988.000000 
15
0.000000 33792.000000 0.000000 0.000000 0.000000 100000.000000 99936.000000 99936.000000 99968.000000 99968.000000 99968.000000 99840.000000 99984.000000 0.000000 0.000000 100000.000000 100000.000000 99968.000000 99936.000000 99936.000000 99992.000000 99968.000000 99968.000000 99840.000000 99970.000000 0.000000 100000.000000 100000.000000 99840.000000 100000.000000 100000.000000 100000.000000 100000.000000 99980.000000 0.000000 0.000000 100000.000000 99936.000000 99968.000000 99968.000000 99968.000000 99996.000000 100000.000000 100000.000000 99992.000000 94934.000000 99998.000000 99648.000000 99840.000000 100000.000000 100000.000000 100000.000000 100000.000000 99840.000000 99840.000000 99968.000000 99840.000000 99840.000000 99984.000000 100000.000000 99976.000000 
16
0.000000 33792.000000 0.000000 0.000000 0.000000 100000.000000 99936.000000 99936.000000 100000.000000 99968.000000 99968.000000 99840.000000 99980.000000 0.000000 0.000000 100000.000000 100000.000000 99968.000000 99936.000000 99936.000000 99992.000000 99968.000000 99968.000000 99840.000000 99970.000000 0.000000 100000.000000 100000.000000 99840.000000 99968.000000 99968.000000 99968.000000 100000.000000 99990.000000 0.000000 0.000000 100000.000000 99936.000000 99968.000000 99968.000000 99968.000000 99988.000000 100000.000000 99990.000000 99992.000000 91102.000000 100000.000000 99648.000000 99648.000000 100000.000000 99992.000000 100000.000000 100000.000000 99840.000000 99968.000000 99840.000000 99840.000000 99840.000000 100000.000000 99987.000000 100000.000000 
17
0.000000 33792.000000 0.000000 0.000000 0.000000 100000.000000 99936.000000 99936.000000 100000.000000 99968.000000 99968.000000 99840.000000 99936.000000 0.000000 0.000000 100000.000000 100000.000000 99968.000000 99936.000000 99936.000000 100000.000000 99992.000000 99968.000000 99968.000000 99972.000000 0.000000 100000.000000 99988.000000 99840.000000 100000.000000 100000.000000 100000.000000 100000.000000 99990.000000 0.000000 0.000000 100000.000000 99936.000000 99968.000000 99968.000000 99968.000000 100000.000000 100000.000000 100000.000000 99976.000000 91654.000000 100000.000000 99648.000000 99648.000000 100000.000000 100000.000000 100000.000000 99968.000000 99840.000000 99968.000000 99840.000000 99840.000000 99840.000000 99840.000000 100000.000000 99936.000000 
18
0.000000 33792.000000 0.000000 0.000000 0.000000 100000.000000 99936.000000 99936.000000 100000.000000 99968.000000 99968.000000 99840.000000 99936.000000 0.000000 0.000000 100000.000000 100000.000000 99968.000000 99936.000000 99936.000000 100000.000000 99968.000000 99968.000000 99968.000000 99952.000000 0.000000 100000.000000 100000.000000 99840.000000 100000.000000 100000.000000 100000.000000 100000.000000 100000.000000 0.000000 0.000000 100000.000000 99936.000000 99968.000000 99968.000000 99968.000000 99996.000000 100000.000000 100000.000000 99976.000000 94436.000000 99996.000000 99648.000000 100000.000000 100000.000000 100000.000000 100000.000000 99968.000000 99840.000000 99968.000000 99840.000000 99840.000000 99840.000000 100000.000000 99987.000000 99936.000000 
19
0.000000 33792.000000 0.000000 0.000000 0.000000 100000.000000 99936.000000 99936.000000 99968.000000 99968.000000 99968.000000 99840.000000 99936.000000 0.000000 0.000000 100000.000000 99987.000000 100000.000000 100000.000000 100000.000000 100000.000000 99968.000000 99968.000000 99840.000000 100000.000000 0.000000 100000.000000 100000.000000 99840.000000 99968.000000 99936.000000 99936.000000 100000.000000 100000.000000 0.000000 0.000000 100000.000000 99936.000000 99968.000000 99968.000000 99968.000000 99990.000000 100000.000000 99988.000000 99992.000000 92096.000000 100000.000000 99648.000000 99648.000000 100000.000000 100000.000000 100000.000000 100000.000000 99840.000000 99840.000000 99840.000000 99840.000000 99840.000000 100000.000000 100000.000000 99976.000000 
