0
0.000000 94644.000000 27060.000000 49152.000000 0.000000 0.000000 17600.000000 6544.000000 0.000000 94720.000000 43580.000000 69960.000000 27420.000000 15872.000000 0.000000 41860.000000 17600.000000 4340.000000 0.000000 0.000000 110720.000000 44992.000000 122880.000000 61440.000000 10752.000000 24576.000000 8108.000000 0.000000 0.000000 158464.000000 92352.000000 28416.000000 159744.000000 92160.000000 24576.000000 0.000000 34080.000000 8400.000000 84864.000000 135616.000000 71040.000000 7104.000000 116736.000000 55296.000000 58368.000000 0.000000 35200.000000 0.000000 0.000000 64512.000000 70504.000000 5120.000000 116736.000000 122880.000000 58368.000000 0.000000 53435.000000 0.000000 0.000000 122070.000000 55305.000000 
1
0.000000 94644.000000 27060.000000 52224.000000 0.000000 0.000000 17600.000000 3272.000000 0.000000 94720.000000 43580.000000 69852.000000 27420.000000 15872.000000 0.000000 41480.000000 17600.000000 4340.000000 0.000000 0.000000 109824.000000 44992.000000 118772.000000 57332.000000 10752.000000 24576.000000 8108.000000 0.000000 0.000000 159936.000000 94720.000000 28416.000000 159744.000000 92160.000000 24576.000000 0.000000 34080.000000 8400.000000 81600.000000 137088.000000 73408.000000 7104.000000 110592.000000 43008.000000 58368.000000 0.000000 35200.000000 0.000000 0.000000 60928.000000 70504.000000 5120.000000 110592.000000 122880.000000 58368.000000 0.000000 53380.000000 0.000000 0.000000 115925.000000 49160.000000 
2
0.000000 94644.000000 27060.000000 52224.000000 0.000000 0.000000 17600.000000 3272.000000 0.000000 92352.000000 43532.000000 73728.000000 27516.000000 15360.000000 3072.000000 41480.000000 17600.000000 4340.000000 0.000000 0.000000 108352.000000 42624.000000 118664.000000 57224.000000 10245.000000 27648.000000 8108.000000 0.000000 0.000000 159936.000000 94720.000000 28416.000000 153600.000000 86016.000000 18432.000000 0.000000 34080.000000 8400.000000 81600.000000 137088.000000 73408.000000 7104.000000 110592.000000 49152.000000 58368.000000 0.000000 26400.000000 0.000000 0.000000 60928.000000 70504.000000 5120.000000 110592.000000 122880.000000 58368.000000 0.000000 52470.000000 0.000000 0.000000 117237.000000 55305.000000 
3
0.000000 94644.000000 27060.000000 52224.000000 0.000000 0.000000 17600.000000 6544.000000 0.000000 92352.000000 43532.000000 69852.000000 27420.000000 15360.000000 0.000000 41480.000000 8800.000000 2170.000000 0.000000 0.000000 108352.000000 42624.000000 118732.000000 57292.000000 10245.000000 24576.000000 6336.000000 0.000000 0.000000 159936.000000 94720.000000 28416.000000 153600.000000 86016.000000 18432.000000 0.000000 34080.000000 8400.000000 81600.000000 137088.000000 73408.000000 7104.000000 110592.000000 43008.000000 55296.000000 0.000000 26400.000000 0.000000 0.000000 60928.000000 69657.000000 5120.000000 110592.000000 119808.000000 55296.000000 0.000000 52470.000000 0.000000 0.000000 117237.000000 55305.000000 
4
0.000000 94644.000000 27060.000000 43008.000000 0.000000 12600.000000 17600.000000 6544.000000 0.000000 94720.000000 43544.000000 159744.000000 98304.000000 30720.000000 36864.000000 33220.000000 17600.000000 4340.000000 0.000000 0.000000 109824.000000 44992.000000 33420.000000 0.000000 3584.000000 9216.000000 15688.000000 0.000000 0.000000 150448.000000 90928.000000 24624.000000 86016.000000 107520.000000 36864.000000 0.000000 0.000000 8400.000000 69968.000000 131072.000000 80224.000000 16288.000000 7884.000000 14858.000000 30720.000000 0.000000 35200.000000 3272.000000 0.000000 60928.000000 69480.000000 4096.000000 129024.000000 67584.000000 0.000000 0.000000 87850.000000 23870.000000 0.000000 49737.000000 47888.000000 
5
0.000000 94644.000000 27060.000000 43008.000000 0.000000 12600.000000 17600.000000 3272.000000 0.000000 92352.000000 44076.000000 153600.000000 92160.000000 24576.000000 36864.000000 33220.000000 17600.000000 4340.000000 0.000000 0.000000 108352.000000 42624.000000 33324.000000 0.000000 3072.000000 9216.000000 15688.000000 0.000000 0.000000 150752.000000 89760.000000 25824.000000 92160.000000 98304.000000 33792.000000 0.000000 0.000000 8400.000000 70000.000000 128704.000000 80756.000000 15660.000000 7884.000000 14858.000000 27648.000000 0.000000 26400.000000 3272.000000 0.000000 60928.000000 69657.000000 4096.000000 129024.000000 67584.000000 0.000000 0.000000 87850.000000 23870.000000 0.000000 49737.000000 47888.000000 
6
0.000000 94644.000000 27060.000000 43008.000000 0.000000 13500.000000 17600.000000 3272.000000 0.000000 92352.000000 43496.000000 153600.000000 92160.000000 24576.000000 36864.000000 33220.000000 17600.000000 4340.000000 0.000000 0.000000 108352.000000 42624.000000 33420.000000 0.000000 3072.000000 6144.000000 15500.000000 0.000000 0.000000 152816.000000 91952.000000 25648.000000 92160.000000 98304.000000 33792.000000 0.000000 0.000000 8400.000000 69600.000000 130672.000000 80224.000000 16288.000000 7776.000000 14387.000000 27648.000000 0.000000 26400.000000 6544.000000 0.000000 60928.000000 69657.000000 4096.000000 122880.000000 61440.000000 0.000000 0.000000 87220.000000 23870.000000 0.000000 46775.000000 48261.000000 
7
0.000000 94644.000000 27060.000000 39936.000000 0.000000 12600.000000 17600.000000 3272.000000 0.000000 92352.000000 43496.000000 153600.000000 92160.000000 24576.000000 33792.000000 35400.000000 8800.000000 2170.000000 0.000000 0.000000 108352.000000 42624.000000 33324.000000 0.000000 3072.000000 6144.000000 8108.000000 0.000000 0.000000 152848.000000 91984.000000 25680.000000 86016.000000 98304.000000 33792.000000 0.000000 0.000000 8400.000000 69600.000000 130672.000000 80224.000000 16288.000000 7776.000000 14386.000000 27648.000000 0.000000 26400.000000 6544.000000 0.000000 60928.000000 68633.000000 3072.000000 122880.000000 61440.000000 0.000000 0.000000 87850.000000 23870.000000 0.000000 44904.000000 47513.000000 
8
0.000000 94644.000000 27060.000000 73728.000000 6144.000000 48280.000000 0.000000 6544.000000 0.000000 144980.000000 81044.000000 149908.000000 86016.000000 24576.000000 33792.000000 27820.000000 17600.000000 4340.000000 0.000000 0.000000 107456.000000 40256.000000 147456.000000 86016.000000 18432.000000 24576.000000 29560.000000 8800.000000 0.000000 164096.000000 99456.000000 33152.000000 18432.000000 64512.000000 0.000000 0.000000 0.000000 8400.000000 144064.000000 135168.000000 82068.000000 16916.000000 86016.000000 24576.000000 27648.000000 0.000000 35200.000000 0.000000 0.000000 64512.000000 70504.000000 4096.000000 30720.000000 92160.000000 27648.000000 0.000000 63344.000000 0.000000 0.000000 91827.000000 55593.000000 
9
0.000000 94644.000000 27060.000000 73728.000000 6144.000000 48280.000000 0.000000 3272.000000 0.000000 144400.000000 80464.000000 149328.000000 86016.000000 18432.000000 33792.000000 27820.000000 17600.000000 4340.000000 0.000000 0.000000 108352.000000 42624.000000 147456.000000 86016.000000 18432.000000 24576.000000 29560.000000 8800.000000 0.000000 164096.000000 97088.000000 33152.000000 18432.000000 64512.000000 0.000000 0.000000 0.000000 8400.000000 140800.000000 136640.000000 81800.000000 17544.000000 79872.000000 18432.000000 33792.000000 0.000000 26400.000000 0.000000 0.000000 60928.000000 70504.000000 4096.000000 30720.000000 92160.000000 27648.000000 0.000000 62379.000000 0.000000 0.000000 91827.000000 55593.000000 
10
0.000000 94644.000000 27060.000000 73728.000000 6144.000000 48280.000000 0.000000 3272.000000 0.000000 144400.000000 78096.000000 149328.000000 86016.000000 18432.000000 30720.000000 27820.000000 17600.000000 4340.000000 0.000000 0.000000 108352.000000 42624.000000 147456.000000 86016.000000 18432.000000 21504.000000 30080.000000 8800.000000 0.000000 163200.000000 97088.000000 33152.000000 18432.000000 64512.000000 0.000000 0.000000 0.000000 8400.000000 140800.000000 136640.000000 81800.000000 17544.000000 79872.000000 18432.000000 33792.000000 0.000000 26400.000000 0.000000 0.000000 60928.000000 70504.000000 4096.000000 30720.000000 89088.000000 24576.000000 0.000000 62379.000000 0.000000 0.000000 91827.000000 55966.000000 
11
0.000000 94536.000000 26952.000000 70656.000000 3072.000000 48280.000000 0.000000 3272.000000 0.000000 144400.000000 80464.000000 149328.000000 86016.000000 18432.000000 33792.000000 32860.000000 8800.000000 2170.000000 0.000000 0.000000 108352.000000 42624.000000 147456.000000 86016.000000 18432.000000 21504.000000 24680.000000 0.000000 0.000000 163200.000000 97088.000000 33152.000000 18432.000000 61440.000000 0.000000 0.000000 0.000000 8400.000000 140800.000000 134272.000000 82332.000000 18076.000000 79872.000000 18432.000000 30720.000000 0.000000 26400.000000 0.000000 0.000000 60928.000000 69657.000000 3072.000000 30720.000000 89088.000000 24576.000000 0.000000 59107.000000 0.000000 0.000000 86994.000000 55250.000000 
12
0.000000 94644.000000 27060.000000 73728.000000 6144.000000 48280.000000 17600.000000 6544.000000 0.000000 144400.000000 80464.000000 173904.000000 110592.000000 43008.000000 36864.000000 27820.000000 17600.000000 4340.000000 0.000000 0.000000 107456.000000 42624.000000 159744.000000 98304.000000 30720.000000 0.000000 15688.000000 8800.000000 0.000000 201920.000000 134976.000000 71040.000000 13700.000000 129024.000000 64512.000000 0.000000 0.000000 8400.000000 115424.000000 168096.000000 101824.000000 37888.000000 135168.000000 67584.000000 6144.000000 0.000000 35200.000000 3272.000000 0.000000 60928.000000 74465.000000 9864.000000 104448.000000 116736.000000 49152.000000 0.000000 59107.000000 0.000000 0.000000 91827.000000 69069.000000 
13
0.000000 94644.000000 27060.000000 73728.000000 6144.000000 48280.000000 17600.000000 3272.000000 0.000000 144400.000000 80464.000000 167760.000000 104448.000000 36864.000000 36864.000000 27820.000000 17600.000000 4340.000000 0.000000 0.000000 108352.000000 42624.000000 159744.000000 98304.000000 30720.000000 0.000000 15688.000000 8800.000000 0.000000 201920.000000 134976.000000 71040.000000 13700.000000 129024.000000 64512.000000 0.000000 0.000000 8400.000000 115024.000000 170064.000000 104192.000000 40256.000000 129024.000000 67584.000000 0.000000 0.000000 26400.000000 3272.000000 0.000000 60928.000000 75165.000000 10564.000000 98304.000000 116736.000000 49152.000000 0.000000 59107.000000 0.000000 0.000000 91827.000000 69069.000000 
14
0.000000 94644.000000 27060.000000 70656.000000 3072.000000 48280.000000 17600.000000 3272.000000 0.000000 144400.000000 80464.000000 167760.000000 104448.000000 36864.000000 33792.000000 27820.000000 17600.000000 4340.000000 0.000000 0.000000 108352.000000 42624.000000 159744.000000 98304.000000 30720.000000 0.000000 15500.000000 8800.000000 0.000000 202816.000000 137344.000000 71040.000000 16068.000000 129024.000000 64512.000000 0.000000 0.000000 8400.000000 115024.000000 170064.000000 104192.000000 40256.000000 129024.000000 67584.000000 0.000000 0.000000 26400.000000 6544.000000 0.000000 60928.000000 74141.000000 9540.000000 98304.000000 116736.000000 49152.000000 0.000000 59107.000000 0.000000 0.000000 86994.000000 69849.000000 
15
0.000000 94536.000000 26952.000000 70656.000000 3072.000000 48280.000000 17600.000000 3272.000000 0.000000 144400.000000 80464.000000 167760.000000 104448.000000 36864.000000 33792.000000 32860.000000 8800.000000 2170.000000 0.000000 0.000000 108352.000000 42624.000000 159744.000000 98304.000000 30720.000000 0.000000 8108.000000 0.000000 0.000000 200448.000000 134976.000000 68672.000000 15968.000000 125952.000000 61440.000000 0.000000 0.000000 8400.000000 115024.000000 167696.000000 101824.000000 37888.000000 129024.000000 61440.000000 0.000000 0.000000 26400.000000 6544.000000 0.000000 60928.000000 74141.000000 9540.000000 98304.000000 113664.000000 46080.000000 0.000000 59107.000000 0.000000 0.000000 86994.000000 67978.000000 
16
0.000000 94644.000000 27060.000000 73728.000000 6144.000000 6300.000000 17600.000000 6544.000000 0.000000 92352.000000 44076.000000 135168.000000 67584.000000 17926.000000 21504.000000 27820.000000 17600.000000 4340.000000 0.000000 0.000000 105088.000000 40256.000000 55296.000000 0.000000 512.000000 0.000000 15688.000000 8800.000000 0.000000 186176.000000 119232.000000 55296.000000 147456.000000 79872.000000 18432.000000 0.000000 0.000000 0.000000 84864.000000 135616.000000 71040.000000 4736.000000 129024.000000 61440.000000 3072.000000 0.000000 35200.000000 0.000000 0.000000 13773.000000 67356.000000 5823.000000 104448.000000 116736.000000 49152.000000 0.000000 53200.000000 0.000000 0.000000 46775.000000 46765.000000 
17
0.000000 94644.000000 27060.000000 73728.000000 6144.000000 5400.000000 17600.000000 3272.000000 0.000000 94720.000000 43544.000000 135168.000000 67584.000000 17925.000000 18432.000000 27820.000000 17600.000000 4340.000000 0.000000 0.000000 105984.000000 42624.000000 55296.000000 0.000000 512.000000 0.000000 15688.000000 8800.000000 0.000000 186272.000000 120800.000000 54496.000000 153600.000000 86016.000000 24576.000000 0.000000 0.000000 0.000000 81600.000000 137088.000000 71040.000000 7104.000000 129024.000000 61440.000000 3072.000000 0.000000 26400.000000 0.000000 0.000000 8333.000000 65485.000000 7799.000000 98304.000000 116736.000000 49152.000000 0.000000 53200.000000 0.000000 0.000000 46775.000000 46765.000000 
18
0.000000 94644.000000 27060.000000 70656.000000 3072.000000 5400.000000 17600.000000 6544.000000 0.000000 92352.000000 43496.000000 141312.000000 73728.000000 17925.000000 18432.000000 27820.000000 8800.000000 2170.000000 0.000000 0.000000 105984.000000 42624.000000 55296.000000 0.000000 512.000000 0.000000 15500.000000 8800.000000 0.000000 186272.000000 120800.000000 54496.000000 147456.000000 79872.000000 18432.000000 0.000000 0.000000 0.000000 81600.000000 137088.000000 71040.000000 7104.000000 129024.000000 61440.000000 3072.000000 0.000000 26400.000000 0.000000 0.000000 4800.000000 65485.000000 5434.000000 98304.000000 116736.000000 49152.000000 0.000000 50400.000000 0.000000 0.000000 44904.000000 46017.000000 
19
0.000000 94536.000000 26952.000000 70656.000000 3072.000000 5400.000000 17600.000000 6544.000000 0.000000 92352.000000 43496.000000 135168.000000 67584.000000 17925.000000 18432.000000 32860.000000 8800.000000 2170.000000 0.000000 0.000000 105984.000000 42624.000000 49152.000000 0.000000 0.000000 0.000000 8108.000000 0.000000 0.000000 186304.000000 120832.000000 54528.000000 147456.000000 79872.000000 18432.000000 0.000000 0.000000 0.000000 81600.000000 134720.000000 68672.000000 4736.000000 122880.000000 55296.000000 0.000000 0.000000 26400.000000 0.000000 0.000000 4800.000000 65485.000000 5434.000000 98304.000000 113664.000000 46080.000000 0.000000 53200.000000 0.000000 0.000000 44904.000000 46390.000000 
20
0.000000 94644.000000 27060.000000 73728.000000 6144.000000 0.000000 17600.000000 6544.000000 0.000000 144400.000000 80464.000000 112464.000000 49152.000000 3613.000000 21504.000000 27820.000000 42600.000000 4340.000000 0.000000 0.000000 107456.000000 42624.000000 34284.000000 0.000000 2.000000 21504.000000 15160.000000 0.000000 0.000000 196544.000000 130240.000000 66304.000000 135168.000000 73728.000000 6144.000000 0.000000 34080.000000 8400.000000 59200.000000 175232.000000 108928.000000 44992.000000 61440.000000 18432.000000 33792.000000 0.000000 35200.000000 3272.000000 0.000000 10253.000000 67356.000000 7694.000000 28996.000000 55296.000000 0.000000 0.000000 43120.000000 0.000000 0.000000 106326.000000 48384.000000 
21
0.000000 94644.000000 27060.000000 73728.000000 6144.000000 0.000000 17600.000000 3272.000000 0.000000 144400.000000 80464.000000 112464.000000 49152.000000 3613.000000 18432.000000 27820.000000 39760.000000 4340.000000 0.000000 0.000000 108352.000000 42624.000000 34284.000000 0.000000 2.000000 18432.000000 15160.000000 0.000000 0.000000 196544.000000 130240.000000 66304.000000 135168.000000 73728.000000 6144.000000 0.000000 34080.000000 8400.000000 59200.000000 175232.000000 108928.000000 44992.000000 61440.000000 18432.000000 30720.000000 0.000000 26400.000000 3272.000000 0.000000 16666.000000 67356.000000 7799.000000 28780.000000 55296.000000 0.000000 0.000000 43120.000000 0.000000 0.000000 101493.000000 48591.000000 
22
0.000000 94644.000000 27060.000000 70656.000000 3072.000000 0.000000 17600.000000 6544.000000 0.000000 144400.000000 80464.000000 112464.000000 49152.000000 3648.000000 18432.000000 32860.000000 39760.000000 2170.000000 0.000000 0.000000 108352.000000 42624.000000 34176.000000 0.000000 1.000000 18432.000000 7580.000000 0.000000 0.000000 196544.000000 130240.000000 66304.000000 132608.000000 71168.000000 2304.000000 0.000000 34080.000000 8400.000000 59200.000000 175232.000000 108928.000000 44992.000000 61440.000000 18432.000000 30720.000000 0.000000 26400.000000 3272.000000 0.000000 10253.000000 65485.000000 5928.000000 29292.000000 55296.000000 0.000000 0.000000 46288.000000 0.000000 0.000000 101493.000000 48591.000000 
23
0.000000 94536.000000 26952.000000 70656.000000 3072.000000 0.000000 17600.000000 6544.000000 0.000000 144400.000000 80464.000000 106320.000000 43008.000000 3648.000000 18432.000000 32860.000000 39760.000000 2170.000000 0.000000 0.000000 108352.000000 42624.000000 34176.000000 0.000000 1.000000 18432.000000 7580.000000 0.000000 0.000000 194176.000000 130240.000000 63936.000000 135168.000000 73728.000000 6144.000000 0.000000 34080.000000 8400.000000 61568.000000 172864.000000 108928.000000 42624.000000 55296.000000 17920.000000 30720.000000 0.000000 26400.000000 3272.000000 0.000000 10253.000000 65485.000000 5681.000000 28780.000000 55296.000000 0.000000 0.000000 46288.000000 0.000000 0.000000 101493.000000 48231.000000 
24
0.000000 100936.000000 33352.000000 39936.000000 0.000000 0.000000 17600.000000 6544.000000 0.000000 144400.000000 80464.000000 124752.000000 61440.000000 13824.000000 21504.000000 43120.000000 17600.000000 4340.000000 0.000000 0.000000 105088.000000 40256.000000 49152.000000 0.000000 512.000000 0.000000 27760.000000 8800.000000 0.000000 196544.000000 130240.000000 66304.000000 159744.000000 98304.000000 30720.000000 0.000000 0.000000 0.000000 118400.000000 172864.000000 108928.000000 42624.000000 135168.000000 67584.000000 6144.000000 0.000000 35200.000000 3272.000000 0.000000 13773.000000 67356.000000 7305.000000 104448.000000 119808.000000 52224.000000 0.000000 41710.000000 0.000000 0.000000 28308.000000 56130.000000 
25
0.000000 100936.000000 33352.000000 36864.000000 0.000000 0.000000 17600.000000 3272.000000 0.000000 144400.000000 80464.000000 120848.000000 57752.000000 13312.000000 21504.000000 42220.000000 17600.000000 4340.000000 0.000000 0.000000 105984.000000 42624.000000 55296.000000 0.000000 0.000000 0.000000 27380.000000 8800.000000 0.000000 196544.000000 130240.000000 66304.000000 153600.000000 92160.000000 24576.000000 0.000000 0.000000 0.000000 118400.000000 172864.000000 108928.000000 42624.000000 135168.000000 67584.000000 6144.000000 0.000000 26400.000000 3272.000000 0.000000 8333.000000 67356.000000 7305.000000 104448.000000 119808.000000 52224.000000 0.000000 41710.000000 0.000000 0.000000 26960.000000 58001.000000 
26
0.000000 100936.000000 33352.000000 36864.000000 0.000000 0.000000 17600.000000 3272.000000 0.000000 144400.000000 80464.000000 120848.000000 57644.000000 13312.000000 21504.000000 41860.000000 8800.000000 2170.000000 0.000000 0.000000 105984.000000 42624.000000 55296.000000 0.000000 0.000000 0.000000 21980.000000 8800.000000 0.000000 196544.000000 130240.000000 66304.000000 153600.000000 92160.000000 24576.000000 0.000000 0.000000 0.000000 118400.000000 170496.000000 106560.000000 40256.000000 135168.000000 73728.000000 6144.000000 0.000000 26400.000000 6544.000000 0.000000 5440.000000 65485.000000 7058.000000 104448.000000 119808.000000 52224.000000 0.000000 41710.000000 0.000000 0.000000 26960.000000 58001.000000 
27
0.000000 100828.000000 33244.000000 36864.000000 0.000000 0.000000 17600.000000 3272.000000 0.000000 144400.000000 80464.000000 120808.000000 57712.000000 13824.000000 21504.000000 42380.000000 8800.000000 2170.000000 0.000000 0.000000 105984.000000 42624.000000 55296.000000 0.000000 0.000000 0.000000 21980.000000 0.000000 0.000000 194176.000000 130240.000000 63936.000000 153600.000000 92160.000000 24576.000000 0.000000 0.000000 0.000000 118400.000000 172864.000000 106560.000000 42624.000000 141312.000000 73728.000000 12288.000000 0.000000 26400.000000 6544.000000 0.000000 5280.000000 65485.000000 5187.000000 98304.000000 116736.000000 49152.000000 0.000000 39540.000000 0.000000 0.000000 26960.000000 56130.000000 
28
0.000000 100936.000000 33352.000000 39936.000000 0.000000 0.000000 17600.000000 6544.000000 0.000000 144400.000000 80464.000000 124752.000000 61440.000000 14336.000000 21504.000000 27820.000000 17600.000000 4340.000000 0.000000 0.000000 105088.000000 40256.000000 67584.000000 6144.000000 1024.000000 0.000000 15688.000000 8800.000000 0.000000 158000.000000 92464.000000 27312.000000 147456.000000 86016.000000 18432.000000 0.000000 0.000000 8400.000000 84944.000000 139712.000000 75776.000000 11840.000000 92160.000000 24576.000000 33792.000000 0.000000 51120.000000 0.000000 0.000000 10253.000000 67356.000000 7305.000000 129024.000000 61440.000000 0.000000 0.000000 41710.000000 0.000000 0.000000 26960.000000 58001.000000 
29
0.000000 100936.000000 33352.000000 36864.000000 0.000000 0.000000 17600.000000 3272.000000 0.000000 144400.000000 80464.000000 120848.000000 57644.000000 13824.000000 18432.000000 27820.000000 17600.000000 4340.000000 0.000000 0.000000 105984.000000 42624.000000 67584.000000 6144.000000 1026.000000 0.000000 15500.000000 8800.000000 0.000000 157600.000000 92064.000000 26912.000000 147456.000000 86016.000000 18432.000000 0.000000 0.000000 8400.000000 84944.000000 139712.000000 75776.000000 9472.000000 86016.000000 18432.000000 36864.000000 0.000000 48280.000000 0.000000 0.000000 16666.000000 65485.000000 6175.000000 123648.000000 56064.000000 0.000000 0.000000 41710.000000 0.000000 0.000000 26960.000000 58001.000000 
30
0.000000 100936.000000 33352.000000 36864.000000 0.000000 0.000000 17600.000000 3272.000000 0.000000 144400.000000 80464.000000 120848.000000 57644.000000 13824.000000 18432.000000 32860.000000 8800.000000 2170.000000 0.000000 0.000000 105984.000000 42624.000000 67584.000000 6144.000000 517.000000 0.000000 8108.000000 0.000000 0.000000 155504.000000 92336.000000 25712.000000 147456.000000 86016.000000 18432.000000 0.000000 0.000000 8400.000000 86912.000000 139712.000000 75776.000000 9472.000000 86016.000000 18432.000000 36864.000000 0.000000 48280.000000 0.000000 0.000000 10253.000000 65485.000000 7163.000000 123392.000000 55808.000000 0.000000 0.000000 41710.000000 0.000000 0.000000 26960.000000 56130.000000 
31
0.000000 100828.000000 33244.000000 36864.000000 0.000000 0.000000 17600.000000 3272.000000 0.000000 144400.000000 80464.000000 120808.000000 57712.000000 13824.000000 18432.000000 25280.000000 8800.000000 2170.000000 0.000000 0.000000 105984.000000 42624.000000 61440.000000 0.000000 516.000000 0.000000 8108.000000 0.000000 0.000000 155600.000000 92432.000000 24912.000000 147456.000000 86016.000000 18432.000000 0.000000 0.000000 8400.000000 86912.000000 142080.000000 75776.000000 11840.000000 86016.000000 18432.000000 33792.000000 0.000000 48280.000000 0.000000 0.000000 10253.000000 65485.000000 5187.000000 123392.000000 55808.000000 0.000000 0.000000 39540.000000 0.000000 0.000000 26960.000000 56130.000000 
32
0.000000 100828.000000 33244.000000 73728.000000 6144.000000 0.000000 17600.000000 3272.000000 0.000000 143820.000000 79884.000000 173324.000000 110592.000000 43008.000000 36864.000000 27820.000000 17600.000000 4340.000000 0.000000 0.000000 107456.000000 40256.000000 147456.000000 86016.000000 18432.000000 24576.000000 15160.000000 8800.000000 0.000000 196544.000000 130240.000000 66304.000000 153600.000000 92160.000000 24576.000000 0.000000 0.000000 0.000000 61600.000000 172864.000000 108928.000000 44992.000000 12288.000000 14848.000000 55296.000000 0.000000 35200.000000 3272.000000 0.000000 10253.000000 65868.000000 0.000000 28160.000000 58368.000000 0.000000 0.000000 41710.000000 0.000000 0.000000 54299.000000 44620.000000 
33
0.000000 100828.000000 33244.000000 73728.000000 6144.000000 0.000000 17600.000000 3272.000000 0.000000 143820.000000 79884.000000 167180.000000 104448.000000 36864.000000 36864.000000 27820.000000 17600.000000 4340.000000 0.000000 0.000000 108352.000000 42624.000000 141312.000000 79872.000000 12288.000000 24576.000000 7580.000000 8800.000000 0.000000 196544.000000 130240.000000 66304.000000 153600.000000 92160.000000 24576.000000 0.000000 0.000000 0.000000 61600.000000 172032.000000 108096.000000 44160.000000 12288.000000 14848.000000 55296.000000 0.000000 26400.000000 3272.000000 0.000000 16666.000000 65868.000000 1348.000000 28160.000000 55296.000000 0.000000 0.000000 41710.000000 0.000000 0.000000 53045.000000 45700.000000 
34
0.000000 100828.000000 33244.000000 70656.000000 3072.000000 0.000000 17600.000000 6544.000000 0.000000 143820.000000 79884.000000 167180.000000 104448.000000 36864.000000 33792.000000 32860.000000 8800.000000 2170.000000 0.000000 0.000000 105984.000000 42624.000000 141312.000000 79872.000000 12288.000000 24576.000000 7580.000000 0.000000 0.000000 196544.000000 130240.000000 66304.000000 153600.000000 92160.000000 24576.000000 0.000000 0.000000 0.000000 61200.000000 172864.000000 108928.000000 42624.000000 12288.000000 14360.000000 55296.000000 0.000000 26400.000000 6544.000000 0.000000 10253.000000 65868.000000 1348.000000 28160.000000 55296.000000 0.000000 0.000000 41710.000000 0.000000 0.000000 53045.000000 45989.000000 
35
0.000000 100896.000000 33312.000000 70656.000000 3072.000000 0.000000 17600.000000 6544.000000 0.000000 144352.000000 80416.000000 167712.000000 104448.000000 43008.000000 36864.000000 25280.000000 8800.000000 2170.000000 0.000000 0.000000 108352.000000 42624.000000 141312.000000 79872.000000 12288.000000 21504.000000 7580.000000 0.000000 0.000000 191808.000000 127872.000000 61568.000000 153600.000000 86016.000000 24576.000000 0.000000 0.000000 0.000000 58832.000000 175232.000000 108928.000000 44992.000000 6144.000000 14869.000000 52224.000000 0.000000 26400.000000 6544.000000 0.000000 10093.000000 64520.000000 0.000000 28160.000000 55296.000000 0.000000 0.000000 39540.000000 0.000000 0.000000 53045.000000 45989.000000 
36
0.000000 100828.000000 33244.000000 36864.000000 0.000000 0.000000 17600.000000 3272.000000 0.000000 144400.000000 80464.000000 124752.000000 61440.000000 13824.000000 18432.000000 27820.000000 17600.000000 0.000000 0.000000 0.000000 105088.000000 40256.000000 55296.000000 0.000000 512.000000 0.000000 15688.000000 8800.000000 0.000000 162000.000000 96464.000000 31312.000000 15432.000000 129024.000000 64512.000000 0.000000 0.000000 8400.000000 77120.000000 133824.000000 82592.000000 16288.000000 92160.000000 24576.000000 33792.000000 0.000000 35200.000000 3272.000000 0.000000 13773.000000 71098.000000 5613.000000 33792.000000 55296.000000 0.000000 0.000000 43120.000000 0.000000 0.000000 101493.000000 43191.000000 
37
0.000000 100828.000000 33244.000000 36864.000000 0.000000 0.000000 17600.000000 3272.000000 0.000000 144400.000000 80464.000000 120740.000000 57644.000000 13824.000000 18432.000000 27820.000000 17600.000000 0.000000 0.000000 0.000000 105984.000000 42624.000000 55296.000000 0.000000 514.000000 0.000000 15500.000000 8800.000000 0.000000 162000.000000 96464.000000 31312.000000 15432.000000 129024.000000 64512.000000 0.000000 0.000000 8400.000000 77120.000000 133824.000000 82592.000000 16288.000000 86016.000000 18432.000000 33792.000000 0.000000 26400.000000 3272.000000 0.000000 16666.000000 71098.000000 5613.000000 33792.000000 55296.000000 0.000000 0.000000 43120.000000 0.000000 0.000000 101493.000000 42831.000000 
38
0.000000 100828.000000 33244.000000 36864.000000 0.000000 0.000000 17600.000000 3272.000000 0.000000 144400.000000 80464.000000 120808.000000 57604.000000 13824.000000 18432.000000 32860.000000 8800.000000 0.000000 0.000000 0.000000 105984.000000 42624.000000 55296.000000 0.000000 513.000000 0.000000 8108.000000 0.000000 0.000000 161904.000000 96368.000000 29744.000000 15324.000000 129024.000000 64512.000000 0.000000 0.000000 8400.000000 77120.000000 133824.000000 82592.000000 16288.000000 86016.000000 18432.000000 33792.000000 0.000000 26400.000000 6544.000000 0.000000 13613.000000 69227.000000 3742.000000 33792.000000 55296.000000 0.000000 0.000000 46288.000000 0.000000 0.000000 101493.000000 42831.000000 
39
0.000000 100896.000000 33312.000000 39936.000000 0.000000 0.000000 17600.000000 3272.000000 0.000000 144400.000000 80464.000000 120700.000000 57604.000000 14336.000000 21504.000000 25280.000000 8800.000000 0.000000 0.000000 0.000000 105984.000000 42624.000000 55296.000000 0.000000 0.000000 0.000000 8108.000000 0.000000 0.000000 161600.000000 98432.000000 30912.000000 15324.000000 125952.000000 61440.000000 0.000000 0.000000 8400.000000 80384.000000 132352.000000 83124.000000 16240.000000 86016.000000 18432.000000 30720.000000 0.000000 26400.000000 6544.000000 0.000000 13613.000000 69227.000000 3742.000000 33280.000000 55296.000000 0.000000 0.000000 46288.000000 0.000000 0.000000 101493.000000 42831.000000 
40
0.000000 0.000000 0.000000 0.000000 0.000000 250022.000000 188544.000000 123059.000000 60009.000000 135168.000000 69888.000000 164480.000000 104448.000000 36864.000000 46080.000000 27820.000000 17600.000000 4340.000000 0.000000 0.000000 105088.000000 40256.000000 79872.000000 18432.000000 512.000000 18432.000000 15688.000000 8800.000000 0.000000 162000.000000 96464.000000 31312.000000 49152.000000 129024.000000 64512.000000 0.000000 0.000000 8400.000000 70000.000000 126208.000000 76520.000000 11600.000000 104448.000000 36864.000000 49152.000000 0.000000 35200.000000 3272.000000 0.000000 10253.000000 65485.000000 6387.000000 122880.000000 129024.000000 64512.000000 0.000000 41710.000000 0.000000 0.000000 26960.000000 58001.000000 
41
0.000000 0.000000 0.000000 0.000000 0.000000 249002.000000 188724.000000 123239.000000 60189.000000 136640.000000 71360.000000 160704.000000 98304.000000 30720.000000 46080.000000 27820.000000 17600.000000 4340.000000 0.000000 0.000000 108352.000000 42624.000000 79872.000000 18432.000000 2.000000 18432.000000 15500.000000 8800.000000 0.000000 161600.000000 96064.000000 30912.000000 49152.000000 129024.000000 64512.000000 0.000000 0.000000 8400.000000 69600.000000 126640.000000 76772.000000 11020.000000 104448.000000 36864.000000 46080.000000 0.000000 26400.000000 3272.000000 0.000000 16666.000000 65485.000000 6140.000000 116736.000000 129024.000000 64512.000000 0.000000 41710.000000 0.000000 0.000000 26960.000000 56130.000000 
42
0.000000 0.000000 0.000000 0.000000 0.000000 249001.000000 188723.000000 123238.000000 60188.000000 136640.000000 71360.000000 160704.000000 98304.000000 30720.000000 43008.000000 32860.000000 8800.000000 2170.000000 0.000000 0.000000 105984.000000 42624.000000 73728.000000 12288.000000 2.000000 18432.000000 8108.000000 0.000000 0.000000 161904.000000 96368.000000 29744.000000 43008.000000 129024.000000 64512.000000 0.000000 0.000000 8400.000000 69600.000000 126320.000000 76452.000000 11020.000000 98304.000000 30720.000000 46080.000000 0.000000 26400.000000 3272.000000 0.000000 10253.000000 65485.000000 8811.000000 116736.000000 129024.000000 64512.000000 0.000000 39540.000000 0.000000 0.000000 26960.000000 56130.000000 
43
0.000000 0.000000 0.000000 0.000000 0.000000 249698.000000 188620.000000 123135.000000 61433.000000 134272.000000 68992.000000 158336.000000 98304.000000 30720.000000 43008.000000 25280.000000 8800.000000 2170.000000 0.000000 0.000000 105984.000000 42624.000000 73728.000000 12288.000000 1.000000 18432.000000 8108.000000 0.000000 0.000000 159632.000000 96464.000000 28944.000000 49152.000000 125952.000000 61440.000000 0.000000 0.000000 8400.000000 68000.000000 125216.000000 76328.000000 10440.000000 98304.000000 30720.000000 46080.000000 0.000000 26400.000000 3272.000000 0.000000 10093.000000 65485.000000 8658.000000 116736.000000 125952.000000 61440.000000 0.000000 39540.000000 0.000000 0.000000 26960.000000 56130.000000 
44
0.000000 0.000000 0.000000 0.000000 0.000000 250022.000000 188544.000000 123059.000000 60009.000000 135168.000000 69888.000000 4737.000000 0.000000 0.000000 0.000000 22203.000000 247313.000000 198150.000000 134536.000000 69051.000000 123968.000000 59200.000000 147456.000000 86016.000000 18432.000000 0.000000 15160.000000 8800.000000 0.000000 196544.000000 130240.000000 66304.000000 14448.000000 129024.000000 64512.000000 0.000000 0.000000 0.000000 61600.000000 172864.000000 108928.000000 44992.000000 56484.000000 22016.000000 36864.000000 0.000000 35200.000000 3272.000000 0.000000 13773.000000 74264.000000 89002.000000 381308.000000 324548.000000 260228.000000 193604.000000 129668.000000 65732.000000 0.000000 26960.000000 56130.000000 
45
0.000000 0.000000 0.000000 0.000000 0.000000 249002.000000 188724.000000 123239.000000 60189.000000 136640.000000 71360.000000 7104.000000 0.000000 0.000000 0.000000 23282.000000 248138.000000 197767.000000 134153.000000 68668.000000 123568.000000 59200.000000 147456.000000 86016.000000 18432.000000 0.000000 7580.000000 8800.000000 0.000000 194176.000000 127872.000000 63936.000000 16824.000000 129024.000000 64512.000000 0.000000 0.000000 0.000000 61600.000000 172864.000000 108928.000000 44992.000000 56376.000000 22016.000000 33792.000000 0.000000 26400.000000 3272.000000 0.000000 8333.000000 74345.000000 88102.000000 380729.000000 324548.000000 260228.000000 193604.000000 129668.000000 63364.000000 0.000000 26960.000000 56130.000000 
46
0.000000 0.000000 0.000000 0.000000 0.000000 249001.000000 188723.000000 123238.000000 60188.000000 134272.000000 68992.000000 4736.000000 0.000000 0.000000 0.000000 22028.000000 248138.000000 197767.000000 134153.000000 68668.000000 121200.000000 56832.000000 153600.000000 86016.000000 24576.000000 0.000000 7580.000000 0.000000 0.000000 194176.000000 127872.000000 63936.000000 16716.000000 129024.000000 64512.000000 0.000000 0.000000 0.000000 61200.000000 175232.000000 111296.000000 44992.000000 54248.000000 22528.000000 36864.000000 0.000000 26400.000000 3272.000000 0.000000 4800.000000 74297.000000 88202.000000 379836.000000 324230.000000 260550.000000 196294.000000 129990.000000 66054.000000 0.000000 26960.000000 56130.000000 
47
0.000000 0.000000 0.000000 0.000000 0.000000 249698.000000 188620.000000 123135.000000 61433.000000 134272.000000 68992.000000 4736.000000 0.000000 0.000000 0.000000 21975.000000 248097.000000 198610.000000 133125.000000 69511.000000 121872.000000 56832.000000 147456.000000 86016.000000 18432.000000 0.000000 7580.000000 0.000000 0.000000 194176.000000 130240.000000 63936.000000 16728.000000 125952.000000 61440.000000 0.000000 0.000000 0.000000 58832.000000 175232.000000 108928.000000 44992.000000 55836.000000 21521.000000 36864.000000 0.000000 26400.000000 3272.000000 0.000000 4960.000000 72774.000000 88435.000000 375356.000000 325315.000000 260611.000000 194883.000000 130947.000000 64643.000000 0.000000 26960.000000 56130.000000 
48
0.000000 0.000000 0.000000 0.000000 0.000000 238840.000000 172959.000000 109345.000000 46295.000000 120320.000000 54464.000000 0.000000 0.000000 0.000000 0.000000 22269.000000 246974.000000 198111.000000 133749.000000 68264.000000 121472.000000 56832.000000 147456.000000 79872.000000 18432.000000 24576.000000 15688.000000 8800.000000 0.000000 194176.000000 130240.000000 63936.000000 159744.000000 98304.000000 30720.000000 0.000000 0.000000 8400.000000 115024.000000 170064.000000 104192.000000 104168.000000 43364.000000 42300.000000 332797.000000 290387.000000 227786.000000 163346.000000 98906.000000 31403.000000 72679.000000 87842.000000 352892.000000 294982.000000 231174.000000 164550.000000 100614.000000 34310.000000 0.000000 44904.000000 44894.000000 
49
0.000000 0.000000 0.000000 0.000000 0.000000 238315.000000 177366.000000 111881.000000 50702.000000 121216.000000 54464.000000 0.000000 0.000000 0.000000 0.000000 22124.000000 247313.000000 198497.000000 134135.000000 68650.000000 123568.000000 59200.000000 147456.000000 86016.000000 18432.000000 27648.000000 15500.000000 8800.000000 0.000000 194176.000000 130240.000000 63936.000000 153600.000000 92160.000000 24576.000000 0.000000 0.000000 8400.000000 115024.000000 170064.000000 104192.000000 104156.000000 43712.000000 42356.000000 333564.000000 290372.000000 227786.000000 163346.000000 98906.000000 31517.000000 73007.000000 88075.000000 346940.000000 295747.000000 231555.000000 165827.000000 101891.000000 35587.000000 0.000000 43033.000000 44146.000000 
50
0.000000 0.000000 0.000000 0.000000 0.000000 239332.000000 177183.000000 111698.000000 50519.000000 117952.000000 52096.000000 0.000000 0.000000 0.000000 0.000000 23250.000000 247913.000000 198290.000000 132805.000000 69191.000000 121200.000000 56832.000000 147456.000000 79872.000000 18432.000000 21504.000000 8108.000000 0.000000 0.000000 194176.000000 130240.000000 63936.000000 153600.000000 92160.000000 24576.000000 0.000000 0.000000 8400.000000 115024.000000 167696.000000 101824.000000 104428.000000 43896.000000 42462.000000 333525.000000 290429.000000 227831.000000 163391.000000 98951.000000 31601.000000 72608.000000 88202.000000 351420.000000 295812.000000 231108.000000 166852.000000 100548.000000 36612.000000 0.000000 43033.000000 44519.000000 
51
0.000000 0.000000 0.000000 0.000000 0.000000 239619.000000 177470.000000 111985.000000 50806.000000 121216.000000 54464.000000 0.000000 0.000000 0.000000 0.000000 22041.000000 248138.000000 197543.000000 133929.000000 68444.000000 123568.000000 59200.000000 147456.000000 86016.000000 18432.000000 24576.000000 8108.000000 0.000000 0.000000 194176.000000 127872.000000 63936.000000 153600.000000 92160.000000 24576.000000 0.000000 0.000000 8400.000000 112656.000000 167696.000000 101824.000000 101884.000000 43001.000000 42300.000000 333637.000000 290335.000000 227784.000000 163344.000000 98904.000000 31442.000000 72608.000000 87622.000000 352313.000000 298436.000000 234116.000000 167492.000000 101188.000000 37252.000000 0.000000 43033.000000 43023.000000 
52
0.000000 0.000000 0.000000 0.000000 0.000000 245513.000000 185635.000000 120150.000000 55752.000000 133376.000000 68096.000000 4736.000000 0.000000 0.000000 0.000000 21891.000000 246601.000000 197762.000000 132277.000000 66792.000000 129536.000000 142332.000000 76028.000000 27068.000000 0.000000 0.000000 22990.000000 313208.000000 247755.000000 179557.000000 114072.000000 50458.000000 4608.000000 0.000000 0.000000 0.000000 240074.000000 305089.000000 239210.000000 174475.000000 108990.000000 108244.000000 47868.000000 46748.000000 332797.000000 290387.000000 226916.000000 162476.000000 98036.000000 29598.000000 82577.000000 97650.000000 356414.000000 304068.000000 240580.000000 173636.000000 109700.000000 43396.000000 0.000000 43015.000000 41900.000000 
53
0.000000 0.000000 0.000000 0.000000 0.000000 246213.000000 185535.000000 120050.000000 57000.000000 131008.000000 65728.000000 2369.000000 0.000000 0.000000 0.000000 21740.000000 245294.000000 197399.000000 131914.000000 68300.000000 128064.000000 140148.000000 76212.000000 27188.000000 0.000000 0.000000 22990.000000 313047.000000 247594.000000 179557.000000 114072.000000 50458.000000 4608.000000 0.000000 0.000000 0.000000 238548.000000 306251.000000 240027.000000 175292.000000 109807.000000 108237.000000 48093.000000 46946.000000 333564.000000 290372.000000 226868.000000 162428.000000 97988.000000 29664.000000 83601.000000 97790.000000 361978.000000 304452.000000 240964.000000 174020.000000 110084.000000 43780.000000 0.000000 43015.000000 41900.000000 
54
0.000000 0.000000 0.000000 0.000000 0.000000 245196.000000 185318.000000 119833.000000 56783.000000 131008.000000 65728.000000 0.000000 0.000000 0.000000 0.000000 21663.000000 245294.000000 197622.000000 132137.000000 66652.000000 129936.000000 142264.000000 75961.000000 27001.000000 0.000000 0.000000 22944.000000 312863.000000 246108.000000 179567.000000 114082.000000 48597.000000 4608.000000 0.000000 0.000000 0.000000 238732.000000 306401.000000 238681.000000 173946.000000 108461.000000 108303.000000 48096.000000 46524.000000 333525.000000 290429.000000 226913.000000 162473.000000 98033.000000 29748.000000 82754.000000 97650.000000 356413.000000 304068.000000 239684.000000 173636.000000 109700.000000 43396.000000 0.000000 43015.000000 41900.000000 
55
0.000000 0.000000 0.000000 0.000000 0.000000 246244.000000 183034.000000 117549.000000 53976.000000 131008.000000 68992.000000 2368.000000 0.000000 0.000000 0.000000 22967.000000 246481.000000 197639.000000 132154.000000 66669.000000 128064.000000 140148.000000 76212.000000 26036.000000 0.000000 0.000000 22924.000000 313088.000000 246323.000000 179034.000000 113549.000000 49935.000000 4608.000000 0.000000 0.000000 0.000000 240074.000000 305906.000000 240027.000000 175292.000000 109807.000000 106590.000000 47956.000000 47328.000000 333637.000000 290335.000000 226914.000000 162474.000000 94962.000000 29637.000000 82754.000000 97483.000000 361279.000000 304132.000000 239748.000000 172804.000000 108868.000000 44932.000000 0.000000 42822.000000 41527.000000 
56
0.000000 0.000000 0.000000 0.000000 0.000000 253333.000000 193455.000000 127970.000000 64397.000000 116032.000000 52096.000000 0.000000 0.000000 0.000000 0.000000 22272.000000 245294.000000 197399.000000 131914.000000 66429.000000 128736.000000 138292.000000 74356.000000 27700.000000 0.000000 0.000000 21280.000000 295492.000000 234872.000000 166460.000000 100975.000000 35490.000000 0.000000 0.000000 0.000000 0.000000 176757.000000 247378.000000 177695.000000 173281.000000 107796.000000 108420.000000 50108.000000 48324.000000 332797.000000 290387.000000 227786.000000 163346.000000 98906.000000 31403.000000 64761.000000 85703.000000 394840.000000 341124.000000 277956.000000 212228.000000 148292.000000 81988.000000 18561.000000 53045.000000 45700.000000 
57
0.000000 0.000000 0.000000 0.000000 0.000000 253333.000000 193055.000000 127570.000000 63997.000000 116032.000000 52096.000000 0.000000 0.000000 0.000000 0.000000 23282.000000 246481.000000 197639.000000 132154.000000 66669.000000 126768.000000 140660.000000 74356.000000 27700.000000 0.000000 0.000000 21300.000000 300100.000000 238168.000000 170504.000000 105019.000000 41405.000000 0.000000 0.000000 0.000000 0.000000 177976.000000 248492.000000 179557.000000 175640.000000 112026.000000 110316.000000 50053.000000 48892.000000 333564.000000 290372.000000 227786.000000 163346.000000 98906.000000 31517.000000 64761.000000 86363.000000 391835.000000 340804.000000 274692.000000 209860.000000 145924.000000 79620.000000 19970.000000 53662.000000 43469.000000 
58
0.000000 0.000000 0.000000 0.000000 0.000000 254473.000000 190863.000000 125378.000000 60457.000000 118400.000000 54464.000000 0.000000 0.000000 0.000000 0.000000 22044.000000 245294.000000 197798.000000 132313.000000 66828.000000 126768.000000 140660.000000 74356.000000 24244.000000 0.000000 0.000000 21564.000000 294708.000000 232781.000000 165117.000000 99632.000000 36018.000000 0.000000 0.000000 0.000000 0.000000 178505.000000 244977.000000 179034.000000 174620.000000 109135.000000 111256.000000 50184.000000 48274.000000 333525.000000 290429.000000 227783.000000 163343.000000 98903.000000 31553.000000 64761.000000 86170.000000 391642.000000 340803.000000 275587.000000 209859.000000 145923.000000 79619.000000 19969.000000 51791.000000 43758.000000 
59
0.000000 0.000000 0.000000 0.000000 0.000000 253418.000000 193140.000000 127655.000000 63257.000000 116032.000000 52096.000000 0.000000 0.000000 0.000000 0.000000 21998.000000 246601.000000 195715.000000 132101.000000 66616.000000 126864.000000 140544.000000 74241.000000 23541.000000 0.000000 0.000000 21478.000000 294708.000000 232780.000000 165116.000000 99631.000000 36017.000000 0.000000 0.000000 0.000000 0.000000 177784.000000 248492.000000 179557.000000 173272.000000 109658.000000 110332.000000 49980.000000 48648.000000 333637.000000 290335.000000 227784.000000 163344.000000 98904.000000 31442.000000 64717.000000 86417.000000 393947.000000 340804.000000 274692.000000 211332.000000 145028.000000 81092.000000 17665.000000 51791.000000 43758.000000 
60
0.000000 0.000000 0.000000 0.000000 0.000000 253333.000000 193055.000000 127570.000000 63997.000000 116032.000000 52096.000000 0.000000 0.000000 0.000000 0.000000 22031.000000 246601.000000 197315.000000 133701.000000 68216.000000 127568.000000 139568.000000 73264.000000 24304.000000 0.000000 0.000000 20646.000000 295160.000000 233228.000000 164066.000000 100452.000000 34967.000000 3456.000000 0.000000 0.000000 0.000000 236891.000000 305906.000000 237783.000000 173421.000000 107936.000000 107074.000000 46672.000000 45576.000000 316687.000000 274277.000000 211262.000000 146822.000000 81221.000000 15223.000000 69227.000000 84555.000000 341334.000000 289859.000000 225283.000000 160451.000000 96515.000000 34947.000000 0.000000 34584.000000 63614.000000 
61
0.000000 0.000000 0.000000 0.000000 0.000000 253333.000000 193055.000000 127570.000000 63997.000000 116032.000000 52096.000000 0.000000 0.000000 0.000000 0.000000 23282.000000 245294.000000 196999.000000 131514.000000 66029.000000 126368.000000 137712.000000 73776.000000 24752.000000 0.000000 0.000000 20584.000000 294221.000000 227456.000000 164066.000000 98581.000000 33096.000000 3456.000000 0.000000 0.000000 0.000000 238578.000000 304410.000000 237783.000000 173421.000000 107936.000000 105423.000000 46564.000000 44850.000000 317454.000000 274262.000000 211262.000000 146822.000000 81221.000000 15142.000000 69227.000000 84968.000000 345884.000000 289028.000000 225284.000000 158084.000000 94148.000000 28803.000000 0.000000 34061.000000 63614.000000 
62
0.000000 0.000000 0.000000 0.000000 0.000000 253449.000000 190639.000000 125154.000000 60233.000000 118400.000000 54464.000000 0.000000 0.000000 0.000000 0.000000 21948.000000 245294.000000 196998.000000 131513.000000 66028.000000 126368.000000 137664.000000 73729.000000 24753.000000 0.000000 0.000000 20650.000000 294560.000000 232628.000000 164589.000000 99104.000000 33619.000000 3456.000000 0.000000 0.000000 0.000000 238359.000000 304687.000000 236967.000000 172605.000000 107120.000000 105191.000000 46429.000000 45536.000000 317415.000000 274319.000000 211214.000000 146774.000000 81173.000000 15133.000000 67356.000000 85064.000000 341914.000000 289859.000000 223747.000000 158915.000000 94979.000000 33411.000000 0.000000 34061.000000 63614.000000 
63
0.000000 0.000000 0.000000 0.000000 0.000000 253418.000000 192740.000000 127255.000000 62857.000000 116032.000000 52096.000000 0.000000 0.000000 0.000000 0.000000 22191.000000 246481.000000 197239.000000 131754.000000 66269.000000 127264.000000 140476.000000 74172.000000 22900.000000 0.000000 0.000000 20626.000000 294399.000000 232476.000000 164598.000000 99113.000000 33628.000000 3456.000000 0.000000 0.000000 0.000000 238578.000000 304410.000000 237783.000000 173421.000000 107936.000000 105247.000000 46748.000000 44992.000000 317527.000000 274225.000000 211260.000000 146820.000000 80058.000000 15067.000000 67356.000000 85064.000000 346587.000000 288773.000000 225541.000000 159813.000000 93509.000000 28164.000000 0.000000 34061.000000 61743.000000 
64
0.000000 0.000000 0.000000 0.000000 0.000000 250545.000000 190267.000000 124782.000000 61209.000000 124992.000000 59200.000000 0.000000 0.000000 0.000000 0.000000 22127.000000 245294.000000 197399.000000 131914.000000 66429.000000 126768.000000 137712.000000 73776.000000 27120.000000 0.000000 0.000000 21472.000000 332492.000000 270569.000000 203064.000000 137579.000000 73965.000000 31125.000000 0.000000 0.000000 0.000000 238359.000000 304678.000000 236958.000000 172596.000000 107111.000000 105214.000000 46460.000000 45536.000000 306837.000000 263549.000000 200842.000000 136402.000000 71962.000000 40261.000000 81631.000000 96462.000000 355833.000000 301699.000000 236803.000000 173123.000000 106819.000000 42883.000000 0.000000 62365.000000 41162.000000 
65
0.000000 0.000000 0.000000 0.000000 0.000000 251077.000000 187467.000000 121982.000000 58409.000000 126464.000000 59200.000000 0.000000 0.000000 0.000000 0.000000 22125.000000 245294.000000 197798.000000 132313.000000 66828.000000 127168.000000 140080.000000 73776.000000 23664.000000 0.000000 0.000000 21468.000000 337820.000000 275888.000000 208970.000000 143485.000000 78000.000000 31960.000000 0.000000 0.000000 0.000000 238578.000000 304410.000000 237783.000000 173421.000000 107936.000000 105215.000000 46716.000000 44992.000000 306837.000000 263631.000000 200796.000000 136356.000000 71916.000000 40325.000000 81631.000000 96462.000000 355833.000000 301699.000000 236803.000000 173123.000000 106819.000000 42883.000000 0.000000 63145.000000 44904.000000 
66
0.000000 0.000000 0.000000 0.000000 0.000000 250346.000000 190068.000000 124583.000000 60185.000000 124992.000000 59200.000000 0.000000 0.000000 0.000000 0.000000 23202.000000 246481.000000 197639.000000 132154.000000 66669.000000 126768.000000 137664.000000 73728.000000 25332.000000 0.000000 0.000000 21376.000000 338004.000000 277384.000000 208970.000000 143485.000000 78000.000000 31028.000000 0.000000 0.000000 0.000000 238578.000000 304410.000000 237783.000000 173421.000000 107936.000000 105439.000000 46580.000000 44849.000000 306684.000000 263588.000000 200843.000000 136403.000000 71963.000000 40319.000000 81800.000000 97787.000000 356130.000000 303236.000000 238852.000000 172804.000000 108868.000000 42564.000000 0.000000 63145.000000 43033.000000 
67
0.000000 0.000000 0.000000 0.000000 0.000000 250028.000000 190150.000000 124665.000000 61615.000000 124992.000000 59200.000000 0.000000 0.000000 0.000000 0.000000 22046.000000 246601.000000 195715.000000 132101.000000 66616.000000 127888.000000 139964.000000 73661.000000 22961.000000 0.000000 0.000000 21382.000000 336697.000000 274765.000000 207099.000000 141614.000000 78000.000000 30843.000000 0.000000 0.000000 0.000000 236891.000000 304567.000000 236444.000000 172082.000000 106597.000000 107159.000000 46688.000000 45576.000000 306029.000000 263619.000000 200841.000000 136401.000000 71961.000000 43966.000000 81631.000000 96682.000000 356253.000000 300613.000000 239109.000000 172165.000000 108229.000000 41925.000000 0.000000 61274.000000 43033.000000 
68
0.000000 0.000000 0.000000 0.000000 0.000000 250545.000000 190267.000000 124782.000000 61209.000000 127360.000000 61568.000000 0.000000 0.000000 0.000000 0.000000 21935.000000 246481.000000 197639.000000 132154.000000 66669.000000 82800.000000 96308.000000 29364.000000 0.000000 0.000000 0.000000 21154.000000 331980.000000 270048.000000 202009.000000 136524.000000 72910.000000 22485.000000 0.000000 0.000000 0.000000 232433.000000 299577.000000 233293.000000 167808.000000 102323.000000 100753.000000 40448.000000 38688.000000 325270.000000 282860.000000 220291.000000 155851.000000 91411.000000 23901.000000 70482.000000 84115.000000 405084.000000 348228.000000 285508.000000 218308.000000 154372.000000 90436.000000 23682.000000 19332.000000 45482.000000 
69
0.000000 0.000000 0.000000 0.000000 0.000000 251077.000000 187467.000000 121982.000000 58409.000000 121728.000000 54464.000000 0.000000 0.000000 0.000000 0.000000 22221.000000 245294.000000 197399.000000 131914.000000 66429.000000 82800.000000 96308.000000 29364.000000 0.000000 0.000000 0.000000 21154.000000 331457.000000 269534.000000 201495.000000 136010.000000 72396.000000 22861.000000 0.000000 0.000000 0.000000 232433.000000 299577.000000 233293.000000 167808.000000 102323.000000 100977.000000 40640.000000 38697.000000 326084.000000 282892.000000 220288.000000 155848.000000 91408.000000 24019.000000 70837.000000 83802.000000 399954.000000 347908.000000 281796.000000 216964.000000 153028.000000 86724.000000 26115.000000 20112.000000 44904.000000 
70
0.000000 0.000000 0.000000 0.000000 0.000000 250346.000000 190068.000000 124583.000000 60185.000000 124992.000000 59200.000000 0.000000 0.000000 0.000000 0.000000 23301.000000 246601.000000 195715.000000 132101.000000 66616.000000 85264.000000 95996.000000 30524.000000 0.000000 0.000000 0.000000 21006.000000 331416.000000 270796.000000 202009.000000 136524.000000 71039.000000 23073.000000 0.000000 0.000000 0.000000 232214.000000 299845.000000 232468.000000 166983.000000 101498.000000 100752.000000 41812.000000 40184.000000 326045.000000 282949.000000 220303.000000 155863.000000 91423.000000 24073.000000 68955.000000 84242.000000 401114.000000 347907.000000 285059.000000 219331.000000 153027.000000 89091.000000 26114.000000 20112.000000 43753.000000 
71
0.000000 0.000000 0.000000 0.000000 0.000000 250028.000000 190150.000000 124665.000000 61615.000000 124992.000000 59200.000000 0.000000 0.000000 0.000000 0.000000 22046.000000 245294.000000 197398.000000 131913.000000 66428.000000 82400.000000 96308.000000 29364.000000 0.000000 0.000000 0.000000 21112.000000 331819.000000 269887.000000 202009.000000 136524.000000 71039.000000 23064.000000 0.000000 0.000000 0.000000 230746.000000 299734.000000 231954.000000 166469.000000 102855.000000 100826.000000 41320.000000 40312.000000 326157.000000 282855.000000 220290.000000 155850.000000 91410.000000 23948.000000 68619.000000 84202.000000 404891.000000 348228.000000 284996.000000 220164.000000 153860.000000 89924.000000 23170.000000 20112.000000 43393.000000 
72
0.000000 0.000000 0.000000 0.000000 0.000000 250545.000000 190267.000000 124782.000000 61209.000000 124992.000000 59200.000000 0.000000 0.000000 0.000000 0.000000 22127.000000 245294.000000 196999.000000 131514.000000 66029.000000 82000.000000 95080.000000 28136.000000 0.000000 0.000000 0.000000 21126.000000 318883.000000 256956.000000 188917.000000 123432.000000 59818.000000 11284.000000 0.000000 0.000000 0.000000 238578.000000 304410.000000 237783.000000 173421.000000 107936.000000 104855.000000 45636.000000 45236.000000 303481.000000 260673.000000 197610.000000 133170.000000 67615.000000 94465.000000 75420.000000 87842.000000 346747.000000 293443.000000 228739.000000 163011.000000 99075.000000 32771.000000 0.000000 49160.000000 41774.000000 
73
0.000000 0.000000 0.000000 0.000000 0.000000 251077.000000 187467.000000 121982.000000 58409.000000 124096.000000 56832.000000 0.000000 0.000000 0.000000 0.000000 21932.000000 245294.000000 196998.000000 131513.000000 66028.000000 82000.000000 95100.000000 28156.000000 0.000000 0.000000 0.000000 21352.000000 320190.000000 259570.000000 190783.000000 125298.000000 59813.000000 11716.000000 0.000000 0.000000 0.000000 238359.000000 304678.000000 236210.000000 172596.000000 107111.000000 104854.000000 46820.000000 45189.000000 303469.000000 260675.000000 197612.000000 133172.000000 66721.000000 90881.000000 75448.000000 87802.000000 345587.000000 295747.000000 231427.000000 164803.000000 98499.000000 34563.000000 0.000000 49160.000000 41773.000000 
74
0.000000 0.000000 0.000000 0.000000 0.000000 250346.000000 190068.000000 124583.000000 60185.000000 124992.000000 59200.000000 0.000000 0.000000 0.000000 0.000000 22192.000000 246481.000000 195192.000000 131578.000000 66093.000000 82000.000000 95100.000000 28156.000000 0.000000 0.000000 0.000000 21322.000000 318883.000000 256955.000000 188916.000000 123431.000000 59817.000000 12156.000000 0.000000 0.000000 0.000000 238578.000000 304410.000000 237783.000000 173421.000000 107936.000000 105079.000000 45500.000000 43632.000000 303469.000000 260661.000000 197657.000000 133217.000000 66766.000000 90940.000000 75448.000000 88295.000000 351297.000000 292613.000000 228421.000000 162693.000000 98757.000000 34821.000000 0.000000 43015.000000 40626.000000 
75
0.000000 0.000000 0.000000 0.000000 0.000000 250028.000000 190150.000000 124665.000000 61615.000000 124096.000000 56832.000000 0.000000 0.000000 0.000000 0.000000 22046.000000 246601.000000 197091.000000 131606.000000 67992.000000 83200.000000 94588.000000 30012.000000 0.000000 0.000000 0.000000 21202.000000 320070.000000 258138.000000 190260.000000 124775.000000 61161.000000 12076.000000 0.000000 0.000000 0.000000 236891.000000 304567.000000 236444.000000 172082.000000 106597.000000 104928.000000 47048.000000 45248.000000 304263.000000 260673.000000 197610.000000 133170.000000 66719.000000 90881.000000 75776.000000 88022.000000 350840.000000 293508.000000 228292.000000 164036.000000 97732.000000 33796.000000 0.000000 43015.000000 40626.000000 
76
0.000000 0.000000 0.000000 0.000000 0.000000 251893.000000 192015.000000 126530.000000 61609.000000 116032.000000 49728.000000 0.000000 0.000000 0.000000 0.000000 21905.000000 246494.000000 195772.000000 130287.000000 64802.000000 143168.000000 151664.000000 87984.000000 37808.000000 0.000000 0.000000 21448.000000 333216.000000 272596.000000 204182.000000 138697.000000 73212.000000 24056.000000 0.000000 0.000000 0.000000 238359.000000 304678.000000 236958.000000 172596.000000 107111.000000 105514.000000 46760.000000 45629.000000 310652.000000 267062.000000 204332.000000 139892.000000 75452.000000 7950.000000 69227.000000 82675.000000 340174.000000 287491.000000 223747.000000 156547.000000 92611.000000 27266.000000 0.000000 32713.000000 63614.000000 
77
0.000000 0.000000 0.000000 0.000000 0.000000 252306.000000 191628.000000 126143.000000 62570.000000 116032.000000 49728.000000 0.000000 0.000000 0.000000 0.000000 22001.000000 246494.000000 195772.000000 130287.000000 64802.000000 140800.000000 151664.000000 87984.000000 37808.000000 0.000000 0.000000 21448.000000 328988.000000 267056.000000 200138.000000 134653.000000 69168.000000 23752.000000 0.000000 0.000000 0.000000 236891.000000 304567.000000 236444.000000 172082.000000 106597.000000 107183.000000 46712.000000 45680.000000 309770.000000 267072.000000 204285.000000 139845.000000 75405.000000 7989.000000 67356.000000 82964.000000 344847.000000 286404.000000 222276.000000 157444.000000 91140.000000 28163.000000 0.000000 32713.000000 61743.000000 
78
0.000000 0.000000 0.000000 0.000000 0.000000 251575.000000 191697.000000 126212.000000 62639.000000 118400.000000 52096.000000 0.000000 0.000000 0.000000 0.000000 21857.000000 241464.000000 195950.000000 130465.000000 64980.000000 141696.000000 151932.000000 87356.000000 37244.000000 0.000000 0.000000 21406.000000 327640.000000 265717.000000 198799.000000 133314.000000 67829.000000 24073.000000 0.000000 0.000000 0.000000 238578.000000 304410.000000 237783.000000 173421.000000 107936.000000 105367.000000 46508.000000 45056.000000 309943.000000 267039.000000 204285.000000 139845.000000 75405.000000 7926.000000 67356.000000 83184.000000 340754.000000 286340.000000 222212.000000 155908.000000 91972.000000 26627.000000 0.000000 32713.000000 61743.000000 
79
0.000000 0.000000 0.000000 0.000000 0.000000 252926.000000 189316.000000 123831.000000 59433.000000 116032.000000 49728.000000 0.000000 0.000000 0.000000 0.000000 23016.000000 245508.000000 195891.000000 130406.000000 64921.000000 140800.000000 151616.000000 87936.000000 37760.000000 0.000000 0.000000 21396.000000 328227.000000 266295.000000 198790.000000 133305.000000 69691.000000 24765.000000 0.000000 0.000000 0.000000 238578.000000 304410.000000 237783.000000 173421.000000 107936.000000 105323.000000 46824.000000 44588.000000 309790.000000 266982.000000 204284.000000 139844.000000 75404.000000 7886.000000 67356.000000 83184.000000 344531.000000 286660.000000 222532.000000 156228.000000 92292.000000 29315.000000 0.000000 33236.000000 61743.000000 
