0
0.000000 1843200.000000 0.000000 816288.000000 0.000000 56736.000000 4096.000000 14848.000000 26624.000000 25856.000000 106496.000000 2211840.000000 5464064.000000 1318656.000000 531408.000000 48960.000000 3840.000000 16896.000000 0.000000 0.000000 49920.000000 0.000000 1212430.000000 0.000000 1111680.000000 9696.000000 42176.000000 59136.000000 14336.000000 59008.000000 0.000000 0.000000 1454080.000000 0.000000 0.000000 0.000000 162944.000000 8192.000000 46720.000000 25856.000000 0.000000 0.000000 1740800.000000 0.000000 9696.000000 0.000000 50816.000000 10752.000000 10752.000000 12800.000000 61408.000000 0.000000 1277952.000000 9696.000000 0.000000 0.000000 225536.000000 0.000000 39240.000000 418570.000000 0.000000 
1
0.000000 1843200.000000 0.000000 816288.000000 0.000000 56736.000000 4096.000000 14848.000000 26624.000000 25856.000000 106496.000000 2211840.000000 5464064.000000 1318656.000000 531408.000000 48960.000000 3840.000000 16896.000000 0.000000 0.000000 49920.000000 0.000000 1212430.000000 0.000000 1111680.000000 9696.000000 42176.000000 59136.000000 14336.000000 59008.000000 0.000000 0.000000 1454080.000000 0.000000 0.000000 0.000000 162944.000000 8192.000000 46720.000000 25856.000000 0.000000 0.000000 1740800.000000 0.000000 9696.000000 0.000000 50816.000000 10752.000000 10752.000000 12800.000000 61408.000000 0.000000 1277952.000000 9696.000000 0.000000 0.000000 225536.000000 0.000000 39240.000000 418570.000000 0.000000 
2
0.000000 1843200.000000 0.000000 816288.000000 0.000000 56736.000000 4096.000000 14848.000000 26624.000000 25856.000000 106496.000000 2211840.000000 5464064.000000 1318656.000000 531408.000000 48960.000000 3840.000000 16896.000000 0.000000 0.000000 49920.000000 0.000000 1212430.000000 0.000000 1111680.000000 9696.000000 42176.000000 59136.000000 14336.000000 59008.000000 0.000000 0.000000 1454080.000000 0.000000 0.000000 0.000000 162944.000000 8192.000000 46720.000000 25856.000000 0.000000 0.000000 1740800.000000 0.000000 9696.000000 0.000000 50816.000000 10752.000000 10752.000000 12800.000000 61408.000000 0.000000 1277952.000000 9696.000000 0.000000 0.000000 225536.000000 0.000000 39240.000000 418570.000000 0.000000 
3
0.000000 1843200.000000 0.000000 816288.000000 0.000000 56736.000000 4096.000000 14848.000000 26624.000000 25856.000000 106496.000000 2211840.000000 5464064.000000 1318656.000000 531408.000000 48960.000000 3840.000000 16896.000000 0.000000 0.000000 49920.000000 0.000000 1212430.000000 0.000000 1111680.000000 9696.000000 42176.000000 59136.000000 14336.000000 59008.000000 0.000000 0.000000 1454080.000000 0.000000 0.000000 0.000000 162944.000000 8192.000000 46720.000000 25856.000000 0.000000 0.000000 1740800.000000 0.000000 9696.000000 0.000000 50816.000000 10752.000000 10752.000000 12800.000000 61408.000000 0.000000 1277952.000000 9696.000000 0.000000 0.000000 225536.000000 0.000000 39240.000000 418570.000000 0.000000 
4
0.000000 1843200.000000 0.000000 895008.000000 0.000000 56736.000000 4096.000000 34816.000000 35840.000000 25728.000000 155136.000000 2056192.000000 0.000000 0.000000 9696.000000 51936.000000 3840.000000 28160.000000 0.000000 0.000000 49792.000000 0.000000 2293760.000000 2465792.000000 789888.000000 8256.000000 45152.000000 59136.000000 19456.000000 68576.000000 2048.000000 0.000000 1429504.000000 9696.000000 0.000000 0.000000 45792.000000 11264.000000 57088.000000 27520.000000 155136.000000 0.000000 7614464.000000 1818624.000000 2418336.000000 0.000000 85056.000000 10752.000000 0.000000 12736.000000 61408.000000 0.000000 1310720.000000 0.000000 0.000000 0.000000 138656.000000 0.000000 39240.000000 364940.000000 15840.000000 
5
0.000000 1843200.000000 0.000000 895008.000000 0.000000 56736.000000 4096.000000 34816.000000 35840.000000 25728.000000 155136.000000 2056192.000000 0.000000 0.000000 9696.000000 51936.000000 3840.000000 28160.000000 0.000000 0.000000 49792.000000 0.000000 2293760.000000 2465792.000000 789888.000000 8256.000000 45152.000000 59136.000000 19456.000000 68576.000000 2048.000000 0.000000 1429504.000000 9696.000000 0.000000 0.000000 45792.000000 11264.000000 57088.000000 27520.000000 155136.000000 0.000000 7614464.000000 1818624.000000 2418336.000000 0.000000 85056.000000 10752.000000 0.000000 12736.000000 61408.000000 0.000000 1310720.000000 0.000000 0.000000 0.000000 138656.000000 0.000000 39240.000000 364940.000000 15840.000000 
6
0.000000 1843200.000000 0.000000 895008.000000 0.000000 56736.000000 4096.000000 34816.000000 35840.000000 25728.000000 155136.000000 2056192.000000 0.000000 0.000000 9696.000000 51936.000000 3840.000000 28160.000000 0.000000 0.000000 49792.000000 0.000000 2293760.000000 2465792.000000 789888.000000 8256.000000 45152.000000 59136.000000 19456.000000 68576.000000 2048.000000 0.000000 1429504.000000 9696.000000 0.000000 0.000000 45792.000000 11264.000000 57088.000000 27520.000000 155136.000000 0.000000 7614464.000000 1818624.000000 2418336.000000 0.000000 85056.000000 10752.000000 0.000000 12736.000000 61408.000000 0.000000 1310720.000000 0.000000 0.000000 0.000000 138656.000000 0.000000 39240.000000 364940.000000 15840.000000 
7
0.000000 1843200.000000 0.000000 895008.000000 0.000000 56736.000000 4096.000000 34816.000000 35840.000000 25728.000000 155136.000000 2056192.000000 0.000000 0.000000 9696.000000 51936.000000 3840.000000 28160.000000 0.000000 0.000000 49792.000000 0.000000 2293760.000000 2465792.000000 789888.000000 8256.000000 45152.000000 59136.000000 19456.000000 68576.000000 2048.000000 0.000000 1429504.000000 9696.000000 0.000000 0.000000 45792.000000 11264.000000 57088.000000 27520.000000 155136.000000 0.000000 7614464.000000 1818624.000000 2418336.000000 0.000000 85056.000000 10752.000000 0.000000 12736.000000 61408.000000 0.000000 1310720.000000 0.000000 0.000000 0.000000 138656.000000 0.000000 39240.000000 364940.000000 15840.000000 
8
0.000000 1835008.000000 0.000000 808128.000000 0.000000 158880.000000 0.000000 34816.000000 35328.000000 61440.000000 0.000000 720896.000000 0.000000 0.000000 9696.000000 51936.000000 26880.000000 17408.000000 0.000000 0.000000 49664.000000 0.000000 1187840.000000 0.000000 0.000000 9024.000000 44064.000000 3840.000000 23040.000000 59520.000000 0.000000 0.000000 643072.000000 6114456.000000 80520.000000 0.000000 44064.000000 11264.000000 55808.000000 12928.000000 122880.000000 0.000000 962560.000000 0.000000 906432.000000 0.000000 51520.000000 11264.000000 10752.000000 12800.000000 61408.000000 0.000000 823296.000000 2356224.000000 0.000000 0.000000 122528.000000 0.000000 39240.000000 463479.000000 9696.000000 
9
0.000000 1835008.000000 0.000000 808128.000000 0.000000 158880.000000 0.000000 34816.000000 35328.000000 61440.000000 0.000000 720896.000000 0.000000 0.000000 9696.000000 51936.000000 26880.000000 17408.000000 0.000000 0.000000 49664.000000 0.000000 1187840.000000 0.000000 0.000000 9024.000000 44064.000000 3840.000000 23040.000000 59520.000000 0.000000 0.000000 643072.000000 6114456.000000 80520.000000 0.000000 44064.000000 11264.000000 55808.000000 12928.000000 122880.000000 0.000000 962560.000000 0.000000 906432.000000 0.000000 51520.000000 11264.000000 10752.000000 12800.000000 61408.000000 0.000000 823296.000000 2356224.000000 0.000000 0.000000 122528.000000 0.000000 39240.000000 463479.000000 9696.000000 
10
0.000000 1835008.000000 0.000000 808128.000000 0.000000 158880.000000 0.000000 34816.000000 35328.000000 61440.000000 0.000000 720896.000000 0.000000 0.000000 9696.000000 51936.000000 26880.000000 17408.000000 0.000000 0.000000 49664.000000 0.000000 1187840.000000 0.000000 0.000000 9024.000000 44064.000000 3840.000000 23040.000000 59520.000000 0.000000 0.000000 643072.000000 6114456.000000 80520.000000 0.000000 44064.000000 11264.000000 55808.000000 12928.000000 122880.000000 0.000000 962560.000000 0.000000 906432.000000 0.000000 51520.000000 11264.000000 10752.000000 12800.000000 61408.000000 0.000000 823296.000000 2356224.000000 0.000000 0.000000 122528.000000 0.000000 39240.000000 463479.000000 9696.000000 
11
0.000000 1835008.000000 0.000000 808128.000000 0.000000 158880.000000 0.000000 34816.000000 35328.000000 61440.000000 0.000000 720896.000000 0.000000 0.000000 9696.000000 51936.000000 26880.000000 17408.000000 0.000000 0.000000 49664.000000 0.000000 1187840.000000 0.000000 0.000000 9024.000000 44064.000000 3840.000000 23040.000000 59520.000000 0.000000 0.000000 643072.000000 6114456.000000 80520.000000 0.000000 44064.000000 11264.000000 55808.000000 12928.000000 122880.000000 0.000000 962560.000000 0.000000 906432.000000 0.000000 51520.000000 11264.000000 10752.000000 12800.000000 61408.000000 0.000000 823296.000000 2356224.000000 0.000000 0.000000 122528.000000 0.000000 39240.000000 463479.000000 9696.000000 
12
0.000000 1835008.000000 0.000000 808032.000000 0.000000 158880.000000 2048.000000 26624.000000 35328.000000 60032.000000 0.000000 827392.000000 0.000000 0.000000 10200.000000 51936.000000 3840.000000 17408.000000 0.000000 0.000000 49664.000000 0.000000 1253376.000000 0.000000 0.000000 10680.000000 45024.000000 3840.000000 13312.000000 69248.000000 0.000000 0.000000 2891776.000000 1810464.000000 0.000000 0.000000 44064.000000 11264.000000 57440.000000 25856.000000 0.000000 0.000000 827392.000000 0.000000 184680.000000 0.000000 51520.000000 20480.000000 0.000000 12736.000000 32608.000000 0.000000 827392.000000 9696.000000 0.000000 0.000000 120736.000000 0.000000 39240.000000 461847.000000 9696.000000 
13
0.000000 1835008.000000 0.000000 808032.000000 0.000000 158880.000000 2048.000000 26624.000000 35328.000000 60032.000000 0.000000 827392.000000 0.000000 0.000000 10200.000000 51936.000000 3840.000000 17408.000000 0.000000 0.000000 49664.000000 0.000000 1253376.000000 0.000000 0.000000 10680.000000 45024.000000 3840.000000 13312.000000 69248.000000 0.000000 0.000000 2891776.000000 1810464.000000 0.000000 0.000000 44064.000000 11264.000000 57440.000000 25856.000000 0.000000 0.000000 827392.000000 0.000000 184680.000000 0.000000 51520.000000 20480.000000 0.000000 12736.000000 32608.000000 0.000000 827392.000000 9696.000000 0.000000 0.000000 120736.000000 0.000000 39240.000000 461847.000000 9696.000000 
14
0.000000 1835008.000000 0.000000 808032.000000 0.000000 158880.000000 2048.000000 26624.000000 35328.000000 60032.000000 0.000000 827392.000000 0.000000 0.000000 10200.000000 51936.000000 3840.000000 17408.000000 0.000000 0.000000 49664.000000 0.000000 1253376.000000 0.000000 0.000000 10680.000000 45024.000000 3840.000000 13312.000000 69248.000000 0.000000 0.000000 2891776.000000 1810464.000000 0.000000 0.000000 44064.000000 11264.000000 57440.000000 25856.000000 0.000000 0.000000 827392.000000 0.000000 184680.000000 0.000000 51520.000000 20480.000000 0.000000 12736.000000 32608.000000 0.000000 827392.000000 9696.000000 0.000000 0.000000 120736.000000 0.000000 39240.000000 461847.000000 9696.000000 
15
0.000000 1835008.000000 0.000000 808032.000000 0.000000 158880.000000 2048.000000 26624.000000 35328.000000 60032.000000 0.000000 827392.000000 0.000000 0.000000 10200.000000 51936.000000 3840.000000 17408.000000 0.000000 0.000000 49664.000000 0.000000 1253376.000000 0.000000 0.000000 10680.000000 45024.000000 3840.000000 13312.000000 69248.000000 0.000000 0.000000 2891776.000000 1810464.000000 0.000000 0.000000 44064.000000 11264.000000 57440.000000 25856.000000 0.000000 0.000000 827392.000000 0.000000 184680.000000 0.000000 51520.000000 20480.000000 0.000000 12736.000000 32608.000000 0.000000 827392.000000 9696.000000 0.000000 0.000000 120736.000000 0.000000 39240.000000 461847.000000 9696.000000 
16
0.000000 1835008.000000 0.000000 808032.000000 0.000000 56640.000000 4096.000000 14848.000000 35328.000000 25728.000000 155136.000000 1859584.000000 0.000000 594816.000000 669696.000000 51936.000000 6336.000000 27136.000000 0.000000 0.000000 49664.000000 0.000000 688128.000000 0.000000 708096.000000 658368.000000 45024.000000 3840.000000 13312.000000 67328.000000 0.000000 0.000000 827392.000000 0.000000 0.000000 0.000000 45728.000000 3072.000000 39552.000000 25728.000000 0.000000 0.000000 1617920.000000 0.000000 31224.000000 0.000000 51520.000000 11264.000000 10752.000000 13000.000000 176144.000000 3480.000000 999424.000000 9696.000000 0.000000 0.000000 125344.000000 0.000000 39572.000000 166700.000000 15744.000000 
17
0.000000 1835008.000000 0.000000 808032.000000 0.000000 56640.000000 4096.000000 14848.000000 35328.000000 25728.000000 155136.000000 1859584.000000 0.000000 594816.000000 669696.000000 51936.000000 6336.000000 27136.000000 0.000000 0.000000 49664.000000 0.000000 688128.000000 0.000000 708096.000000 658368.000000 45024.000000 3840.000000 13312.000000 67328.000000 0.000000 0.000000 827392.000000 0.000000 0.000000 0.000000 45728.000000 3072.000000 39552.000000 25728.000000 0.000000 0.000000 1617920.000000 0.000000 31224.000000 0.000000 51520.000000 11264.000000 10752.000000 13000.000000 176144.000000 3480.000000 999424.000000 9696.000000 0.000000 0.000000 125344.000000 0.000000 39572.000000 166700.000000 15744.000000 
18
0.000000 1835008.000000 0.000000 808032.000000 0.000000 56640.000000 4096.000000 14848.000000 35328.000000 25728.000000 155136.000000 1859584.000000 0.000000 594816.000000 669696.000000 51936.000000 6336.000000 27136.000000 0.000000 0.000000 49664.000000 0.000000 688128.000000 0.000000 708096.000000 658368.000000 45024.000000 3840.000000 13312.000000 67328.000000 0.000000 0.000000 827392.000000 0.000000 0.000000 0.000000 45728.000000 3072.000000 39552.000000 25728.000000 0.000000 0.000000 1617920.000000 0.000000 31224.000000 0.000000 51520.000000 11264.000000 10752.000000 13000.000000 176144.000000 3480.000000 999424.000000 9696.000000 0.000000 0.000000 125344.000000 0.000000 39572.000000 166700.000000 15744.000000 
19
0.000000 1835008.000000 0.000000 808032.000000 0.000000 56640.000000 4096.000000 14848.000000 35328.000000 25728.000000 155136.000000 1859584.000000 0.000000 594816.000000 669696.000000 51936.000000 6336.000000 27136.000000 0.000000 0.000000 49664.000000 0.000000 688128.000000 0.000000 708096.000000 658368.000000 45024.000000 3840.000000 13312.000000 67328.000000 0.000000 0.000000 827392.000000 0.000000 0.000000 0.000000 45728.000000 3072.000000 39552.000000 25728.000000 0.000000 0.000000 1617920.000000 0.000000 31224.000000 0.000000 51520.000000 11264.000000 10752.000000 13000.000000 176144.000000 3480.000000 999424.000000 9696.000000 0.000000 0.000000 125344.000000 0.000000 39572.000000 166700.000000 15744.000000 
20
0.000000 1835008.000000 0.000000 808032.000000 0.000000 56640.000000 4096.000000 14848.000000 26112.000000 59904.000000 0.000000 516096.000000 0.000000 1338240.000000 2963904.000000 54240.000000 172032.000000 7168.000000 0.000000 0.000000 49664.000000 0.000000 1634304.000000 1875968.000000 1886592.000000 716544.000000 46368.000000 59136.000000 18944.000000 68352.000000 0.000000 0.000000 712718.000000 0.000000 0.000000 0.000000 166432.000000 9216.000000 39552.000000 38528.000000 0.000000 0.000000 417792.000000 1318656.000000 9696.000000 0.000000 51456.000000 17920.000000 9216.000000 12480.000000 50192.000000 3480.000000 3994368.000000 686256.000000 0.000000 0.000000 67264.000000 0.000000 39240.000000 222199.000000 76288.000000 
21
0.000000 1835008.000000 0.000000 808032.000000 0.000000 56640.000000 4096.000000 14848.000000 26112.000000 59904.000000 0.000000 516096.000000 0.000000 1338240.000000 2963904.000000 54240.000000 172032.000000 7168.000000 0.000000 0.000000 49664.000000 0.000000 1634304.000000 1875968.000000 1886592.000000 716544.000000 46368.000000 59136.000000 18944.000000 68352.000000 0.000000 0.000000 712718.000000 0.000000 0.000000 0.000000 166432.000000 9216.000000 39552.000000 38528.000000 0.000000 0.000000 417792.000000 1318656.000000 9696.000000 0.000000 51456.000000 17920.000000 9216.000000 12480.000000 50192.000000 3480.000000 3994368.000000 686256.000000 0.000000 0.000000 67264.000000 0.000000 39240.000000 222199.000000 76288.000000 
22
0.000000 1835008.000000 0.000000 808032.000000 0.000000 56640.000000 4096.000000 14848.000000 26112.000000 59904.000000 0.000000 516096.000000 0.000000 1338240.000000 2963904.000000 54240.000000 172032.000000 7168.000000 0.000000 0.000000 49664.000000 0.000000 1634304.000000 1875968.000000 1886592.000000 716544.000000 46368.000000 59136.000000 18944.000000 68352.000000 0.000000 0.000000 712718.000000 0.000000 0.000000 0.000000 166432.000000 9216.000000 39552.000000 38528.000000 0.000000 0.000000 417792.000000 1318656.000000 9696.000000 0.000000 51456.000000 17920.000000 9216.000000 12480.000000 50192.000000 3480.000000 3994368.000000 686256.000000 0.000000 0.000000 67264.000000 0.000000 39240.000000 222199.000000 76288.000000 
23
0.000000 1835008.000000 0.000000 808032.000000 0.000000 56640.000000 4096.000000 14848.000000 26112.000000 59904.000000 0.000000 516096.000000 0.000000 1338240.000000 2963904.000000 54240.000000 172032.000000 7168.000000 0.000000 0.000000 49664.000000 0.000000 1634304.000000 1875968.000000 1886592.000000 716544.000000 46368.000000 59136.000000 18944.000000 68352.000000 0.000000 0.000000 712718.000000 0.000000 0.000000 0.000000 166432.000000 9216.000000 39552.000000 38528.000000 0.000000 0.000000 417792.000000 1318656.000000 9696.000000 0.000000 51456.000000 17920.000000 9216.000000 12480.000000 50192.000000 3480.000000 3994368.000000 686256.000000 0.000000 0.000000 67264.000000 0.000000 39240.000000 222199.000000 76288.000000 
24
0.000000 1830916.000000 0.000000 2341104.000000 0.000000 59456.000000 4096.000000 14848.000000 33280.000000 59904.000000 0.000000 983045.000000 32768.000000 1090176.000000 484224.000000 51168.000000 3584.000000 27136.000000 0.000000 0.000000 49152.000000 0.000000 684032.000000 0.000000 753024.000000 633984.000000 43296.000000 3840.000000 14336.000000 68736.000000 0.000000 0.000000 827392.000000 0.000000 0.000000 0.000000 43296.000000 3072.000000 52096.000000 25600.000000 0.000000 0.000000 835584.000000 0.000000 0.000000 0.000000 81408.000000 10240.000000 0.000000 13000.000000 159232.000000 3440.000000 1060864.000000 9696.000000 0.000000 0.000000 68416.000000 0.000000 39240.000000 163725.000000 19392.000000 
25
0.000000 1830916.000000 0.000000 2341104.000000 0.000000 59456.000000 4096.000000 14848.000000 33280.000000 59904.000000 0.000000 983045.000000 32768.000000 1090176.000000 484224.000000 51168.000000 3584.000000 27136.000000 0.000000 0.000000 49152.000000 0.000000 684032.000000 0.000000 753024.000000 633984.000000 43296.000000 3840.000000 14336.000000 68736.000000 0.000000 0.000000 827392.000000 0.000000 0.000000 0.000000 43296.000000 3072.000000 52096.000000 25600.000000 0.000000 0.000000 835584.000000 0.000000 0.000000 0.000000 81408.000000 10240.000000 0.000000 13000.000000 159232.000000 3440.000000 1060864.000000 9696.000000 0.000000 0.000000 68416.000000 0.000000 39240.000000 163725.000000 19392.000000 
26
0.000000 1830916.000000 0.000000 2341104.000000 0.000000 59456.000000 4096.000000 14848.000000 33280.000000 59904.000000 0.000000 983045.000000 32768.000000 1090176.000000 484224.000000 51168.000000 3584.000000 27136.000000 0.000000 0.000000 49152.000000 0.000000 684032.000000 0.000000 753024.000000 633984.000000 43296.000000 3840.000000 14336.000000 68736.000000 0.000000 0.000000 827392.000000 0.000000 0.000000 0.000000 43296.000000 3072.000000 52096.000000 25600.000000 0.000000 0.000000 835584.000000 0.000000 0.000000 0.000000 81408.000000 10240.000000 0.000000 13000.000000 159232.000000 3440.000000 1060864.000000 9696.000000 0.000000 0.000000 68416.000000 0.000000 39240.000000 163725.000000 19392.000000 
27
0.000000 1830916.000000 0.000000 2341104.000000 0.000000 59456.000000 4096.000000 14848.000000 33280.000000 59904.000000 0.000000 983045.000000 32768.000000 1090176.000000 484224.000000 51168.000000 3584.000000 27136.000000 0.000000 0.000000 49152.000000 0.000000 684032.000000 0.000000 753024.000000 633984.000000 43296.000000 3840.000000 14336.000000 68736.000000 0.000000 0.000000 827392.000000 0.000000 0.000000 0.000000 43296.000000 3072.000000 52096.000000 25600.000000 0.000000 0.000000 835584.000000 0.000000 0.000000 0.000000 81408.000000 10240.000000 0.000000 13000.000000 159232.000000 3440.000000 1060864.000000 9696.000000 0.000000 0.000000 68416.000000 0.000000 39240.000000 163725.000000 19392.000000 
28
0.000000 1830916.000000 0.000000 2340984.000000 0.000000 59456.000000 4096.000000 14848.000000 33280.000000 59904.000000 0.000000 983045.000000 24576.000000 1116288.000000 488064.000000 51168.000000 6400.000000 26112.000000 0.000000 0.000000 49152.000000 0.000000 749568.000000 0.000000 756096.000000 541248.000000 44384.000000 3584.000000 14336.000000 61408.000000 0.000000 0.000000 1794048.000000 0.000000 0.000000 0.000000 43296.000000 11264.000000 50112.000000 25984.000000 0.000000 0.000000 1363968.000000 0.000000 9696.000000 0.000000 220160.000000 0.000000 10240.000000 12480.000000 39328.000000 4040.000000 1318919.000000 0.000000 0.000000 0.000000 68416.000000 0.000000 39240.000000 163645.000000 19392.000000 
29
0.000000 1830916.000000 0.000000 2340984.000000 0.000000 59456.000000 4096.000000 14848.000000 33280.000000 59904.000000 0.000000 983045.000000 24576.000000 1116288.000000 488064.000000 51168.000000 6400.000000 26112.000000 0.000000 0.000000 49152.000000 0.000000 749568.000000 0.000000 756096.000000 541248.000000 44384.000000 3584.000000 14336.000000 61408.000000 0.000000 0.000000 1794048.000000 0.000000 0.000000 0.000000 43296.000000 11264.000000 50112.000000 25984.000000 0.000000 0.000000 1363968.000000 0.000000 9696.000000 0.000000 220160.000000 0.000000 10240.000000 12480.000000 39328.000000 4040.000000 1318919.000000 0.000000 0.000000 0.000000 68416.000000 0.000000 39240.000000 163645.000000 19392.000000 
30
0.000000 1830916.000000 0.000000 2340984.000000 0.000000 59456.000000 4096.000000 14848.000000 33280.000000 59904.000000 0.000000 983045.000000 24576.000000 1116288.000000 488064.000000 51168.000000 6400.000000 26112.000000 0.000000 0.000000 49152.000000 0.000000 749568.000000 0.000000 756096.000000 541248.000000 44384.000000 3584.000000 14336.000000 61408.000000 0.000000 0.000000 1794048.000000 0.000000 0.000000 0.000000 43296.000000 11264.000000 50112.000000 25984.000000 0.000000 0.000000 1363968.000000 0.000000 9696.000000 0.000000 220160.000000 0.000000 10240.000000 12480.000000 39328.000000 4040.000000 1318919.000000 0.000000 0.000000 0.000000 68416.000000 0.000000 39240.000000 163645.000000 19392.000000 
31
0.000000 1830916.000000 0.000000 2340984.000000 0.000000 59456.000000 4096.000000 14848.000000 33280.000000 59904.000000 0.000000 983045.000000 24576.000000 1116288.000000 488064.000000 51168.000000 6400.000000 26112.000000 0.000000 0.000000 49152.000000 0.000000 749568.000000 0.000000 756096.000000 541248.000000 44384.000000 3584.000000 14336.000000 61408.000000 0.000000 0.000000 1794048.000000 0.000000 0.000000 0.000000 43296.000000 11264.000000 50112.000000 25984.000000 0.000000 0.000000 1363968.000000 0.000000 9696.000000 0.000000 220160.000000 0.000000 10240.000000 12480.000000 39328.000000 4040.000000 1318919.000000 0.000000 0.000000 0.000000 68416.000000 0.000000 39240.000000 163645.000000 19392.000000 
32
0.000000 1830915.000000 0.000000 1258560.000000 0.000000 56640.000000 4096.000000 14336.000000 33280.000000 61312.000000 0.000000 827392.000000 0.000000 0.000000 10200.000000 51168.000000 24832.000000 26112.000000 0.000000 0.000000 49152.000000 0.000000 1159168.000000 0.000000 0.000000 9696.000000 43296.000000 3584.000000 13824.000000 70912.000000 0.000000 0.000000 819200.000000 0.000000 0.000000 0.000000 43296.000000 3072.000000 40768.000000 38464.000000 0.000000 0.000000 155648.000000 1555968.000000 2254656.000000 0.000000 51456.000000 10752.000000 0.000000 12472.000000 300448.000000 0.000000 7692295.000000 731616.000000 0.000000 0.000000 68416.000000 0.000000 39240.000000 164221.000000 61504.000000 
33
0.000000 1830915.000000 0.000000 1258560.000000 0.000000 56640.000000 4096.000000 14336.000000 33280.000000 61312.000000 0.000000 827392.000000 0.000000 0.000000 10200.000000 51168.000000 24832.000000 26112.000000 0.000000 0.000000 49152.000000 0.000000 1159168.000000 0.000000 0.000000 9696.000000 43296.000000 3584.000000 13824.000000 70912.000000 0.000000 0.000000 819200.000000 0.000000 0.000000 0.000000 43296.000000 3072.000000 40768.000000 38464.000000 0.000000 0.000000 155648.000000 1555968.000000 2254656.000000 0.000000 51456.000000 10752.000000 0.000000 12472.000000 300448.000000 0.000000 7692295.000000 731616.000000 0.000000 0.000000 68416.000000 0.000000 39240.000000 164221.000000 61504.000000 
34
0.000000 1830915.000000 0.000000 1258560.000000 0.000000 56640.000000 4096.000000 14336.000000 33280.000000 61312.000000 0.000000 827392.000000 0.000000 0.000000 10200.000000 51168.000000 24832.000000 26112.000000 0.000000 0.000000 49152.000000 0.000000 1159168.000000 0.000000 0.000000 9696.000000 43296.000000 3584.000000 13824.000000 70912.000000 0.000000 0.000000 819200.000000 0.000000 0.000000 0.000000 43296.000000 3072.000000 40768.000000 38464.000000 0.000000 0.000000 155648.000000 1555968.000000 2254656.000000 0.000000 51456.000000 10752.000000 0.000000 12472.000000 300448.000000 0.000000 7692295.000000 731616.000000 0.000000 0.000000 68416.000000 0.000000 39240.000000 164221.000000 61504.000000 
35
0.000000 1830915.000000 0.000000 1258560.000000 0.000000 56640.000000 4096.000000 14336.000000 33280.000000 61312.000000 0.000000 827392.000000 0.000000 0.000000 10200.000000 51168.000000 24832.000000 26112.000000 0.000000 0.000000 49152.000000 0.000000 1159168.000000 0.000000 0.000000 9696.000000 43296.000000 3584.000000 13824.000000 70912.000000 0.000000 0.000000 819200.000000 0.000000 0.000000 0.000000 43296.000000 3072.000000 40768.000000 38464.000000 0.000000 0.000000 155648.000000 1555968.000000 2254656.000000 0.000000 51456.000000 10752.000000 0.000000 12472.000000 300448.000000 0.000000 7692295.000000 731616.000000 0.000000 0.000000 68416.000000 0.000000 39240.000000 164221.000000 61504.000000 
36
0.000000 1830915.000000 0.000000 1453848.000000 0.000000 59200.000000 4096.000000 14336.000000 33280.000000 60032.000000 0.000000 983044.000000 32768.000000 1109760.000000 488160.000000 51168.000000 6336.000000 19968.000000 0.000000 0.000000 49152.000000 0.000000 692224.000000 0.000000 708096.000000 654528.000000 44384.000000 3584.000000 13312.000000 66272.000000 0.000000 0.000000 3448832.000000 2353056.000000 0.000000 0.000000 43296.000000 11264.000000 46976.000000 25856.000000 155136.000000 0.000000 843776.000000 0.000000 9696.000000 0.000000 51456.000000 10240.000000 0.000000 12992.000000 84288.000000 0.000000 2260608.000000 4016016.000000 0.000000 0.000000 67392.000000 0.000000 39240.000000 220566.000000 51712.000000 
37
0.000000 1830915.000000 0.000000 1453848.000000 0.000000 59200.000000 4096.000000 14336.000000 33280.000000 60032.000000 0.000000 983044.000000 32768.000000 1109760.000000 488160.000000 51168.000000 6336.000000 19968.000000 0.000000 0.000000 49152.000000 0.000000 692224.000000 0.000000 708096.000000 654528.000000 44384.000000 3584.000000 13312.000000 66272.000000 0.000000 0.000000 3448832.000000 2353056.000000 0.000000 0.000000 43296.000000 11264.000000 46976.000000 25856.000000 155136.000000 0.000000 843776.000000 0.000000 9696.000000 0.000000 51456.000000 10240.000000 0.000000 12992.000000 84288.000000 0.000000 2260608.000000 4016016.000000 0.000000 0.000000 67392.000000 0.000000 39240.000000 220566.000000 51712.000000 
38
0.000000 1830915.000000 0.000000 1453848.000000 0.000000 59200.000000 4096.000000 14336.000000 33280.000000 60032.000000 0.000000 983044.000000 32768.000000 1109760.000000 488160.000000 51168.000000 6336.000000 19968.000000 0.000000 0.000000 49152.000000 0.000000 692224.000000 0.000000 708096.000000 654528.000000 44384.000000 3584.000000 13312.000000 66272.000000 0.000000 0.000000 3448832.000000 2353056.000000 0.000000 0.000000 43296.000000 11264.000000 46976.000000 25856.000000 155136.000000 0.000000 843776.000000 0.000000 9696.000000 0.000000 51456.000000 10240.000000 0.000000 12992.000000 84288.000000 0.000000 2260608.000000 4016016.000000 0.000000 0.000000 67392.000000 0.000000 39240.000000 220566.000000 51712.000000 
39
0.000000 1830915.000000 0.000000 1453848.000000 0.000000 59200.000000 4096.000000 14336.000000 33280.000000 60032.000000 0.000000 983044.000000 32768.000000 1109760.000000 488160.000000 51168.000000 6336.000000 19968.000000 0.000000 0.000000 49152.000000 0.000000 692224.000000 0.000000 708096.000000 654528.000000 44384.000000 3584.000000 13312.000000 66272.000000 0.000000 0.000000 3448832.000000 2353056.000000 0.000000 0.000000 43296.000000 11264.000000 46976.000000 25856.000000 155136.000000 0.000000 843776.000000 0.000000 9696.000000 0.000000 51456.000000 10240.000000 0.000000 12992.000000 84288.000000 0.000000 2260608.000000 4016016.000000 0.000000 0.000000 67392.000000 0.000000 39240.000000 220566.000000 51712.000000 
40
0.000000 33792.000000 0.000000 0.000000 0.000000 520616.000000 3744.000000 0.000000 0.000000 25856.000000 0.000000 827392.000000 0.000000 0.000000 9696.000000 51168.000000 26368.000000 26112.000000 0.000000 0.000000 49152.000000 0.000000 806912.000000 0.000000 1388928.000000 719616.000000 44384.000000 3584.000000 13312.000000 66144.000000 0.000000 0.000000 970752.000000 17952.000000 0.000000 0.000000 44960.000000 11264.000000 52448.000000 27712.000000 156672.000000 0.000000 1257472.000000 0.000000 9696.000000 0.000000 51456.000000 22016.000000 9216.000000 12472.000000 65344.000000 5104.000000 1282048.000000 9696.000000 0.000000 0.000000 67904.000000 0.000000 37704.000000 164381.000000 19296.000000 
41
0.000000 33792.000000 0.000000 0.000000 0.000000 520616.000000 3744.000000 0.000000 0.000000 25856.000000 0.000000 827392.000000 0.000000 0.000000 9696.000000 51168.000000 26368.000000 26112.000000 0.000000 0.000000 49152.000000 0.000000 806912.000000 0.000000 1388928.000000 719616.000000 44384.000000 3584.000000 13312.000000 66144.000000 0.000000 0.000000 970752.000000 17952.000000 0.000000 0.000000 44960.000000 11264.000000 52448.000000 27712.000000 156672.000000 0.000000 1257472.000000 0.000000 9696.000000 0.000000 51456.000000 22016.000000 9216.000000 12472.000000 65344.000000 5104.000000 1282048.000000 9696.000000 0.000000 0.000000 67904.000000 0.000000 37704.000000 164381.000000 19296.000000 
42
0.000000 33792.000000 0.000000 0.000000 0.000000 520616.000000 3744.000000 0.000000 0.000000 25856.000000 0.000000 827392.000000 0.000000 0.000000 9696.000000 51168.000000 26368.000000 26112.000000 0.000000 0.000000 49152.000000 0.000000 806912.000000 0.000000 1388928.000000 719616.000000 44384.000000 3584.000000 13312.000000 66144.000000 0.000000 0.000000 970752.000000 17952.000000 0.000000 0.000000 44960.000000 11264.000000 52448.000000 27712.000000 156672.000000 0.000000 1257472.000000 0.000000 9696.000000 0.000000 51456.000000 22016.000000 9216.000000 12472.000000 65344.000000 5104.000000 1282048.000000 9696.000000 0.000000 0.000000 67904.000000 0.000000 37704.000000 164381.000000 19296.000000 
43
0.000000 33792.000000 0.000000 0.000000 0.000000 520616.000000 3744.000000 0.000000 0.000000 25856.000000 0.000000 827392.000000 0.000000 0.000000 9696.000000 51168.000000 26368.000000 26112.000000 0.000000 0.000000 49152.000000 0.000000 806912.000000 0.000000 1388928.000000 719616.000000 44384.000000 3584.000000 13312.000000 66144.000000 0.000000 0.000000 970752.000000 17952.000000 0.000000 0.000000 44960.000000 11264.000000 52448.000000 27712.000000 156672.000000 0.000000 1257472.000000 0.000000 9696.000000 0.000000 51456.000000 22016.000000 9216.000000 12472.000000 65344.000000 5104.000000 1282048.000000 9696.000000 0.000000 0.000000 67904.000000 0.000000 37704.000000 164381.000000 19296.000000 
44
0.000000 33792.000000 0.000000 0.000000 0.000000 520600.000000 3744.000000 0.000000 0.000000 25728.000000 0.000000 0.000000 196204.000000 0.000000 0.000000 123576.000000 331765.000000 38944.000000 0.000000 0.000000 25856.000000 0.000000 827392.000000 0.000000 0.000000 204360.000000 43296.000000 3584.000000 12288.000000 71168.000000 0.000000 0.000000 1703936.000000 1744800.000000 0.000000 0.000000 43296.000000 3072.000000 41280.000000 38016.000000 0.000000 0.000000 712718.000000 1795200.000000 9696.000000 0.000000 50560.000000 10240.000000 9216.000000 12992.000000 162592.000000 182112.000000 160640.000000 33792.000000 256.000000 0.000000 0.000000 0.000000 0.000000 163629.000000 19200.000000 
45
0.000000 33792.000000 0.000000 0.000000 0.000000 520600.000000 3744.000000 0.000000 0.000000 25728.000000 0.000000 0.000000 196204.000000 0.000000 0.000000 123576.000000 331765.000000 38944.000000 0.000000 0.000000 25856.000000 0.000000 827392.000000 0.000000 0.000000 204360.000000 43296.000000 3584.000000 12288.000000 71168.000000 0.000000 0.000000 1703936.000000 1744800.000000 0.000000 0.000000 43296.000000 3072.000000 41280.000000 38016.000000 0.000000 0.000000 712718.000000 1795200.000000 9696.000000 0.000000 50560.000000 10240.000000 9216.000000 12992.000000 162592.000000 182112.000000 160640.000000 33792.000000 256.000000 0.000000 0.000000 0.000000 0.000000 163629.000000 19200.000000 
46
0.000000 33792.000000 0.000000 0.000000 0.000000 520600.000000 3744.000000 0.000000 0.000000 25728.000000 0.000000 0.000000 196204.000000 0.000000 0.000000 123576.000000 331765.000000 38944.000000 0.000000 0.000000 25856.000000 0.000000 827392.000000 0.000000 0.000000 204360.000000 43296.000000 3584.000000 12288.000000 71168.000000 0.000000 0.000000 1703936.000000 1744800.000000 0.000000 0.000000 43296.000000 3072.000000 41280.000000 38016.000000 0.000000 0.000000 712718.000000 1795200.000000 9696.000000 0.000000 50560.000000 10240.000000 9216.000000 12992.000000 162592.000000 182112.000000 160640.000000 33792.000000 256.000000 0.000000 0.000000 0.000000 0.000000 163629.000000 19200.000000 
47
0.000000 33792.000000 0.000000 0.000000 0.000000 520600.000000 3744.000000 0.000000 0.000000 25728.000000 0.000000 0.000000 196204.000000 0.000000 0.000000 123576.000000 331765.000000 38944.000000 0.000000 0.000000 25856.000000 0.000000 827392.000000 0.000000 0.000000 204360.000000 43296.000000 3584.000000 12288.000000 71168.000000 0.000000 0.000000 1703936.000000 1744800.000000 0.000000 0.000000 43296.000000 3072.000000 41280.000000 38016.000000 0.000000 0.000000 712718.000000 1795200.000000 9696.000000 0.000000 50560.000000 10240.000000 9216.000000 12992.000000 162592.000000 182112.000000 160640.000000 33792.000000 256.000000 0.000000 0.000000 0.000000 0.000000 163629.000000 19200.000000 
48
0.000000 0.000000 0.000000 0.000000 0.000000 554261.000000 3744.000000 0.000000 0.000000 24960.000000 0.000000 0.000000 196204.000000 0.000000 0.000000 124183.000000 336469.000000 38176.000000 0.000000 0.000000 25856.000000 0.000000 819200.000000 0.000000 0.000000 9024.000000 44320.000000 60928.000000 15360.000000 70912.000000 0.000000 0.000000 827392.000000 0.000000 0.000000 0.000000 45024.000000 9216.000000 56832.000000 25856.000000 0.000000 151644.000000 32768.000000 105312.000000 29082.000000 384.000000 125056.000000 0.000000 0.000000 0.000000 86688.000000 180192.000000 154496.000000 33792.000000 256.000000 0.000000 0.000000 0.000000 30792.000000 165625.000000 16032.000000 
49
0.000000 0.000000 0.000000 0.000000 0.000000 554261.000000 3744.000000 0.000000 0.000000 24960.000000 0.000000 0.000000 196204.000000 0.000000 0.000000 124183.000000 336469.000000 38176.000000 0.000000 0.000000 25856.000000 0.000000 819200.000000 0.000000 0.000000 9024.000000 44320.000000 60928.000000 15360.000000 70912.000000 0.000000 0.000000 827392.000000 0.000000 0.000000 0.000000 45024.000000 9216.000000 56832.000000 25856.000000 0.000000 151644.000000 32768.000000 105312.000000 29082.000000 384.000000 125056.000000 0.000000 0.000000 0.000000 86688.000000 180192.000000 154496.000000 33792.000000 256.000000 0.000000 0.000000 0.000000 30792.000000 165625.000000 16032.000000 
50
0.000000 0.000000 0.000000 0.000000 0.000000 554261.000000 3744.000000 0.000000 0.000000 24960.000000 0.000000 0.000000 196204.000000 0.000000 0.000000 124183.000000 336469.000000 38176.000000 0.000000 0.000000 25856.000000 0.000000 819200.000000 0.000000 0.000000 9024.000000 44320.000000 60928.000000 15360.000000 70912.000000 0.000000 0.000000 827392.000000 0.000000 0.000000 0.000000 45024.000000 9216.000000 56832.000000 25856.000000 0.000000 151644.000000 32768.000000 105312.000000 29082.000000 384.000000 125056.000000 0.000000 0.000000 0.000000 86688.000000 180192.000000 154496.000000 33792.000000 256.000000 0.000000 0.000000 0.000000 30792.000000 165625.000000 16032.000000 
51
0.000000 0.000000 0.000000 0.000000 0.000000 554261.000000 3744.000000 0.000000 0.000000 24960.000000 0.000000 0.000000 196204.000000 0.000000 0.000000 124183.000000 336469.000000 38176.000000 0.000000 0.000000 25856.000000 0.000000 819200.000000 0.000000 0.000000 9024.000000 44320.000000 60928.000000 15360.000000 70912.000000 0.000000 0.000000 827392.000000 0.000000 0.000000 0.000000 45024.000000 9216.000000 56832.000000 25856.000000 0.000000 151644.000000 32768.000000 105312.000000 29082.000000 384.000000 125056.000000 0.000000 0.000000 0.000000 86688.000000 180192.000000 154496.000000 33792.000000 256.000000 0.000000 0.000000 0.000000 30792.000000 165625.000000 16032.000000 
52
0.000000 33792.000000 0.000000 0.000000 0.000000 519976.000000 3744.000000 0.000000 0.000000 24960.000000 0.000000 0.000000 162412.000000 0.000000 0.000000 99511.000000 388229.000000 35616.000000 0.000000 0.000000 25856.000000 87488.000000 0.000000 84480.000000 154204.000000 0.000000 381992.000000 247104.000000 7680.000000 0.000000 0.000000 0.000000 182272.000000 189648.000000 0.000000 0.000000 681278.000000 33984.000000 0.000000 0.000000 0.000000 151588.000000 28160.000000 123366.000000 29082.000000 384.000000 144576.000000 0.000000 0.000000 0.000000 71104.000000 188256.000000 144000.000000 29184.000000 256.000000 0.000000 0.000000 0.000000 29252.000000 297975.000000 19392.000000 
53
0.000000 33792.000000 0.000000 0.000000 0.000000 519976.000000 3744.000000 0.000000 0.000000 24960.000000 0.000000 0.000000 162412.000000 0.000000 0.000000 99511.000000 388229.000000 35616.000000 0.000000 0.000000 25856.000000 87488.000000 0.000000 84480.000000 154204.000000 0.000000 381992.000000 247104.000000 7680.000000 0.000000 0.000000 0.000000 182272.000000 189648.000000 0.000000 0.000000 681278.000000 33984.000000 0.000000 0.000000 0.000000 151588.000000 28160.000000 123366.000000 29082.000000 384.000000 144576.000000 0.000000 0.000000 0.000000 71104.000000 188256.000000 144000.000000 29184.000000 256.000000 0.000000 0.000000 0.000000 29252.000000 297975.000000 19392.000000 
54
0.000000 33792.000000 0.000000 0.000000 0.000000 519976.000000 3744.000000 0.000000 0.000000 24960.000000 0.000000 0.000000 162412.000000 0.000000 0.000000 99511.000000 388229.000000 35616.000000 0.000000 0.000000 25856.000000 87488.000000 0.000000 84480.000000 154204.000000 0.000000 381992.000000 247104.000000 7680.000000 0.000000 0.000000 0.000000 182272.000000 189648.000000 0.000000 0.000000 681278.000000 33984.000000 0.000000 0.000000 0.000000 151588.000000 28160.000000 123366.000000 29082.000000 384.000000 144576.000000 0.000000 0.000000 0.000000 71104.000000 188256.000000 144000.000000 29184.000000 256.000000 0.000000 0.000000 0.000000 29252.000000 297975.000000 19392.000000 
55
0.000000 33792.000000 0.000000 0.000000 0.000000 519976.000000 3744.000000 0.000000 0.000000 24960.000000 0.000000 0.000000 162412.000000 0.000000 0.000000 99511.000000 388229.000000 35616.000000 0.000000 0.000000 25856.000000 87488.000000 0.000000 84480.000000 154204.000000 0.000000 381992.000000 247104.000000 7680.000000 0.000000 0.000000 0.000000 182272.000000 189648.000000 0.000000 0.000000 681278.000000 33984.000000 0.000000 0.000000 0.000000 151588.000000 28160.000000 123366.000000 29082.000000 384.000000 144576.000000 0.000000 0.000000 0.000000 71104.000000 188256.000000 144000.000000 29184.000000 256.000000 0.000000 0.000000 0.000000 29252.000000 297975.000000 19392.000000 
56
0.000000 33792.000000 0.000000 0.000000 0.000000 518069.000000 3648.000000 0.000000 0.000000 25856.000000 0.000000 0.000000 196300.000000 0.000000 0.000000 125879.000000 328805.000000 34592.000000 0.000000 0.000000 25728.000000 88128.000000 0.000000 84480.000000 146524.000000 0.000000 402859.000000 214080.000000 6912.000000 0.000000 0.000000 0.000000 155648.000000 160256.000000 0.000000 0.000000 691707.000000 32544.000000 0.000000 12928.000000 0.000000 151642.000000 32768.000000 99498.000000 29082.000000 384.000000 121600.000000 0.000000 0.000000 0.000000 405997.000000 192296.000000 158848.000000 33792.000000 256.000000 0.000000 0.000000 0.000000 0.000000 164700.000000 61408.000000 
57
0.000000 33792.000000 0.000000 0.000000 0.000000 518069.000000 3648.000000 0.000000 0.000000 25856.000000 0.000000 0.000000 196300.000000 0.000000 0.000000 125879.000000 328805.000000 34592.000000 0.000000 0.000000 25728.000000 88128.000000 0.000000 84480.000000 146524.000000 0.000000 402859.000000 214080.000000 6912.000000 0.000000 0.000000 0.000000 155648.000000 160256.000000 0.000000 0.000000 691707.000000 32544.000000 0.000000 12928.000000 0.000000 151642.000000 32768.000000 99498.000000 29082.000000 384.000000 121600.000000 0.000000 0.000000 0.000000 405997.000000 192296.000000 158848.000000 33792.000000 256.000000 0.000000 0.000000 0.000000 0.000000 164700.000000 61408.000000 
58
0.000000 33792.000000 0.000000 0.000000 0.000000 518069.000000 3648.000000 0.000000 0.000000 25856.000000 0.000000 0.000000 196300.000000 0.000000 0.000000 125879.000000 328805.000000 34592.000000 0.000000 0.000000 25728.000000 88128.000000 0.000000 84480.000000 146524.000000 0.000000 402859.000000 214080.000000 6912.000000 0.000000 0.000000 0.000000 155648.000000 160256.000000 0.000000 0.000000 691707.000000 32544.000000 0.000000 12928.000000 0.000000 151642.000000 32768.000000 99498.000000 29082.000000 384.000000 121600.000000 0.000000 0.000000 0.000000 405997.000000 192296.000000 158848.000000 33792.000000 256.000000 0.000000 0.000000 0.000000 0.000000 164700.000000 61408.000000 
59
0.000000 33792.000000 0.000000 0.000000 0.000000 518069.000000 3648.000000 0.000000 0.000000 25856.000000 0.000000 0.000000 196300.000000 0.000000 0.000000 125879.000000 328805.000000 34592.000000 0.000000 0.000000 25728.000000 88128.000000 0.000000 84480.000000 146524.000000 0.000000 402859.000000 214080.000000 6912.000000 0.000000 0.000000 0.000000 155648.000000 160256.000000 0.000000 0.000000 691707.000000 32544.000000 0.000000 12928.000000 0.000000 151642.000000 32768.000000 99498.000000 29082.000000 384.000000 121600.000000 0.000000 0.000000 0.000000 405997.000000 192296.000000 158848.000000 33792.000000 256.000000 0.000000 0.000000 0.000000 0.000000 164700.000000 61408.000000 
60
0.000000 33792.000000 0.000000 0.000000 0.000000 517557.000000 3648.000000 0.000000 0.000000 25856.000000 0.000000 0.000000 196300.000000 0.000000 0.000000 126471.000000 326501.000000 34592.000000 0.000000 0.000000 25600.000000 87872.000000 0.000000 84480.000000 109660.000000 0.000000 436731.000000 281184.000000 6912.000000 0.000000 0.000000 0.000000 141824.000000 197232.000000 0.000000 0.000000 666315.000000 33120.000000 0.000000 0.000000 0.000000 151596.000000 28160.000000 113104.000000 27930.000000 384.000000 141712.000000 0.000000 0.000000 0.000000 25456.000000 188256.000000 148224.000000 33792.000000 256.000000 0.000000 0.000000 0.000000 32324.000000 165353.000000 19392.000000 
61
0.000000 33792.000000 0.000000 0.000000 0.000000 517557.000000 3648.000000 0.000000 0.000000 25856.000000 0.000000 0.000000 196300.000000 0.000000 0.000000 126471.000000 326501.000000 34592.000000 0.000000 0.000000 25600.000000 87872.000000 0.000000 84480.000000 109660.000000 0.000000 436731.000000 281184.000000 6912.000000 0.000000 0.000000 0.000000 141824.000000 197232.000000 0.000000 0.000000 666315.000000 33120.000000 0.000000 0.000000 0.000000 151596.000000 28160.000000 113104.000000 27930.000000 384.000000 141712.000000 0.000000 0.000000 0.000000 25456.000000 188256.000000 148224.000000 33792.000000 256.000000 0.000000 0.000000 0.000000 32324.000000 165353.000000 19392.000000 
62
0.000000 33792.000000 0.000000 0.000000 0.000000 517557.000000 3648.000000 0.000000 0.000000 25856.000000 0.000000 0.000000 196300.000000 0.000000 0.000000 126471.000000 326501.000000 34592.000000 0.000000 0.000000 25600.000000 87872.000000 0.000000 84480.000000 109660.000000 0.000000 436731.000000 281184.000000 6912.000000 0.000000 0.000000 0.000000 141824.000000 197232.000000 0.000000 0.000000 666315.000000 33120.000000 0.000000 0.000000 0.000000 151596.000000 28160.000000 113104.000000 27930.000000 384.000000 141712.000000 0.000000 0.000000 0.000000 25456.000000 188256.000000 148224.000000 33792.000000 256.000000 0.000000 0.000000 0.000000 32324.000000 165353.000000 19392.000000 
63
0.000000 33792.000000 0.000000 0.000000 0.000000 517557.000000 3648.000000 0.000000 0.000000 25856.000000 0.000000 0.000000 196300.000000 0.000000 0.000000 126471.000000 326501.000000 34592.000000 0.000000 0.000000 25600.000000 87872.000000 0.000000 84480.000000 109660.000000 0.000000 436731.000000 281184.000000 6912.000000 0.000000 0.000000 0.000000 141824.000000 197232.000000 0.000000 0.000000 666315.000000 33120.000000 0.000000 0.000000 0.000000 151596.000000 28160.000000 113104.000000 27930.000000 384.000000 141712.000000 0.000000 0.000000 0.000000 25456.000000 188256.000000 148224.000000 33792.000000 256.000000 0.000000 0.000000 0.000000 32324.000000 165353.000000 19392.000000 
64
0.000000 33792.000000 0.000000 0.000000 0.000000 517620.000000 3648.000000 0.000000 0.000000 25856.000000 0.000000 0.000000 196300.000000 0.000000 0.000000 125911.000000 328133.000000 34592.000000 0.000000 0.000000 25600.000000 88128.000000 0.000000 84480.000000 140476.000000 0.000000 401337.000000 243648.000000 6912.000000 0.000000 0.000000 0.000000 183296.000000 188108.000000 0.000000 0.000000 667291.000000 32928.000000 0.000000 0.000000 0.000000 151604.000000 28160.000000 113008.000000 23962.000000 384.000000 142032.000000 0.000000 0.000000 2304.000000 334779.000000 183136.000000 148224.000000 53760.000000 192.000000 0.000000 0.000000 0.000000 30788.000000 114295.000000 9792.000000 
65
0.000000 33792.000000 0.000000 0.000000 0.000000 517620.000000 3648.000000 0.000000 0.000000 25856.000000 0.000000 0.000000 196300.000000 0.000000 0.000000 125911.000000 328133.000000 34592.000000 0.000000 0.000000 25600.000000 88128.000000 0.000000 84480.000000 140476.000000 0.000000 401337.000000 243648.000000 6912.000000 0.000000 0.000000 0.000000 183296.000000 188108.000000 0.000000 0.000000 667291.000000 32928.000000 0.000000 0.000000 0.000000 151604.000000 28160.000000 113008.000000 23962.000000 384.000000 142032.000000 0.000000 0.000000 2304.000000 334779.000000 183136.000000 148224.000000 53760.000000 192.000000 0.000000 0.000000 0.000000 30788.000000 114295.000000 9792.000000 
66
0.000000 33792.000000 0.000000 0.000000 0.000000 517620.000000 3648.000000 0.000000 0.000000 25856.000000 0.000000 0.000000 196300.000000 0.000000 0.000000 125911.000000 328133.000000 34592.000000 0.000000 0.000000 25600.000000 88128.000000 0.000000 84480.000000 140476.000000 0.000000 401337.000000 243648.000000 6912.000000 0.000000 0.000000 0.000000 183296.000000 188108.000000 0.000000 0.000000 667291.000000 32928.000000 0.000000 0.000000 0.000000 151604.000000 28160.000000 113008.000000 23962.000000 384.000000 142032.000000 0.000000 0.000000 2304.000000 334779.000000 183136.000000 148224.000000 53760.000000 192.000000 0.000000 0.000000 0.000000 30788.000000 114295.000000 9792.000000 
67
0.000000 33792.000000 0.000000 0.000000 0.000000 517620.000000 3648.000000 0.000000 0.000000 25856.000000 0.000000 0.000000 196300.000000 0.000000 0.000000 125911.000000 328133.000000 34592.000000 0.000000 0.000000 25600.000000 88128.000000 0.000000 84480.000000 140476.000000 0.000000 401337.000000 243648.000000 6912.000000 0.000000 0.000000 0.000000 183296.000000 188108.000000 0.000000 0.000000 667291.000000 32928.000000 0.000000 0.000000 0.000000 151604.000000 28160.000000 113008.000000 23962.000000 384.000000 142032.000000 0.000000 0.000000 2304.000000 334779.000000 183136.000000 148224.000000 53760.000000 192.000000 0.000000 0.000000 0.000000 30788.000000 114295.000000 9792.000000 
68
0.000000 33792.000000 0.000000 0.000000 0.000000 518580.000000 3648.000000 0.000000 0.000000 25728.000000 0.000000 0.000000 194760.000000 0.000000 0.000000 126487.000000 328133.000000 34496.000000 0.000000 0.000000 12544.000000 85888.000000 0.000000 84480.000000 91324.000000 0.000000 440251.000000 287808.000000 6912.000000 0.000000 0.000000 0.000000 164864.000000 204988.000000 0.000000 0.000000 664555.000000 35616.000000 0.000000 0.000000 0.000000 151588.000000 28160.000000 88416.000000 26846.000000 384.000000 121600.000000 0.000000 0.000000 0.000000 199544.000000 171904.000000 161024.000000 33792.000000 192.000000 0.000000 0.000000 0.000000 0.000000 105655.000000 26016.000000 
69
0.000000 33792.000000 0.000000 0.000000 0.000000 518580.000000 3648.000000 0.000000 0.000000 25728.000000 0.000000 0.000000 194760.000000 0.000000 0.000000 126487.000000 328133.000000 34496.000000 0.000000 0.000000 12544.000000 85888.000000 0.000000 84480.000000 91324.000000 0.000000 440251.000000 287808.000000 6912.000000 0.000000 0.000000 0.000000 164864.000000 204988.000000 0.000000 0.000000 664555.000000 35616.000000 0.000000 0.000000 0.000000 151588.000000 28160.000000 88416.000000 26846.000000 384.000000 121600.000000 0.000000 0.000000 0.000000 199544.000000 171904.000000 161024.000000 33792.000000 192.000000 0.000000 0.000000 0.000000 0.000000 105655.000000 26016.000000 
70
0.000000 33792.000000 0.000000 0.000000 0.000000 518580.000000 3648.000000 0.000000 0.000000 25728.000000 0.000000 0.000000 194760.000000 0.000000 0.000000 126487.000000 328133.000000 34496.000000 0.000000 0.000000 12544.000000 85888.000000 0.000000 84480.000000 91324.000000 0.000000 440251.000000 287808.000000 6912.000000 0.000000 0.000000 0.000000 164864.000000 204988.000000 0.000000 0.000000 664555.000000 35616.000000 0.000000 0.000000 0.000000 151588.000000 28160.000000 88416.000000 26846.000000 384.000000 121600.000000 0.000000 0.000000 0.000000 199544.000000 171904.000000 161024.000000 33792.000000 192.000000 0.000000 0.000000 0.000000 0.000000 105655.000000 26016.000000 
71
0.000000 33792.000000 0.000000 0.000000 0.000000 518580.000000 3648.000000 0.000000 0.000000 25728.000000 0.000000 0.000000 194760.000000 0.000000 0.000000 126487.000000 328133.000000 34496.000000 0.000000 0.000000 12544.000000 85888.000000 0.000000 84480.000000 91324.000000 0.000000 440251.000000 287808.000000 6912.000000 0.000000 0.000000 0.000000 164864.000000 204988.000000 0.000000 0.000000 664555.000000 35616.000000 0.000000 0.000000 0.000000 151588.000000 28160.000000 88416.000000 26846.000000 384.000000 121600.000000 0.000000 0.000000 0.000000 199544.000000 171904.000000 161024.000000 33792.000000 192.000000 0.000000 0.000000 0.000000 0.000000 105655.000000 26016.000000 
72
0.000000 33792.000000 0.000000 0.000000 0.000000 518580.000000 3648.000000 0.000000 0.000000 25728.000000 0.000000 0.000000 194760.000000 0.000000 0.000000 123015.000000 321525.000000 34496.000000 0.000000 0.000000 12416.000000 87424.000000 0.000000 84480.000000 91324.000000 0.000000 441899.000000 285024.000000 6912.000000 0.000000 0.000000 0.000000 174080.000000 197324.000000 0.000000 0.000000 667083.000000 33120.000000 0.000000 0.000000 0.000000 151596.000000 28160.000000 112992.000000 28330.000000 384.000000 141680.000000 0.000000 0.000000 5504.000000 77568.000000 181088.000000 148224.000000 33792.000000 192.000000 0.000000 0.000000 0.000000 30788.000000 315415.000000 67296.000000 
73
0.000000 33792.000000 0.000000 0.000000 0.000000 518580.000000 3648.000000 0.000000 0.000000 25728.000000 0.000000 0.000000 194760.000000 0.000000 0.000000 123015.000000 321525.000000 34496.000000 0.000000 0.000000 12416.000000 87424.000000 0.000000 84480.000000 91324.000000 0.000000 441899.000000 285024.000000 6912.000000 0.000000 0.000000 0.000000 174080.000000 197324.000000 0.000000 0.000000 667083.000000 33120.000000 0.000000 0.000000 0.000000 151596.000000 28160.000000 112992.000000 28330.000000 384.000000 141680.000000 0.000000 0.000000 5504.000000 77568.000000 181088.000000 148224.000000 33792.000000 192.000000 0.000000 0.000000 0.000000 30788.000000 315415.000000 67296.000000 
74
0.000000 33792.000000 0.000000 0.000000 0.000000 518580.000000 3648.000000 0.000000 0.000000 25728.000000 0.000000 0.000000 194760.000000 0.000000 0.000000 123015.000000 321525.000000 34496.000000 0.000000 0.000000 12416.000000 87424.000000 0.000000 84480.000000 91324.000000 0.000000 441899.000000 285024.000000 6912.000000 0.000000 0.000000 0.000000 174080.000000 197324.000000 0.000000 0.000000 667083.000000 33120.000000 0.000000 0.000000 0.000000 151596.000000 28160.000000 112992.000000 28330.000000 384.000000 141680.000000 0.000000 0.000000 5504.000000 77568.000000 181088.000000 148224.000000 33792.000000 192.000000 0.000000 0.000000 0.000000 30788.000000 315415.000000 67296.000000 
75
0.000000 33792.000000 0.000000 0.000000 0.000000 518580.000000 3648.000000 0.000000 0.000000 25728.000000 0.000000 0.000000 194760.000000 0.000000 0.000000 123015.000000 321525.000000 34496.000000 0.000000 0.000000 12416.000000 87424.000000 0.000000 84480.000000 91324.000000 0.000000 441899.000000 285024.000000 6912.000000 0.000000 0.000000 0.000000 174080.000000 197324.000000 0.000000 0.000000 667083.000000 33120.000000 0.000000 0.000000 0.000000 151596.000000 28160.000000 112992.000000 28330.000000 384.000000 141680.000000 0.000000 0.000000 5504.000000 77568.000000 181088.000000 148224.000000 33792.000000 192.000000 0.000000 0.000000 0.000000 30788.000000 315415.000000 67296.000000 
76
0.000000 33792.000000 0.000000 0.000000 0.000000 518772.000000 3648.000000 0.000000 0.000000 25856.000000 0.000000 0.000000 194760.000000 0.000000 0.000000 122439.000000 332104.000000 30912.000000 0.000000 0.000000 24832.000000 90880.000000 0.000000 82944.000000 155832.000000 0.000000 390567.000000 242208.000000 6912.000000 0.000000 0.000000 0.000000 183296.000000 186572.000000 0.000000 0.000000 667307.000000 32928.000000 0.000000 0.000000 0.000000 151606.000000 28160.000000 113008.000000 24966.000000 384.000000 142032.000000 0.000000 0.000000 0.000000 27584.000000 184576.000000 148224.000000 33792.000000 192.000000 0.000000 0.000000 0.000000 31556.000000 165321.000000 19296.000000 
77
0.000000 33792.000000 0.000000 0.000000 0.000000 518772.000000 3648.000000 0.000000 0.000000 25856.000000 0.000000 0.000000 194760.000000 0.000000 0.000000 122439.000000 332104.000000 30912.000000 0.000000 0.000000 24832.000000 90880.000000 0.000000 82944.000000 155832.000000 0.000000 390567.000000 242208.000000 6912.000000 0.000000 0.000000 0.000000 183296.000000 186572.000000 0.000000 0.000000 667307.000000 32928.000000 0.000000 0.000000 0.000000 151606.000000 28160.000000 113008.000000 24966.000000 384.000000 142032.000000 0.000000 0.000000 0.000000 27584.000000 184576.000000 148224.000000 33792.000000 192.000000 0.000000 0.000000 0.000000 31556.000000 165321.000000 19296.000000 
78
0.000000 33792.000000 0.000000 0.000000 0.000000 518772.000000 3648.000000 0.000000 0.000000 25856.000000 0.000000 0.000000 194760.000000 0.000000 0.000000 122439.000000 332104.000000 30912.000000 0.000000 0.000000 24832.000000 90880.000000 0.000000 82944.000000 155832.000000 0.000000 390567.000000 242208.000000 6912.000000 0.000000 0.000000 0.000000 183296.000000 186572.000000 0.000000 0.000000 667307.000000 32928.000000 0.000000 0.000000 0.000000 151606.000000 28160.000000 113008.000000 24966.000000 384.000000 142032.000000 0.000000 0.000000 0.000000 27584.000000 184576.000000 148224.000000 33792.000000 192.000000 0.000000 0.000000 0.000000 31556.000000 165321.000000 19296.000000 
79
0.000000 33792.000000 0.000000 0.000000 0.000000 518772.000000 3648.000000 0.000000 0.000000 25856.000000 0.000000 0.000000 194760.000000 0.000000 0.000000 122439.000000 332104.000000 30912.000000 0.000000 0.000000 24832.000000 90880.000000 0.000000 82944.000000 155832.000000 0.000000 390567.000000 242208.000000 6912.000000 0.000000 0.000000 0.000000 183296.000000 186572.000000 0.000000 0.000000 667307.000000 32928.000000 0.000000 0.000000 0.000000 151606.000000 28160.000000 113008.000000 24966.000000 384.000000 142032.000000 0.000000 0.000000 0.000000 27584.000000 184576.000000 148224.000000 33792.000000 192.000000 0.000000 0.000000 0.000000 31556.000000 165321.000000 19296.000000 
