task94
0.012000 1.001301 2.087039 2.110327 3.011755 3.011992 4.011905 4.035804 5.041433 5.041669 
task15
0.022000 1.050793 2.145510 2.214263 3.021755 3.139356 4.047247 4.047280 5.078534 5.140674 
task10
0.022000 1.011279 2.145510 2.214261 3.021755 3.024113 4.047247 4.047369 5.078534 5.169761 
task13
0.022000 1.011255 2.146264 2.147663 3.021755 3.026312 4.047814 4.047970 5.078584 5.139601 
task0
0.022000 1.011994 2.146264 2.159819 3.021755 3.023611 4.047814 4.047923 5.078584 5.082552 
task3
0.024000 1.023772 2.226264 2.253129 3.025755 3.025915 4.053814 4.053857 5.124584 5.137041 
task1
0.024000 1.023523 2.176062 2.199706 3.025703 3.041640 4.049124 4.054160 5.091732 5.101402 
task14
0.024000 1.018518 2.167679 2.170535 3.024632 3.029432 4.048822 4.053042 5.097103 5.108948 
task12
0.024000 1.025434 2.174455 2.183477 3.025221 3.037226 4.048752 4.051465 5.084224 5.098106 
task11
0.024000 1.026825 2.173862 2.177182 3.025160 3.035697 4.058017 4.068702 5.083774 5.096043 
task2
0.024000 1.030720 2.173270 2.175205 3.025516 3.040249 4.050127 4.055014 5.083587 5.095815 
task9
0.024000 1.020451 2.174304 2.182008 3.025810 3.043322 4.052196 4.056440 5.082964 5.095386 
task6
0.024000 1.017134 2.162536 2.166863 3.025455 3.038640 4.052389 4.090787 5.083207 5.095632 
task4
0.024000 1.029193 2.174229 2.180510 3.025021 3.043592 4.065542 4.068897 5.082803 5.095473 
task7
0.024000 1.022078 2.161218 2.162934 3.024121 3.026117 4.065572 4.071368 5.083288 5.095625 
task5
0.024000 1.015508 2.163903 2.168551 3.024277 3.027851 4.057212 4.069326 5.084143 5.096598 
task8
0.024000 1.013951 2.161906 2.164902 3.024970 3.031014 4.058379 4.064589 5.083939 5.096388 
task16
0.052000 1.382063 2.264264 2.682972 3.061755 3.152589 4.152175 4.526609 5.174670 5.575089 
task17
0.052573 0.076305 1.382328 1.403898 2.683197 2.709582 3.152887 3.185948 4.527048 4.553094 5.575236 5.600516 
task20
0.054000 0.133412 1.383219 1.460994 2.683289 2.766845 3.158030 3.330060 4.528543 4.610209 5.576676 5.657662 
task19
0.131159 0.154457 0.190000 0.197694 1.459806 1.488607 1.529219 1.538736 2.759936 2.787140 2.843289 2.854295 3.338646 3.343557 3.343848 3.345669 3.345695 3.346065 3.346065 3.350148 3.366884 3.400070 4.604157 4.628569 4.692543 4.697191 5.651975 5.692163 5.738676 5.746959 
task18
0.161714 0.162055 1.493131 1.493495 2.793703 2.793971 3.347080 3.347440 4.634526 4.634768 5.712281 5.712635 
task21
0.190051 0.196292 0.199714 0.200511 1.521436 1.528375 1.531131 1.532223 2.822181 2.830403 2.831703 2.832528 3.375326 3.382471 3.385080 3.392552 4.662946 4.666032 4.667229 4.669151 4.670291 4.679451 4.679879 4.681428 5.744946 5.751782 5.752281 5.753236 
task22
0.207068 0.207292 0.207380 0.207795 0.207892 0.208195 0.208204 0.208492 0.208541 0.208995 0.209009 0.209091 0.223714 0.224328 1.538909 1.539398 1.539404 1.539969 1.539993 1.541098 1.541100 1.541126 1.541256 1.541414 1.541758 1.541842 1.541932 1.542051 1.542087 1.542200 1.555304 1.555768 2.839376 2.839962 2.839965 2.840254 2.840277 2.840557 2.840571 2.841129 2.841299 2.841380 2.841455 2.841505 2.841923 2.842075 2.855703 2.856243 3.399376 3.399886 3.400016 3.400482 3.400492 3.400529 3.400558 3.400694 3.400694 3.401315 3.401338 3.401458 3.401494 3.401645 3.401650 3.401749 3.401806 3.401978 3.431080 3.433835 4.674016 4.674589 4.674740 4.675226 4.675335 4.675764 4.675845 4.676048 4.676233 4.677083 4.677274 4.677725 4.679152 4.683097 4.687636 4.692546 4.695171 4.697652 4.707879 4.707974 5.760630 5.761383 5.761453 5.762520 5.763099 5.763126 5.763653 5.763980 5.763986 5.764437 5.764632 5.764703 5.764787 5.764975 5.778281 5.778446 
task23
0.210000 0.211138 1.578743 1.581707 2.879490 2.885076 3.404197 3.405675 4.703406 4.704801 5.796596 5.801370 
task24
0.212204 0.212554 1.582199 1.583001 2.886814 2.887298 3.407860 3.407948 4.705667 4.705866 5.801653 5.802041 5.960536 5.802041 5.960138 5.802041 5.959740 5.802041 5.959341 5.802041 5.958943 5.802041 5.958545 5.802041 5.958146 5.802041 5.957748 5.802041 5.957349 5.802041 5.956951 5.802041 5.956553 5.802041 5.956154 5.802041 5.955756 5.802041 5.955357 5.802041 5.954959 5.802041 5.954561 5.802041 5.954162 5.802041 5.953764 5.802041 5.953366 5.802041 5.952967 5.802041 5.952569 5.802041 5.952170 5.802041 5.951772 5.802041 5.951374 5.802041 5.950975 5.802041 5.950577 5.802041 5.950178 5.802041 5.949780 5.802041 5.949382 5.802041 5.948983 5.802041 5.948585 5.802041 5.948187 5.802041 5.947788 5.802041 5.947390 5.802041 5.946991 5.802041 5.946593 5.802041 5.946195 5.802041 5.945796 5.802041 5.945398 5.802041 5.945000 5.802041 5.944601 5.802041 5.944203 5.802041 5.943804 5.802041 5.943406 5.802041 5.943008 5.802041 5.942609 5.802041 5.942211 5.802041 5.941812 5.802041 5.941414 5.802041 5.941016 5.802041 5.940617 5.802041 5.940219 5.802041 5.939821 5.802041 5.939422 5.802041 5.939024 5.802041 5.938625 5.802041 5.938227 5.802041 5.937829 5.802041 5.937430 5.802041 5.937032 5.802041 5.936633 5.802041 5.936235 5.802041 5.935837 5.802041 5.935438 5.802041 5.935040 5.802041 5.934642 5.802041 5.934243 5.802041 5.933845 5.802041 5.933446 5.802041 5.933048 5.802041 5.932650 5.802041 5.932251 5.802041 5.931853 5.802041 5.931454 5.802041 5.931056 5.802041 5.930658 5.802041 5.930259 5.802041 5.929861 5.802041 5.929463 5.802041 5.929064 5.802041 5.928666 5.802041 5.928267 5.802041 5.927869 5.802041 5.927471 5.802041 5.927072 5.802041 5.926674 5.802041 5.926275 5.802041 5.925877 5.802041 5.925479 5.802041 5.925080 5.802041 5.924682 5.802041 5.924284 5.802041 5.923885 5.802041 5.923487 5.802041 5.923088 5.802041 5.922690 5.802041 5.922292 5.802041 5.921893 5.802041 5.921495 5.802041 5.921097 5.802041 5.920698 5.802041 5.920300 5.802041 5.919901 5.802041 5.919503 5.802041 5.919105 5.802041 5.918706 5.802041 5.918308 5.802041 5.917909 5.802041 5.917511 5.802041 5.917113 5.802041 5.916714 5.802041 5.916316 5.802041 5.915918 5.802041 5.915519 5.802041 5.915121 5.802041 5.914722 5.802041 5.914324 5.802041 5.913926 5.802041 5.913527 5.802041 5.913129 5.802041 5.912730 5.802041 5.912332 5.802041 5.911934 5.802041 5.911535 5.802041 5.911137 5.802041 5.910739 5.802041 5.910340 5.802041 5.909942 5.802041 5.909543 5.802041 5.909145 5.802041 5.908747 5.802041 5.908348 5.802041 5.907950 5.802041 5.907551 5.802041 5.907153 5.802041 5.906755 5.802041 5.906356 5.802041 5.905958 5.802041 5.905560 5.802041 5.905161 5.802041 5.904763 5.802041 5.904364 5.802041 5.903966 5.802041 5.903568 5.802041 5.903169 5.802041 5.902771 5.802041 5.902372 5.802041 5.901974 5.802041 5.901576 5.802041 5.901177 5.802041 5.900779 5.802041 5.900381 5.802041 5.899982 5.802041 5.899584 5.802041 5.899185 5.802041 5.898787 5.802041 5.898389 5.802041 5.897990 5.802041 5.897592 5.802041 5.897194 5.802041 5.896795 5.802041 5.896397 5.802041 5.895998 5.802041 5.895600 5.802041 5.895202 5.802041 5.894803 5.802041 5.894405 5.802041 5.894006 5.802041 5.893608 5.802041 5.893210 5.802041 5.892811 5.802041 5.892413 5.802041 5.892015 5.802041 5.891616 5.802041 5.891218 5.802041 5.890819 5.802041 5.890421 5.802041 5.890023 5.802041 5.889624 5.802041 5.889226 5.802041 5.888827 5.802041 5.888429 5.802041 5.888031 5.802041 5.887632 5.802041 5.887234 5.802041 5.886836 5.802041 5.886438 5.802041 5.886039 5.802041 5.885641 5.802041 5.885247 5.802041 5.884853 5.802041 5.884454 5.802041 5.884056 5.802041 5.883670 5.802041 5.883272 5.802041 5.882873 5.802041 5.882479 5.802041 5.882085 5.802041 5.881687 5.802041 5.881288 5.802041 5.880899 5.802041 5.880500 5.802041 5.880102 5.802041 5.879704 5.802041 5.879305 5.802041 5.878907 5.802041 5.878508 5.802041 5.878110 5.802041 5.877712 5.802041 5.877313 5.802041 5.876915 5.802041 5.876517 5.802041 5.876118 5.802041 5.875720 5.802041 5.875321 5.802041 5.874923 5.802041 5.874525 5.802041 5.874126 5.802041 5.873728 5.802041 5.873329 5.802041 5.872931 5.802041 5.872533 5.802041 5.872134 5.802041 5.871736 5.802041 5.871338 5.802041 5.870939 5.802041 5.870541 5.802041 5.870142 5.802041 5.869744 5.802041 5.869346 5.802041 5.868947 5.802041 5.868549 5.802041 5.868150 5.802041 5.867752 5.802041 5.867354 5.802041 5.866955 5.802041 5.866557 5.802041 5.866159 5.802041 5.865760 5.802041 5.865362 5.802041 5.864963 5.802041 5.864565 5.802041 5.864167 5.802041 5.863768 5.802041 5.863370 5.802041 5.862972 5.802041 5.862573 5.802041 5.862175 5.802041 5.861776 5.802041 5.861378 5.802041 5.860980 5.802041 5.860581 5.802041 5.860183 5.802041 5.859784 5.802041 5.859386 5.802041 5.858988 5.802041 5.858589 5.802041 5.858191 5.802041 5.857793 5.802041 5.857394 5.802041 5.856996 5.802041 5.856597 5.802041 5.856199 5.802041 5.855801 5.802041 5.855402 5.802041 5.855004 5.802041 5.854605 5.802041 5.854207 5.802041 5.853809 5.802041 5.853410 5.802041 5.853012 5.802041 5.852614 5.802041 5.852215 5.802041 5.851817 5.802041 5.851418 5.802041 5.851020 5.802041 5.850622 5.802041 5.850223 5.802041 5.849825 5.802041 5.849426 5.802041 5.849028 5.802041 5.848630 5.802041 5.848231 5.802041 5.847833 5.802041 5.847435 5.802041 5.847036 5.802041 5.846638 5.802041 5.846239 5.802041 5.845841 5.802041 5.845443 5.802041 5.845044 5.802041 5.844646 5.802041 5.844247 5.802041 5.843849 5.802041 5.843451 5.802041 5.843052 5.802041 5.842654 5.802041 5.842256 5.802041 5.841857 5.802041 5.841459 5.802041 5.841060 5.802041 5.840662 5.802041 5.840264 5.802041 5.839865 5.802041 5.839467 5.802041 5.839069 5.802041 5.838670 5.802041 5.838272 5.802041 5.837873 5.802041 5.837475 5.802041 5.837077 5.802041 5.836674 5.802041 5.836276 5.802041 5.835877 5.802041 5.835479 5.802041 5.835081 5.802041 5.834682 5.802041 5.834284 5.802041 5.833894 5.802041 5.833495 5.802041 5.833097 5.802041 5.832703 5.802041 5.832309 5.802041 5.831911 5.802041 5.831512 5.802041 5.831122 5.802041 5.830724 5.802041 5.830326 5.802041 5.829932 5.802041 5.829542 5.802041 5.829148 5.802041 5.828750 5.802041 5.828351 5.802041 5.827961 5.802041 5.827563 5.802041 5.827165 5.802041 5.826771 5.802041 5.826377 5.802041 5.825978 5.802041 5.825580 5.802041 5.825190 5.802041 5.824792 5.802041 5.824393 5.802041 5.823999 5.802041 5.823605 5.802041 5.823207 5.802041 5.822808 5.802041 5.822419 5.802041 5.822020 5.802041 5.821622 5.802041 5.821228 5.802041 5.820834 5.802041 5.820435 5.802041 5.820037 5.802041 5.819647 5.802041 5.819249 5.802041 5.818851 5.802041 5.818452 5.802041 5.818054 5.802041 5.817655 5.802041 5.817257 5.802041 5.816859 5.802041 5.816460 5.802041 5.816062 5.802041 5.815663 5.802041 5.815265 5.802041 5.814867 5.802041 5.814468 5.802041 5.814070 5.802041 5.813672 5.802041 5.813273 5.802041 5.812875 5.802041 5.812476 5.802041 5.812078 5.802041 5.811680 5.802041 5.811281 5.802041 5.810883 5.802041 5.810485 5.802041 5.810285 5.802041 5.809887 5.802041 5.809489 5.802041 5.809090 5.802041 5.808692 5.802041 5.808293 5.802041 5.807895 5.802041 5.807497 5.802041 5.807098 5.802041 5.806700 5.802041 5.806301 5.802041 5.805903 5.802041 5.805505 5.802041 5.805106 5.802041 5.804708 5.802041 5.804310 5.802041 5.803911 5.802041 5.803513 5.802041 5.803114 5.802041 5.802716 5.802041 5.802318 5.802041 
task35
0.260277 0.260710 1.940869 1.941479 3.090197 3.090648 3.540778 3.541246 4.841891 4.842973 
task31
0.260308 0.261509 0.261573 0.262938 0.263460 0.263600 0.263618 0.263735 0.263775 0.264037 0.363737 0.363932 0.368595 0.368732 0.369549 0.369628 0.371868 0.372342 1.940287 1.940594 1.940605 1.941486 1.941553 1.941666 1.941711 1.943470 2.084885 2.085038 2.086721 2.086992 2.087039 2.087329 2.113908 2.118065 3.090100 3.090203 3.090494 3.090849 3.090887 3.090969 3.091052 3.091617 3.091624 3.091740 3.091749 3.092158 3.122011 3.139434 3.543494 3.544674 3.557080 3.559997 3.561905 3.581724 3.582914 3.585282 3.603182 3.606526 4.840203 4.841103 4.841107 4.842118 4.842252 4.843522 4.986351 4.986491 4.992726 4.992834 4.993671 4.993911 5.008609 5.008803 5.009247 5.009335 5.009385 5.009711 
task25
0.260309 0.360066 0.363737 0.363940 0.365456 0.367266 0.367337 0.367466 0.368439 0.368940 0.369549 0.370468 0.371868 0.372369 1.940288 2.072608 2.077592 2.079209 2.080831 2.081071 2.083029 2.083128 2.083305 2.083403 2.084885 2.085154 2.086249 2.086542 2.086721 2.087554 2.113908 2.118452 3.090100 3.090275 3.090576 3.090843 3.090887 3.092398 3.115415 3.131240 3.543494 3.544826 3.557080 3.563786 3.575657 3.626415 4.840206 4.866464 4.982081 4.982260 4.986351 4.986527 4.988226 4.989685 4.990783 4.991049 4.991255 4.991411 4.992726 4.993218 4.993671 4.994328 4.994464 5.000700 5.008609 5.008960 5.009247 5.009629 
task90
0.260626 0.265828 0.363737 0.366977 0.368595 0.378338 1.941235 1.950735 2.077592 2.079135 2.084885 2.094552 2.114341 2.126800 3.090576 3.099617 3.543494 3.546028 3.557222 3.560506 3.575806 3.582555 3.582914 3.626529 4.842252 4.912665 4.986351 4.989611 4.992726 5.001208 5.009247 5.015565 
task30
0.260941 0.262735 0.369549 0.369909 1.941075 1.941748 1.942832 1.944306 2.087210 2.087480 3.090887 3.091306 3.091455 3.099380 3.576328 3.624265 4.840996 4.850205 4.992726 4.993145 
task54
0.261714 0.262518 0.262520 0.262654 0.262678 0.262758 0.262836 0.262934 0.263618 0.263657 0.372055 0.372217 1.940614 1.940937 1.941256 1.941906 1.942126 1.942885 1.943235 1.945756 2.087039 2.111662 2.115289 2.117849 3.091363 3.091508 3.091624 3.091722 3.091755 3.091975 3.122011 3.125103 3.557080 3.559134 3.561905 3.563552 3.575965 3.621219 4.841327 4.841437 4.841879 4.842040 4.842572 4.848314 5.009433 5.009477 
task33
0.269412 0.271220 1.949394 1.949426 3.101455 3.101463 3.626328 3.626428 4.850409 4.850488 
task83
0.359834 0.389032 2.072396 2.139815 3.090100 3.108817 3.115415 3.143195 3.557080 3.566807 3.575657 3.639323 4.982081 5.026402 
task26
0.372626 0.375628 0.384416 0.391840 0.392155 0.432618 2.096829 2.100806 2.113613 2.119960 3.168011 3.181434 3.241907 3.254825 3.571222 3.573197 3.575657 3.584148 5.020995 5.024066 5.026609 5.029388 5.030150 5.033576 5.041433 5.044027 
task86
0.379220 0.432152 2.125051 2.228291 3.137923 3.151502 3.168083 3.402502 3.571222 3.618658 3.671494 3.797354 5.026351 5.055408 
task84
0.379601 0.405203 2.125293 2.200913 3.137923 3.143891 3.168531 3.404687 3.571222 3.645945 3.671494 3.770495 5.026593 5.052582 
task27
0.392293 0.394098 0.412155 0.412928 0.412930 0.413783 0.413793 0.414034 0.428605 0.432086 2.131293 2.138795 2.141934 2.146875 3.241907 3.334466 3.366774 3.376163 3.626172 3.626377 3.626400 3.627438 3.627650 3.629028 3.629657 3.631748 3.635905 3.636955 3.639965 3.640565 3.641362 3.645422 3.651080 3.651565 5.144919 5.145128 5.145138 5.145292 5.145396 5.146408 5.146584 5.146954 5.154976 5.156511 
task28
0.393319 0.422006 0.428692 0.432529 2.131380 2.148605 3.241907 3.335738 3.366861 3.379223 3.626172 3.637398 3.639965 3.691015 5.144919 5.167700 
task87
0.416486 0.440160 2.223312 2.280966 3.241139 3.319577 3.366884 3.443568 3.597222 3.657225 3.671494 3.676837 5.071650 5.078478 5.078584 5.098103 5.102835 5.107455 
task85
0.435539 0.436352 2.185044 2.185895 3.247661 3.317431 3.617080 3.621866 5.059732 5.061362 
task88
0.440202 0.455648 0.466692 0.483182 2.230217 2.246271 2.264446 2.278134 3.291385 3.309492 3.319661 3.333332 3.366861 3.386349 3.665650 3.719258 5.077508 5.095706 5.101261 5.116532 
task29
0.482225 0.484484 2.149132 2.150457 2.161133 2.163250 2.163362 2.167312 2.168451 2.169202 2.170427 2.170848 2.170944 2.174211 2.175110 2.184000 2.185113 2.185478 2.185552 2.186102 2.226264 2.228507 3.437182 3.439191 3.442400 3.443070 3.449965 3.451223 3.689806 3.691253 3.691338 3.695391 3.697182 3.705092 3.723965 3.725351 3.767494 3.770563 5.198826 5.201307 5.201449 5.202277 
task89
0.485471 0.491563 2.275932 2.280598 2.288538 2.314680 3.336245 3.342446 3.745362 3.757963 3.761338 3.775617 5.122785 5.128968 
task91
0.496279 0.496599 2.291077 2.291568 3.348197 3.348336 3.756778 3.756905 5.132571 5.132861 
task92
0.496686 0.501912 2.292001 2.340411 3.348587 3.353954 3.385080 3.388426 3.760016 3.807006 5.132910 5.138386 
task36
0.504838 0.507612 0.507792 0.508208 0.508316 0.513566 2.257220 2.260426 2.261108 2.261314 2.261482 2.261769 2.262001 2.268438 3.445657 3.446888 3.447182 3.447792 3.449965 3.451386 3.456884 3.457979 3.739657 3.741125 3.741182 3.744288 3.767494 3.770866 5.220154 5.223663 5.224328 5.224498 5.224847 5.225008 5.225223 5.228050 
task32
0.506112 0.507360 0.508316 0.508483 2.259126 2.261280 2.262001 2.262208 3.447338 3.447629 3.741338 3.741509 5.221449 5.223218 5.225223 5.225494 
task39
0.512479 0.516895 0.519588 0.522294 0.528316 0.530035 2.268080 2.272282 2.275935 2.293866 2.298256 2.309911 3.453903 3.457029 3.457182 3.458394 3.467338 3.468611 3.748172 3.752335 3.759965 3.762623 3.767494 3.794180 5.231515 5.234606 5.234851 5.236052 5.238323 5.245528 
task93
0.521310 0.525382 0.525558 0.552729 2.317901 2.330523 2.335197 2.347129 2.356796 2.388772 3.434172 3.437674 3.442400 3.444309 3.788172 3.794369 3.799965 3.802057 3.806328 3.810418 3.813338 3.815849 3.823903 3.830208 3.835080 3.858025 5.156788 5.160897 5.161960 5.165438 5.168976 5.170932 
task34
0.522118 0.523583 0.528729 0.556098 2.275237 2.276354 2.298796 2.302572 2.302781 2.310411 3.463657 3.464057 3.464328 3.464631 3.467338 3.478086 3.761338 3.763218 5.238328 5.241538 5.243223 5.263492 
task37
0.525865 0.533800 0.535492 0.540237 2.290547 2.346228 3.481182 3.484882 3.755905 3.758904 3.759965 3.767286 3.769182 3.771563 5.244847 5.248329 5.249293 5.257011 5.258323 5.264669 
task38
0.534621 0.535337 0.535374 0.536211 0.536642 0.539300 0.540168 0.541732 0.548030 0.550591 0.556847 0.566018 2.294037 2.297245 2.297283 2.300923 2.302781 2.303340 2.315038 2.319063 2.321098 2.323509 3.500172 3.502628 3.788172 3.792815 3.799965 3.806980 3.807182 3.809358 3.813338 3.814352 3.823903 3.882605 5.266362 5.269038 5.269315 5.288589 
task40
0.547397 0.554938 0.556818 0.558969 2.313109 2.317651 2.318004 2.330378 2.334781 2.339365 3.503494 3.507695 3.814651 3.820775 3.822328 3.827791 3.835080 3.837851 5.268420 5.276828 
task42
0.581426 0.586762 0.588011 0.592675 2.346912 2.352655 2.353508 2.361871 3.537080 3.542343 3.543494 3.549671 3.854914 3.861454 3.861494 3.865472 5.302743 5.307978 5.309367 5.314034 
task41
0.581562 0.603605 0.625311 0.630226 2.347056 2.372800 2.411192 2.416055 3.537182 3.560600 3.575965 3.635897 3.854914 3.876402 3.899965 3.904789 5.302743 5.324963 5.341784 5.346054 
task43
0.622131 0.634443 0.648036 0.656352 0.702046 0.710202 2.391443 2.402677 2.411323 2.421752 2.471934 2.479263 3.643650 3.650534 3.651080 3.659375 3.663905 3.793660 3.968651 3.975646 3.991494 4.000037 5.343315 5.354652 5.355784 5.363580 5.368851 5.377215 5.423367 5.431509 
task44
0.754209 0.756037 0.756046 0.765663 2.523383 2.537016 2.546382 2.557835 3.767494 3.778926 3.788172 3.795768 4.047212 4.049517 5.475779 5.481674 5.512420 5.526402 
task46
0.754325 0.754689 2.523311 2.530458 3.714778 3.714937 4.048778 4.048996 5.476596 5.476752 
task45
0.756307 0.772745 2.536524 2.549726 2.563579 2.565698 3.777903 3.782929 3.783905 3.786082 3.788172 3.795402 3.799965 3.825769 3.835080 3.857811 4.057212 4.067523 4.068622 4.071462 5.476743 5.480445 5.505097 5.516606 
task47
0.756512 0.757969 2.532183 2.540738 3.716778 3.718017 4.058778 4.059876 5.478596 5.479831 
task48
0.757631 0.759938 0.762375 0.765915 0.774516 0.776825 2.543556 2.548391 2.560922 2.564219 3.717806 3.720351 3.723965 3.726263 3.743905 3.755112 4.060985 4.061745 4.062563 4.066214 4.066276 4.068163 4.152175 4.159811 5.482789 5.507278 5.512420 5.514198 5.523802 5.524797 
task49
0.777322 0.780829 2.582030 2.587037 3.755905 3.756863 3.757080 3.758122 3.759965 3.779043 4.190113 4.191306 4.194519 4.195500 5.521779 5.524410 5.527624 5.532648 
task50
0.781242 0.786171 2.586943 2.593778 3.759965 3.778151 4.202255 4.204517 4.217625 4.223920 4.259641 4.305589 5.524851 5.531326 
task51
0.788179 0.791414 2.594911 2.596825 3.777903 3.780629 3.789362 3.810922 4.217607 4.255371 4.259641 4.269497 5.532310 5.535334 
task52
0.791757 0.792305 0.792401 0.793134 0.808878 0.809360 2.597465 2.599998 2.602172 2.602351 3.811362 3.811485 3.811657 3.811765 3.811806 3.811852 3.812259 3.812400 3.812914 3.812964 3.813338 3.837978 4.327592 4.331962 4.334180 4.335214 4.350566 4.350834 4.357048 4.364072 4.365260 4.372584 4.416242 4.420660 5.535802 5.535974 5.536310 5.536438 5.537236 5.537312 5.537338 5.537520 5.541255 5.545707 
task53
0.792248 0.793131 0.793753 0.794158 2.602703 2.605409 3.812016 3.812085 3.812172 3.812334 3.812400 3.812526 3.812651 3.812806 3.813657 3.813800 3.822328 3.824069 4.351892 4.351965 4.352254 4.352354 4.352566 4.353254 4.356612 4.357712 5.537779 5.537857 5.538287 5.538485 5.538743 5.538902 5.539315 5.539422 
task55
0.809819 0.817062 0.817405 0.820534 0.822368 0.823552 0.823801 0.826129 0.828179 0.836134 2.605752 2.614537 2.615452 2.617740 2.617951 2.619794 2.619903 2.621060 2.621937 2.645735 3.838172 3.841205 3.857080 3.909205 4.421048 4.423757 4.428242 4.450032 5.545802 5.548875 5.554514 5.575731 
task56
0.825271 0.844902 2.620402 2.653662 3.841182 3.852458 3.857080 3.936231 4.423788 4.438624 5.548287 5.566254 5.569320 5.584214 
task57
0.841806 0.841945 2.636979 2.637269 3.853362 3.853503 4.436180 4.436317 5.559361 5.559392 
task58
4.010172 4.019363 
task62
4.010259 4.023180 
task74
4.010602 4.043268 
task61
4.010914 4.010977 4.011222 4.011572 4.011657 4.011889 4.012740 4.012796 4.013363 4.013512 4.013626 4.013717 4.014078 4.014120 4.014391 4.014446 4.016015 4.018314 4.048390 4.058490 
task69
4.010924 4.012834 4.013148 4.013277 4.013363 4.013500 4.013510 4.013838 4.013965 4.014117 4.014281 4.014328 4.014391 4.015392 4.015719 4.023182 4.048392 4.057782 
task73
4.011044 4.013111 4.013128 4.014742 4.014981 4.021014 4.048539 4.059578 
task59
4.021363 4.025950 4.033432 4.042528 4.047819 4.052828 
task60
4.028068 4.033135 4.033149 4.042211 4.047247 4.051063 
task75
4.036331 4.037509 4.038082 4.038186 4.038746 4.041326 4.047994 4.048572 4.048660 4.051935 
task76
4.038389 4.038740 4.044816 4.045807 4.046121 4.047952 4.047987 4.049463 4.050276 4.050632 4.051801 4.052209 4.053325 4.053685 4.061137 4.062866 4.068648 4.081865 
task63
4.056849 4.060752 4.065464 4.070622 
task64
4.065551 4.070966 
task65
4.079431 4.123465 4.152175 4.161517 
task66
4.112778 4.113863 
task67
4.114008 4.163354 
task77
4.190279 4.197683 4.245765 4.291577 
task78
4.202113 4.208351 4.217625 4.229434 4.259641 4.280540 
task82
4.202135 4.233531 4.245765 4.258771 4.260566 4.338503 
task80
4.202175 4.209831 4.212861 4.220782 4.245765 4.303817 
task71
4.202271 4.291783 
task68
4.266369 4.266400 4.266747 4.271690 4.272011 4.272485 4.272801 4.307149 
task72
4.304809 4.326200 4.326238 4.367459 4.375207 4.377462 4.379509 4.389695 4.398238 4.418602 
task79
4.334254 4.334663 
task81
4.360747 4.361068 4.379509 4.379898 
task70
4.660321 4.705550 
