5
0.000000 0.012000 1.000000 1.001301 2.000000 2.110327 3.000000 3.011992 4.000000 4.035804 5.000000 5.041669 
0
0.000000 0.040848 1.000000 1.050793 2.000000 2.253129 3.000000 3.139356 4.000000 4.090787 5.000000 5.169761 
4
0.000000 0.254814 1.000000 1.939599 2.000000 3.086850 3.000000 3.535418 4.000000 4.831130 
1
0.000000 0.552729 1.000000 2.779836 2.000000 3.493334 3.000000 3.866997 4.000000 5.175593 
2
0.000000 0.854448 1.000000 2.812769 2.000000 3.973644 3.000000 4.457827 4.000000 5.723426 
3
4.000000 4.746336 
