0
0.000000 7732229.000000 8203213.000000 8640565.000000 9568865.000000 9999997.000000 10000000.000000 9999897.000000 9999925.000000 9999585.000000 0.000000 10000000.000000 9997401.000000 9997401.000000 9997401.000000 9999925.000000 9999995.000000 0.000000 0.000000 0.000000 9999896.000000 9999989.000000 9999991.000000 10000000.000000 9999988.000000 9999956.000000 9999988.000000 9999880.000000 9999980.000000 9999969.000000 0.000000 10000000.000000 9999999.000000 9999999.000000 9999995.000000 9999995.000000 9999643.000000 9998235.000000 9992831.000000 9760964.000000 9756148.000000 9924192.000000 10000000.000000 9999948.000000 10000000.000000 9999978.000000 10000000.000000 9999999.000000 9999982.000000 10000000.000000 9999990.000000 10000000.000000 10000000.000000 9999997.000000 9999997.000000 9999901.000000 9999987.000000 9999917.000000 9999965.000000 0.000000 0.000000 
1
0.000000 139520.000000 6590721.000000 7671993.000000 8612411.000000 8801190.000000 8835941.000000 8931813.000000 9058865.000000 9223548.000000 0.000000 9239233.000000 0.000000 0.000000 9213633.000000 9230017.000000 9236545.000000 0.000000 0.000000 0.000000 9284764.000000 9428216.000000 9473352.000000 9475656.000000 9447432.000000 9447432.000000 9452300.000000 9484199.000000 9500583.000000 9507111.000000 0.000000 9509799.000000 9484199.000000 9484199.000000 9500583.000000 9493991.000000 9476007.000000 9475751.000000 9470347.000000 9239504.000000 9237648.000000 9422704.000000 9676304.000000 9684728.000000 9785460.000000 9785460.000000 9793652.000000 9836283.000000 9845499.000000 9877877.000000 9999953.000000 9998481.000000 9999953.000000 9967953.000000 9967953.000000 9967953.000000 9992529.000000 9996625.000000 9999057.000000 0.000000 0.000000 
2
0.000000 139264.000000 912769.000000 1003463.000000 1807501.000000 2115913.000000 2194977.000000 2317345.000000 2415757.000000 2463704.000000 0.000000 2475293.000000 0.000000 0.000000 2449693.000000 2457885.000000 2464414.000000 0.000000 0.000000 0.000000 2527992.000000 2664820.000000 2710916.000000 2713220.000000 2686676.000000 2688340.000000 2693208.000000 2725107.000000 2733299.000000 2739827.000000 0.000000 2750707.000000 2725107.000000 2725107.000000 2733299.000000 2731635.000000 2716915.000000 2716915.000000 2711511.000000 2480668.000000 2474060.000000 2639468.000000 2892844.000000 2915284.000000 2982212.000000 2982212.000000 2990404.000000 3038987.000000 0.000000 3074885.000000 3238881.000000 3252321.000000 3287201.000000 3259569.000000 3259569.000000 3259569.000000 3267761.000000 3275953.000000 3282481.000000 0.000000 0.000000 
3
0.000000 157696.000000 924673.000000 987995.000000 1821019.000000 2028561.000000 2083105.000000 2172193.000000 2421413.000000 2851864.000000 0.000000 2867293.000000 0.000000 0.000000 2841693.000000 2849885.000000 2856414.000000 0.000000 0.000000 0.000000 2940696.000000 3057268.000000 3102788.000000 3105092.000000 3077508.000000 3077508.000000 3083904.000000 3115835.000000 3124027.000000 3130555.000000 0.000000 3141435.000000 3115835.000000 3115835.000000 3124027.000000 3122363.000000 3107643.000000 3107643.000000 3102239.000000 2871396.000000 2866852.000000 3031748.000000 3286276.000000 3363440.000000 3454700.000000 3464940.000000 3473132.000000 3521715.000000 0.000000 3581805.000000 3722377.000000 3768841.000000 3770057.000000 3739593.000000 3739593.000000 3739593.000000 3747785.000000 3755977.000000 3762505.000000 0.000000 0.000000 
4
0.000000 157696.000000 931201.000000 991451.000000 1821019.000000 2035761.000000 2100637.000000 2228893.000000 2604297.000000 2647820.000000 0.000000 2659409.000000 0.000000 0.000000 2633809.000000 2642001.000000 2648530.000000 0.000000 0.000000 0.000000 2712076.000000 2848904.000000 2895000.000000 2897304.000000 2869720.000000 2869720.000000 2879044.000000 2911743.000000 2919935.000000 2926463.000000 0.000000 2937343.000000 2911743.000000 2911743.000000 2919935.000000 2918271.000000 2903551.000000 2903551.000000 2898147.000000 2667304.000000 2663400.000000 2826312.000000 3082184.000000 3161480.000000 3260848.000000 3260848.000000 3269040.000000 3317553.000000 0.000000 3353451.000000 3517447.000000 3564679.000000 3565895.000000 3535431.000000 3535431.000000 3535431.000000 3543623.000000 3551815.000000 3558343.000000 0.000000 0.000000 
5
0.000000 140608.000000 914113.000000 991601.000000 1834641.000000 2017079.000000 2080675.000000 2210467.000000 2585967.000000 2717324.000000 0.000000 2729527.000000 0.000000 0.000000 2703969.000000 2712161.000000 2718690.000000 0.000000 0.000000 0.000000 2789106.000000 2919118.000000 2965022.000000 2967326.000000 2939742.000000 2939742.000000 2947614.000000 2982533.000000 2990725.000000 2997253.000000 0.000000 3008133.000000 2982533.000000 2982533.000000 2990725.000000 2989061.000000 2974341.000000 2974341.000000 2968937.000000 2738094.000000 2734190.000000 3480536.000000 3858520.000000 3868608.000000 3870472.000000 3870472.000000 3878664.000000 3893385.000000 0.000000 3936153.000000 4093429.000000 4140469.000000 4141685.000000 4111221.000000 4111221.000000 4111221.000000 4119413.000000 4127605.000000 4134133.000000 0.000000 0.000000 
6
0.000000 140288.000000 913793.000000 974043.000000 1834347.000000 1972257.000000 2050925.000000 2182381.000000 2695725.000000 2764960.000000 0.000000 2776581.000000 0.000000 0.000000 2750981.000000 2759173.000000 2765702.000000 0.000000 0.000000 0.000000 2822336.000000 2965788.000000 3012076.000000 3014380.000000 2992188.000000 2992316.000000 2999136.000000 3035367.000000 3043559.000000 3050087.000000 0.000000 3060967.000000 3035367.000000 3035367.000000 3043559.000000 3041895.000000 3027175.000000 3027175.000000 3021771.000000 2790928.000000 2781632.000000 2951360.000000 3206176.000000 3215704.000000 3219048.000000 3219048.000000 3227240.000000 3275823.000000 0.000000 3322089.000000 3476005.000000 3522949.000000 3524165.000000 3499093.000000 3499093.000000 3499093.000000 3507285.000000 3515477.000000 3522005.000000 0.000000 0.000000 
7
0.000000 140288.000000 913793.000000 977499.000000 1764887.000000 1850290.000000 1922525.000000 2020189.000000 2061237.000000 2149592.000000 0.000000 2161213.000000 0.000000 0.000000 2135613.000000 2143805.000000 2150334.000000 0.000000 0.000000 0.000000 2224248.000000 2350996.000000 2395172.000000 2397476.000000 2373172.000000 2373300.000000 2376976.000000 2411799.000000 2419991.000000 2426519.000000 0.000000 2437399.000000 2411799.000000 2411799.000000 2419991.000000 2418327.000000 2403607.000000 2403607.000000 2398203.000000 2167360.000000 2161072.000000 2368016.000000 2627152.000000 2637028.000000 2643584.000000 2674812.000000 2683004.000000 2731587.000000 0.000000 2781309.000000 2931865.000000 2978713.000000 2979929.000000 2951209.000000 2951209.000000 2951209.000000 2959401.000000 2967593.000000 2974121.000000 0.000000 0.000000 
8
0.000000 140288.000000 907265.000000 9972067.000000 9983683.000000 9999994.000000 9999973.000000 9999973.000000 9999949.000000 9998280.000000 0.000000 9993965.000000 0.000000 0.000000 9992941.000000 9999981.000000 9999998.000000 9999998.000000 9999998.000000 9999998.000000 9999998.000000 9999999.000000 9999988.000000 9999940.000000 10000000.000000 9999984.000000 9999992.000000 9999855.000000 9999982.000000 9999999.000000 9999999.000000 9999999.000000 9999367.000000 9998727.000000 9999975.000000 9999999.000000 9999999.000000 9998703.000000 9995631.000000 9764788.000000 9757604.000000 9983652.000000 10000000.000000 10000000.000000 10000000.000000 10000000.000000 9999772.000000 9999999.000000 9999999.000000 9999999.000000 9999985.000000 9999937.000000 9999998.000000 9999998.000000 9999982.000000 9999998.000000 9999998.000000 9999997.000000 9999997.000000 9999997.000000 9999999.000000 
9
0.000000 140288.000000 907265.000000 1516635.000000 2285563.000000 2114352.000000 2167032.000000 2331640.000000 2546000.000000 2603559.000000 0.000000 2615180.000000 0.000000 0.000000 2589580.000000 2597772.000000 2607949.000000 0.000000 0.000000 0.000000 2660935.000000 2802631.000000 2843351.000000 2845655.000000 2820839.000000 2821095.000000 2828559.000000 2863382.000000 2871574.000000 2881750.000000 0.000000 2888982.000000 2863382.000000 2863382.000000 2871574.000000 2873558.000000 2855190.000000 2855190.000000 2855190.000000 2626267.000000 2619595.000000 2846412.000000 3101708.000000 3125628.000000 3197252.000000 3197252.000000 3205444.000000 3257675.000000 0.000000 3307205.000000 3452357.000000 3493829.000000 3495045.000000 3467349.000000 3467349.000000 3467349.000000 3475541.000000 3483733.000000 3493909.000000 0.000000 0.000000 
10
0.000000 140288.000000 907265.000000 1530171.000000 2287659.000000 2468241.000000 2556857.000000 2688313.000000 2795749.000000 2853092.000000 0.000000 2864713.000000 0.000000 0.000000 2839113.000000 2847305.000000 2857770.000000 0.000000 0.000000 0.000000 2913924.000000 3054084.000000 3094804.000000 3097108.000000 3074916.000000 3075044.000000 3081864.000000 3116683.000000 3124875.000000 3135339.000000 0.000000 3142283.000000 3116683.000000 3116683.000000 3124875.000000 3127147.000000 3108491.000000 3108491.000000 3108491.000000 2877648.000000 2868352.000000 3114400.000000 3356640.000000 3408896.000000 3482648.000000 3482648.000000 3490840.000000 3541055.000000 0.000000 3573017.000000 3735449.000000 3778841.000000 3780057.000000 3754985.000000 3754985.000000 3754985.000000 3763177.000000 3771369.000000 3781833.000000 0.000000 0.000000 
11
0.000000 140288.000000 907265.000000 1525403.000000 1818523.000000 1647312.000000 2750520.000000 2883512.000000 2945232.000000 3002791.000000 0.000000 3014412.000000 0.000000 0.000000 2988812.000000 2997004.000000 3007277.000000 0.000000 0.000000 0.000000 3056743.000000 3203431.000000 3244151.000000 3246455.000000 3225799.000000 3225927.000000 3232027.000000 3265398.000000 3273590.000000 3283862.000000 0.000000 3290998.000000 3265398.000000 3265398.000000 3273590.000000 3275670.000000 3257206.000000 3257206.000000 3257174.000000 3025179.000000 3015883.000000 3249068.000000 3504172.000000 3555716.000000 3630124.000000 3630124.000000 3638316.000000 3688339.000000 0.000000 3723981.000000 3884493.000000 3925965.000000 3927181.000000 3903645.000000 3903645.000000 3903645.000000 3911837.000000 3920029.000000 3930301.000000 0.000000 0.000000 
12
0.000000 139264.000000 906241.000000 1759553.000000 1778433.000000 1822224.000000 2503224.000000 2628536.000000 2732672.000000 2802679.000000 0.000000 0.000000 0.000000 0.000000 2788668.000000 2796860.000000 2807325.000000 0.000000 0.000000 0.000000 2781117.000000 2783021.000000 2789949.000000 2800333.000000 2803277.000000 2803405.000000 2808265.000000 2841672.000000 2849864.000000 2860328.000000 0.000000 2833496.000000 2841688.000000 2841688.000000 2849880.000000 2852152.000000 2833496.000000 2833496.000000 2833448.000000 2823831.000000 2814535.000000 3378985.000000 3666921.000000 3677233.000000 3707609.000000 3707609.000000 3715801.000000 3800192.000000 0.000000 3773984.000000 0.000000 3783568.000000 3786960.000000 3792928.000000 3792928.000000 3792928.000000 3801120.000000 3809312.000000 3819776.000000 0.000000 0.000000 
13
0.000000 139264.000000 906241.000000 1457729.000000 1458897.000000 1841105.000000 1917081.000000 2048537.000000 2148057.000000 2218064.000000 0.000000 0.000000 0.000000 0.000000 2204053.000000 2212245.000000 2222422.000000 0.000000 0.000000 0.000000 2195878.000000 2197798.000000 2204726.000000 2213574.000000 2216518.000000 2216646.000000 2223426.000000 2256833.000000 2265025.000000 2275201.000000 0.000000 2248641.000000 2256833.000000 2256833.000000 2265025.000000 2267009.000000 2248641.000000 2248641.000000 2248641.000000 2239024.000000 2231840.000000 2407329.000000 2706529.000000 2715713.000000 2748109.000000 2748109.000000 2756301.000000 2826196.000000 2837716.000000 2811172.000000 0.000000 2820772.000000 2822628.000000 2828596.000000 2828596.000000 2828596.000000 2836788.000000 2844980.000000 2855156.000000 0.000000 0.000000 
14
0.000000 139264.000000 906241.000000 1457729.000000 1458721.000000 1850225.000000 1926201.000000 2057657.000000 2155545.000000 2225552.000000 0.000000 0.000000 0.000000 0.000000 2211541.000000 2219733.000000 2230102.000000 0.000000 0.000000 0.000000 2203366.000000 2205286.000000 2212310.000000 2221158.000000 2224102.000000 2224230.000000 2231010.000000 2264417.000000 2272609.000000 2282977.000000 0.000000 2256225.000000 2264417.000000 2264417.000000 2272609.000000 2274785.000000 2256225.000000 2256225.000000 2256225.000000 2246608.000000 2239424.000000 2415489.000000 2714113.000000 2723433.000000 2755693.000000 2755693.000000 2763885.000000 2845492.000000 0.000000 2818756.000000 0.000000 2828356.000000 2831748.000000 2836180.000000 2836180.000000 2836180.000000 2844372.000000 2852564.000000 2862932.000000 0.000000 0.000000 
15
0.000000 139328.000000 1009025.000000 2814609.000000 2833489.000000 3224993.000000 3301061.000000 3432517.000000 3536501.000000 3606508.000000 0.000000 0.000000 0.000000 0.000000 3592561.000000 3600754.000000 3607218.000000 0.000000 0.000000 0.000000 3584322.000000 3586242.000000 3593458.000000 3602306.000000 3605250.000000 3605378.000000 3612158.000000 3645629.000000 3653821.000000 3660349.000000 0.000000 3637373.000000 3645629.000000 3645629.000000 3653757.000000 3652093.000000 3637373.000000 3637373.000000 3637373.000000 3627756.000000 3620572.000000 3796637.000000 4095261.000000 4104517.000000 4136841.000000 4136841.000000 4145097.000000 4197456.000000 4214608.000000 4199904.000000 0.000000 4209504.000000 4211360.000000 4217328.000000 4217328.000000 4217328.000000 4225584.000000 4233776.000000 4240240.000000 4223856.000000 0.000000 
16
0.000000 139264.000000 976385.000000 1527873.000000 1528849.000000 1919841.000000 1996165.000000 2127621.000000 2231797.000000 2301804.000000 0.000000 0.000000 0.000000 0.000000 2287793.000000 2295985.000000 2306354.000000 0.000000 0.000000 0.000000 2279618.000000 2281538.000000 2288562.000000 2297410.000000 2300354.000000 2300482.000000 2307262.000000 2340669.000000 2348861.000000 2359229.000000 0.000000 2332477.000000 2340669.000000 2340669.000000 2350461.000000 2351037.000000 2332477.000000 2332477.000000 2332477.000000 2322860.000000 2315676.000000 2491165.000000 2790109.000000 2799645.000000 2831945.000000 2831945.000000 2840137.000000 2912240.000000 2921744.000000 2895008.000000 0.000000 2904608.000000 2906464.000000 2912432.000000 2912432.000000 2912432.000000 2920624.000000 2928816.000000 2939184.000000 0.000000 0.000000 
17
0.000000 139264.000000 930689.000000 1527873.000000 1528849.000000 1932081.000000 2009173.000000 2140629.000000 2244701.000000 2302420.000000 0.000000 0.000000 0.000000 0.000000 2300697.000000 2308889.000000 2319258.000000 0.000000 0.000000 0.000000 2292522.000000 2294442.000000 2301562.000000 2310410.000000 2313354.000000 2313354.000000 2318214.000000 2351621.000000 2359813.000000 2370181.000000 0.000000 2343429.000000 2351621.000000 2351621.000000 2359813.000000 2361989.000000 2343429.000000 2343429.000000 2343429.000000 2333812.000000 2326628.000000 2508261.000000 2806373.000000 2816229.000000 2848017.000000 2848017.000000 2856209.000000 2937816.000000 0.000000 2911080.000000 0.000000 2920680.000000 2922536.000000 2928504.000000 2928504.000000 2928504.000000 2936696.000000 2944888.000000 2955256.000000 0.000000 0.000000 
18
0.000000 139264.000000 904577.000000 1527873.000000 1526273.000000 1570048.000000 2001668.000000 2206980.000000 2275700.000000 2336191.000000 0.000000 0.000000 0.000000 0.000000 2322180.000000 2330372.000000 2340741.000000 0.000000 0.000000 0.000000 2314005.000000 0.000000 2320933.000000 2329141.000000 2330549.000000 2332085.000000 2336729.000000 2368660.000000 2376852.000000 2387220.000000 0.000000 2360468.000000 2368660.000000 2368660.000000 2376852.000000 2379028.000000 2360468.000000 2360468.000000 2360468.000000 2352771.000000 2345587.000000 7699253.000000 7894741.000000 7904501.000000 7934985.000000 7934985.000000 7943177.000000 7961738.000000 0.000000 7935002.000000 0.000000 7942682.000000 7944538.000000 7949866.000000 7949866.000000 7949866.000000 7958058.000000 7966250.000000 7976618.000000 0.000000 0.000000 
19
0.000000 139264.000000 878465.000000 1686625.000000 1705521.000000 2070305.000000 2133829.000000 2250821.000000 2347785.000000 2415401.000000 0.000000 0.000000 0.000000 0.000000 2403694.000000 2411886.000000 2422255.000000 0.000000 0.000000 0.000000 2406610.000000 2408530.000000 2415458.000000 2421026.000000 2423970.000000 2423970.000000 2428830.000000 2449670.000000 2457862.000000 2468230.000000 0.000000 2441478.000000 2449670.000000 2449670.000000 2457862.000000 2460038.000000 2441478.000000 2441478.000000 2439557.000000 2431861.000000 2427957.000000 2554677.000000 2849909.000000 2924829.000000 3093273.000000 3093897.000000 3102089.000000 3174768.000000 3184080.000000 3157344.000000 0.000000 3166944.000000 3168800.000000 3171488.000000 3171488.000000 3171488.000000 3179680.000000 3187872.000000 3198240.000000 0.000000 0.000000 
