0
0.000000 0.000000 4096.000000 76106.000000 154369.000000 2432.000000 4064.000000 2304.000000 1824.000000 23707.000000 0.000000 0.000000 0.000000 0.000000 0.000000 0.000000 4096.000000 0.000000 0.000000 0.000000 79562.000000 143616.000000 9217.000000 4448.000000 2432.000000 0.000000 1824.000000 23707.000000 0.000000 4096.000000 0.000000 55370.000000 175105.000000 0.000000 2432.000000 3936.000000 0.000000 0.000000 0.000000 0.000000 0.000000 13488.000000 74880.000000 1728.000000 0.000000 23707.000000 0.000000 15302.000000 0.000000 62282.000000 160704.000000 8001.000000 1920.000000 3936.000000 2432.000000 64.000000 25467.000000 0.000000 4096.000000 0.000000 0.000000 
1
0.000000 0.000000 4096.000000 76106.000000 154369.000000 2432.000000 4064.000000 2304.000000 1824.000000 23707.000000 0.000000 0.000000 0.000000 0.000000 0.000000 0.000000 4096.000000 0.000000 0.000000 0.000000 79562.000000 143616.000000 9217.000000 4448.000000 2432.000000 0.000000 1824.000000 23707.000000 0.000000 4096.000000 0.000000 55370.000000 175105.000000 0.000000 2432.000000 3936.000000 0.000000 0.000000 0.000000 0.000000 0.000000 13488.000000 74880.000000 1728.000000 0.000000 23707.000000 0.000000 15302.000000 0.000000 62282.000000 160704.000000 8001.000000 1920.000000 3936.000000 2432.000000 64.000000 25467.000000 0.000000 4096.000000 0.000000 0.000000 
2
0.000000 0.000000 4096.000000 76106.000000 154369.000000 2432.000000 4064.000000 2304.000000 1824.000000 23707.000000 0.000000 0.000000 0.000000 0.000000 0.000000 0.000000 4096.000000 0.000000 0.000000 0.000000 79562.000000 143616.000000 9217.000000 4448.000000 2432.000000 0.000000 1824.000000 23707.000000 0.000000 4096.000000 0.000000 55370.000000 175105.000000 0.000000 2432.000000 3936.000000 0.000000 0.000000 0.000000 0.000000 0.000000 13488.000000 74880.000000 1728.000000 0.000000 23707.000000 0.000000 15302.000000 0.000000 62282.000000 160704.000000 8001.000000 1920.000000 3936.000000 2432.000000 64.000000 25467.000000 0.000000 4096.000000 0.000000 0.000000 
3
0.000000 0.000000 4096.000000 76106.000000 154369.000000 2432.000000 4064.000000 2304.000000 1824.000000 23707.000000 0.000000 0.000000 0.000000 0.000000 0.000000 0.000000 4096.000000 0.000000 0.000000 0.000000 79562.000000 143616.000000 9217.000000 4448.000000 2432.000000 0.000000 1824.000000 23707.000000 0.000000 4096.000000 0.000000 55370.000000 175105.000000 0.000000 2432.000000 3936.000000 0.000000 0.000000 0.000000 0.000000 0.000000 13488.000000 74880.000000 1728.000000 0.000000 23707.000000 0.000000 15302.000000 0.000000 62282.000000 160704.000000 8001.000000 1920.000000 3936.000000 2432.000000 64.000000 25467.000000 0.000000 4096.000000 0.000000 0.000000 
4
0.000000 41984.000000 12289.000000 72666.000000 167085.000000 2880.000000 2560.000000 2304.000000 4836.000000 23707.000000 0.000000 33792.000000 0.000000 0.000000 8192.000000 8192.000000 1.000000 0.000000 0.000000 0.000000 83034.000000 140092.000000 44656.000000 3648.000000 4096.000000 0.000000 3324.000000 31899.000000 8192.000000 0.000000 0.000000 33792.000000 8192.000000 0.000000 8192.000000 0.000000 0.000000 0.000000 0.000000 0.000000 0.000000 97520.000000 45440.000000 7072.000000 96.000000 0.000000 8192.000000 21319.000000 0.000000 62266.000000 160636.000000 44832.000000 3392.000000 1152.000000 0.000000 0.000000 8192.000000 12288.000000 0.000000 0.000000 0.000000 
5
0.000000 41984.000000 12289.000000 72666.000000 167085.000000 2880.000000 2560.000000 2304.000000 4836.000000 23707.000000 0.000000 33792.000000 0.000000 0.000000 8192.000000 8192.000000 1.000000 0.000000 0.000000 0.000000 83034.000000 140092.000000 44656.000000 3648.000000 4096.000000 0.000000 3324.000000 31899.000000 8192.000000 0.000000 0.000000 33792.000000 8192.000000 0.000000 8192.000000 0.000000 0.000000 0.000000 0.000000 0.000000 0.000000 97520.000000 45440.000000 7072.000000 96.000000 0.000000 8192.000000 21319.000000 0.000000 62266.000000 160636.000000 44832.000000 3392.000000 1152.000000 0.000000 0.000000 8192.000000 12288.000000 0.000000 0.000000 0.000000 
6
0.000000 41984.000000 12289.000000 72666.000000 167085.000000 2880.000000 2560.000000 2304.000000 4836.000000 23707.000000 0.000000 33792.000000 0.000000 0.000000 8192.000000 8192.000000 1.000000 0.000000 0.000000 0.000000 83034.000000 140092.000000 44656.000000 3648.000000 4096.000000 0.000000 3324.000000 31899.000000 8192.000000 0.000000 0.000000 33792.000000 8192.000000 0.000000 8192.000000 0.000000 0.000000 0.000000 0.000000 0.000000 0.000000 97520.000000 45440.000000 7072.000000 96.000000 0.000000 8192.000000 21319.000000 0.000000 62266.000000 160636.000000 44832.000000 3392.000000 1152.000000 0.000000 0.000000 8192.000000 12288.000000 0.000000 0.000000 0.000000 
7
0.000000 41984.000000 12289.000000 72666.000000 167085.000000 2880.000000 2560.000000 2304.000000 4836.000000 23707.000000 0.000000 33792.000000 0.000000 0.000000 8192.000000 8192.000000 1.000000 0.000000 0.000000 0.000000 83034.000000 140092.000000 44656.000000 3648.000000 4096.000000 0.000000 3324.000000 31899.000000 8192.000000 0.000000 0.000000 33792.000000 8192.000000 0.000000 8192.000000 0.000000 0.000000 0.000000 0.000000 0.000000 0.000000 97520.000000 45440.000000 7072.000000 96.000000 0.000000 8192.000000 21319.000000 0.000000 62266.000000 160636.000000 44832.000000 3392.000000 1152.000000 0.000000 0.000000 8192.000000 12288.000000 0.000000 0.000000 0.000000 
8
0.000000 41984.000000 18817.000000 72666.000000 167085.000000 3392.000000 6032.000000 1664.000000 6372.000000 23707.000000 0.000000 33792.000000 0.000000 0.000000 8192.000000 8192.000000 6529.000000 0.000000 0.000000 0.000000 89946.000000 133468.000000 45904.000000 7184.000000 704.000000 1664.000000 4860.000000 31899.000000 8192.000000 6528.000000 0.000000 33792.000000 8192.000000 0.000000 14720.000000 0.000000 0.000000 0.000000 0.000000 0.000000 0.000000 86096.000000 49664.000000 8128.000000 96.000000 0.000000 8192.000000 27847.000000 0.000000 62266.000000 160636.000000 46624.000000 1792.000000 4304.000000 0.000000 0.000000 8192.000000 8192.000000 6528.000000 0.000000 0.000000 
9
0.000000 41984.000000 18817.000000 72666.000000 167085.000000 3392.000000 6032.000000 1664.000000 6372.000000 23707.000000 0.000000 33792.000000 0.000000 0.000000 8192.000000 8192.000000 6529.000000 0.000000 0.000000 0.000000 89946.000000 133468.000000 45904.000000 7184.000000 704.000000 1664.000000 4860.000000 31899.000000 8192.000000 6528.000000 0.000000 33792.000000 8192.000000 0.000000 14720.000000 0.000000 0.000000 0.000000 0.000000 0.000000 0.000000 86096.000000 49664.000000 8128.000000 96.000000 0.000000 8192.000000 27847.000000 0.000000 62266.000000 160636.000000 46624.000000 1792.000000 4304.000000 0.000000 0.000000 8192.000000 8192.000000 6528.000000 0.000000 0.000000 
10
0.000000 41984.000000 18817.000000 72666.000000 167085.000000 3392.000000 6032.000000 1664.000000 6372.000000 23707.000000 0.000000 33792.000000 0.000000 0.000000 8192.000000 8192.000000 6529.000000 0.000000 0.000000 0.000000 89946.000000 133468.000000 45904.000000 7184.000000 704.000000 1664.000000 4860.000000 31899.000000 8192.000000 6528.000000 0.000000 33792.000000 8192.000000 0.000000 14720.000000 0.000000 0.000000 0.000000 0.000000 0.000000 0.000000 86096.000000 49664.000000 8128.000000 96.000000 0.000000 8192.000000 27847.000000 0.000000 62266.000000 160636.000000 46624.000000 1792.000000 4304.000000 0.000000 0.000000 8192.000000 8192.000000 6528.000000 0.000000 0.000000 
11
0.000000 41984.000000 18817.000000 72666.000000 167085.000000 3392.000000 6032.000000 1664.000000 6372.000000 23707.000000 0.000000 33792.000000 0.000000 0.000000 8192.000000 8192.000000 6529.000000 0.000000 0.000000 0.000000 89946.000000 133468.000000 45904.000000 7184.000000 704.000000 1664.000000 4860.000000 31899.000000 8192.000000 6528.000000 0.000000 33792.000000 8192.000000 0.000000 14720.000000 0.000000 0.000000 0.000000 0.000000 0.000000 0.000000 86096.000000 49664.000000 8128.000000 96.000000 0.000000 8192.000000 27847.000000 0.000000 62266.000000 160636.000000 46624.000000 1792.000000 4304.000000 0.000000 0.000000 8192.000000 8192.000000 6528.000000 0.000000 0.000000 
12
0.000000 41984.000000 18817.000000 79546.000000 160173.000000 5056.000000 2688.000000 2304.000000 6372.000000 23739.000000 0.000000 33792.000000 0.000000 0.000000 8192.000000 8192.000000 6529.000000 0.000000 0.000000 0.000000 110650.000000 113212.000000 45424.000000 4800.000000 3712.000000 0.000000 4860.000000 31931.000000 8192.000000 6528.000000 0.000000 33792.000000 8192.000000 0.000000 14720.000000 0.000000 0.000000 0.000000 0.000000 0.000000 0.000000 79184.000000 56576.000000 8096.000000 96.000000 0.000000 8192.000000 27847.000000 0.000000 86458.000000 137212.000000 46368.000000 3392.000000 1152.000000 0.000000 0.000000 8192.000000 8192.000000 6528.000000 0.000000 0.000000 
13
0.000000 41984.000000 18817.000000 79546.000000 160173.000000 5056.000000 2688.000000 2304.000000 6372.000000 23739.000000 0.000000 33792.000000 0.000000 0.000000 8192.000000 8192.000000 6529.000000 0.000000 0.000000 0.000000 110650.000000 113212.000000 45424.000000 4800.000000 3712.000000 0.000000 4860.000000 31931.000000 8192.000000 6528.000000 0.000000 33792.000000 8192.000000 0.000000 14720.000000 0.000000 0.000000 0.000000 0.000000 0.000000 0.000000 79184.000000 56576.000000 8096.000000 96.000000 0.000000 8192.000000 27847.000000 0.000000 86458.000000 137212.000000 46368.000000 3392.000000 1152.000000 0.000000 0.000000 8192.000000 8192.000000 6528.000000 0.000000 0.000000 
14
0.000000 41984.000000 18817.000000 79546.000000 160173.000000 5056.000000 2688.000000 2304.000000 6372.000000 23739.000000 0.000000 33792.000000 0.000000 0.000000 8192.000000 8192.000000 6529.000000 0.000000 0.000000 0.000000 110650.000000 113212.000000 45424.000000 4800.000000 3712.000000 0.000000 4860.000000 31931.000000 8192.000000 6528.000000 0.000000 33792.000000 8192.000000 0.000000 14720.000000 0.000000 0.000000 0.000000 0.000000 0.000000 0.000000 79184.000000 56576.000000 8096.000000 96.000000 0.000000 8192.000000 27847.000000 0.000000 86458.000000 137212.000000 46368.000000 3392.000000 1152.000000 0.000000 0.000000 8192.000000 8192.000000 6528.000000 0.000000 0.000000 
15
0.000000 41984.000000 18817.000000 79546.000000 160173.000000 5056.000000 2688.000000 2304.000000 6372.000000 23739.000000 0.000000 33792.000000 0.000000 0.000000 8192.000000 8192.000000 6529.000000 0.000000 0.000000 0.000000 110650.000000 113212.000000 45424.000000 4800.000000 3712.000000 0.000000 4860.000000 31931.000000 8192.000000 6528.000000 0.000000 33792.000000 8192.000000 0.000000 14720.000000 0.000000 0.000000 0.000000 0.000000 0.000000 0.000000 79184.000000 56576.000000 8096.000000 96.000000 0.000000 8192.000000 27847.000000 0.000000 86458.000000 137212.000000 46368.000000 3392.000000 1152.000000 0.000000 0.000000 8192.000000 8192.000000 6528.000000 0.000000 0.000000 
16
0.000000 41984.000000 18817.000000 86458.000000 153261.000000 5056.000000 3456.000000 1536.000000 9396.000000 23739.000000 0.000000 33792.000000 0.000000 0.000000 8192.000000 8192.000000 6529.000000 0.000000 0.000000 0.000000 89914.000000 133468.000000 45904.000000 5568.000000 2944.000000 0.000000 7884.000000 31931.000000 8192.000000 6528.000000 0.000000 33792.000000 8192.000000 0.000000 14720.000000 0.000000 0.000000 0.000000 0.000000 0.000000 0.000000 71120.000000 64640.000000 8096.000000 96.000000 0.000000 8192.000000 27777.000000 0.000000 62266.000000 160636.000000 47136.000000 3392.000000 1152.000000 0.000000 0.000000 8192.000000 8192.000000 6528.000000 0.000000 0.000000 
17
0.000000 41984.000000 18817.000000 86458.000000 153261.000000 5056.000000 3456.000000 1536.000000 9396.000000 23739.000000 0.000000 33792.000000 0.000000 0.000000 8192.000000 8192.000000 6529.000000 0.000000 0.000000 0.000000 89914.000000 133468.000000 45904.000000 5568.000000 2944.000000 0.000000 7884.000000 31931.000000 8192.000000 6528.000000 0.000000 33792.000000 8192.000000 0.000000 14720.000000 0.000000 0.000000 0.000000 0.000000 0.000000 0.000000 71120.000000 64640.000000 8096.000000 96.000000 0.000000 8192.000000 27777.000000 0.000000 62266.000000 160636.000000 47136.000000 3392.000000 1152.000000 0.000000 0.000000 8192.000000 8192.000000 6528.000000 0.000000 0.000000 
18
0.000000 41984.000000 18817.000000 86458.000000 153261.000000 5056.000000 3456.000000 1536.000000 9396.000000 23739.000000 0.000000 33792.000000 0.000000 0.000000 8192.000000 8192.000000 6529.000000 0.000000 0.000000 0.000000 89914.000000 133468.000000 45904.000000 5568.000000 2944.000000 0.000000 7884.000000 31931.000000 8192.000000 6528.000000 0.000000 33792.000000 8192.000000 0.000000 14720.000000 0.000000 0.000000 0.000000 0.000000 0.000000 0.000000 71120.000000 64640.000000 8096.000000 96.000000 0.000000 8192.000000 27777.000000 0.000000 62266.000000 160636.000000 47136.000000 3392.000000 1152.000000 0.000000 0.000000 8192.000000 8192.000000 6528.000000 0.000000 0.000000 
19
0.000000 41984.000000 18817.000000 86458.000000 153261.000000 5056.000000 3456.000000 1536.000000 9396.000000 23739.000000 0.000000 33792.000000 0.000000 0.000000 8192.000000 8192.000000 6529.000000 0.000000 0.000000 0.000000 89914.000000 133468.000000 45904.000000 5568.000000 2944.000000 0.000000 7884.000000 31931.000000 8192.000000 6528.000000 0.000000 33792.000000 8192.000000 0.000000 14720.000000 0.000000 0.000000 0.000000 0.000000 0.000000 0.000000 71120.000000 64640.000000 8096.000000 96.000000 0.000000 8192.000000 27777.000000 0.000000 62266.000000 160636.000000 47136.000000 3392.000000 1152.000000 0.000000 0.000000 8192.000000 8192.000000 6528.000000 0.000000 0.000000 
20
0.000000 41984.000000 18817.000000 103696.000000 134044.000000 6993.000000 3456.000000 1536.000000 9396.000000 24507.000000 0.000000 33792.000000 0.000000 0.000000 8192.000000 8192.000000 6529.000000 0.000000 0.000000 0.000000 96784.000000 126652.000000 45808.000000 5568.000000 2944.000000 0.000000 6436.000000 34147.000000 8192.000000 6528.000000 0.000000 33792.000000 8192.000000 0.000000 14720.000000 0.000000 0.000000 0.000000 0.000000 0.000000 0.000000 59056.000000 73856.000000 7264.000000 0.000000 0.000000 8192.000000 14721.000000 0.000000 69136.000000 153916.000000 46944.000000 3392.000000 1152.000000 0.000000 0.000000 8192.000000 8192.000000 6528.000000 0.000000 0.000000 
21
0.000000 41984.000000 18817.000000 103696.000000 134044.000000 6993.000000 3456.000000 1536.000000 9396.000000 24507.000000 0.000000 33792.000000 0.000000 0.000000 8192.000000 8192.000000 6529.000000 0.000000 0.000000 0.000000 96784.000000 126652.000000 45808.000000 5568.000000 2944.000000 0.000000 6436.000000 34147.000000 8192.000000 6528.000000 0.000000 33792.000000 8192.000000 0.000000 14720.000000 0.000000 0.000000 0.000000 0.000000 0.000000 0.000000 59056.000000 73856.000000 7264.000000 0.000000 0.000000 8192.000000 14721.000000 0.000000 69136.000000 153916.000000 46944.000000 3392.000000 1152.000000 0.000000 0.000000 8192.000000 8192.000000 6528.000000 0.000000 0.000000 
22
0.000000 41984.000000 18817.000000 103696.000000 134044.000000 6993.000000 3456.000000 1536.000000 9396.000000 24507.000000 0.000000 33792.000000 0.000000 0.000000 8192.000000 8192.000000 6529.000000 0.000000 0.000000 0.000000 96784.000000 126652.000000 45808.000000 5568.000000 2944.000000 0.000000 6436.000000 34147.000000 8192.000000 6528.000000 0.000000 33792.000000 8192.000000 0.000000 14720.000000 0.000000 0.000000 0.000000 0.000000 0.000000 0.000000 59056.000000 73856.000000 7264.000000 0.000000 0.000000 8192.000000 14721.000000 0.000000 69136.000000 153916.000000 46944.000000 3392.000000 1152.000000 0.000000 0.000000 8192.000000 8192.000000 6528.000000 0.000000 0.000000 
23
0.000000 41984.000000 18817.000000 103696.000000 134044.000000 6993.000000 3456.000000 1536.000000 9396.000000 24507.000000 0.000000 33792.000000 0.000000 0.000000 8192.000000 8192.000000 6529.000000 0.000000 0.000000 0.000000 96784.000000 126652.000000 45808.000000 5568.000000 2944.000000 0.000000 6436.000000 34147.000000 8192.000000 6528.000000 0.000000 33792.000000 8192.000000 0.000000 14720.000000 0.000000 0.000000 0.000000 0.000000 0.000000 0.000000 59056.000000 73856.000000 7264.000000 0.000000 0.000000 8192.000000 14721.000000 0.000000 69136.000000 153916.000000 46944.000000 3392.000000 1152.000000 0.000000 0.000000 8192.000000 8192.000000 6528.000000 0.000000 0.000000 
24
0.000000 41984.000000 18817.000000 86458.000000 153261.000000 5056.000000 8848.000000 1536.000000 11220.000000 23703.000000 0.000000 33792.000000 0.000000 0.000000 8192.000000 8192.000000 6529.000000 0.000000 0.000000 0.000000 83002.000000 140092.000000 46192.000000 10960.000000 2944.000000 0.000000 6824.000000 34779.000000 8192.000000 6528.000000 0.000000 33792.000000 8192.000000 0.000000 14720.000000 0.000000 0.000000 0.000000 0.000000 0.000000 0.000000 73952.000000 57728.000000 7360.000000 0.000000 0.000000 8192.000000 27847.000000 0.000000 72634.000000 150556.000000 46848.000000 1856.000000 8080.000000 0.000000 0.000000 8192.000000 8192.000000 6528.000000 0.000000 0.000000 
25
0.000000 41984.000000 18817.000000 86458.000000 153261.000000 5056.000000 8848.000000 1536.000000 11220.000000 23703.000000 0.000000 33792.000000 0.000000 0.000000 8192.000000 8192.000000 6529.000000 0.000000 0.000000 0.000000 83002.000000 140092.000000 46192.000000 10960.000000 2944.000000 0.000000 6824.000000 34779.000000 8192.000000 6528.000000 0.000000 33792.000000 8192.000000 0.000000 14720.000000 0.000000 0.000000 0.000000 0.000000 0.000000 0.000000 73952.000000 57728.000000 7360.000000 0.000000 0.000000 8192.000000 27847.000000 0.000000 72634.000000 150556.000000 46848.000000 1856.000000 8080.000000 0.000000 0.000000 8192.000000 8192.000000 6528.000000 0.000000 0.000000 
26
0.000000 41984.000000 18817.000000 86458.000000 153261.000000 5056.000000 8848.000000 1536.000000 11220.000000 23703.000000 0.000000 33792.000000 0.000000 0.000000 8192.000000 8192.000000 6529.000000 0.000000 0.000000 0.000000 83002.000000 140092.000000 46192.000000 10960.000000 2944.000000 0.000000 6824.000000 34779.000000 8192.000000 6528.000000 0.000000 33792.000000 8192.000000 0.000000 14720.000000 0.000000 0.000000 0.000000 0.000000 0.000000 0.000000 73952.000000 57728.000000 7360.000000 0.000000 0.000000 8192.000000 27847.000000 0.000000 72634.000000 150556.000000 46848.000000 1856.000000 8080.000000 0.000000 0.000000 8192.000000 8192.000000 6528.000000 0.000000 0.000000 
27
0.000000 41984.000000 18817.000000 86458.000000 153261.000000 5056.000000 8848.000000 1536.000000 11220.000000 23703.000000 0.000000 33792.000000 0.000000 0.000000 8192.000000 8192.000000 6529.000000 0.000000 0.000000 0.000000 83002.000000 140092.000000 46192.000000 10960.000000 2944.000000 0.000000 6824.000000 34779.000000 8192.000000 6528.000000 0.000000 33792.000000 8192.000000 0.000000 14720.000000 0.000000 0.000000 0.000000 0.000000 0.000000 0.000000 73952.000000 57728.000000 7360.000000 0.000000 0.000000 8192.000000 27847.000000 0.000000 72634.000000 150556.000000 46848.000000 1856.000000 8080.000000 0.000000 0.000000 8192.000000 8192.000000 6528.000000 0.000000 0.000000 
28
0.000000 41984.000000 18817.000000 89914.000000 147868.000000 5457.000000 6736.000000 1536.000000 5088.000000 26663.000000 0.000000 33792.000000 0.000000 0.000000 8192.000000 8192.000000 6529.000000 0.000000 0.000000 0.000000 100282.000000 123388.000000 44080.000000 8848.000000 2944.000000 0.000000 3616.000000 34815.000000 8192.000000 6528.000000 0.000000 33792.000000 8192.000000 0.000000 14720.000000 0.000000 0.000000 0.000000 0.000000 0.000000 0.000000 57824.000000 80832.000000 7104.000000 10.000000 86.000000 8192.000000 27847.000000 0.000000 76090.000000 147196.000000 46752.000000 1856.000000 4432.000000 0.000000 0.000000 8192.000000 8192.000000 6528.000000 0.000000 0.000000 
29
0.000000 41984.000000 18817.000000 89914.000000 147868.000000 5457.000000 6736.000000 1536.000000 5088.000000 26663.000000 0.000000 33792.000000 0.000000 0.000000 8192.000000 8192.000000 6529.000000 0.000000 0.000000 0.000000 100282.000000 123388.000000 44080.000000 8848.000000 2944.000000 0.000000 3616.000000 34815.000000 8192.000000 6528.000000 0.000000 33792.000000 8192.000000 0.000000 14720.000000 0.000000 0.000000 0.000000 0.000000 0.000000 0.000000 57824.000000 80832.000000 7104.000000 10.000000 86.000000 8192.000000 27847.000000 0.000000 76090.000000 147196.000000 46752.000000 1856.000000 4432.000000 0.000000 0.000000 8192.000000 8192.000000 6528.000000 0.000000 0.000000 
30
0.000000 41984.000000 18817.000000 89914.000000 147868.000000 5457.000000 6736.000000 1536.000000 5088.000000 26663.000000 0.000000 33792.000000 0.000000 0.000000 8192.000000 8192.000000 6529.000000 0.000000 0.000000 0.000000 100282.000000 123388.000000 44080.000000 8848.000000 2944.000000 0.000000 3616.000000 34815.000000 8192.000000 6528.000000 0.000000 33792.000000 8192.000000 0.000000 14720.000000 0.000000 0.000000 0.000000 0.000000 0.000000 0.000000 57824.000000 80832.000000 7104.000000 10.000000 86.000000 8192.000000 27847.000000 0.000000 76090.000000 147196.000000 46752.000000 1856.000000 4432.000000 0.000000 0.000000 8192.000000 8192.000000 6528.000000 0.000000 0.000000 
31
0.000000 41984.000000 18817.000000 89914.000000 147868.000000 5457.000000 6736.000000 1536.000000 5088.000000 26663.000000 0.000000 33792.000000 0.000000 0.000000 8192.000000 8192.000000 6529.000000 0.000000 0.000000 0.000000 100282.000000 123388.000000 44080.000000 8848.000000 2944.000000 0.000000 3616.000000 34815.000000 8192.000000 6528.000000 0.000000 33792.000000 8192.000000 0.000000 14720.000000 0.000000 0.000000 0.000000 0.000000 0.000000 0.000000 57824.000000 80832.000000 7104.000000 10.000000 86.000000 8192.000000 27847.000000 0.000000 76090.000000 147196.000000 46752.000000 1856.000000 4432.000000 0.000000 0.000000 8192.000000 8192.000000 6528.000000 0.000000 0.000000 
32
0.000000 41984.000000 18817.000000 8090.000000 11136.000000 6993.000000 6736.000000 1536.000000 11220.000000 23735.000000 0.000000 33792.000000 0.000000 0.000000 8192.000000 12288.000000 14561.000000 0.000000 0.000000 0.000000 58.000000 1920.000000 46481.000000 8848.000000 2944.000000 0.000000 9780.000000 33367.000000 12288.000000 14561.000000 0.000000 33792.000000 8192.000000 0.000000 18176.000000 0.000000 31104.000000 0.000000 0.000000 0.000000 0.000000 78976.000000 65216.000000 8032.000000 96.000000 0.000000 8192.000000 31303.000000 856.000000 58.000000 0.000000 47232.000000 5329.000000 5968.000000 1664.000000 2400.000000 40747.000000 12288.000000 9984.000000 4576.000000 0.000000 
33
0.000000 41984.000000 18817.000000 8090.000000 11136.000000 6993.000000 6736.000000 1536.000000 11220.000000 23735.000000 0.000000 33792.000000 0.000000 0.000000 8192.000000 12288.000000 14561.000000 0.000000 0.000000 0.000000 58.000000 1920.000000 46481.000000 8848.000000 2944.000000 0.000000 9780.000000 33367.000000 12288.000000 14561.000000 0.000000 33792.000000 8192.000000 0.000000 18176.000000 0.000000 31104.000000 0.000000 0.000000 0.000000 0.000000 78976.000000 65216.000000 8032.000000 96.000000 0.000000 8192.000000 31303.000000 856.000000 58.000000 0.000000 47232.000000 5329.000000 5968.000000 1664.000000 2400.000000 40747.000000 12288.000000 9984.000000 4576.000000 0.000000 
34
0.000000 41984.000000 18817.000000 8090.000000 11136.000000 6993.000000 6736.000000 1536.000000 11220.000000 23735.000000 0.000000 33792.000000 0.000000 0.000000 8192.000000 12288.000000 14561.000000 0.000000 0.000000 0.000000 58.000000 1920.000000 46481.000000 8848.000000 2944.000000 0.000000 9780.000000 33367.000000 12288.000000 14561.000000 0.000000 33792.000000 8192.000000 0.000000 18176.000000 0.000000 31104.000000 0.000000 0.000000 0.000000 0.000000 78976.000000 65216.000000 8032.000000 96.000000 0.000000 8192.000000 31303.000000 856.000000 58.000000 0.000000 47232.000000 5329.000000 5968.000000 1664.000000 2400.000000 40747.000000 12288.000000 9984.000000 4576.000000 0.000000 
35
0.000000 41984.000000 18817.000000 8090.000000 11136.000000 6993.000000 6736.000000 1536.000000 11220.000000 23735.000000 0.000000 33792.000000 0.000000 0.000000 8192.000000 12288.000000 14561.000000 0.000000 0.000000 0.000000 58.000000 1920.000000 46481.000000 8848.000000 2944.000000 0.000000 9780.000000 33367.000000 12288.000000 14561.000000 0.000000 33792.000000 8192.000000 0.000000 18176.000000 0.000000 31104.000000 0.000000 0.000000 0.000000 0.000000 78976.000000 65216.000000 8032.000000 96.000000 0.000000 8192.000000 31303.000000 856.000000 58.000000 0.000000 47232.000000 5329.000000 5968.000000 1664.000000 2400.000000 40747.000000 12288.000000 9984.000000 4576.000000 0.000000 
36
0.000000 41984.000000 18817.000000 83002.000000 150912.000000 5072.000000 5584.000000 0.000000 8948.000000 23735.000000 0.000000 33792.000000 0.000000 0.000000 8192.000000 8192.000000 9985.000000 0.000000 0.000000 0.000000 83002.000000 138240.000000 40720.000000 7568.000000 1536.000000 0.000000 6060.000000 34815.000000 8192.000000 9984.000000 0.000000 33792.000000 8192.000000 0.000000 14720.000000 3456.000000 0.000000 0.000000 0.000000 0.000000 0.000000 83009.000000 61184.000000 8032.000000 96.000000 0.000000 8192.000000 31303.000000 0.000000 79546.000000 141696.000000 41472.000000 3392.000000 3408.000000 0.000000 0.000000 8192.000000 8192.000000 9984.000000 0.000000 0.000000 
37
0.000000 41984.000000 18817.000000 83002.000000 150912.000000 5072.000000 5584.000000 0.000000 8948.000000 23735.000000 0.000000 33792.000000 0.000000 0.000000 8192.000000 8192.000000 9985.000000 0.000000 0.000000 0.000000 83002.000000 138240.000000 40720.000000 7568.000000 1536.000000 0.000000 6060.000000 34815.000000 8192.000000 9984.000000 0.000000 33792.000000 8192.000000 0.000000 14720.000000 3456.000000 0.000000 0.000000 0.000000 0.000000 0.000000 83009.000000 61184.000000 8032.000000 96.000000 0.000000 8192.000000 31303.000000 0.000000 79546.000000 141696.000000 41472.000000 3392.000000 3408.000000 0.000000 0.000000 8192.000000 8192.000000 9984.000000 0.000000 0.000000 
38
0.000000 41984.000000 18817.000000 83002.000000 150912.000000 5072.000000 5584.000000 0.000000 8948.000000 23735.000000 0.000000 33792.000000 0.000000 0.000000 8192.000000 8192.000000 9985.000000 0.000000 0.000000 0.000000 83002.000000 138240.000000 40720.000000 7568.000000 1536.000000 0.000000 6060.000000 34815.000000 8192.000000 9984.000000 0.000000 33792.000000 8192.000000 0.000000 14720.000000 3456.000000 0.000000 0.000000 0.000000 0.000000 0.000000 83009.000000 61184.000000 8032.000000 96.000000 0.000000 8192.000000 31303.000000 0.000000 79546.000000 141696.000000 41472.000000 3392.000000 3408.000000 0.000000 0.000000 8192.000000 8192.000000 9984.000000 0.000000 0.000000 
39
0.000000 41984.000000 18817.000000 83002.000000 150912.000000 5072.000000 5584.000000 0.000000 8948.000000 23735.000000 0.000000 33792.000000 0.000000 0.000000 8192.000000 8192.000000 9985.000000 0.000000 0.000000 0.000000 83002.000000 138240.000000 40720.000000 7568.000000 1536.000000 0.000000 6060.000000 34815.000000 8192.000000 9984.000000 0.000000 33792.000000 8192.000000 0.000000 14720.000000 3456.000000 0.000000 0.000000 0.000000 0.000000 0.000000 83009.000000 61184.000000 8032.000000 96.000000 0.000000 8192.000000 31303.000000 0.000000 79546.000000 141696.000000 41472.000000 3392.000000 3408.000000 0.000000 0.000000 8192.000000 8192.000000 9984.000000 0.000000 0.000000 
40
0.000000 41984.000000 18817.000000 96826.000000 139008.000000 6993.000000 8848.000000 1536.000000 11220.000000 23735.000000 0.000000 33792.000000 0.000000 0.000000 8192.000000 8192.000000 9985.000000 0.000000 0.000000 0.000000 86458.000000 136704.000000 40720.000000 10960.000000 2944.000000 0.000000 6824.000000 34811.000000 8192.000000 9984.000000 0.000000 33792.000000 8192.000000 0.000000 14720.000000 3456.000000 0.000000 0.000000 0.000000 0.000000 0.000000 100960.000000 36992.000000 8128.000000 96.000000 0.000000 8192.000000 31303.000000 0.000000 62266.000000 158976.000000 43392.000000 3392.000000 6544.000000 0.000000 0.000000 8192.000000 8192.000000 9984.000000 0.000000 0.000000 
41
0.000000 41984.000000 18817.000000 96826.000000 139008.000000 6993.000000 8848.000000 1536.000000 11220.000000 23735.000000 0.000000 33792.000000 0.000000 0.000000 8192.000000 8192.000000 9985.000000 0.000000 0.000000 0.000000 86458.000000 136704.000000 40720.000000 10960.000000 2944.000000 0.000000 6824.000000 34811.000000 8192.000000 9984.000000 0.000000 33792.000000 8192.000000 0.000000 14720.000000 3456.000000 0.000000 0.000000 0.000000 0.000000 0.000000 100960.000000 36992.000000 8128.000000 96.000000 0.000000 8192.000000 31303.000000 0.000000 62266.000000 158976.000000 43392.000000 3392.000000 6544.000000 0.000000 0.000000 8192.000000 8192.000000 9984.000000 0.000000 0.000000 
42
0.000000 41984.000000 18817.000000 96826.000000 139008.000000 6993.000000 8848.000000 1536.000000 11220.000000 23735.000000 0.000000 33792.000000 0.000000 0.000000 8192.000000 8192.000000 9985.000000 0.000000 0.000000 0.000000 86458.000000 136704.000000 40720.000000 10960.000000 2944.000000 0.000000 6824.000000 34811.000000 8192.000000 9984.000000 0.000000 33792.000000 8192.000000 0.000000 14720.000000 3456.000000 0.000000 0.000000 0.000000 0.000000 0.000000 100960.000000 36992.000000 8128.000000 96.000000 0.000000 8192.000000 31303.000000 0.000000 62266.000000 158976.000000 43392.000000 3392.000000 6544.000000 0.000000 0.000000 8192.000000 8192.000000 9984.000000 0.000000 0.000000 
43
0.000000 41984.000000 18817.000000 96826.000000 139008.000000 6993.000000 8848.000000 1536.000000 11220.000000 23735.000000 0.000000 33792.000000 0.000000 0.000000 8192.000000 8192.000000 9985.000000 0.000000 0.000000 0.000000 86458.000000 136704.000000 40720.000000 10960.000000 2944.000000 0.000000 6824.000000 34811.000000 8192.000000 9984.000000 0.000000 33792.000000 8192.000000 0.000000 14720.000000 3456.000000 0.000000 0.000000 0.000000 0.000000 0.000000 100960.000000 36992.000000 8128.000000 96.000000 0.000000 8192.000000 31303.000000 0.000000 62266.000000 158976.000000 43392.000000 3392.000000 6544.000000 0.000000 0.000000 8192.000000 8192.000000 9984.000000 0.000000 0.000000 
44
0.000000 41984.000000 18817.000000 79578.000000 154368.000000 5072.000000 8848.000000 1536.000000 7540.000000 23735.000000 0.000000 33792.000000 0.000000 0.000000 8192.000000 8192.000000 9985.000000 0.000000 0.000000 0.000000 79578.000000 141696.000000 40720.000000 9392.000000 4512.000000 0.000000 6100.000000 33367.000000 8192.000000 9984.000000 0.000000 33792.000000 8192.000000 0.000000 14720.000000 3456.000000 0.000000 0.000000 0.000000 0.000000 0.000000 78497.000000 59456.000000 8128.000000 96.000000 0.000000 8192.000000 31303.000000 0.000000 65754.000000 155520.000000 41472.000000 1856.000000 8080.000000 0.000000 0.000000 8192.000000 8192.000000 9984.000000 0.000000 0.000000 
45
0.000000 41984.000000 18817.000000 79578.000000 154368.000000 5072.000000 8848.000000 1536.000000 7540.000000 23735.000000 0.000000 33792.000000 0.000000 0.000000 8192.000000 8192.000000 9985.000000 0.000000 0.000000 0.000000 79578.000000 141696.000000 40720.000000 9392.000000 4512.000000 0.000000 6100.000000 33367.000000 8192.000000 9984.000000 0.000000 33792.000000 8192.000000 0.000000 14720.000000 3456.000000 0.000000 0.000000 0.000000 0.000000 0.000000 78497.000000 59456.000000 8128.000000 96.000000 0.000000 8192.000000 31303.000000 0.000000 65754.000000 155520.000000 41472.000000 1856.000000 8080.000000 0.000000 0.000000 8192.000000 8192.000000 9984.000000 0.000000 0.000000 
46
0.000000 41984.000000 18817.000000 79578.000000 154368.000000 5072.000000 8848.000000 1536.000000 7540.000000 23735.000000 0.000000 33792.000000 0.000000 0.000000 8192.000000 8192.000000 9985.000000 0.000000 0.000000 0.000000 79578.000000 141696.000000 40720.000000 9392.000000 4512.000000 0.000000 6100.000000 33367.000000 8192.000000 9984.000000 0.000000 33792.000000 8192.000000 0.000000 14720.000000 3456.000000 0.000000 0.000000 0.000000 0.000000 0.000000 78497.000000 59456.000000 8128.000000 96.000000 0.000000 8192.000000 31303.000000 0.000000 65754.000000 155520.000000 41472.000000 1856.000000 8080.000000 0.000000 0.000000 8192.000000 8192.000000 9984.000000 0.000000 0.000000 
47
0.000000 41984.000000 18817.000000 79578.000000 154368.000000 5072.000000 8848.000000 1536.000000 7540.000000 23735.000000 0.000000 33792.000000 0.000000 0.000000 8192.000000 8192.000000 9985.000000 0.000000 0.000000 0.000000 79578.000000 141696.000000 40720.000000 9392.000000 4512.000000 0.000000 6100.000000 33367.000000 8192.000000 9984.000000 0.000000 33792.000000 8192.000000 0.000000 14720.000000 3456.000000 0.000000 0.000000 0.000000 0.000000 0.000000 78497.000000 59456.000000 8128.000000 96.000000 0.000000 8192.000000 31303.000000 0.000000 65754.000000 155520.000000 41472.000000 1856.000000 8080.000000 0.000000 0.000000 8192.000000 8192.000000 9984.000000 0.000000 0.000000 
48
0.000000 8192.000000 18817.000000 4080.000000 11136.000000 5072.000000 8272.000000 1536.000000 7848.000000 22659.000000 0.000000 0.000000 0.000000 0.000000 8192.000000 8192.000000 9985.000000 0.000000 0.000000 0.000000 48.000000 1920.000000 6928.000000 10384.000000 2944.000000 0.000000 4860.000000 32327.000000 8192.000000 9984.000000 0.000000 0.000000 8192.000000 0.000000 18176.000000 0.000000 0.000000 0.000000 0.000000 0.000000 0.000000 37778.000000 60032.000000 8128.000000 96.000000 0.000000 8192.000000 30919.000000 0.000000 48.000000 0.000000 9600.000000 3392.000000 5968.000000 0.000000 0.000000 8192.000000 8192.000000 9984.000000 0.000000 0.000000 
49
0.000000 8192.000000 18817.000000 4080.000000 11136.000000 5072.000000 8272.000000 1536.000000 7848.000000 22659.000000 0.000000 0.000000 0.000000 0.000000 8192.000000 8192.000000 9985.000000 0.000000 0.000000 0.000000 48.000000 1920.000000 6928.000000 10384.000000 2944.000000 0.000000 4860.000000 32327.000000 8192.000000 9984.000000 0.000000 0.000000 8192.000000 0.000000 18176.000000 0.000000 0.000000 0.000000 0.000000 0.000000 0.000000 37778.000000 60032.000000 8128.000000 96.000000 0.000000 8192.000000 30919.000000 0.000000 48.000000 0.000000 9600.000000 3392.000000 5968.000000 0.000000 0.000000 8192.000000 8192.000000 9984.000000 0.000000 0.000000 
50
0.000000 8192.000000 18817.000000 4080.000000 11136.000000 5072.000000 8272.000000 1536.000000 7848.000000 22659.000000 0.000000 0.000000 0.000000 0.000000 8192.000000 8192.000000 9985.000000 0.000000 0.000000 0.000000 48.000000 1920.000000 6928.000000 10384.000000 2944.000000 0.000000 4860.000000 32327.000000 8192.000000 9984.000000 0.000000 0.000000 8192.000000 0.000000 18176.000000 0.000000 0.000000 0.000000 0.000000 0.000000 0.000000 37778.000000 60032.000000 8128.000000 96.000000 0.000000 8192.000000 30919.000000 0.000000 48.000000 0.000000 9600.000000 3392.000000 5968.000000 0.000000 0.000000 8192.000000 8192.000000 9984.000000 0.000000 0.000000 
51
0.000000 8192.000000 18817.000000 4080.000000 11136.000000 5072.000000 8272.000000 1536.000000 7848.000000 22659.000000 0.000000 0.000000 0.000000 0.000000 8192.000000 8192.000000 9985.000000 0.000000 0.000000 0.000000 48.000000 1920.000000 6928.000000 10384.000000 2944.000000 0.000000 4860.000000 32327.000000 8192.000000 9984.000000 0.000000 0.000000 8192.000000 0.000000 18176.000000 0.000000 0.000000 0.000000 0.000000 0.000000 0.000000 37778.000000 60032.000000 8128.000000 96.000000 0.000000 8192.000000 30919.000000 0.000000 48.000000 0.000000 9600.000000 3392.000000 5968.000000 0.000000 0.000000 8192.000000 8192.000000 9984.000000 0.000000 0.000000 
52
0.000000 8192.000000 18817.000000 3472.000000 11136.000000 6993.000000 6736.000000 1536.000000 9768.000000 22659.000000 0.000000 0.000000 0.000000 0.000000 8192.000000 8192.000000 9985.000000 0.000000 0.000000 0.000000 16.000000 1920.000000 6928.000000 8848.000000 2944.000000 0.000000 6780.000000 32327.000000 8192.000000 9984.000000 0.000000 0.000000 8192.000000 0.000000 14720.000000 3456.000000 0.000000 0.000000 0.000000 0.000000 0.000000 62641.000000 46592.000000 7072.000000 96.000000 0.000000 8192.000000 30535.000000 0.000000 16.000000 0.000000 9600.000000 1856.000000 5968.000000 0.000000 0.000000 8192.000000 8192.000000 9984.000000 0.000000 0.000000 
53
0.000000 8192.000000 18817.000000 3472.000000 11136.000000 6993.000000 6736.000000 1536.000000 9768.000000 22659.000000 0.000000 0.000000 0.000000 0.000000 8192.000000 8192.000000 9985.000000 0.000000 0.000000 0.000000 16.000000 1920.000000 6928.000000 8848.000000 2944.000000 0.000000 6780.000000 32327.000000 8192.000000 9984.000000 0.000000 0.000000 8192.000000 0.000000 14720.000000 3456.000000 0.000000 0.000000 0.000000 0.000000 0.000000 62641.000000 46592.000000 7072.000000 96.000000 0.000000 8192.000000 30535.000000 0.000000 16.000000 0.000000 9600.000000 1856.000000 5968.000000 0.000000 0.000000 8192.000000 8192.000000 9984.000000 0.000000 0.000000 
54
0.000000 8192.000000 18817.000000 3472.000000 11136.000000 6993.000000 6736.000000 1536.000000 9768.000000 22659.000000 0.000000 0.000000 0.000000 0.000000 8192.000000 8192.000000 9985.000000 0.000000 0.000000 0.000000 16.000000 1920.000000 6928.000000 8848.000000 2944.000000 0.000000 6780.000000 32327.000000 8192.000000 9984.000000 0.000000 0.000000 8192.000000 0.000000 14720.000000 3456.000000 0.000000 0.000000 0.000000 0.000000 0.000000 62641.000000 46592.000000 7072.000000 96.000000 0.000000 8192.000000 30535.000000 0.000000 16.000000 0.000000 9600.000000 1856.000000 5968.000000 0.000000 0.000000 8192.000000 8192.000000 9984.000000 0.000000 0.000000 
55
0.000000 8192.000000 18817.000000 3472.000000 11136.000000 6993.000000 6736.000000 1536.000000 9768.000000 22659.000000 0.000000 0.000000 0.000000 0.000000 8192.000000 8192.000000 9985.000000 0.000000 0.000000 0.000000 16.000000 1920.000000 6928.000000 8848.000000 2944.000000 0.000000 6780.000000 32327.000000 8192.000000 9984.000000 0.000000 0.000000 8192.000000 0.000000 14720.000000 3456.000000 0.000000 0.000000 0.000000 0.000000 0.000000 62641.000000 46592.000000 7072.000000 96.000000 0.000000 8192.000000 30535.000000 0.000000 16.000000 0.000000 9600.000000 1856.000000 5968.000000 0.000000 0.000000 8192.000000 8192.000000 9984.000000 0.000000 0.000000 
56
0.000000 8192.000000 18817.000000 3472.000000 11136.000000 6993.000000 6736.000000 1536.000000 9768.000000 22659.000000 0.000000 0.000000 0.000000 0.000000 8192.000000 8192.000000 9985.000000 0.000000 0.000000 0.000000 16.000000 1920.000000 6928.000000 8848.000000 2944.000000 0.000000 6780.000000 32327.000000 8192.000000 9984.000000 0.000000 0.000000 8192.000000 0.000000 18176.000000 0.000000 0.000000 0.000000 0.000000 0.000000 0.000000 63217.000000 46016.000000 7072.000000 96.000000 0.000000 8192.000000 30535.000000 0.000000 16.000000 0.000000 9600.000000 3392.000000 4432.000000 0.000000 0.000000 8192.000000 8192.000000 9984.000000 0.000000 0.000000 
57
0.000000 8192.000000 18817.000000 3472.000000 11136.000000 6993.000000 6736.000000 1536.000000 9768.000000 22659.000000 0.000000 0.000000 0.000000 0.000000 8192.000000 8192.000000 9985.000000 0.000000 0.000000 0.000000 16.000000 1920.000000 6928.000000 8848.000000 2944.000000 0.000000 6780.000000 32327.000000 8192.000000 9984.000000 0.000000 0.000000 8192.000000 0.000000 18176.000000 0.000000 0.000000 0.000000 0.000000 0.000000 0.000000 63217.000000 46016.000000 7072.000000 96.000000 0.000000 8192.000000 30535.000000 0.000000 16.000000 0.000000 9600.000000 3392.000000 4432.000000 0.000000 0.000000 8192.000000 8192.000000 9984.000000 0.000000 0.000000 
58
0.000000 8192.000000 18817.000000 3472.000000 11136.000000 6993.000000 6736.000000 1536.000000 9768.000000 22659.000000 0.000000 0.000000 0.000000 0.000000 8192.000000 8192.000000 9985.000000 0.000000 0.000000 0.000000 16.000000 1920.000000 6928.000000 8848.000000 2944.000000 0.000000 6780.000000 32327.000000 8192.000000 9984.000000 0.000000 0.000000 8192.000000 0.000000 18176.000000 0.000000 0.000000 0.000000 0.000000 0.000000 0.000000 63217.000000 46016.000000 7072.000000 96.000000 0.000000 8192.000000 30535.000000 0.000000 16.000000 0.000000 9600.000000 3392.000000 4432.000000 0.000000 0.000000 8192.000000 8192.000000 9984.000000 0.000000 0.000000 
59
0.000000 8192.000000 18817.000000 3472.000000 11136.000000 6993.000000 6736.000000 1536.000000 9768.000000 22659.000000 0.000000 0.000000 0.000000 0.000000 8192.000000 8192.000000 9985.000000 0.000000 0.000000 0.000000 16.000000 1920.000000 6928.000000 8848.000000 2944.000000 0.000000 6780.000000 32327.000000 8192.000000 9984.000000 0.000000 0.000000 8192.000000 0.000000 18176.000000 0.000000 0.000000 0.000000 0.000000 0.000000 0.000000 63217.000000 46016.000000 7072.000000 96.000000 0.000000 8192.000000 30535.000000 0.000000 16.000000 0.000000 9600.000000 3392.000000 4432.000000 0.000000 0.000000 8192.000000 8192.000000 9984.000000 0.000000 0.000000 
60
0.000000 8256.000000 18816.000000 16.000000 11136.000000 6993.000000 6736.000000 1536.000000 9768.000000 22659.000000 0.000000 0.000000 0.000000 0.000000 8256.000000 8192.000000 6528.000000 0.000000 0.000000 0.000000 16.000000 1920.000000 6928.000000 8848.000000 2944.000000 0.000000 6780.000000 32391.000000 8192.000000 6528.000000 0.000000 0.000000 8256.000000 0.000000 14720.000000 0.000000 0.000000 0.000000 0.000000 0.000000 0.000000 63217.000000 46016.000000 7072.000000 96.000000 0.000000 8256.000000 27078.000000 0.000000 16.000000 0.000000 9600.000000 3392.000000 4432.000000 0.000000 0.000000 8256.000000 8192.000000 6528.000000 0.000000 0.000000 
61
0.000000 8256.000000 18816.000000 16.000000 11136.000000 6993.000000 6736.000000 1536.000000 9768.000000 22659.000000 0.000000 0.000000 0.000000 0.000000 8256.000000 8192.000000 6528.000000 0.000000 0.000000 0.000000 16.000000 1920.000000 6928.000000 8848.000000 2944.000000 0.000000 6780.000000 32391.000000 8192.000000 6528.000000 0.000000 0.000000 8256.000000 0.000000 14720.000000 0.000000 0.000000 0.000000 0.000000 0.000000 0.000000 63217.000000 46016.000000 7072.000000 96.000000 0.000000 8256.000000 27078.000000 0.000000 16.000000 0.000000 9600.000000 3392.000000 4432.000000 0.000000 0.000000 8256.000000 8192.000000 6528.000000 0.000000 0.000000 
62
0.000000 8256.000000 18816.000000 16.000000 11136.000000 6993.000000 6736.000000 1536.000000 9768.000000 22659.000000 0.000000 0.000000 0.000000 0.000000 8256.000000 8192.000000 6528.000000 0.000000 0.000000 0.000000 16.000000 1920.000000 6928.000000 8848.000000 2944.000000 0.000000 6780.000000 32391.000000 8192.000000 6528.000000 0.000000 0.000000 8256.000000 0.000000 14720.000000 0.000000 0.000000 0.000000 0.000000 0.000000 0.000000 63217.000000 46016.000000 7072.000000 96.000000 0.000000 8256.000000 27078.000000 0.000000 16.000000 0.000000 9600.000000 3392.000000 4432.000000 0.000000 0.000000 8256.000000 8192.000000 6528.000000 0.000000 0.000000 
63
0.000000 8256.000000 18816.000000 16.000000 11136.000000 6993.000000 6736.000000 1536.000000 9768.000000 22659.000000 0.000000 0.000000 0.000000 0.000000 8256.000000 8192.000000 6528.000000 0.000000 0.000000 0.000000 16.000000 1920.000000 6928.000000 8848.000000 2944.000000 0.000000 6780.000000 32391.000000 8192.000000 6528.000000 0.000000 0.000000 8256.000000 0.000000 14720.000000 0.000000 0.000000 0.000000 0.000000 0.000000 0.000000 63217.000000 46016.000000 7072.000000 96.000000 0.000000 8256.000000 27078.000000 0.000000 16.000000 0.000000 9600.000000 3392.000000 4432.000000 0.000000 0.000000 8256.000000 8192.000000 6528.000000 0.000000 0.000000 
64
0.000000 8192.000000 18817.000000 3472.000000 11136.000000 6993.000000 6736.000000 1536.000000 9768.000000 22659.000000 0.000000 0.000000 0.000000 0.000000 8192.000000 8192.000000 9985.000000 0.000000 0.000000 0.000000 16.000000 1920.000000 6928.000000 8848.000000 2944.000000 0.000000 6780.000000 32327.000000 8192.000000 9984.000000 0.000000 0.000000 8192.000000 0.000000 18176.000000 0.000000 0.000000 0.000000 0.000000 0.000000 0.000000 62641.000000 46592.000000 7072.000000 96.000000 0.000000 8192.000000 30535.000000 0.000000 16.000000 0.000000 9600.000000 3392.000000 4432.000000 0.000000 0.000000 8192.000000 8192.000000 9984.000000 0.000000 0.000000 
65
0.000000 8192.000000 18817.000000 3472.000000 11136.000000 6993.000000 6736.000000 1536.000000 9768.000000 22659.000000 0.000000 0.000000 0.000000 0.000000 8192.000000 8192.000000 9985.000000 0.000000 0.000000 0.000000 16.000000 1920.000000 6928.000000 8848.000000 2944.000000 0.000000 6780.000000 32327.000000 8192.000000 9984.000000 0.000000 0.000000 8192.000000 0.000000 18176.000000 0.000000 0.000000 0.000000 0.000000 0.000000 0.000000 62641.000000 46592.000000 7072.000000 96.000000 0.000000 8192.000000 30535.000000 0.000000 16.000000 0.000000 9600.000000 3392.000000 4432.000000 0.000000 0.000000 8192.000000 8192.000000 9984.000000 0.000000 0.000000 
66
0.000000 8192.000000 18817.000000 3472.000000 11136.000000 6993.000000 6736.000000 1536.000000 9768.000000 22659.000000 0.000000 0.000000 0.000000 0.000000 8192.000000 8192.000000 9985.000000 0.000000 0.000000 0.000000 16.000000 1920.000000 6928.000000 8848.000000 2944.000000 0.000000 6780.000000 32327.000000 8192.000000 9984.000000 0.000000 0.000000 8192.000000 0.000000 18176.000000 0.000000 0.000000 0.000000 0.000000 0.000000 0.000000 62641.000000 46592.000000 7072.000000 96.000000 0.000000 8192.000000 30535.000000 0.000000 16.000000 0.000000 9600.000000 3392.000000 4432.000000 0.000000 0.000000 8192.000000 8192.000000 9984.000000 0.000000 0.000000 
67
0.000000 8192.000000 18817.000000 3472.000000 11136.000000 6993.000000 6736.000000 1536.000000 9768.000000 22659.000000 0.000000 0.000000 0.000000 0.000000 8192.000000 8192.000000 9985.000000 0.000000 0.000000 0.000000 16.000000 1920.000000 6928.000000 8848.000000 2944.000000 0.000000 6780.000000 32327.000000 8192.000000 9984.000000 0.000000 0.000000 8192.000000 0.000000 18176.000000 0.000000 0.000000 0.000000 0.000000 0.000000 0.000000 62641.000000 46592.000000 7072.000000 96.000000 0.000000 8192.000000 30535.000000 0.000000 16.000000 0.000000 9600.000000 3392.000000 4432.000000 0.000000 0.000000 8192.000000 8192.000000 9984.000000 0.000000 0.000000 
68
0.000000 8192.000000 18817.000000 3472.000000 11136.000000 6993.000000 6736.000000 1536.000000 7848.000000 22659.000000 0.000000 0.000000 0.000000 0.000000 8192.000000 8192.000000 9985.000000 0.000000 0.000000 0.000000 16.000000 1920.000000 6928.000000 8848.000000 2944.000000 0.000000 4860.000000 32327.000000 8192.000000 9984.000000 0.000000 0.000000 8192.000000 0.000000 14720.000000 3456.000000 0.000000 0.000000 0.000000 0.000000 0.000000 62641.000000 45632.000000 8032.000000 96.000000 0.000000 8192.000000 30535.000000 0.000000 16.000000 0.000000 9600.000000 3392.000000 4432.000000 0.000000 0.000000 8192.000000 8192.000000 9984.000000 0.000000 0.000000 
69
0.000000 8192.000000 18817.000000 3472.000000 11136.000000 6993.000000 6736.000000 1536.000000 7848.000000 22659.000000 0.000000 0.000000 0.000000 0.000000 8192.000000 8192.000000 9985.000000 0.000000 0.000000 0.000000 16.000000 1920.000000 6928.000000 8848.000000 2944.000000 0.000000 4860.000000 32327.000000 8192.000000 9984.000000 0.000000 0.000000 8192.000000 0.000000 14720.000000 3456.000000 0.000000 0.000000 0.000000 0.000000 0.000000 62641.000000 45632.000000 8032.000000 96.000000 0.000000 8192.000000 30535.000000 0.000000 16.000000 0.000000 9600.000000 3392.000000 4432.000000 0.000000 0.000000 8192.000000 8192.000000 9984.000000 0.000000 0.000000 
70
0.000000 8192.000000 18817.000000 3472.000000 11136.000000 6993.000000 6736.000000 1536.000000 7848.000000 22659.000000 0.000000 0.000000 0.000000 0.000000 8192.000000 8192.000000 9985.000000 0.000000 0.000000 0.000000 16.000000 1920.000000 6928.000000 8848.000000 2944.000000 0.000000 4860.000000 32327.000000 8192.000000 9984.000000 0.000000 0.000000 8192.000000 0.000000 14720.000000 3456.000000 0.000000 0.000000 0.000000 0.000000 0.000000 62641.000000 45632.000000 8032.000000 96.000000 0.000000 8192.000000 30535.000000 0.000000 16.000000 0.000000 9600.000000 3392.000000 4432.000000 0.000000 0.000000 8192.000000 8192.000000 9984.000000 0.000000 0.000000 
71
0.000000 8192.000000 18817.000000 3472.000000 11136.000000 6993.000000 6736.000000 1536.000000 7848.000000 22659.000000 0.000000 0.000000 0.000000 0.000000 8192.000000 8192.000000 9985.000000 0.000000 0.000000 0.000000 16.000000 1920.000000 6928.000000 8848.000000 2944.000000 0.000000 4860.000000 32327.000000 8192.000000 9984.000000 0.000000 0.000000 8192.000000 0.000000 14720.000000 3456.000000 0.000000 0.000000 0.000000 0.000000 0.000000 62641.000000 45632.000000 8032.000000 96.000000 0.000000 8192.000000 30535.000000 0.000000 16.000000 0.000000 9600.000000 3392.000000 4432.000000 0.000000 0.000000 8192.000000 8192.000000 9984.000000 0.000000 0.000000 
72
0.000000 8192.000000 18817.000000 3472.000000 9216.000000 5072.000000 4144.000000 1536.000000 4644.000000 23739.000000 0.000000 0.000000 0.000000 0.000000 8192.000000 8192.000000 9985.000000 0.000000 0.000000 0.000000 16.000000 0.000000 6928.000000 6256.000000 1408.000000 1536.000000 4644.000000 31931.000000 8192.000000 9984.000000 0.000000 0.000000 8192.000000 0.000000 14720.000000 3456.000000 0.000000 0.000000 0.000000 0.000000 0.000000 34322.000000 38720.000000 8032.000000 96.000000 0.000000 8192.000000 18177.000000 0.000000 16.000000 0.000000 7680.000000 3392.000000 3280.000000 0.000000 0.000000 8192.000000 8192.000000 9984.000000 0.000000 0.000000 
73
0.000000 8192.000000 18817.000000 3472.000000 9216.000000 5072.000000 4144.000000 1536.000000 4644.000000 23739.000000 0.000000 0.000000 0.000000 0.000000 8192.000000 8192.000000 9985.000000 0.000000 0.000000 0.000000 16.000000 0.000000 6928.000000 6256.000000 1408.000000 1536.000000 4644.000000 31931.000000 8192.000000 9984.000000 0.000000 0.000000 8192.000000 0.000000 14720.000000 3456.000000 0.000000 0.000000 0.000000 0.000000 0.000000 34322.000000 38720.000000 8032.000000 96.000000 0.000000 8192.000000 18177.000000 0.000000 16.000000 0.000000 7680.000000 3392.000000 3280.000000 0.000000 0.000000 8192.000000 8192.000000 9984.000000 0.000000 0.000000 
74
0.000000 8192.000000 18817.000000 3472.000000 9216.000000 5072.000000 4144.000000 1536.000000 4644.000000 23739.000000 0.000000 0.000000 0.000000 0.000000 8192.000000 8192.000000 9985.000000 0.000000 0.000000 0.000000 16.000000 0.000000 6928.000000 6256.000000 1408.000000 1536.000000 4644.000000 31931.000000 8192.000000 9984.000000 0.000000 0.000000 8192.000000 0.000000 14720.000000 3456.000000 0.000000 0.000000 0.000000 0.000000 0.000000 34322.000000 38720.000000 8032.000000 96.000000 0.000000 8192.000000 18177.000000 0.000000 16.000000 0.000000 7680.000000 3392.000000 3280.000000 0.000000 0.000000 8192.000000 8192.000000 9984.000000 0.000000 0.000000 
75
0.000000 8192.000000 18817.000000 3472.000000 9216.000000 5072.000000 4144.000000 1536.000000 4644.000000 23739.000000 0.000000 0.000000 0.000000 0.000000 8192.000000 8192.000000 9985.000000 0.000000 0.000000 0.000000 16.000000 0.000000 6928.000000 6256.000000 1408.000000 1536.000000 4644.000000 31931.000000 8192.000000 9984.000000 0.000000 0.000000 8192.000000 0.000000 14720.000000 3456.000000 0.000000 0.000000 0.000000 0.000000 0.000000 34322.000000 38720.000000 8032.000000 96.000000 0.000000 8192.000000 18177.000000 0.000000 16.000000 0.000000 7680.000000 3392.000000 3280.000000 0.000000 0.000000 8192.000000 8192.000000 9984.000000 0.000000 0.000000 
76
0.000000 8192.000000 18817.000000 3504.000000 11136.000000 6993.000000 3456.000000 1536.000000 6372.000000 6504.000000 0.000000 0.000000 0.000000 0.000000 8192.000000 8192.000000 9985.000000 0.000000 0.000000 0.000000 48.000000 1920.000000 6928.000000 5568.000000 2944.000000 0.000000 4860.000000 14696.000000 8192.000000 9984.000000 0.000000 0.000000 8192.000000 0.000000 14720.000000 3456.000000 0.000000 0.000000 0.000000 0.000000 0.000000 51120.000000 42752.000000 8032.000000 96.000000 0.000000 8192.000000 30919.000000 0.000000 16.000000 0.000000 9600.000000 1856.000000 2688.000000 0.000000 0.000000 8192.000000 8192.000000 9984.000000 0.000000 0.000000 
77
0.000000 8192.000000 18817.000000 3504.000000 11136.000000 6993.000000 3456.000000 1536.000000 6372.000000 6504.000000 0.000000 0.000000 0.000000 0.000000 8192.000000 8192.000000 9985.000000 0.000000 0.000000 0.000000 48.000000 1920.000000 6928.000000 5568.000000 2944.000000 0.000000 4860.000000 14696.000000 8192.000000 9984.000000 0.000000 0.000000 8192.000000 0.000000 14720.000000 3456.000000 0.000000 0.000000 0.000000 0.000000 0.000000 51120.000000 42752.000000 8032.000000 96.000000 0.000000 8192.000000 30919.000000 0.000000 16.000000 0.000000 9600.000000 1856.000000 2688.000000 0.000000 0.000000 8192.000000 8192.000000 9984.000000 0.000000 0.000000 
78
0.000000 8192.000000 18817.000000 3504.000000 11136.000000 6993.000000 3456.000000 1536.000000 6372.000000 6504.000000 0.000000 0.000000 0.000000 0.000000 8192.000000 8192.000000 9985.000000 0.000000 0.000000 0.000000 48.000000 1920.000000 6928.000000 5568.000000 2944.000000 0.000000 4860.000000 14696.000000 8192.000000 9984.000000 0.000000 0.000000 8192.000000 0.000000 14720.000000 3456.000000 0.000000 0.000000 0.000000 0.000000 0.000000 51120.000000 42752.000000 8032.000000 96.000000 0.000000 8192.000000 30919.000000 0.000000 16.000000 0.000000 9600.000000 1856.000000 2688.000000 0.000000 0.000000 8192.000000 8192.000000 9984.000000 0.000000 0.000000 
79
0.000000 8192.000000 18817.000000 3504.000000 11136.000000 6993.000000 3456.000000 1536.000000 6372.000000 6504.000000 0.000000 0.000000 0.000000 0.000000 8192.000000 8192.000000 9985.000000 0.000000 0.000000 0.000000 48.000000 1920.000000 6928.000000 5568.000000 2944.000000 0.000000 4860.000000 14696.000000 8192.000000 9984.000000 0.000000 0.000000 8192.000000 0.000000 14720.000000 3456.000000 0.000000 0.000000 0.000000 0.000000 0.000000 51120.000000 42752.000000 8032.000000 96.000000 0.000000 8192.000000 30919.000000 0.000000 16.000000 0.000000 9600.000000 1856.000000 2688.000000 0.000000 0.000000 8192.000000 8192.000000 9984.000000 0.000000 0.000000 
