0
0.000000 0.378123 1.039754 0.190662 0.182000 1.063516 0.538486 0.656263 0.297144 0.207113 0.000000 0.704403 0.997691 1.001386 0.916700 0.985160 0.587058 0.000000 0.000000 0.000000 0.016511 0.017470 0.359183 0.991839 0.652336 0.567150 0.392160 0.305332 0.977866 0.895860 0.000000 0.151314 0.502087 1.026312 0.966542 0.856034 0.660492 0.976615 0.909754 0.568338 0.251077 0.811077 0.435188 0.916169 0.705622 0.207113 0.688966 0.999007 0.351967 0.016555 0.011643 0.673045 0.625868 0.516242 0.867905 0.312646 0.584987 0.992002 0.625589 0.000000 0.000000 
1
0.000000 0.389923 1.067569 0.142662 0.192554 1.064017 0.520125 0.652568 0.282067 0.108880 0.000000 0.003726 0.000000 0.000000 0.098218 0.988277 0.644339 0.000000 0.000000 0.000000 0.015964 0.017189 0.545713 0.844008 0.795329 0.567150 0.389701 0.381834 0.985896 0.710684 0.000000 0.019220 0.578784 0.981031 0.962101 0.850573 0.649569 1.020800 0.900831 0.587631 0.251077 0.787323 0.312446 0.895323 0.942016 0.960358 0.980027 0.899932 0.457356 0.016475 0.014790 0.712620 0.701698 0.538437 0.842444 0.316341 0.548234 0.993999 0.818774 0.000000 0.000000 
2
0.000000 0.378108 1.055508 0.191431 0.255138 0.993760 0.540552 0.608747 0.282067 0.189077 0.000000 0.000015 0.000000 0.000000 0.098218 0.995620 0.595801 0.000000 0.000000 0.000000 0.012604 0.026306 0.643770 0.838648 0.792375 0.570845 0.350400 0.305332 1.006409 0.734275 0.000000 0.015109 0.561506 0.930813 0.964278 0.907982 0.657738 1.022385 0.987754 0.557692 0.251077 0.730446 0.304429 0.904390 0.723234 0.287657 0.683769 1.010537 0.332107 0.012388 0.010171 0.650684 0.690672 0.534781 0.834751 0.316341 0.455105 0.991931 0.720939 0.000000 0.000000 
3
0.000000 0.385985 1.070892 0.140108 0.244585 1.010040 0.546496 0.612442 0.274677 0.189077 0.000000 0.007406 0.000000 0.000000 0.098218 0.984368 0.630567 0.000000 0.000000 0.000000 0.011703 0.021240 0.681474 0.911673 0.872055 0.916397 0.879446 0.602646 1.035520 0.700893 0.000000 0.028490 0.491532 1.081056 1.003661 0.795642 0.558553 1.067308 1.018538 0.516723 0.251077 0.730431 0.317507 0.908708 0.698172 0.207113 0.617000 1.089020 0.422870 0.012344 0.012620 0.665191 0.820309 0.699812 0.865262 0.988638 0.751320 0.887539 0.791808 0.000000 0.000000 
4
0.000000 0.378108 1.050462 0.262338 0.244892 0.883938 0.537600 0.447015 0.345323 0.543538 0.000000 0.000015 0.000000 0.000000 0.094523 1.029969 0.564000 0.000000 0.000000 0.000000 0.002400 0.002215 0.748723 0.458769 0.602846 0.301292 0.304462 0.617985 1.023323 0.570646 0.000000 0.067738 0.661231 1.046154 0.789108 0.419338 0.702338 0.934338 0.621600 0.914292 0.432262 0.495154 0.284677 0.833462 0.925800 0.199723 0.661662 1.011569 0.102985 0.002400 0.002215 0.809569 0.498554 0.124800 0.592738 0.140369 0.712200 0.981473 0.762533 0.000000 0.000000 
5
0.000000 0.378092 1.047138 0.262338 0.220831 0.908031 0.535400 0.410585 0.349815 0.459646 0.000000 0.000000 0.000000 0.000000 0.094523 1.024985 0.565662 0.000000 0.000000 0.000000 0.002400 0.002215 0.759108 0.447262 0.565508 0.301292 0.290492 0.691231 1.020000 0.570646 0.000000 0.067723 0.661231 1.032246 0.937785 0.407831 0.714031 0.920677 0.610092 0.984138 0.337723 0.503969 0.284677 0.929785 0.798969 0.199723 0.661662 1.008246 0.102969 0.002400 0.002215 0.809569 0.494231 0.107754 0.556308 0.140369 0.761987 0.883964 0.840677 0.000000 0.000000 
6
0.000000 0.378092 1.047138 0.261538 0.257662 0.734338 0.519646 0.410585 0.343662 0.536462 0.000000 0.000000 0.000000 0.000000 0.094523 1.024985 0.565662 0.000000 0.000000 0.000000 0.001600 0.001477 0.774123 0.311877 0.546031 0.301292 0.290492 0.673508 1.020000 0.570646 0.000000 0.072323 0.656631 1.047662 0.912462 0.407831 0.611031 1.008354 0.474708 0.995108 0.337723 0.523908 0.242585 0.845877 0.925785 0.189077 0.661662 1.024492 0.087215 0.001600 0.001477 0.874031 0.584446 0.092000 0.556308 0.145692 0.715895 0.957768 0.769409 0.000000 0.000000 
7
0.000000 0.378092 1.048985 0.253985 0.232123 0.851723 0.519646 0.360369 0.343662 0.525815 0.000000 0.000000 0.000000 0.000000 0.094523 1.026831 0.558108 0.000000 0.000000 0.000000 0.001600 0.001477 0.747354 0.403569 0.546892 0.251077 0.284338 0.673508 1.021846 0.563092 0.000000 0.072323 0.673615 1.014462 0.917108 0.385431 0.698954 0.916123 0.603938 0.995831 0.287508 0.496077 0.171692 0.845877 0.883031 0.094538 0.661662 1.002215 0.110846 0.001600 0.001477 0.799015 0.569600 0.092000 0.506092 0.139538 0.712200 0.992530 0.738385 0.000000 0.000000 
8
0.000000 0.378108 0.748800 0.002369 0.264308 0.980231 0.940154 0.782769 0.256708 0.199723 0.000000 0.000015 0.000000 0.000000 0.094523 0.985108 0.047262 0.000000 0.000000 0.000000 0.002369 0.002215 0.620338 0.719138 0.994877 0.661662 0.269015 0.294246 0.985108 0.047262 0.000000 0.072323 0.656631 0.967262 0.746277 0.406815 0.932769 0.947877 1.059138 1.005385 0.653431 0.548877 0.280923 0.545262 0.807908 0.199723 0.661662 0.553354 0.000000 0.002369 0.002215 0.745569 0.733694 0.562846 0.960985 0.140369 0.504277 0.890585 0.047262 0.000000 0.000000 
9
0.000000 0.378092 0.745477 0.002369 0.237262 1.007831 0.937954 0.803446 0.261200 0.199723 0.000000 0.000000 0.000000 0.000000 0.094523 0.981785 0.047262 0.000000 0.000000 0.000000 0.002369 0.002215 0.612246 0.686892 1.005400 0.661662 0.255046 0.294246 0.981785 0.047262 0.000000 0.072308 0.656631 0.967262 0.746277 0.415354 0.943877 0.918862 1.076154 1.000938 0.653815 0.548862 0.280923 0.530877 0.803185 0.199723 0.661662 0.557415 0.000000 0.002369 0.002215 0.745046 0.733646 0.545800 0.960985 0.140369 0.504277 0.887262 0.047262 0.000000 0.000000 
10
0.000000 0.378092 0.745477 0.001585 0.254692 0.986215 0.937954 0.803446 0.255046 0.094538 0.000000 0.000000 0.000000 0.000000 0.094523 0.981785 0.047262 0.000000 0.000000 0.000000 0.001585 0.001477 0.621908 0.686892 1.015615 0.661662 0.255046 0.189062 0.981785 0.047262 0.000000 0.072231 0.673631 0.952031 0.711877 0.403846 0.924108 1.001462 1.018215 1.001692 0.617385 0.559523 0.233662 0.685523 0.621215 0.094538 0.661662 0.549538 0.000000 0.001585 0.001477 0.738169 0.733646 0.542831 0.960985 0.145692 0.399092 0.887262 0.047262 0.000000 0.000000 
11
0.000000 0.378092 0.745477 0.001585 0.232108 1.009292 0.937954 0.787692 0.255046 0.094538 0.000000 0.000000 0.000000 0.000000 0.094523 0.981785 0.047262 0.000000 0.000000 0.000000 0.001585 0.001477 0.619000 0.686892 1.016523 0.625231 0.248892 0.189062 0.981785 0.047262 0.000000 0.072231 0.617569 1.008031 0.776062 0.403846 0.927231 0.997662 1.018523 0.990832 0.647892 0.539077 0.162769 0.685523 0.621215 0.094538 0.661662 0.549538 0.000000 0.001585 0.001477 0.745585 0.718800 0.542831 0.924554 0.139538 0.399092 0.887262 0.047262 0.000000 0.000000 
12
0.000000 0.378108 0.740923 0.010231 0.258585 0.804231 0.457615 0.410585 0.338677 0.381369 0.000000 0.000015 0.000000 0.000000 0.094523 0.985108 0.047262 0.000000 0.000000 0.000000 0.002354 0.002215 0.607815 0.536369 0.506462 0.301292 0.288215 0.537923 0.985108 0.047262 0.000000 0.072308 0.634538 0.985354 0.510831 0.133631 0.666369 0.792215 0.707846 0.838031 0.251077 0.548877 0.280923 0.910046 0.960569 0.343477 0.661662 0.553354 0.000000 0.002354 0.002215 0.745538 0.399231 0.208692 0.592738 0.140369 0.757262 0.958523 0.047262 0.000000 0.000000 
13
0.000000 0.378092 0.745477 0.002354 0.265077 0.798415 0.455415 0.374154 0.346862 0.461569 0.000000 0.000000 0.000000 0.000000 0.094523 0.981785 0.047262 0.000000 0.000000 0.000000 0.002354 0.002215 0.617338 0.526246 0.403646 0.301292 0.270554 0.626246 0.981785 0.047262 0.000000 0.072292 0.634538 0.985354 0.507508 0.119154 0.639523 0.782369 0.710462 0.798508 0.251077 0.548862 0.280923 0.874492 0.978615 0.332831 0.661662 0.557415 0.000000 0.002354 0.002215 0.745015 0.399231 0.191646 0.556308 0.140369 0.662723 1.053046 0.047262 0.000000 0.000000 
14
0.000000 0.378092 0.745477 0.001569 0.208262 0.715508 0.406277 0.374154 0.337015 0.461569 0.000000 0.000000 0.000000 0.000000 0.094523 0.981785 0.047262 0.000000 0.000000 0.000000 0.001569 0.001477 0.631569 0.390862 0.417585 0.301292 0.270554 0.626246 0.981785 0.047262 0.000000 0.072200 0.634538 1.001477 0.395292 0.119154 0.714662 0.846523 0.564646 0.797077 0.251077 0.556754 0.233662 0.906400 0.988462 0.321015 0.661662 0.549538 0.000000 0.001569 0.001477 0.738185 0.230462 0.172923 0.556308 0.145692 0.753569 0.958523 0.047262 0.000000 0.000000 
15
0.000000 0.378092 0.745477 0.001569 0.191800 0.823785 0.406277 0.323938 0.331785 0.460831 0.000000 0.000000 0.000000 0.000000 0.094523 0.981785 0.047262 0.000000 0.000000 0.000000 0.001569 0.001477 0.603415 0.482554 0.387892 0.251077 0.255477 0.622554 0.981785 0.047262 0.000000 0.072200 0.617554 1.022554 0.499446 0.119154 0.698123 0.888800 0.568923 0.803031 0.251077 0.491631 0.153846 0.918954 0.979046 0.226477 0.661662 0.549538 0.000000 0.001569 0.001477 0.701892 0.349523 0.172923 0.506092 0.139538 0.758246 0.960369 0.047262 0.000000 0.000000 
16
0.000000 0.378108 0.748800 0.002354 0.242923 0.814738 0.570477 0.629169 0.259938 0.199723 0.000000 0.000015 0.000000 0.000000 0.094523 0.985108 0.047262 0.000000 0.000000 0.000000 0.002354 0.002215 0.623923 0.504338 0.866892 0.251077 0.278062 0.294585 0.985108 0.047262 0.000000 0.072308 0.656631 0.976954 0.508092 0.305477 0.694354 0.973338 0.710708 0.738585 0.323938 0.538877 0.280923 0.971077 0.299431 0.199723 0.661662 0.553354 0.000000 0.002354 0.002215 0.748677 0.403677 0.374600 0.774892 0.140369 0.508338 0.890585 0.047262 0.000000 0.000000 
17
0.000000 0.378092 0.745477 0.002354 0.264708 0.745554 0.556138 0.629169 0.255400 0.199723 0.000000 0.000000 0.000000 0.000000 0.094523 0.981785 0.047262 0.000000 0.000000 0.000000 0.002354 0.002215 0.613554 0.483600 0.877662 0.251077 0.248892 0.294600 0.981785 0.047262 0.000000 0.072292 0.656631 0.977815 0.497538 0.281769 0.628862 1.056662 0.708785 0.726862 0.323938 0.548031 0.280923 0.972508 0.415231 0.199723 0.661662 0.557415 0.000000 0.002354 0.002215 0.738123 0.405169 0.332169 0.774892 0.139538 0.504631 0.887262 0.047262 0.000000 0.000000 
18
0.000000 0.378092 0.745477 0.001569 0.202354 0.877954 0.559477 0.578954 0.255400 0.189077 0.000000 0.000000 0.000000 0.000000 0.094523 0.981785 0.047262 0.000000 0.000000 0.000000 0.001569 0.001477 0.602015 0.336708 0.888354 0.200862 0.249092 0.283754 0.981785 0.047262 0.000000 0.072200 0.673615 0.938738 0.497538 0.255415 0.612369 1.033985 0.649846 0.721831 0.323938 0.539385 0.233662 0.955477 0.317508 0.189077 0.661662 0.549538 0.000000 0.001569 0.001477 0.738800 0.251969 0.323631 0.724677 0.139538 0.493985 0.887262 0.047262 0.000000 0.000000 
19
0.000000 0.378092 0.745477 0.001569 0.191800 0.683862 0.520554 0.592738 0.255400 0.094538 0.000000 0.000000 0.000000 0.000000 0.094523 0.981785 0.047262 0.000000 0.000000 0.000000 0.001569 0.001477 0.621954 0.428400 0.851708 0.251077 0.248892 0.189415 0.981785 0.047262 0.000000 0.072200 0.617554 1.045815 0.364769 0.255415 0.609138 1.002692 0.708400 0.649200 0.396800 0.512846 0.162769 0.964523 0.410077 0.094538 0.661662 0.549538 0.000000 0.001569 0.001477 0.694477 0.310892 0.318092 0.738462 0.139538 0.399446 0.887262 0.047262 0.000000 0.000000 
20
0.000000 0.378108 0.748800 0.002354 0.181938 0.855954 0.581200 0.629169 0.259938 0.199723 0.000000 0.000015 0.000000 0.000000 0.094523 0.985108 0.047262 0.000000 0.000000 0.000000 0.002354 0.002215 0.630662 0.483600 0.877462 0.251077 0.278031 0.294615 0.985108 0.047262 0.000000 0.072308 0.656631 0.987508 0.497538 0.275831 0.711323 0.979800 0.719723 0.741108 0.410585 0.531062 0.400892 0.654569 0.390846 0.199723 0.661662 0.465231 0.000000 0.002354 0.002215 0.748677 0.400708 0.338108 0.774892 0.140369 0.508338 0.890585 0.047262 0.000000 0.000000 
21
0.000000 0.378092 0.745477 0.002354 0.181938 0.855954 0.553938 0.629169 0.255400 0.199723 0.000000 0.000000 0.000000 0.000000 0.094523 0.981785 0.047262 0.000000 0.000000 0.000000 0.002354 0.002215 0.620938 0.483169 0.873338 0.251077 0.248892 0.294600 0.981785 0.047262 0.000000 0.072292 0.656631 0.977815 0.497538 0.264323 0.690185 0.984200 0.699785 0.706200 0.374154 0.526938 0.330000 0.643523 0.386892 0.199723 0.661662 0.461908 0.000000 0.002354 0.002215 0.738123 0.399231 0.321062 0.774892 0.139538 0.504631 0.887262 0.047262 0.000000 0.000000 
22
0.000000 0.378092 0.745477 0.001569 0.223462 0.846446 0.533554 0.629169 0.255400 0.189077 0.000000 0.000000 0.000000 0.000000 0.094523 0.981785 0.047262 0.000000 0.000000 0.000000 0.001569 0.001477 0.610031 0.347785 0.874800 0.251077 0.248892 0.283954 0.981785 0.047262 0.000000 0.072200 0.673615 0.938738 0.497538 0.261354 0.644000 1.008738 0.644308 0.695554 0.374154 0.535000 0.336154 0.666985 0.430877 0.189077 0.661662 0.461908 0.000000 0.001569 0.001477 0.738800 0.249000 0.331277 0.774892 0.139538 0.493985 0.887262 0.047262 0.000000 0.000000 
23
0.000000 0.378092 0.745477 0.001569 0.181246 0.693985 0.500169 0.578954 0.255400 0.095523 0.000000 0.000000 0.000000 0.000000 0.094523 0.981785 0.047262 0.000000 0.000000 0.000000 0.001569 0.001477 0.596846 0.439477 0.806462 0.251077 0.248892 0.190400 0.981785 0.047262 0.000000 0.072200 0.712077 0.951292 0.364769 0.261354 0.692985 0.928092 0.708369 0.698800 0.360369 0.552477 0.282738 0.691600 0.406262 0.095523 0.661662 0.461908 0.000000 0.001569 0.001477 0.694477 0.307923 0.332138 0.724677 0.139538 0.400431 0.887262 0.047262 0.000000 0.000000 
24
0.000000 0.378108 0.748800 0.002354 0.257108 0.796846 0.573431 0.629169 0.266954 0.199723 0.000000 0.000015 0.000000 0.000000 0.094523 0.985108 0.047262 0.000000 0.000000 0.000000 0.002354 0.002215 0.598954 0.500185 0.843508 0.301292 0.289200 0.295723 0.985108 0.047262 0.000000 0.072308 0.656631 0.978031 0.497538 0.299523 0.710400 0.980354 0.701369 0.763077 0.374154 0.208031 0.280923 0.728785 0.584062 0.199723 0.661662 0.553354 0.000000 0.002354 0.002215 0.745538 0.390369 0.361800 0.774892 0.154400 0.505754 0.890585 0.047262 0.000000 0.000000 
25
0.000000 0.378092 0.745477 0.002354 0.207477 0.846477 0.573938 0.578954 0.272262 0.199723 0.000000 0.000000 0.000000 0.000000 0.094523 0.981785 0.047262 0.000000 0.000000 0.000000 0.002354 0.002215 0.607000 0.496062 0.825400 0.301292 0.262031 0.295708 0.981785 0.047262 0.000000 0.072292 0.656631 0.967477 0.497538 0.275815 0.702615 0.935462 0.713554 0.735923 0.337723 0.193646 0.280923 0.729646 0.591923 0.199723 0.661662 0.557415 0.000000 0.002354 0.002215 0.745015 0.388892 0.335523 0.774892 0.154400 0.505738 0.887262 0.047262 0.000000 0.000000 
26
0.000000 0.378092 0.745477 0.001569 0.256415 0.659985 0.558000 0.629169 0.272246 0.105185 0.000000 0.000000 0.000000 0.000000 0.094523 0.981785 0.047262 0.000000 0.000000 0.000000 0.001569 0.001477 0.624200 0.350277 0.814477 0.301292 0.259385 0.201154 0.981785 0.047262 0.000000 0.072200 0.673615 0.937477 0.497538 0.265415 0.698000 0.961462 0.706185 0.714231 0.374154 0.198385 0.233662 0.772908 0.626431 0.105185 0.661662 0.549538 0.000000 0.001569 0.001477 0.738185 0.238662 0.335338 0.774892 0.147415 0.411185 0.887262 0.047262 0.000000 0.000000 
27
0.000000 0.378092 0.745477 0.001569 0.191800 0.771046 0.508662 0.642954 0.264369 0.105185 0.000000 0.000000 0.000000 0.000000 0.094523 0.981785 0.047262 0.000000 0.000000 0.000000 0.001569 0.001477 0.594554 0.440862 0.823631 0.251077 0.259385 0.201154 0.981785 0.047262 0.000000 0.072200 0.617554 1.021323 0.379538 0.264308 0.685108 1.016938 0.587092 0.714908 0.374154 0.198385 0.162769 0.772908 0.626431 0.105185 0.661662 0.549538 0.000000 0.001569 0.001477 0.701892 0.297585 0.332123 0.738462 0.151754 0.411185 0.887262 0.047262 0.000000 0.000000 
28
0.000000 0.378108 0.748800 0.002354 0.211077 0.751354 0.511215 0.447015 0.427046 0.302354 0.000000 0.000015 0.000000 0.000000 0.094523 0.985108 0.047262 0.000000 0.000000 0.000000 0.002354 0.029908 0.468138 0.507292 0.638631 0.251077 0.548123 0.294262 0.985108 0.047262 0.000000 0.080769 0.571246 0.976554 0.497538 0.228400 0.636938 0.750646 0.692492 0.830431 0.301292 0.463447 0.441600 0.766231 0.980600 0.388754 0.661662 0.553354 0.000000 0.002354 0.029908 0.566523 0.388892 0.300492 0.592738 0.227969 0.695800 0.890585 0.047262 0.000000 0.000000 
29
0.000000 0.378092 0.745477 0.002354 0.250154 0.661262 0.520954 0.410585 0.413077 0.321631 0.000000 0.000000 0.000000 0.000000 0.094523 0.981785 0.047262 0.000000 0.000000 0.000000 0.002354 0.029908 0.478631 0.475046 0.610062 0.251077 0.528831 0.283600 0.981785 0.047262 0.000000 0.080754 0.571246 0.975692 0.497538 0.216892 0.677538 0.720646 0.701723 0.837169 0.301292 0.504554 0.321354 0.767369 0.980600 0.388754 0.661662 0.557415 0.000000 0.002354 0.029908 0.644062 0.387415 0.273231 0.556308 0.227969 0.695785 0.887262 0.047262 0.000000 0.000000 
30
0.000000 0.378092 0.745477 0.001569 0.210385 0.739323 0.520954 0.410585 0.413077 0.227092 0.000000 0.000000 0.000000 0.000000 0.094523 0.981785 0.047262 0.000000 0.000000 0.000000 0.001569 0.029169 0.518308 0.339662 0.624354 0.251077 0.528831 0.189062 0.981785 0.047262 0.000000 0.080662 0.588231 0.926923 0.497538 0.202046 0.696200 0.710092 0.689077 0.830862 0.301292 0.498985 0.290831 0.756400 0.985769 0.461631 0.661662 0.549538 0.000000 0.001569 0.029169 0.672646 0.237185 0.273231 0.556308 0.227969 0.601246 0.887262 0.047262 0.000000 0.000000 
31
0.000000 0.378092 0.745477 0.001569 0.210385 0.583200 0.467185 0.410585 0.425385 0.213954 0.000000 0.000000 0.000000 0.000000 0.094523 0.981785 0.047262 0.000000 0.000000 0.000000 0.001569 0.029169 0.478846 0.431354 0.623446 0.251077 0.528000 0.221000 0.981785 0.047262 0.000000 0.080662 0.626692 0.942431 0.361815 0.202046 0.699600 0.641631 0.543846 0.819615 0.301292 0.498985 0.314462 0.736846 1.000154 0.461646 0.661662 0.549538 0.000000 0.001569 0.029169 0.628938 0.296108 0.267692 0.556308 0.227969 0.595092 0.887262 0.047262 0.000000 0.000000 
32
0.000000 0.378108 0.748800 0.077523 0.201046 0.724380 0.595239 0.640255 0.286427 0.207113 0.000000 0.000015 0.000000 0.000000 0.094523 0.922840 0.437657 0.998730 0.999986 0.999989 0.449761 0.085620 0.466896 0.500185 0.837778 0.291203 0.270741 0.272999 0.923952 0.405407 0.999942 0.638646 0.555877 0.978031 0.498000 0.627086 0.968208 0.886385 0.694785 0.760538 0.374154 0.246400 0.260951 0.478440 0.838214 0.199723 0.661662 0.559330 0.801206 0.398027 0.054147 0.618585 0.415001 0.360674 0.792560 0.007920 0.547760 0.926106 0.268369 0.980629 0.998917 
33
0.000000 0.378092 0.745477 0.077508 0.201046 0.713179 0.560587 0.655035 0.275326 0.207113 0.000000 0.000000 0.000000 0.000000 0.098218 0.923042 0.259726 0.000000 0.000000 0.000000 0.053531 0.085512 0.475545 0.479015 0.855381 0.298593 0.285581 0.288017 0.927069 0.266157 0.000000 0.076892 0.555877 0.978031 0.497538 0.298689 0.699385 0.885015 0.691323 0.751738 0.374154 0.231477 0.201689 0.608363 0.705573 0.199723 0.661662 0.552361 0.000000 0.089073 0.065232 0.618585 0.410410 0.333066 0.792603 0.000000 0.558788 0.924558 0.252658 0.004254 0.000000 
34
0.000000 0.378092 0.745477 0.077415 0.229569 0.594221 0.547593 0.649493 0.291734 0.108880 0.000000 0.000000 0.000000 0.000000 0.094523 0.927430 0.253011 0.000000 0.000000 0.000000 0.023837 0.117035 0.499668 0.343631 0.853258 0.298593 0.264162 0.304268 0.923822 0.251347 0.000000 0.076800 0.572862 0.928400 0.497585 0.298697 0.717354 0.874292 0.701523 0.718323 0.374154 0.237138 0.201474 0.747524 0.674781 0.127308 0.661662 0.550400 0.000000 0.076418 0.061537 0.498821 0.278378 0.329404 0.792603 0.000000 0.569565 0.924385 0.260917 0.000000 0.000000 
35
0.000000 0.378092 0.737600 0.077415 0.190492 0.496073 0.506818 0.632864 0.265085 0.108880 0.000000 0.000000 0.000000 0.000000 0.094523 0.927474 0.256912 0.000000 0.000000 0.000000 0.028297 0.119972 0.470212 0.435323 0.845867 0.294898 0.241209 0.211201 0.928152 0.243820 0.000000 0.076800 0.611323 0.926800 0.372277 0.264308 0.606446 1.028846 0.555600 0.718646 0.374154 0.224400 0.185383 0.731513 0.678890 0.127034 0.661662 0.552748 0.000000 0.080806 0.068928 0.525262 0.335323 0.340567 0.792473 0.000000 0.559796 0.831161 0.241912 0.005953 0.000000 
36
0.000000 0.378108 0.748800 0.002985 0.191892 0.653923 0.596338 1.015138 0.859862 0.199723 0.000000 0.000015 0.000000 0.000000 0.094523 0.985108 0.047892 0.000000 0.000000 0.000000 0.002354 0.075277 0.311400 0.461723 0.923231 1.011200 0.530400 0.294262 0.985108 0.047892 0.000000 0.076908 0.555877 0.838954 0.497538 0.053677 0.948108 0.967323 1.025323 0.935477 1.037815 0.699292 0.280923 0.673462 0.679708 0.199723 0.661662 0.553354 0.000000 0.002354 0.075277 0.534154 0.318000 0.331585 0.979692 0.924338 0.504292 0.890585 0.047892 0.000000 0.000000 
37
0.000000 0.378092 0.745477 0.002969 0.191892 0.653923 0.621262 0.978708 0.840554 0.199723 0.000000 0.000000 0.000000 0.000000 0.094523 0.981785 0.047877 0.000000 0.000000 0.000000 0.002354 0.075277 0.311385 0.407138 0.916492 0.975831 0.538277 0.283600 0.981785 0.047877 0.000000 0.076892 0.555877 0.838954 0.507354 0.042154 0.937262 0.978277 1.041400 1.000277 0.998415 0.681308 0.280923 0.659077 0.675046 0.199723 0.661662 0.550369 0.000000 0.002354 0.075277 0.534154 0.318000 0.320077 0.979692 0.932215 0.504277 0.887262 0.047877 0.000000 0.000000 
38
0.000000 0.378092 0.745477 0.002185 0.230185 0.495262 0.536600 1.015138 0.815754 0.105185 0.000000 0.000000 0.000000 0.000000 0.094523 0.981785 0.047877 0.000000 0.000000 0.000000 0.001569 0.074492 0.248215 0.262062 0.971462 0.989615 0.516615 0.189062 0.981785 0.047877 0.000000 0.076800 0.572862 0.756185 0.497538 0.042154 0.937262 1.026277 0.973646 0.979477 1.045492 0.668477 0.233662 0.685538 0.621231 0.105185 0.661662 0.550369 0.000000 0.001569 0.074492 0.417554 0.134385 0.317108 0.979692 0.938123 0.409738 0.887262 0.047877 0.000000 0.000000 
39
0.000000 0.378092 0.737600 0.002185 0.191108 0.432800 0.571554 0.999385 0.812000 0.094538 0.000000 0.000000 0.000000 0.000000 0.094523 0.981785 0.040000 0.000000 0.000000 0.000000 0.001569 0.074492 0.272308 0.352277 0.947769 0.995446 0.460892 0.210354 0.981785 0.040000 0.000000 0.076800 0.611323 0.824677 0.320892 0.040677 0.933477 1.016708 0.999800 0.935154 1.046839 0.693262 0.162769 0.685538 0.621246 0.094538 0.661662 0.550354 0.000000 0.001569 0.074492 0.451385 0.269769 0.315631 1.000369 0.945785 0.399092 0.887262 0.040000 0.000000 0.000000 
40
0.000000 0.378108 0.748800 0.002985 0.276323 0.720400 0.587785 0.629169 0.263769 0.199723 0.000000 0.000015 0.000000 0.000000 0.094523 0.985108 0.047892 0.000000 0.000000 0.000000 0.002354 0.096385 0.427985 0.478000 0.856400 0.301292 0.282215 0.294262 0.985108 0.047892 0.000000 0.076908 0.555877 0.955662 0.510831 0.292708 0.713292 0.876123 0.721446 0.738231 0.374154 0.251246 0.280923 0.655262 0.657154 0.199723 0.661662 0.544985 0.000000 0.002354 0.059908 0.594877 0.402185 0.373077 0.774892 0.148246 0.504292 0.890585 0.047892 0.000000 0.000000 
41
0.000000 0.378092 0.745477 0.002969 0.265769 0.717431 0.565385 0.629169 0.255046 0.199723 0.000000 0.000000 0.000000 0.000000 0.094523 0.981785 0.047877 0.000000 0.000000 0.000000 0.002354 0.096385 0.412969 0.478000 0.852462 0.301292 0.248892 0.294246 0.981785 0.047877 0.000000 0.076892 0.555877 0.955662 0.507508 0.291585 0.697538 0.874077 0.710215 0.732123 0.287508 0.274385 0.280923 0.530877 0.786246 0.199723 0.661662 0.541662 0.000000 0.002354 0.059908 0.623400 0.402185 0.353246 0.774892 0.139538 0.504277 0.887262 0.047877 0.000000 0.000000 
42
0.000000 0.378092 0.745477 0.002185 0.304062 0.601615 0.521277 0.629169 0.255046 0.105185 0.000000 0.000000 0.000000 0.000000 0.094523 0.981785 0.047877 0.000000 0.000000 0.000000 0.001569 0.095600 0.452908 0.342615 0.848492 0.301292 0.248892 0.199708 0.981785 0.047877 0.000000 0.076800 0.572862 0.956031 0.539538 0.270846 0.688108 0.884738 0.708062 0.720431 0.323938 0.274185 0.233662 0.696785 0.616354 0.105185 0.661662 0.541662 0.000000 0.001569 0.059123 0.623415 0.217092 0.332508 0.774892 0.139538 0.409738 0.887262 0.047877 0.000000 0.000000 
43
0.000000 0.378092 0.737600 0.002185 0.264985 0.539154 0.519800 0.592738 0.255046 0.094538 0.000000 0.000000 0.000000 0.000000 0.094523 0.981785 0.040000 0.000000 0.000000 0.000000 0.001569 0.095600 0.413769 0.399446 0.862277 0.251077 0.248892 0.189062 0.981785 0.040000 0.000000 0.076800 0.516800 1.024492 0.366738 0.266400 0.691938 0.938477 0.577369 0.685277 0.323938 0.271569 0.162769 0.575815 0.786662 0.094538 0.661662 0.536262 0.000000 0.001569 0.059123 0.463092 0.352477 0.325492 0.738462 0.139538 0.399092 0.887262 0.040000 0.000000 0.000000 
44
0.000000 0.378570 0.748800 0.005938 0.191892 0.653923 0.778785 0.629169 0.192692 0.199723 0.000000 0.000015 0.000000 0.000000 0.094523 0.985108 0.047892 0.000000 0.000000 0.000000 0.005308 0.075277 0.311400 0.580585 0.965292 0.301292 0.192677 0.294262 0.985108 0.047892 0.000000 0.079862 0.533785 0.817354 0.477446 0.505000 0.716062 0.736077 0.675723 0.920000 0.374154 0.185600 0.280923 0.640877 0.657154 0.199723 0.661662 0.544985 0.000000 0.005308 0.059169 0.550262 0.318000 0.574292 0.774892 0.077169 0.504292 0.890585 0.047892 0.000000 0.000000 
45
0.000000 0.378092 0.745477 0.005923 0.191892 0.653923 0.794140 0.629169 0.192677 0.199723 0.000000 0.000000 0.000000 0.000000 0.094523 0.981785 0.047877 0.000000 0.000000 0.000000 0.005308 0.075277 0.311385 0.587969 0.948538 0.301292 0.192677 0.283600 0.981785 0.047877 0.000000 0.079846 0.533785 0.817354 0.507508 0.504985 0.698785 0.649431 0.707108 0.902462 0.374154 0.159169 0.280923 0.640877 0.635492 0.199723 0.661662 0.542077 0.000000 0.005308 0.059169 0.550262 0.318000 0.560015 0.774892 0.077169 0.504277 0.887262 0.047877 0.000000 0.000000 
46
0.000000 0.378092 0.745477 0.005138 0.230185 0.495262 0.755815 0.629169 0.192677 0.105185 0.000000 0.000000 0.000000 0.000000 0.094523 0.981785 0.047877 0.000000 0.000000 0.000000 0.004523 0.074492 0.242277 0.452585 0.968569 0.301292 0.192677 0.189062 0.981785 0.047877 0.000000 0.079754 0.533785 0.919200 0.507508 0.493477 0.612123 0.862062 0.708738 0.863492 0.374154 0.158985 0.233662 0.666246 0.646877 0.105185 0.661662 0.542077 0.000000 0.004523 0.058385 0.433662 0.134385 0.559200 0.774892 0.077169 0.409738 0.887262 0.047877 0.000000 0.000000 
47
0.000000 0.378092 0.737600 0.005138 0.191108 0.432800 0.743508 0.629169 0.183754 0.094538 0.000000 0.000000 0.000000 0.000000 0.094523 0.981785 0.040000 0.000000 0.000000 0.000000 0.004523 0.074492 0.278246 0.510892 0.967446 0.301292 0.183754 0.210354 0.981785 0.040000 0.000000 0.079754 0.516800 0.882646 0.330862 0.492677 0.656862 0.826846 0.572554 0.853938 0.374154 0.158800 0.153846 0.575815 0.786677 0.094538 0.661662 0.535431 0.000000 0.004523 0.058385 0.467492 0.269769 0.559877 0.774892 0.077169 0.390169 0.887262 0.040000 0.000000 0.000000 
48
0.000000 0.378092 0.748800 0.086385 0.179938 0.653923 0.696323 0.592738 0.255062 0.199723 0.000000 0.000000 0.000000 0.000000 0.094523 0.985108 0.047892 0.000000 0.000000 0.000000 0.085062 0.000000 0.374708 0.613354 0.811138 0.301292 0.274338 0.294262 0.985108 0.047892 0.000000 0.079846 0.561785 0.860062 0.477446 0.387262 0.656354 0.849815 0.697969 0.844277 0.323938 0.699862 0.280923 0.537400 0.341046 0.199723 0.661662 0.696615 0.000000 0.085754 0.000000 0.597477 0.320969 0.450215 0.774892 0.140369 0.504292 0.890585 0.047892 0.000000 0.000000 
49
0.000000 0.378092 0.745477 0.086369 0.179938 0.653923 0.706538 0.592738 0.255877 0.199723 0.000000 0.000000 0.000000 0.000000 0.094523 0.981785 0.047877 0.000000 0.000000 0.000000 0.086446 0.000000 0.374708 0.592892 0.808831 0.301292 0.248892 0.283600 0.981785 0.047877 0.000000 0.079846 0.561785 0.860062 0.507508 0.387246 0.691600 0.798908 0.691815 0.839415 0.287508 0.676108 0.280923 0.503462 0.283785 0.199723 0.661662 0.693292 0.000000 0.085754 0.000000 0.597477 0.320969 0.433354 0.774892 0.139538 0.504277 0.887262 0.047877 0.000000 0.000000 
50
0.000000 0.378092 0.745477 0.086369 0.258092 0.459154 0.657415 0.592738 0.255046 0.105185 0.000000 0.000000 0.000000 0.000000 0.094523 0.981785 0.047877 0.000000 0.000000 0.000000 0.085754 0.000000 0.317477 0.458185 0.823123 0.301292 0.248892 0.189062 0.981785 0.047877 0.000000 0.079846 0.578769 0.917446 0.474123 0.360892 0.679677 0.778785 0.693292 0.779523 0.360369 0.678938 0.210031 0.547985 0.283785 0.105185 0.661662 0.686415 0.000000 0.085754 0.000000 0.480862 0.137354 0.434031 0.774892 0.139538 0.409738 0.887262 0.047877 0.000000 0.000000 
51
0.000000 0.378092 0.737600 0.086369 0.169385 0.435769 0.656308 0.556308 0.255046 0.105185 0.000000 0.000000 0.000000 0.000000 0.094523 0.981785 0.040000 0.000000 0.000000 0.000000 0.085754 0.000000 0.325077 0.549877 0.836908 0.251077 0.248892 0.221000 0.981785 0.040000 0.000000 0.079846 0.522708 0.958462 0.364246 0.359785 0.625292 0.919415 0.562523 0.790862 0.360369 0.657615 0.162769 0.542185 0.338923 0.105185 0.661662 0.686400 0.000000 0.085754 0.000000 0.504154 0.272738 0.428492 0.738462 0.139538 0.409738 0.887262 0.040000 0.000000 0.000000 
52
0.000000 0.378092 0.748800 0.077708 0.240123 0.580938 0.576769 0.629169 0.263769 0.199723 0.000000 0.000000 0.000000 0.000000 0.094523 0.985108 0.047892 0.000000 0.000000 0.000000 0.077077 0.000000 0.443154 0.511015 0.834954 0.301292 0.283046 0.294262 0.985108 0.047892 0.000000 0.077077 0.555877 0.965785 0.520123 0.294585 0.702892 0.880538 0.706677 0.752338 0.323938 0.324185 0.284677 0.729415 0.494015 0.199723 0.661662 0.633231 0.047877 0.077077 0.000000 0.618585 0.400708 0.360508 0.774892 0.148246 0.504292 0.890585 0.047892 0.000000 0.000000 
53
0.000000 0.378092 0.745477 0.077692 0.190492 0.706631 0.576769 0.629169 0.263754 0.199723 0.000000 0.000000 0.000000 0.000000 0.094523 0.981785 0.047877 0.000000 0.000000 0.000000 0.077077 0.000000 0.443154 0.484554 0.798769 0.301292 0.255046 0.283600 0.981785 0.047877 0.000000 0.077077 0.555877 0.964923 0.520123 0.294569 0.698569 0.886369 0.718092 0.738892 0.287508 0.329385 0.280923 0.712985 0.461754 0.199723 0.661662 0.629708 0.055631 0.077077 0.000000 0.618585 0.399231 0.360508 0.774892 0.148246 0.504277 0.887262 0.047877 0.000000 0.000000 
54
0.000000 0.378092 0.745477 0.077692 0.190492 0.732185 0.514200 0.629169 0.261200 0.105185 0.000000 0.000000 0.000000 0.000000 0.094523 0.981785 0.047877 0.000000 0.000000 0.000000 0.077077 0.000000 0.466600 0.480431 0.816677 0.301292 0.255046 0.189062 0.981785 0.047877 0.000000 0.077077 0.572862 0.938738 0.464154 0.256015 0.692185 0.875600 0.717185 0.664354 0.360369 0.338400 0.218954 0.705123 0.479077 0.105185 0.661662 0.622200 0.056000 0.077077 0.000000 0.491415 0.351000 0.321046 0.774892 0.145692 0.409738 0.887262 0.047877 0.000000 0.000000 
55
0.000000 0.378092 0.737600 0.077692 0.190492 0.645415 0.514200 0.592738 0.246123 0.105185 0.000000 0.000000 0.000000 0.000000 0.094523 0.981785 0.040000 0.000000 0.000000 0.000000 0.077077 0.000000 0.433400 0.420123 0.851169 0.251077 0.241692 0.221000 0.981785 0.040000 0.000000 0.077077 0.516800 1.045815 0.492277 0.256015 0.689492 0.879523 0.697323 0.675462 0.360369 0.333569 0.213785 0.732523 0.486123 0.105185 0.661662 0.598323 0.079877 0.077077 0.000000 0.525262 0.307923 0.321046 0.738462 0.139538 0.400815 0.887262 0.040000 0.000000 0.000000 
56
0.000000 0.378092 0.748800 0.036169 0.201046 0.718923 0.576769 0.629169 0.264600 0.199723 0.000000 0.000000 0.000000 0.000000 0.094523 0.985108 0.047892 0.000000 0.000000 0.000000 0.035538 0.021108 0.425015 0.508062 0.835862 0.301292 0.276892 0.294262 0.985108 0.047892 0.000000 0.035538 0.555877 0.988369 0.497538 0.297554 0.689231 0.852000 0.726600 0.727831 0.323938 0.324185 0.284677 0.676569 0.505662 0.199723 0.661662 0.680862 0.000000 0.035538 0.000000 0.618585 0.403677 0.360508 0.774892 0.148246 0.504292 0.890585 0.047892 0.000000 0.000000 
57
0.000000 0.378092 0.745477 0.036154 0.201046 0.718923 0.576769 0.629169 0.269077 0.199723 0.000000 0.000000 0.000000 0.000000 0.094523 0.981785 0.047877 0.000000 0.000000 0.000000 0.035538 0.021108 0.425015 0.481600 0.812708 0.301292 0.262923 0.283600 0.981785 0.047877 0.000000 0.035538 0.555877 0.987508 0.497538 0.297538 0.698969 0.837323 0.726600 0.727138 0.287508 0.329385 0.289846 0.693015 0.538554 0.199723 0.661662 0.687892 0.000000 0.035538 0.000000 0.618585 0.399231 0.363477 0.774892 0.148246 0.504277 0.887262 0.047877 0.000000 0.000000 
58
0.000000 0.378092 0.745477 0.036154 0.229569 0.559415 0.514200 0.629169 0.237323 0.105185 0.000000 0.000000 0.000000 0.000000 0.094523 0.981785 0.047877 0.000000 0.000000 0.000000 0.035538 0.021108 0.454400 0.477477 0.816677 0.301292 0.255046 0.189062 0.981785 0.047877 0.000000 0.035538 0.572862 0.938738 0.464154 0.261954 0.683215 0.837323 0.725338 0.657723 0.360369 0.338400 0.218954 0.663554 0.484015 0.105185 0.567138 0.771569 0.000000 0.035538 0.000000 0.491415 0.353969 0.324015 0.774892 0.145692 0.392015 0.887262 0.047877 0.000000 0.000000 
59
0.000000 0.378092 0.737600 0.036154 0.190492 0.675169 0.514200 0.592738 0.246123 0.105185 0.000000 0.000000 0.000000 0.000000 0.094523 0.981785 0.040000 0.000000 0.000000 0.000000 0.035538 0.021108 0.415262 0.428985 0.836323 0.251077 0.222246 0.221000 0.981785 0.040000 0.000000 0.035538 0.516800 1.045815 0.492277 0.261954 0.587508 0.953446 0.715908 0.663277 0.360369 0.333569 0.213785 0.691585 0.521415 0.105185 0.661662 0.677046 0.000000 0.035538 0.000000 0.525262 0.310892 0.324015 0.738462 0.139538 0.400815 0.887262 0.040000 0.000000 0.000000 
60
0.000000 0.378092 0.753723 0.559231 0.201046 0.739600 0.576769 0.629169 0.254969 0.199723 0.000000 0.000000 0.000000 0.000000 0.094523 0.958523 0.630154 0.000000 0.000000 0.000000 0.007846 0.000000 0.449092 0.480185 0.827000 0.301292 0.291138 0.199738 1.053046 0.630154 0.000000 0.007846 0.555877 0.954954 0.639323 0.726169 0.675354 0.842523 0.720831 0.752338 0.323938 0.330785 0.284677 0.694415 0.505662 0.199723 0.567138 0.778831 0.552862 0.007846 0.000000 0.618585 0.400708 0.363477 0.774892 0.146523 0.400969 0.958523 0.512000 0.118154 0.000000 
61
0.000000 0.378092 0.753723 0.559231 0.190492 0.738123 0.561923 0.629169 0.262923 0.199723 0.000000 0.000000 0.000000 0.000000 0.094523 0.958523 0.630154 0.000000 0.000000 0.000000 0.007846 0.000000 0.438538 0.481600 0.819354 0.301292 0.256769 0.189077 1.053046 0.630154 0.000000 0.007846 0.555877 0.964738 0.639323 0.727631 0.666400 0.841092 0.726215 0.727138 0.287508 0.335985 0.284677 0.671415 0.569077 0.199723 0.567138 0.770462 0.568615 0.007846 0.000000 0.608031 0.384385 0.363477 0.774892 0.145692 0.409754 0.958523 0.512000 0.118154 0.000000 
62
0.000000 0.378092 0.759508 0.559231 0.229569 0.582431 0.547585 0.629169 0.255046 0.105185 0.000000 0.000000 0.000000 0.000000 0.094523 0.964308 0.630154 0.000000 0.000000 0.000000 0.007846 0.000000 0.466600 0.481600 0.832754 0.301292 0.248892 0.094538 1.058831 0.630154 0.000000 0.007846 0.572862 0.925662 0.639323 0.706892 0.650646 0.850000 0.724108 0.657723 0.360369 0.320600 0.210031 0.681400 0.484015 0.105185 0.567138 0.784615 0.552862 0.007846 0.000000 0.491415 0.384385 0.326985 0.774892 0.145692 0.315215 0.964308 0.512000 0.118154 0.000000 
63
0.000000 0.378092 0.753723 0.562175 0.190492 0.612277 0.514200 0.592738 0.255046 0.105185 0.000000 0.000000 0.000000 0.000000 0.094523 0.958523 0.630154 0.000000 0.000000 0.000000 0.007846 0.000000 0.439338 0.455262 0.838477 0.251077 0.231169 0.126477 1.053046 0.630154 0.000000 0.007846 0.516800 1.023015 0.632862 0.705415 0.620523 0.871154 0.722308 0.669154 0.360369 0.331185 0.218954 0.673738 0.521415 0.105185 0.567138 0.778831 0.560246 0.007846 0.000000 0.525262 0.307923 0.326985 0.738462 0.136831 0.315215 0.958523 0.512000 0.118154 0.000000 
64
0.000000 0.378092 0.745846 0.008477 0.201046 0.718923 0.582308 0.629169 0.254969 0.199723 0.000000 0.000000 0.000000 0.000000 0.094523 0.958523 0.071523 0.000000 0.000000 0.000000 0.007846 0.010554 0.435569 0.491262 0.879031 0.251077 0.273415 0.294262 0.958523 0.071523 0.000000 0.007846 0.555877 0.954185 0.521169 0.288646 0.665138 0.842523 0.714431 0.747892 0.323938 0.324185 0.289846 0.701785 0.557462 0.199723 0.661662 0.614738 0.063831 0.007846 0.000000 0.618585 0.400708 0.369015 0.774892 0.146523 0.495492 0.864000 0.071523 0.000000 0.000000 
65
0.000000 0.378092 0.745846 0.008462 0.190492 0.718923 0.551708 0.629169 0.262923 0.199723 0.000000 0.000000 0.000000 0.000000 0.094523 0.958523 0.071508 0.000000 0.000000 0.000000 0.007846 0.010554 0.425015 0.487138 0.874046 0.251077 0.256769 0.283600 0.958523 0.071508 0.000000 0.007846 0.555877 0.963908 0.521169 0.285662 0.671938 0.841092 0.712169 0.711723 0.287508 0.329385 0.280923 0.670692 0.505662 0.199723 0.661662 0.621785 0.063508 0.007846 0.000000 0.608031 0.384385 0.353262 0.774892 0.145692 0.504277 0.864000 0.071508 0.000000 0.000000 
66
0.000000 0.378092 0.745846 0.008462 0.229569 0.603108 0.553123 0.629169 0.255046 0.105185 0.000000 0.000000 0.000000 0.000000 0.094523 0.958523 0.071508 0.000000 0.000000 0.000000 0.007846 0.010554 0.464954 0.363569 0.864692 0.251077 0.248892 0.189062 0.958523 0.071508 0.000000 0.007846 0.572862 0.915108 0.521169 0.264923 0.656185 0.850000 0.712169 0.690385 0.323938 0.332738 0.210031 0.671954 0.484015 0.105185 0.661662 0.638677 0.039892 0.007846 0.000000 0.491415 0.249000 0.332523 0.774892 0.145692 0.409738 0.864000 0.071508 0.000000 0.000000 
67
0.000000 0.378092 0.739815 0.008462 0.190492 0.496092 0.514200 0.592738 0.255046 0.105185 0.000000 0.000000 0.000000 0.000000 0.094523 0.960369 0.063631 0.000000 0.000000 0.000000 0.007846 0.010554 0.425815 0.448985 0.823631 0.251077 0.248892 0.221000 0.960369 0.063631 0.000000 0.007846 0.611323 0.933538 0.374615 0.264923 0.620523 0.942415 0.572877 0.705246 0.323938 0.332246 0.210031 0.674831 0.542246 0.105185 0.661662 0.616646 0.063769 0.007846 0.000000 0.525262 0.307923 0.326985 0.738462 0.136831 0.409738 0.865846 0.063631 0.000000 0.000000 
68
0.000000 0.378092 0.730092 0.024231 0.201046 0.723354 0.573431 0.629169 0.255892 0.199723 0.000000 0.000000 0.000000 0.000000 0.094523 0.958523 0.071523 0.000000 0.000000 0.000000 0.007846 0.000000 0.450554 0.507292 0.816677 0.301292 0.274338 0.294262 0.958523 0.071523 0.000000 0.007846 0.533785 0.956215 0.521169 0.309062 0.665138 0.846954 0.713662 0.733369 0.374154 0.295385 0.280923 0.670123 0.513846 0.199723 0.661662 0.680877 0.000000 0.007846 0.000000 0.579508 0.403662 0.380523 0.774892 0.140369 0.504292 0.864000 0.071523 0.000000 0.000000 
69
0.000000 0.378092 0.730092 0.024215 0.190492 0.720385 0.559092 0.629169 0.255046 0.189077 0.000000 0.000000 0.000000 0.000000 0.094523 0.958523 0.071508 0.000000 0.000000 0.000000 0.007846 0.000000 0.437031 0.486554 0.811692 0.301292 0.248892 0.294246 0.958523 0.071508 0.000000 0.007846 0.533785 0.966585 0.521169 0.270492 0.671938 0.845523 0.701754 0.732800 0.337723 0.268523 0.280923 0.658846 0.529154 0.199723 0.661662 0.685292 0.000000 0.007846 0.000000 0.608031 0.388815 0.335523 0.774892 0.139538 0.504277 0.864000 0.071508 0.000000 0.000000 
70
0.000000 0.378092 0.730092 0.024215 0.229569 0.603092 0.562431 0.578954 0.255046 0.094538 0.000000 0.000000 0.000000 0.000000 0.094523 0.958523 0.071508 0.000000 0.000000 0.000000 0.007846 0.000000 0.475492 0.339662 0.838138 0.301292 0.248892 0.199708 0.958523 0.071508 0.000000 0.007846 0.533785 1.002123 0.412585 0.258985 0.656185 0.854431 0.707600 0.669154 0.410585 0.279754 0.210031 0.687862 0.530677 0.105185 0.661662 0.677415 0.000000 0.007846 0.000000 0.608031 0.253431 0.324015 0.774892 0.139538 0.409738 0.864000 0.071508 0.000000 0.000000 
71
0.000000 0.378092 0.731938 0.016338 0.190492 0.497554 0.508662 0.642954 0.255046 0.126477 0.000000 0.000000 0.000000 0.000000 0.094523 0.960369 0.063631 0.000000 0.000000 0.000000 0.007846 0.000000 0.437831 0.431354 0.852615 0.251077 0.248892 0.199708 0.960369 0.063631 0.000000 0.007846 0.516800 1.017908 0.501138 0.258985 0.620523 0.936462 0.570431 0.660585 0.410585 0.279262 0.210031 0.700262 0.513938 0.105185 0.661662 0.679262 0.000000 0.007846 0.000000 0.447723 0.312354 0.335092 0.738462 0.139538 0.409738 0.865846 0.063631 0.000000 0.000000 
72
0.000000 0.378092 0.722215 0.029754 0.116615 0.653923 0.805046 1.021046 0.242892 0.199723 0.000000 0.000000 0.000000 0.000000 0.094523 0.958523 0.071523 0.000000 0.000000 0.000000 0.005492 0.000000 0.311385 0.651877 0.944815 0.706954 0.192677 0.294246 0.958523 0.071523 0.000000 0.005492 0.555877 0.795262 0.531138 0.430708 0.803385 0.992308 0.794554 0.917985 0.629169 0.709138 0.304554 0.670123 0.548754 0.199723 0.567138 0.557431 0.000000 0.005492 0.000000 0.534154 0.318000 0.592200 0.943262 0.350892 0.409754 0.958523 0.071523 0.000000 0.000000 
73
0.000000 0.378092 0.722215 0.029738 0.116615 0.653923 0.796262 1.021046 0.242892 0.199723 0.000000 0.000000 0.000000 0.000000 0.094523 0.958523 0.071508 0.000000 0.000000 0.000000 0.005492 0.000000 0.311385 0.650400 0.944815 0.706954 0.192677 0.294246 0.958523 0.071508 0.000000 0.005492 0.555877 0.788123 0.494585 0.408477 0.820000 0.960215 0.743892 0.917985 0.629169 0.734738 0.233662 0.648508 0.544169 0.199723 0.567138 0.557415 0.000000 0.005492 0.000000 0.534154 0.303154 0.590723 0.943262 0.350892 0.409754 0.958523 0.071508 0.000000 0.000000 
74
0.000000 0.378092 0.722215 0.029738 0.155692 0.498231 0.813938 0.984615 0.242892 0.105185 0.000000 0.000000 0.000000 0.000000 0.094523 0.958523 0.071508 0.000000 0.000000 0.000000 0.005492 0.000000 0.251185 0.515015 0.944985 0.670523 0.192677 0.199708 0.958523 0.071508 0.000000 0.005492 0.572862 0.756185 0.531138 0.429215 0.799262 0.961369 0.804062 0.889892 0.665600 0.738062 0.233662 0.700262 0.481092 0.105185 0.567138 0.557415 0.000000 0.005492 0.000000 0.417538 0.167769 0.590723 0.943262 0.314462 0.315215 0.958523 0.071508 0.000000 0.000000 
75
0.000000 0.378092 0.724062 0.021862 0.116615 0.389723 0.773169 0.984615 0.214677 0.094538 0.000000 0.000000 0.000000 0.000000 0.094523 0.960369 0.063631 0.000000 0.000000 0.000000 0.005492 0.000000 0.272308 0.595200 0.953615 0.670523 0.164462 0.189062 0.960369 0.063631 0.000000 0.005492 0.611323 0.824677 0.351292 0.417708 0.799262 0.961369 0.751723 0.895877 0.665600 0.718646 0.177477 0.682692 0.540523 0.094538 0.567138 0.551385 0.000000 0.005492 0.000000 0.451385 0.226692 0.580369 0.943262 0.295169 0.295646 0.960369 0.063631 0.000000 0.000000 
76
0.000000 0.378092 0.714338 0.036123 0.201046 0.732200 0.566354 0.578954 0.256708 0.210369 0.000000 0.000000 0.000000 0.000000 0.094523 0.958523 0.071523 0.000000 0.000000 0.000000 0.003985 0.021108 0.422062 0.483600 0.883908 0.200862 0.269015 0.304892 0.958523 0.071523 0.000000 0.003985 0.555877 0.960308 0.501077 0.270523 0.700000 0.901600 0.578185 0.745846 0.396800 0.469477 0.280923 0.655738 1.004785 0.236969 0.661662 0.639769 0.041108 0.003985 0.000000 0.501969 0.396277 0.353862 0.724677 0.140369 0.420400 0.958523 0.071523 0.000000 0.000000 
77
0.000000 0.378092 0.714338 0.036108 0.201046 0.732200 0.553938 0.578954 0.261200 0.294608 0.000000 0.000000 0.000000 0.000000 0.094523 0.958523 0.071508 0.000000 0.000000 0.000000 0.003985 0.021108 0.420585 0.472092 0.865492 0.200862 0.255046 0.388785 0.958523 0.071508 0.000000 0.003985 0.555877 0.960092 0.531138 0.259000 0.723985 0.897615 0.561877 0.719646 0.360369 0.466369 0.280923 0.656062 0.996862 0.339862 0.661662 0.621785 0.063508 0.003985 0.000000 0.579508 0.381431 0.326600 0.724677 0.140369 0.504292 0.958523 0.071508 0.000000 0.000000 
78
0.000000 0.378092 0.714338 0.036108 0.229569 0.572062 0.533554 0.578954 0.255046 0.199723 0.000000 0.000000 0.000000 0.000000 0.094523 0.958523 0.071508 0.000000 0.000000 0.000000 0.003985 0.021108 0.432154 0.336708 0.883508 0.200862 0.255046 0.294246 0.958523 0.071508 0.000000 0.003985 0.572862 0.910677 0.531138 0.259000 0.655385 0.814985 0.554769 0.729108 0.396800 0.498246 0.210031 0.704000 0.991231 0.245323 0.661662 0.621785 0.055631 0.003985 0.000000 0.608031 0.244569 0.318092 0.724677 0.145692 0.409754 0.958523 0.071508 0.000000 0.000000 
79
0.000000 0.378092 0.716185 0.028231 0.190492 0.466523 0.500169 0.528738 0.246123 0.199723 0.000000 0.000000 0.000000 0.000000 0.094523 0.960369 0.063631 0.000000 0.000000 0.000000 0.003985 0.021108 0.410831 0.428400 0.867754 0.150646 0.239969 0.294246 0.960369 0.063631 0.000000 0.003985 0.516800 1.020062 0.379200 0.256031 0.698446 0.844815 0.566862 0.723892 0.310154 0.467785 0.201108 0.688185 1.016246 0.230123 0.661662 0.623631 0.055631 0.003985 0.000000 0.564338 0.303492 0.318092 0.674462 0.139538 0.400831 0.960369 0.063631 0.000000 0.000000 
