task94
0.012000 1.000583 2.000969 2.001144 3.011651 3.011721 4.010350 4.010419 5.041000 5.042079 
task15
0.022000 1.012875 2.010969 2.015700 3.021651 3.024087 4.040940 4.048317 5.075999 5.152468 
task10
0.022000 1.010460 2.010969 2.010975 3.021651 3.021684 4.040940 4.042447 5.075999 5.150095 
task13
0.022000 1.010509 2.010969 2.011093 3.021651 3.021730 4.040940 4.046178 5.075999 5.149857 
task0
0.022000 1.010835 2.010969 2.011371 3.021651 3.021975 4.040940 4.044778 5.075999 5.102698 
task5
0.024000 1.011578 2.012424 2.012746 3.024010 3.024618 4.049267 4.051839 5.164098 5.204969 
task1
0.024000 1.011669 2.012729 2.012772 3.024584 3.024655 4.046567 4.047287 5.164711 5.164862 
task8
0.024000 1.013495 2.011818 2.012172 3.022874 3.023576 4.049551 4.054567 5.163855 5.206556 
task12
0.024000 1.011672 2.012390 2.012894 3.022275 3.022944 4.046940 4.047147 5.163515 5.203969 
task11
0.024000 1.013206 2.011655 2.012437 3.023195 3.024076 4.045657 4.046477 5.164505 5.207577 
task2
0.024000 1.011669 2.012514 2.012842 3.024108 3.024863 4.046996 4.047870 5.164732 5.207798 
task9
0.024000 1.013437 2.012023 2.012562 3.023527 3.024166 4.046831 4.047617 5.163456 5.206631 
task6
0.024000 1.011623 2.012747 2.013380 3.023155 3.023852 4.046537 4.047211 5.163598 5.197976 
task3
0.024000 1.013265 2.011663 2.012400 3.023240 3.023897 4.046638 4.047395 5.165013 5.208097 
task4
0.024000 1.011849 2.012895 2.013423 3.023332 3.024024 4.051010 4.056433 5.163999 5.204586 
task7
0.024000 1.012461 2.012969 2.012977 3.023651 3.023686 4.049731 4.052198 5.163611 5.199779 
task14
0.024305 1.013317 2.012123 2.012248 3.023474 3.023561 4.046984 4.047740 5.164468 5.166089 
task16
0.032000 1.086356 2.020969 2.086982 3.031651 3.097554 4.066323 4.151534 5.229212 5.337123 
task17
0.032305 0.043455 1.086420 1.097345 2.087348 2.098521 3.097839 3.109511 4.254184 4.273410 5.337786 5.349050 
task20
0.032379 0.195085 1.086420 1.248972 2.087421 2.251413 3.097913 3.261132 4.254331 4.568211 5.337786 5.501866 
task19
0.222379 0.231625 1.277208 1.286994 2.278770 2.287837 3.287914 3.297040 4.662334 4.664346 5.530833 5.549514 
task18
0.246490 0.246831 0.248111 0.248432 0.252475 0.271964 1.292643 1.301294 1.307803 1.326843 2.302844 2.304737 2.310926 2.332590 3.305777 3.314921 3.318232 3.318573 3.319036 3.319612 3.319910 3.320620 3.321036 3.321344 3.321367 3.342837 4.676407 4.676827 4.677401 4.678334 4.678407 4.678665 4.682407 4.682696 4.683301 4.684255 4.684407 4.684716 4.688408 4.709662 5.540872 5.548346 
task21
0.252416 0.253502 0.254185 0.255171 1.307744 1.310418 2.310809 2.314498 3.321267 3.324199 4.688407 4.690901 5.564826 5.568758 5.571559 5.574458 
task22
0.274490 0.274812 0.276244 0.276516 0.276521 0.276632 0.276654 0.276700 1.329803 1.329883 1.329902 1.329995 1.331298 1.331500 1.331554 1.331598 1.331615 1.331798 1.331823 1.331869 1.331933 1.332072 1.332906 1.333066 2.332345 2.332872 2.332976 2.333234 2.334376 2.334462 2.334976 2.335241 2.335381 2.335563 2.335931 2.336039 2.336376 2.336494 2.336780 2.337729 3.344150 3.344286 3.344291 3.344495 3.345367 3.345553 3.346028 3.346708 3.347036 3.347552 4.711823 4.712173 4.712408 4.712545 4.713576 4.714235 4.714513 4.714560 4.714860 4.715180 4.715658 4.715860 5.571502 5.571800 5.571826 5.572008 5.572156 5.572754 5.572943 5.573118 5.573134 5.573465 
task23
0.280000 0.280938 1.336099 1.336907 2.342197 2.343076 3.352296 3.353245 4.720406 4.721201 5.598504 5.599370 
task24
0.282304 0.282464 0.282521 0.282682 0.282695 0.282758 1.337329 1.337434 1.337446 1.337469 1.337586 1.337651 1.337823 1.338065 1.338937 1.339237 2.343441 2.343753 2.343992 2.344213 2.344376 2.344531 2.344811 2.345036 2.345041 2.345074 2.345132 2.345391 3.353433 3.353622 3.354099 3.354347 3.354390 3.354588 3.355099 3.355208 3.355338 3.355471 4.721658 4.722295 4.722513 4.722554 4.722860 4.723001 5.599401 5.599540 5.599559 5.599679 5.599752 5.600036 5.600334 5.600554 5.600626 5.600796 5.601007 5.601049 5.601195 5.601376 5.601392 5.601550 
task54
0.290346 0.290683 0.290695 0.292132 0.292330 0.292342 0.292360 0.292369 0.292608 0.292722 0.292736 0.292788 0.293679 0.293786 1.350978 1.351224 1.351454 1.351652 1.351830 1.353134 1.353287 1.353342 1.353871 1.353938 1.354035 1.354069 1.354317 1.354504 2.360384 2.360532 2.360984 2.361191 2.361482 2.361682 2.362007 2.363722 2.364374 2.364788 2.364847 2.365075 2.365095 2.365099 2.366162 2.366600 3.370242 3.371447 3.371481 3.371609 3.372140 3.372430 3.373464 3.373574 3.374443 3.374476 3.375186 3.375352 3.375464 3.375961 4.740520 4.740555 4.740916 4.741940 4.744599 4.745435 4.745614 4.745680 4.745834 4.745862 5.611049 5.612068 5.614472 5.614511 5.614713 5.614854 5.615121 5.615243 5.615561 5.615623 5.615945 5.616376 
task25
0.290346 0.292909 0.293562 0.308956 1.350979 1.369678 2.360384 2.365228 2.365251 2.365368 2.366038 2.368949 3.370242 3.373707 3.374203 3.390609 4.740521 4.745376 4.745388 4.746996 5.610449 5.631158 
task31
0.290696 0.290954 0.292330 0.292446 0.292736 0.292886 1.351454 1.351794 1.351994 1.352265 1.353088 1.353198 1.354035 1.354175 2.360999 2.361415 2.362059 2.362434 2.364374 2.364559 2.366162 2.383378 3.370246 3.370667 3.373500 3.373621 3.374443 3.389209 4.740930 4.741269 4.741697 4.742006 4.745140 4.762449 5.611203 5.611517 5.611567 5.611888 5.614472 5.615692 
task30
0.290696 0.290875 0.292330 0.294697 1.351454 1.351715 1.351995 1.352186 1.353088 1.356025 2.360999 2.361337 2.362059 2.362355 2.364374 2.368438 3.370247 3.370589 3.373500 3.376409 4.740930 4.741190 4.741697 4.741928 4.745140 4.747549 5.611203 5.611438 5.611567 5.611810 5.614472 5.617518 
task35
0.292055 0.292510 1.352154 1.352679 2.360253 2.360648 3.370352 3.370817 4.740461 4.740973 5.610560 5.610941 
task90
0.292212 0.293714 1.352927 1.355711 2.364054 2.365558 3.375362 3.376932 4.745033 4.747818 5.614554 5.617406 
task83
0.292212 0.297360 1.352927 1.357743 2.362007 2.381621 3.373421 3.379266 4.744599 4.749672 5.614384 5.619574 
task33
0.292559 0.292742 0.309679 0.309818 0.310329 0.310417 0.310608 0.310617 0.310705 0.310831 0.352338 0.371490 1.354195 1.354429 1.369871 1.370146 1.370317 1.370390 1.371088 1.371148 1.371227 1.371309 1.413019 1.432281 2.362006 2.362137 2.380847 2.381015 2.381050 2.381132 2.381251 2.381331 2.382049 2.382295 2.382374 2.382478 2.382486 2.382606 2.382852 2.383020 2.383050 2.383137 2.383252 2.383336 2.384049 2.384372 2.384380 2.384482 2.384498 2.384615 2.424904 2.445323 3.373459 3.382617 3.389500 3.389512 3.389581 3.389787 3.390295 3.390406 3.390443 3.390600 3.391186 3.391217 3.391464 3.391592 3.435350 3.452515 4.744599 4.744710 4.745028 4.745159 4.761388 4.761574 4.761614 4.761731 4.761834 4.761942 4.762249 4.762368 4.762644 4.762812 4.763140 4.763283 4.805405 4.823264 5.630472 5.630563 5.630628 5.630658 5.630713 5.630893 5.631121 5.631260 5.631561 5.631689 5.631945 5.632080 5.632472 5.632503 5.632538 5.632573 5.674712 5.728992 
task26
0.352255 0.354873 1.412971 1.415446 2.424852 2.428670 3.435198 3.437664 4.805388 4.808373 5.674629 5.678734 
task86
0.352255 0.367664 1.412971 1.428163 2.424870 2.494516 3.435215 3.504617 4.805405 4.875153 5.674646 5.744561 
task84
0.352331 0.415388 1.413019 1.476028 2.424897 2.488104 3.435336 3.498279 4.805405 4.868861 5.674712 5.732900 
task28
0.410436 0.414643 0.421771 0.428943 1.471154 1.475749 1.483036 1.490270 2.494683 2.501539 3.503566 3.512417 4.864709 4.867336 4.873405 4.883256 5.733277 5.736984 5.742720 5.745077 5.745310 5.751837 
task87
0.421736 0.427540 1.483020 1.488867 2.494649 2.501087 3.504538 3.510950 4.875406 4.881765 5.745277 5.751241 
task85
0.421753 0.452723 1.483036 1.514071 2.494281 2.505001 3.504554 3.536557 4.875422 4.908079 5.745293 5.774972 
task27
0.421754 0.452189 1.483036 1.513259 2.494666 2.526632 3.504555 3.535745 4.875422 4.882685 5.745293 5.751351 
task88
0.450877 0.471330 1.513996 1.530989 2.526793 2.544407 3.535783 3.553901 4.908610 4.924522 5.776659 5.791998 
task29
0.452378 0.453206 0.453776 0.465830 1.511170 1.511515 1.513036 1.513729 1.514000 1.521471 2.524684 2.525719 2.526802 2.544892 3.533383 3.533727 3.535411 3.544644 4.903422 4.904404 4.904727 4.905252 4.905436 4.906301 4.906539 4.907149 4.907436 4.908276 4.908316 4.927140 5.773310 5.773677 5.774812 5.775285 5.775310 5.782702 
task36
0.484396 0.505168 1.513966 1.573657 2.526740 2.581203 3.535695 3.542353 4.908580 4.912832 5.776599 5.781445 
task89
0.485776 0.502372 1.546014 1.567535 2.591098 2.605487 3.585666 3.601967 4.939483 4.946376 4.946925 4.965926 5.842878 5.859792 
task32
0.485780 0.524403 1.513938 1.517482 2.526712 2.528094 2.528133 2.528955 3.535662 3.536945 3.537411 3.540433 4.908553 4.909155 4.909274 4.910278 4.910330 4.910710 5.776571 5.778029 5.778247 5.780232 
task39
0.520537 0.560471 1.589457 1.592691 2.629102 2.631161 2.634308 2.656706 3.569819 3.583470 3.584716 3.609478 4.955396 4.960539 5.842878 5.852266 
task34
0.523912 0.525122 1.589463 1.596371 2.559073 2.567854 2.568477 2.583045 2.589092 2.589308 2.589430 2.589593 2.590296 2.591051 2.591102 2.603647 3.645704 3.654139 5.000942 5.005822 5.808947 5.816390 5.818383 5.818495 5.818695 5.819223 5.819432 5.819914 5.841810 5.842098 5.842383 5.842612 5.842695 5.857030 
task37
0.523931 0.527157 1.589482 1.598265 2.591092 2.594984 3.585671 3.643999 5.000985 5.046321 5.842878 5.846961 
task91
0.524056 0.524199 1.560154 1.560368 2.634253 2.634536 3.650352 3.650505 4.956461 4.956661 5.902560 5.902830 
task92
0.565944 0.576443 1.562043 1.567914 1.574019 1.582757 1.589108 1.605814 2.657188 2.693908 3.677742 3.706904 4.986931 4.999255 5.000991 5.040070 5.926878 5.928886 5.962233 5.928886 5.961412 5.928886 5.957917 5.928886 5.958684 5.928886 5.958895 5.928886 5.958073 5.928886 5.928947 5.929007 5.958459 5.929007 5.959999 5.929007 5.958609 5.929007 5.958649 5.929007 5.955120 5.929007 5.956660 5.929432 5.960933 5.929432 5.958267 5.929432 5.958420 5.929432 5.959354 5.929432 5.957595 5.929432 5.954929 5.929519 5.959647 5.929519 5.958297 5.929519 5.958588 5.929519 5.959384 5.929519 5.956308 5.929519 5.954958 5.929810 5.961088 5.929810 5.958459 5.929810 5.958877 5.929810 5.958872 5.929810 5.957750 5.929810 5.955121 5.930383 5.961008 5.930383 5.959128 5.930383 5.959318 5.930383 5.959343 5.930383 5.957669 5.930383 5.955789 5.930695 5.963023 5.930695 5.963694 5.930695 5.962243 5.930695 5.959684 5.930695 5.959865 5.930695 5.960355 5.930695 5.930787 5.930787 5.959570 5.930787 5.960251 5.930787 5.961232 5.930787 5.959699 5.930787 5.956232 5.930787 5.956913 5.930787 
task93
0.569949 0.573958 1.589489 1.638782 2.662319 2.665294 3.779591 3.800433 5.000936 5.005681 
task38
0.569953 0.594831 1.648061 1.648971 1.649140 1.652881 2.634308 2.636708 3.639685 3.641113 3.641695 3.644528 3.644543 3.654665 5.040991 5.048768 5.049454 5.056321 5.896878 5.908320 
task40
0.594490 0.691666 1.657145 1.758232 2.662320 2.747667 3.645695 3.649177 5.049449 5.052707 5.901432 5.904650 
task42
0.596496 0.601746 1.662601 1.668237 2.697199 2.705176 3.679752 3.685627 5.075454 5.081387 5.928878 5.928878 5.974955 5.928878 5.944232 5.928878 5.944286 5.928878 5.944311 5.928878 5.942324 5.928878 5.940589 5.928878 5.940643 5.928878 5.940668 5.928878 5.938681 5.928878 5.936946 5.928878 5.937000 5.928878 5.936951 5.928878 5.935038 5.928878 5.933228 5.928878 5.933357 5.928878 5.933307 5.928886 5.989552 5.928886 5.990885 5.928886 5.990138 5.928886 5.983566 5.928886 5.984333 5.928886 5.984092 5.928886 5.983344 5.928886 5.992489 5.928886 5.993269 5.928886 5.994528 5.928886 5.993781 5.928886 5.979923 5.928886 5.980616 5.928886 5.980448 5.928886 5.979701 5.928886 5.996133 5.928886 5.996912 5.928886 5.998172 5.928886 5.997498 5.928886 5.976206 5.928886 5.976973 5.928886 5.976805 5.928886 5.976058 5.928886 5.999776 5.930695 5.999602 5.934502 
task41
0.596497 0.612752 1.662602 1.679106 2.696326 2.716120 3.679752 3.697505 5.074503 5.092295 5.928878 5.928878 5.956971 5.928878 5.955161 5.928878 5.955363 5.928878 5.955240 5.928878 5.953328 5.928878 5.951518 5.928878 5.951646 5.928878 5.951597 5.928878 5.949685 5.928878 5.947875 5.928878 5.947929 5.928878 5.947954 5.928878 5.946041 5.928886 5.973330 5.928886 5.973162 5.928886 5.972341 5.928886 5.968920 5.928886 5.969687 5.928886 5.969519 5.928886 5.968698 5.928886 5.965277 5.928886 5.965970 5.928886 5.965876 5.928886 5.965055 5.928886 5.961560 5.928886 5.962327 5.928947 5.971027 5.928947 5.969263 5.928947 5.969573 5.928947 5.969486 5.928947 5.967370 5.928947 5.965606 5.928947 5.965916 5.928947 5.965829 5.928947 5.963713 5.928947 5.961949 5.928947 5.962259 5.928947 5.962172 5.928947 5.955262 5.928947 5.955175 5.928947 5.953376 5.928947 5.951612 5.928947 5.951605 5.928947 5.951518 5.928947 5.949719 5.928947 5.947956 5.928947 5.947948 5.928947 5.947861 5.928947 5.946062 5.928947 5.944299 5.928947 5.944291 5.929007 5.973406 5.929007 5.996465 5.929007 5.998079 5.929007 5.998886 5.929007 5.999056 5.929007 5.969388 5.929007 5.970928 5.929007 5.969593 5.929007 5.969708 5.929007 5.965745 5.929007 5.967285 5.929007 5.965950 5.929007 5.966009 5.929007 5.962102 5.929007 5.963642 5.929007 5.962307 5.929007 5.962292 5.929519 5.966933 5.929519 5.965583 5.929519 5.965948 5.929519 5.966744 5.929519 5.963290 5.929519 5.961940 5.929519 5.962305 5.929519 5.963027 5.929519 5.955249 5.929519 5.956046 5.929519 5.952970 5.929519 5.951620 5.929519 5.951606 5.929519 5.952403 5.929519 5.949327 5.929519 5.947963 5.929519 5.947949 5.929519 5.948673 5.929519 5.945670 5.929519 5.944314 5.929519 5.944284 5.929810 5.973449 5.929810 5.973518 5.929810 5.997667 5.929810 5.998763 5.929810 5.999099 5.929810 5.999020 5.929810 5.972091 5.929810 5.969388 5.929810 5.969806 5.929810 5.969875 5.929810 5.968448 5.929810 5.965745 5.929810 5.966163 5.929810 5.966232 5.929810 5.964731 5.929810 5.962102 5.929810 5.962520 5.929810 5.962589 5.929810 5.955539 5.929810 5.955533 5.929810 5.954411 5.929810 5.951782 5.929810 5.951896 5.929810 5.951890 5.929810 5.950694 5.929810 5.948139 5.929810 5.948253 5.929810 5.948247 5.929810 5.947051 5.929810 5.944496 5.929810 5.944536 5.930383 5.973891 5.930383 5.973915 5.930383 5.997512 5.930383 5.999350 5.930383 5.999466 5.930383 5.999491 5.930383 5.971937 5.930383 5.970057 5.930383 5.970248 5.930383 5.970272 5.930383 5.968294 5.930383 5.966414 5.930383 5.966605 5.930383 5.966629 5.930383 5.964651 5.930383 5.962771 5.930383 5.962962 5.930383 5.962986 5.930383 5.955980 5.930383 5.956005 5.930383 5.954331 5.930383 5.952451 5.930383 5.952337 5.930383 5.952362 5.930383 5.950688 5.930383 5.948808 5.930383 5.948694 5.930383 5.948718 5.930383 5.947045 5.930383 5.945165 5.930383 5.945051 5.930695 5.974438 5.930695 5.974027 5.930695 5.974636 5.930695 5.973256 5.930695 5.970795 5.930695 5.970384 5.930695 5.970993 5.930695 5.969529 5.930695 5.967152 5.930695 5.966741 5.930695 5.967337 5.930695 5.965886 5.930695 5.963508 5.930787 5.966857 5.930787 5.967611 5.930787 5.968518 5.930787 5.966985 5.930787 5.963214 5.930787 5.963968 5.930787 5.964875 5.930787 5.963342 5.945431 
task43
0.699012 0.717008 1.765506 1.778976 2.784327 2.799098 3.780842 3.787910 5.157597 5.174128 
task46
0.708060 0.708289 1.774159 1.774458 2.792258 2.792427 3.804357 3.804596 5.166466 5.166752 
task47
0.710080 0.711369 1.776179 1.777338 2.794277 2.795507 3.806376 3.807476 5.168486 5.169631 
task48
0.763008 0.767940 1.827506 1.833017 2.844341 2.870161 3.845772 3.856050 5.222269 5.247973 
task44
0.765023 0.768109 1.829165 1.834748 2.849244 2.853916 3.849626 3.856081 5.228484 5.237727 
task45
0.780544 0.814566 1.844103 1.853320 2.873761 2.879467 3.862655 3.867970 5.244286 5.247083 5.249212 5.256663 
task49
0.782086 0.783997 1.848104 1.850580 2.849229 2.854297 3.862641 3.865266 5.228470 5.232683 
task50
0.814571 0.818055 1.880118 1.885485 2.868647 2.885558 3.895854 3.900471 5.249212 5.252891 
task51
0.828956 0.832492 1.896132 1.898597 2.873774 2.883786 3.910993 3.915873 5.288831 5.294008 
task52
0.836599 0.836806 0.836969 0.837185 0.838155 0.838541 0.838639 0.838697 0.838701 0.838778 1.902146 1.902674 1.903534 1.903652 1.904172 1.904185 1.904206 1.904258 1.904288 1.904494 1.904503 1.904554 1.904704 1.904807 1.905327 1.905390 1.905518 1.905734 2.915832 2.918616 2.918738 2.918987 3.917896 3.918294 3.918993 3.919181 3.919761 3.919864 3.919968 3.920532 3.920710 3.920832 5.296327 5.296509 5.296630 5.296996 5.297286 5.297762 5.297787 5.297882 5.298175 5.298254 5.298271 5.298698 
task53
0.838141 0.838330 0.838626 0.838652 0.838688 0.838791 0.838995 0.839062 0.839064 0.839106 0.839124 0.839332 1.904172 1.904475 1.904490 1.904606 1.904691 1.904723 1.904730 1.904883 1.905313 1.905478 1.905505 1.905541 1.905545 1.905654 2.918833 2.919239 2.920502 2.920657 2.920738 2.921202 2.921328 2.921357 2.921622 2.921934 3.919747 3.919906 3.919955 3.920408 3.920696 3.920768 3.921006 3.921077 5.296831 5.296990 5.297267 5.297361 5.297595 5.297720 5.297774 5.297975 5.298149 5.298312 5.298324 5.298633 5.298686 5.298742 
task55
0.840181 0.842460 1.906172 1.909572 2.922515 2.925455 3.921818 3.924344 5.299341 5.302308 
task56
0.842413 0.852931 1.908611 1.919998 2.925085 2.936406 3.924232 3.935764 5.302442 5.313838 
task57
0.872413 0.872580 0.872815 0.873097 0.873203 0.873409 1.937804 1.938621 1.938740 1.938873 1.938881 1.939164 1.939641 1.939860 2.955637 2.955844 2.955996 2.956056 2.956095 2.956283 2.956867 2.956956 2.957141 2.957294 2.957318 2.957361 2.957513 2.957607 3.954152 3.954416 3.954483 3.954638 3.954650 3.954726 3.955098 3.955130 3.955309 3.955372 5.332102 5.332625 5.332631 5.332877 5.332907 5.333052 5.333337 5.333530 5.333772 5.333916 
task58
4.010234 4.018731 
task61
4.010493 4.032467 
task62
4.010493 4.018081 
task69
4.010503 4.018094 
task74
4.010532 4.032342 
task73
4.010533 4.029886 
task64
4.028814 4.030287 4.030828 4.033906 4.034535 4.037860 4.038636 4.059315 
task59
4.039654 4.046041 
task75
4.039655 4.046090 
task60
4.049138 4.056423 
task76
4.049166 4.064831 
task63
4.059267 4.061051 4.063324 4.065107 4.065113 4.090690 
task65
4.064371 4.073765 
task66
4.098395 4.098863 
task67
4.099200 4.106246 
task82
4.116710 4.130978 
task80
4.116766 4.249942 
task71
4.116769 4.246201 
task68
4.116839 4.236060 
task77
4.116839 4.237650 
task70
4.248839 4.254329 4.254333 4.474950 
task78
4.254182 4.264820 
task72
4.254333 4.481755 
task81
4.254333 4.560911 
task79
4.507468 4.513295 4.619468 4.620201 4.620333 4.624023 4.628334 4.630181 4.656334 4.656897 4.657203 4.658161 4.659203 4.660141 4.660334 4.660877 4.662407 4.675785 
