5
0.000000 0.012000 1.000000 1.000583 2.000000 2.001144 3.000000 3.011721 4.000000 4.010419 5.000000 5.042079 
0
0.000000 0.024411 1.000000 1.013495 2.000000 2.015700 3.000000 3.024863 4.000000 4.056433 5.000000 5.208097 
4
0.000000 0.289599 1.000000 1.346371 2.000000 2.352499 3.000000 3.362620 4.000000 4.730114 5.000000 5.608694 
1
0.000000 0.598934 1.000000 1.648253 2.000000 2.751280 3.000000 3.847407 4.000000 5.064878 
2
0.000000 0.881333 1.000000 1.948392 2.000000 2.964774 3.000000 3.964133 4.000000 5.464427 
3
4.000000 4.705382 
