0
0.000000 7798016.000000 8158402.000000 10000000.000000 9999945.000000 9999996.000000 9999991.000000 9999899.000000 9999995.000000 9999967.000000 0.000000 10000000.000000 9999891.000000 9999996.000000 10000000.000000 9999988.000000 9999988.000000 9999975.000000 9999895.000000 9999995.000000 9999947.000000 10000000.000000 9999983.000000 9999984.000000 10000000.000000 9999869.000000 9999988.000000 9999999.000000 9999971.000000 9999987.000000 9999985.000000 10000000.000000 9999963.000000 9999963.000000 10000000.000000 9999869.000000 9999988.000000 9999987.000000 9999999.000000 9999959.000000 9999999.000000 10000000.000000 10000000.000000 9999994.000000 9999982.000000 9999982.000000 9995926.000000 9999895.000000 9999991.000000 9999996.000000 9999996.000000 9999971.000000 9999971.000000 9999999.000000 10000000.000000 10000000.000000 9999998.000000 9999997.000000 10000000.000000 10000000.000000 9999999.000000 
1
0.000000 238656.000000 566338.000000 4841434.000000 5099134.000000 5565484.000000 5865484.000000 6006740.000000 6287728.000000 6655500.000000 0.000000 6689804.000000 6664268.000000 7057420.000000 8244323.000000 8300085.000000 8786632.000000 8936860.000000 9113500.000000 9369084.000000 9590576.000000 9624656.000000 9599120.000000 9984080.000000 9999985.000000 9999833.000000 9999999.000000 9999982.000000 9999886.000000 9999966.000000 9999982.000000 9999988.000000 9999988.000000 9999998.000000 9999998.000000 9999992.000000 9999999.000000 9999998.000000 9999998.000000 9999998.000000 9999994.000000 9999999.000000 9999999.000000 10000000.000000 9999985.000000 9999993.000000 9999993.000000 9999998.000000 9999970.000000 9999994.000000 9999993.000000 9999997.000000 9999977.000000 9999997.000000 10000000.000000 10000000.000000 10000000.000000 10000000.000000 9999999.000000 9999990.000000 9999958.000000 
2
0.000000 256064.000000 583746.000000 4814167.000000 5071915.000000 5540329.000000 5838365.000000 5979549.000000 6264905.000000 6593247.000000 0.000000 6625503.000000 6600991.000000 6994143.000000 8181110.000000 8183002.000000 8178051.000000 8325351.000000 8502087.000000 8728339.000000 8928519.000000 8956199.000000 8930663.000000 8938791.000000 9826398.000000 9853762.000000 10000000.000000 9999975.000000 9999951.000000 9999989.000000 9999949.000000 9993731.000000 9994435.000000 9999685.000000 10000000.000000 9999999.000000 9999998.000000 9999993.000000 9999997.000000 9999997.000000 9999997.000000 10000000.000000 10000000.000000 10000000.000000 10000000.000000 9999984.000000 9999992.000000 10000000.000000 9999997.000000 9999993.000000 10000000.000000 9999980.000000 9999968.000000 9999992.000000 10000000.000000 9999989.000000 9999999.000000 10000000.000000 9999999.000000 9999999.000000 9999986.000000 
3
0.000000 256064.000000 583746.000000 4855735.000000 5112507.000000 5570976.000000 5877720.000000 6020696.000000 6294564.000000 6663460.000000 0.000000 6714148.000000 6688612.000000 7081764.000000 8254299.000000 8256191.000000 8248172.000000 8349988.000000 8477348.000000 8787232.000000 8935064.000000 8962712.000000 8937176.000000 9322136.000000 9999999.000000 9999987.000000 9999991.000000 9999990.000000 9999982.000000 9999990.000000 9999994.000000 9995024.000000 9999952.000000 9999762.000000 9999999.000000 9999753.000000 9999999.000000 9999990.000000 9999998.000000 9999998.000000 9999998.000000 10000000.000000 9999999.000000 10000000.000000 9999999.000000 10000000.000000 10000000.000000 9999998.000000 9999975.000000 9999973.000000 9999995.000000 9999999.000000 9999995.000000 9999999.000000 9999998.000000 9999994.000000 9999999.000000 10000000.000000 9999994.000000 9999993.000000 9999927.000000 
4
0.000000 238976.000000 566657.000000 4417958.000000 5017578.000000 5482080.000000 5814728.000000 5955912.000000 6237228.000000 6555494.000000 0.000000 6606950.000000 6581414.000000 6966374.000000 9310925.000000 9365839.000000 9934582.000000 9999988.000000 9999964.000000 9999968.000000 9999975.000000 9999343.000000 9999343.000000 9999920.000000 9999997.000000 9999994.000000 10000000.000000 10000000.000000 9999842.000000 9999978.000000 9999982.000000 10000000.000000 9970350.000000 9999982.000000 9999993.000000 9999993.000000 9999999.000000 9999990.000000 9999998.000000 9999998.000000 9999998.000000 9999999.000000 10000000.000000 10000000.000000 9999987.000000 9999999.000000 9999985.000000 10000000.000000 10000000.000000 9999994.000000 10000000.000000 10000000.000000 9999948.000000 10000000.000000 9999772.000000 9999745.000000 9999998.000000 9999972.000000 9999998.000000 9999999.000000 9999877.000000 
5
0.000000 238656.000000 566337.000000 4882448.000000 5103124.000000 5539738.000000 5869214.000000 6010526.000000 6290002.000000 6645246.000000 0.000000 6679614.000000 6654078.000000 7030846.000000 8222955.000000 8224847.000000 8227036.000000 8370368.000000 8545056.000000 8865032.000000 9028182.000000 9060480.000000 9034944.000000 9419904.000000 10000000.000000 9999824.000000 9999941.000000 9999985.000000 9999969.000000 9999977.000000 9999997.000000 9999933.000000 9999975.000000 10000000.000000 10000000.000000 9999998.000000 9999997.000000 10000000.000000 9999944.000000 10000000.000000 9999988.000000 9999999.000000 9999993.000000 9999999.000000 9999979.000000 9999979.000000 9999987.000000 9999987.000000 9999995.000000 9999955.000000 9999994.000000 9999950.000000 9999982.000000 10000000.000000 9999999.000000 9999998.000000 9999999.000000 9999997.000000 9999998.000000 9999994.000000 9999942.000000 
6
0.000000 238656.000000 566337.000000 4837616.000000 5058340.000000 5494906.000000 5826942.000000 5969790.000000 6253874.000000 6570284.000000 0.000000 6604332.000000 6578796.000000 6963756.000000 9317507.000000 9319399.000000 9397412.000000 9551720.000000 9728072.000000 9999972.000000 9999984.000000 9998264.000000 9997304.000000 9997303.000000 9999999.000000 9999994.000000 10000000.000000 10000000.000000 9999928.000000 10000000.000000 10000000.000000 9999272.000000 9973736.000000 9999972.000000 9999995.000000 9999957.000000 9999987.000000 9999986.000000 9999998.000000 9999998.000000 9999998.000000 10000000.000000 10000000.000000 10000000.000000 9999997.000000 9999997.000000 9992613.000000 9999973.000000 10000000.000000 9999998.000000 9999998.000000 9999929.000000 10000000.000000 9999997.000000 10000000.000000 9999996.000000 10000000.000000 9999994.000000 10000000.000000 9999994.000000 9999973.000000 
7
0.000000 238656.000000 566337.000000 4878000.000000 5098644.000000 5558906.000000 5865650.000000 6008498.000000 6288786.000000 6639570.000000 0.000000 6673618.000000 6648082.000000 7024850.000000 9385609.000000 9387501.000000 9466038.000000 9618514.000000 9793490.000000 9999998.000000 9999982.000000 9992976.000000 9996111.000000 9996112.000000 9999998.000000 9999986.000000 10000000.000000 10000000.000000 10000000.000000 10000000.000000 10000000.000000 9994536.000000 9969000.000000 9993512.000000 9999999.000000 9999995.000000 9999997.000000 10000000.000000 9999992.000000 9999966.000000 9999978.000000 10000000.000000 9999978.000000 9999998.000000 10000000.000000 9999800.000000 9999976.000000 10000000.000000 10000000.000000 9999970.000000 9999992.000000 9999984.000000 9999964.000000 10000000.000000 9999985.000000 9999991.000000 9999999.000000 9999997.000000 9999999.000000 9999983.000000 9999886.000000 
8
0.000000 238656.000000 566337.000000 4884303.000000 5346821.000000 5782931.000000 6116851.000000 6259771.000000 6542771.000000 6843864.000000 0.000000 6877912.000000 6852376.000000 7237336.000000 9600338.000000 9659484.000000 9999995.000000 9999923.000000 9999955.000000 9999958.000000 9999822.000000 9998107.000000 9997147.000000 9999964.000000 10000000.000000 9999993.000000 10000000.000000 9999959.000000 9999999.000000 9999999.000000 9999864.000000 9999964.000000 9974428.000000 9999580.000000 9999998.000000 9999986.000000 10000000.000000 9999991.000000 9999951.000000 9999994.000000 9999982.000000 10000000.000000 9999992.000000 9999996.000000 9999974.000000 9999998.000000 9999998.000000 9999998.000000 10000000.000000 9999979.000000 9999993.000000 9999997.000000 9999997.000000 9999997.000000 10000000.000000 9999993.000000 10000000.000000 10000000.000000 10000000.000000 9999996.000000 9999991.000000 
9
0.000000 238656.000000 566337.000000 4762047.000000 5391957.000000 5870051.000000 6158295.000000 6302679.000000 6583991.000000 6938379.000000 0.000000 6973195.000000 6947659.000000 7324427.000000 9685122.000000 9740884.000000 9999891.000000 9999987.000000 9999987.000000 9999994.000000 9999958.000000 9998668.000000 9999372.000000 9999949.000000 10000000.000000 9999983.000000 9999998.000000 9999997.000000 9999761.000000 9999993.000000 9999997.000000 9999989.000000 9974453.000000 9999605.000000 9999998.000000 10000000.000000 9999998.000000 9999995.000000 9999971.000000 9999994.000000 9999894.000000 9999999.000000 9999987.000000 9999995.000000 9999971.000000 9999995.000000 9999995.000000 10000000.000000 10000000.000000 9999996.000000 9999987.000000 9999999.000000 9999999.000000 9999999.000000 9999988.000000 9999994.000000 10000000.000000 9999985.000000 9999999.000000 9999978.000000 9999998.000000 
