0
0.000000 104448.000000 36864.000000 6546.000000 19072.000000 24256.000000 74880.000000 9472.000000 8684.000000 0.000000 0.000000 135168.000000 73728.000000 6144.000000 0.000000 10960.000000 37894.000000 51496.000000 28480.000000 3024.000000 0.000000 135168.000000 73728.000000 6144.000000 0.000000 18360.000000 20448.000000 61189.000000 39168.000000 13092.000000 0.000000 141312.000000 79872.000000 12504.000000 0.000000 8952.000000 39048.000000 57064.000000 35973.000000 11520.000000 0.000000 0.000000 37497.000000 153408.000000 86624.000000 24576.000000 0.000000 7736.000000 0.000000 2064.000000 0.000000 43648.000000 22848.000000 0.000000 104448.000000 43008.000000 0.000000 31454.000000 16607.000000 1708.000000 25652.000000 
1
0.000000 98560.000000 30720.000000 6546.000000 20002.000000 16225.000000 75200.000000 9472.000000 11984.000000 0.000000 0.000000 129280.000000 67840.000000 9384.000000 0.000000 13704.000000 38171.000000 52160.000000 28480.000000 2592.000000 0.000000 129280.000000 67840.000000 9384.000000 0.000000 15280.000000 22116.000000 61568.000000 39168.000000 13092.000000 0.000000 135424.000000 73984.000000 18768.000000 0.000000 3430.000000 36248.000000 58286.000000 36938.000000 11520.000000 0.000000 0.000000 40302.000000 145856.000000 85216.000000 18432.000000 0.000000 8356.000000 0.000000 4664.000000 0.000000 44992.000000 22848.000000 0.000000 104448.000000 43008.000000 0.000000 29884.000000 29760.000000 1348.000000 23284.000000 
2
0.000000 98560.000000 30720.000000 4732.000000 19072.000000 17099.000000 74880.000000 9472.000000 11804.000000 0.000000 0.000000 129280.000000 67840.000000 9384.000000 0.000000 13464.000000 32382.000000 51496.000000 28480.000000 2592.000000 0.000000 129280.000000 67840.000000 9168.000000 0.000000 18126.000000 22128.000000 60224.000000 35008.000000 15066.000000 0.000000 135424.000000 73984.000000 18552.000000 0.000000 8952.000000 29812.000000 56238.000000 39833.000000 10948.000000 0.000000 0.000000 47726.000000 151776.000000 86400.000000 18432.000000 0.000000 7952.000000 0.000000 5240.000000 0.000000 42624.000000 19584.000000 0.000000 98560.000000 37120.000000 0.000000 30768.000000 18945.000000 1348.000000 23284.000000 
3
0.000000 98304.000000 30720.000000 6498.000000 19147.000000 23360.000000 74880.000000 9472.000000 11404.000000 0.000000 0.000000 129024.000000 67584.000000 9276.000000 0.000000 12112.000000 38586.000000 51136.000000 25216.000000 3024.000000 0.000000 129024.000000 67584.000000 9168.000000 0.000000 18120.000000 22024.000000 60165.000000 39168.000000 12990.000000 0.000000 135168.000000 73728.000000 12408.000000 0.000000 8952.000000 37848.000000 58088.000000 39833.000000 10368.000000 0.000000 0.000000 46079.000000 156736.000000 89952.000000 24576.000000 0.000000 7952.000000 0.000000 5528.000000 0.000000 42624.000000 22848.000000 0.000000 92416.000000 30720.000000 0.000000 30843.000000 26880.000000 1348.000000 23284.000000 
4
0.000000 98304.000000 36864.000000 4300.000000 20926.000000 19600.000000 75200.000000 9472.000000 11584.000000 0.000000 0.000000 135168.000000 73728.000000 6144.000000 0.000000 13896.000000 32919.000000 51136.000000 28480.000000 1872.000000 0.000000 135168.000000 73728.000000 6144.000000 0.000000 15664.000000 20664.000000 61189.000000 35904.000000 13092.000000 0.000000 141312.000000 79872.000000 12288.000000 0.000000 8266.000000 37848.000000 58606.000000 39237.000000 9216.000000 0.000000 0.000000 45830.000000 241888.000000 176480.000000 111456.000000 46080.000000 8248.000000 0.000000 4088.000000 0.000000 46016.000000 25217.000000 0.000000 104448.000000 43008.000000 0.000000 30768.000000 29760.000000 1708.000000 23284.000000 
5
0.000000 92416.000000 30720.000000 2441.000000 20002.000000 22304.000000 74880.000000 9472.000000 10424.000000 0.000000 0.000000 129280.000000 67840.000000 9384.000000 0.000000 11056.000000 36025.000000 51136.000000 28480.000000 1872.000000 0.000000 129280.000000 67840.000000 9384.000000 0.000000 18216.000000 22116.000000 59200.000000 39168.000000 13092.000000 0.000000 135424.000000 73984.000000 12408.000000 0.000000 3430.000000 29004.000000 54894.000000 36938.000000 10368.000000 0.000000 0.000000 32931.000000 242112.000000 181472.000000 113888.000000 52224.000000 8868.000000 0.000000 5048.000000 0.000000 47360.000000 21952.000000 0.000000 98560.000000 37120.000000 0.000000 31738.000000 16993.000000 2696.000000 23284.000000 
6
0.000000 92416.000000 30720.000000 4300.000000 21648.000000 14391.000000 74880.000000 9472.000000 9844.000000 0.000000 0.000000 129280.000000 67840.000000 9384.000000 0.000000 13800.000000 35619.000000 49792.000000 28480.000000 2160.000000 0.000000 129280.000000 67840.000000 9384.000000 0.000000 18318.000000 22128.000000 60224.000000 39168.000000 15066.000000 0.000000 135424.000000 73984.000000 12192.000000 0.000000 8952.000000 37700.000000 58606.000000 36569.000000 9216.000000 0.000000 0.000000 47364.000000 241856.000000 179040.000000 111456.000000 46080.000000 7952.000000 0.000000 2256.000000 0.000000 47360.000000 25216.000000 0.000000 98560.000000 37120.000000 0.000000 30768.000000 18945.000000 2696.000000 23284.000000 
7
0.000000 92160.000000 30720.000000 4300.000000 21648.000000 22304.000000 74880.000000 9472.000000 11004.000000 0.000000 0.000000 129024.000000 67584.000000 9276.000000 0.000000 13800.000000 33157.000000 49792.000000 26112.000000 1920.000000 0.000000 129024.000000 67584.000000 9168.000000 0.000000 15520.000000 22024.000000 60165.000000 39168.000000 14244.000000 0.000000 135168.000000 73728.000000 11760.000000 0.000000 8952.000000 38448.000000 59432.000000 36569.000000 10368.000000 0.000000 0.000000 48662.000000 241344.000000 175712.000000 111712.000000 46080.000000 7952.000000 0.000000 4664.000000 0.000000 47360.000000 25216.000000 0.000000 98304.000000 36864.000000 0.000000 30157.000000 26880.000000 2696.000000 23284.000000 
8
0.000000 98304.000000 36864.000000 4300.000000 20926.000000 19600.000000 75200.000000 9472.000000 10424.000000 0.000000 0.000000 135168.000000 73728.000000 6144.000000 0.000000 13896.000000 32919.000000 50112.000000 28480.000000 3024.000000 0.000000 135168.000000 73728.000000 6144.000000 0.000000 21824.000000 24896.000000 59200.000000 42432.000000 14244.000000 0.000000 141312.000000 79872.000000 12504.000000 0.000000 8266.000000 39048.000000 57262.000000 37903.000000 11520.000000 0.000000 0.000000 45830.000000 149184.000000 83808.000000 18432.000000 0.000000 8248.000000 0.000000 2544.000000 0.000000 48384.000000 24320.000000 0.000000 104448.000000 43008.000000 0.000000 33308.000000 27648.000000 1708.000000 23284.000000 
9
0.000000 92416.000000 30720.000000 4300.000000 20002.000000 22304.000000 74880.000000 9472.000000 10424.000000 0.000000 0.000000 129280.000000 67840.000000 9384.000000 0.000000 11056.000000 34677.000000 48768.000000 25216.000000 2592.000000 0.000000 129280.000000 67840.000000 9384.000000 0.000000 21776.000000 24792.000000 61568.000000 35904.000000 12990.000000 0.000000 135424.000000 73984.000000 12624.000000 0.000000 3430.000000 36248.000000 58408.000000 40271.000000 10948.000000 0.000000 0.000000 33866.000000 152000.000000 85216.000000 24576.000000 0.000000 8868.000000 0.000000 4760.000000 0.000000 47360.000000 25217.000000 0.000000 104448.000000 43008.000000 0.000000 29884.000000 27648.000000 2696.000000 23284.000000 
10
0.000000 92416.000000 30720.000000 2438.000000 14068.000000 14198.000000 74880.000000 9472.000000 10424.000000 0.000000 0.000000 129280.000000 67840.000000 9384.000000 0.000000 13800.000000 35619.000000 48768.000000 29376.000000 2592.000000 0.000000 129280.000000 67840.000000 9384.000000 0.000000 21776.000000 24844.000000 59200.000000 39168.000000 14586.000000 0.000000 135424.000000 73984.000000 12408.000000 0.000000 8952.000000 37848.000000 57262.000000 37903.000000 10368.000000 0.000000 0.000000 47364.000000 154816.000000 86624.000000 24576.000000 0.000000 8464.000000 0.000000 5432.000000 0.000000 47360.000000 25216.000000 0.000000 98560.000000 37120.000000 0.000000 32658.000000 16025.000000 2696.000000 23284.000000 
11
0.000000 92160.000000 30720.000000 4300.000000 14068.000000 22304.000000 74880.000000 9472.000000 10518.000000 0.000000 0.000000 129024.000000 67584.000000 9276.000000 0.000000 13800.000000 31809.000000 48768.000000 26112.000000 2352.000000 0.000000 129024.000000 67584.000000 9168.000000 0.000000 18984.000000 24844.000000 59200.000000 39168.000000 13470.000000 0.000000 135168.000000 73728.000000 12408.000000 0.000000 8952.000000 29812.000000 56040.000000 36569.000000 9216.000000 0.000000 0.000000 38682.000000 151776.000000 86400.000000 24576.000000 0.000000 8464.000000 0.000000 5432.000000 0.000000 46016.000000 25216.000000 0.000000 92416.000000 30720.000000 0.000000 32658.000000 18945.000000 1348.000000 20916.000000 
12
0.000000 98304.000000 36864.000000 4300.000000 15404.000000 28966.000000 71488.000000 4736.000000 9844.000000 0.000000 0.000000 135168.000000 73728.000000 6144.000000 0.000000 11056.000000 33277.000000 50112.000000 28480.000000 1872.000000 0.000000 135168.000000 73728.000000 6144.000000 0.000000 21968.000000 24896.000000 63936.000000 41536.000000 13230.000000 0.000000 141312.000000 79872.000000 12288.000000 0.000000 10324.000000 37700.000000 57064.000000 36938.000000 11520.000000 0.000000 12288.000000 45830.000000 217408.000000 153568.000000 88032.000000 23040.000000 7224.000000 0.000000 5432.000000 0.000000 48384.000000 24320.000000 0.000000 92416.000000 30720.000000 0.000000 32622.000000 27648.000000 1348.000000 23284.000000 
13
0.000000 92416.000000 30720.000000 4300.000000 19099.000000 12464.000000 72832.000000 7104.000000 11584.000000 0.000000 0.000000 129280.000000 67840.000000 9384.000000 0.000000 13800.000000 33039.000000 48768.000000 25216.000000 2160.000000 0.000000 129280.000000 67840.000000 9384.000000 0.000000 18936.000000 24792.000000 63557.000000 38272.000000 14004.000000 0.000000 135424.000000 73984.000000 12192.000000 0.000000 8952.000000 30456.000000 59432.000000 36938.000000 9796.000000 0.000000 12288.000000 32931.000000 219840.000000 149856.000000 90464.000000 20480.000000 7844.000000 0.000000 2544.000000 0.000000 47360.000000 25217.000000 0.000000 104448.000000 43008.000000 0.000000 29884.000000 27552.000000 2696.000000 23284.000000 
14
0.000000 92416.000000 30720.000000 2438.000000 19099.000000 17376.000000 73536.000000 7104.000000 11004.000000 0.000000 0.000000 129280.000000 67840.000000 9276.000000 0.000000 13800.000000 33011.000000 48768.000000 29376.000000 1872.000000 0.000000 129280.000000 67840.000000 9384.000000 0.000000 18902.000000 24844.000000 62592.000000 42432.000000 13230.000000 0.000000 135424.000000 73984.000000 12408.000000 0.000000 8952.000000 35360.000000 57262.000000 37534.000000 11520.000000 0.000000 9216.000000 47364.000000 221216.000000 155488.000000 89952.000000 26624.000000 7440.000000 0.000000 4952.000000 0.000000 47360.000000 25216.000000 0.000000 104448.000000 43008.000000 0.000000 33344.000000 16314.000000 2696.000000 23284.000000 
15
0.000000 92160.000000 30720.000000 4300.000000 19782.000000 20080.000000 71168.000000 4736.000000 11004.000000 0.000000 0.000000 129024.000000 67584.000000 9168.000000 0.000000 11584.000000 32411.000000 48768.000000 26112.000000 1920.000000 0.000000 129024.000000 67584.000000 9168.000000 0.000000 16144.000000 24844.000000 64901.000000 41536.000000 14312.000000 0.000000 135168.000000 73728.000000 11976.000000 0.000000 9638.000000 38448.000000 57262.000000 39833.000000 11520.000000 0.000000 9216.000000 48662.000000 215072.000000 151744.000000 86208.000000 20480.000000 7440.000000 0.000000 5144.000000 0.000000 46016.000000 25216.000000 0.000000 98560.000000 37120.000000 0.000000 32658.000000 18945.000000 1348.000000 23284.000000 
16
0.000000 98304.000000 36864.000000 35744.000000 19072.000000 18640.000000 75200.000000 9472.000000 11004.000000 0.000000 0.000000 135168.000000 73728.000000 7008.000000 11500.000000 11584.000000 32507.000000 52160.000000 31744.000000 3024.000000 0.000000 135168.000000 73728.000000 7008.000000 17800.000000 22640.000000 33056.000000 60165.000000 39168.000000 13092.000000 0.000000 141312.000000 79872.000000 13152.000000 25144.000000 8952.000000 37700.000000 58606.000000 36938.000000 10368.000000 0.000000 0.000000 47378.000000 226861.000000 161773.000000 96608.000000 32768.000000 8248.000000 5400.000000 8024.000000 2244.000000 48384.000000 27584.000000 0.000000 104448.000000 36864.000000 0.000000 31707.000000 31830.000000 4792.000000 28020.000000 
17
0.000000 92416.000000 30720.000000 35744.000000 20002.000000 15910.000000 74880.000000 9472.000000 10424.000000 0.000000 0.000000 129280.000000 67840.000000 10032.000000 11500.000000 8216.000000 33303.000000 51136.000000 28480.000000 3024.000000 0.000000 129280.000000 67840.000000 10032.000000 17800.000000 21968.000000 30260.000000 59200.000000 39168.000000 13092.000000 0.000000 135424.000000 73984.000000 13704.000000 25144.000000 4802.000000 37848.000000 57064.000000 35973.000000 8644.000000 0.000000 0.000000 48648.000000 221549.000000 156589.000000 91424.000000 26624.000000 7952.000000 5400.000000 6336.000000 5044.000000 48384.000000 27584.000000 0.000000 104448.000000 36864.000000 0.000000 31707.000000 31742.000000 4044.000000 28020.000000 
18
0.000000 98304.000000 36864.000000 35538.000000 21684.000000 18640.000000 74880.000000 9472.000000 9844.000000 0.000000 0.000000 135168.000000 73728.000000 7008.000000 10394.000000 13800.000000 34986.000000 51136.000000 28480.000000 2592.000000 0.000000 135168.000000 73728.000000 7008.000000 18844.000000 19190.000000 20272.000000 59200.000000 39168.000000 13812.000000 0.000000 141312.000000 79872.000000 13368.000000 24388.000000 8952.000000 28960.000000 57262.000000 36569.000000 10368.000000 0.000000 0.000000 38682.000000 222976.000000 158208.000000 94208.000000 29184.000000 7952.000000 6444.000000 11152.000000 2244.000000 46016.000000 25217.000000 0.000000 98304.000000 36864.000000 0.000000 30684.000000 31838.000000 4044.000000 28218.000000 
19
0.000000 92160.000000 30720.000000 35490.000000 19072.000000 18614.000000 74880.000000 9472.000000 10424.000000 0.000000 0.000000 129024.000000 67584.000000 10032.000000 11246.000000 10960.000000 34309.000000 51136.000000 25216.000000 2832.000000 0.000000 129024.000000 67584.000000 10032.000000 18446.000000 21934.000000 28916.000000 59200.000000 39168.000000 12990.000000 0.000000 135168.000000 73728.000000 13488.000000 24890.000000 8952.000000 32848.000000 58408.000000 39833.000000 10368.000000 0.000000 6912.000000 59905.000000 220076.000000 157164.000000 89536.000000 26624.000000 7952.000000 6396.000000 11056.000000 9340.000000 47360.000000 21952.000000 0.000000 98560.000000 30976.000000 0.000000 30840.000000 33525.000000 4044.000000 25652.000000 
20
0.000000 98304.000000 36864.000000 4300.000000 15404.000000 18614.000000 75200.000000 9472.000000 11584.000000 0.000000 0.000000 135168.000000 73728.000000 7008.000000 0.000000 11056.000000 33133.000000 52160.000000 31744.000000 2640.000000 0.000000 135168.000000 73728.000000 7008.000000 0.000000 18168.000000 24680.000000 59200.000000 35904.000000 13092.000000 0.000000 141312.000000 79872.000000 13584.000000 0.000000 10324.000000 31804.000000 57064.000000 35973.000000 11520.000000 0.000000 0.000000 45830.000000 149184.000000 83808.000000 18432.000000 0.000000 8248.000000 0.000000 7016.000000 1496.000000 48384.000000 25217.000000 1384.000000 104448.000000 43008.000000 0.000000 32866.000000 29190.000000 2696.000000 23482.000000 
21
0.000000 92416.000000 30720.000000 4300.000000 19099.000000 27414.000000 74880.000000 9472.000000 9844.000000 0.000000 0.000000 129280.000000 67840.000000 10032.000000 0.000000 13800.000000 32727.000000 51136.000000 28480.000000 1872.000000 0.000000 129280.000000 67840.000000 10032.000000 0.000000 18168.000000 24040.000000 61189.000000 35904.000000 13092.000000 0.000000 135424.000000 73984.000000 13920.000000 0.000000 8952.000000 37700.000000 58088.000000 36938.000000 11520.000000 0.000000 0.000000 33866.000000 152000.000000 85216.000000 24576.000000 0.000000 8464.000000 0.000000 6920.000000 7844.000000 47360.000000 27584.000000 14444.000000 106604.000000 43008.000000 0.000000 32649.000000 31358.000000 1708.000000 23284.000000 
22
0.000000 98304.000000 36864.000000 2294.000000 19099.000000 18640.000000 74880.000000 9472.000000 11004.000000 0.000000 0.000000 135168.000000 73728.000000 7008.000000 0.000000 13800.000000 32939.000000 51136.000000 28480.000000 1872.000000 0.000000 135168.000000 73728.000000 7008.000000 0.000000 15376.000000 23980.000000 60224.000000 39168.000000 15066.000000 0.000000 141312.000000 79872.000000 13584.000000 0.000000 8952.000000 37848.000000 57262.000000 39833.000000 10368.000000 0.000000 0.000000 47364.000000 154816.000000 86624.000000 24576.000000 0.000000 8464.000000 0.000000 7400.000000 1496.000000 46016.000000 25216.000000 1384.000000 104448.000000 43008.000000 0.000000 32649.000000 31350.000000 1348.000000 23284.000000 
23
0.000000 92160.000000 30720.000000 2246.000000 19782.000000 15840.000000 74880.000000 9472.000000 11004.000000 0.000000 0.000000 129024.000000 67584.000000 10032.000000 0.000000 11584.000000 32938.000000 51136.000000 25216.000000 1872.000000 0.000000 129024.000000 67584.000000 10032.000000 0.000000 18160.000000 23980.000000 60165.000000 39168.000000 14244.000000 0.000000 135168.000000 73728.000000 13488.000000 0.000000 9638.000000 35648.000000 57262.000000 39833.000000 10948.000000 0.000000 0.000000 38682.000000 151776.000000 86400.000000 24576.000000 0.000000 8464.000000 0.000000 4416.000000 5044.000000 47360.000000 21952.000000 1384.000000 110592.000000 43008.000000 0.000000 33332.000000 29094.000000 1348.000000 23284.000000 
24
0.000000 98304.000000 36864.000000 4300.000000 15404.000000 18614.000000 73856.000000 7104.000000 11004.000000 0.000000 0.000000 135168.000000 73728.000000 7008.000000 0.000000 8120.000000 32507.000000 52160.000000 27584.000000 3024.000000 0.000000 135168.000000 73728.000000 7008.000000 0.000000 15664.000000 24680.000000 59200.000000 38272.000000 13092.000000 0.000000 141312.000000 79872.000000 13152.000000 0.000000 10324.000000 37700.000000 58088.000000 40202.000000 10368.000000 0.000000 0.000000 45830.000000 149184.000000 83808.000000 18432.000000 0.000000 8248.000000 0.000000 4128.000000 0.000000 47362.000000 27584.000000 0.000000 104448.000000 43008.000000 0.000000 32180.000000 31447.000000 2696.000000 23284.000000 
25
0.000000 92416.000000 30720.000000 4300.000000 19099.000000 18614.000000 73856.000000 7104.000000 10424.000000 0.000000 0.000000 129280.000000 67840.000000 10032.000000 0.000000 10864.000000 33303.000000 51136.000000 28480.000000 2592.000000 0.000000 129280.000000 67840.000000 10032.000000 0.000000 18408.000000 24040.000000 61568.000000 39168.000000 13092.000000 0.000000 135424.000000 73984.000000 12840.000000 0.000000 8952.000000 31804.000000 56040.000000 35973.000000 10368.000000 0.000000 0.000000 33866.000000 152000.000000 85216.000000 24576.000000 0.000000 8464.000000 0.000000 6248.000000 0.000000 47361.000000 24320.000000 0.000000 104448.000000 43008.000000 0.000000 30795.000000 31358.000000 1708.000000 23284.000000 
26
0.000000 98304.000000 36864.000000 2294.000000 19099.000000 18640.000000 71488.000000 4736.000000 9264.000000 0.000000 0.000000 135168.000000 73728.000000 7008.000000 0.000000 10624.000000 34986.000000 51136.000000 28480.000000 2592.000000 0.000000 135168.000000 73728.000000 7008.000000 0.000000 15136.000000 25328.000000 59200.000000 39168.000000 13812.000000 0.000000 141312.000000 79872.000000 13152.000000 0.000000 8952.000000 37848.000000 57262.000000 39833.000000 10948.000000 0.000000 0.000000 47364.000000 154816.000000 86624.000000 24576.000000 0.000000 8464.000000 0.000000 7112.000000 0.000000 47361.000000 21952.000000 0.000000 98304.000000 36864.000000 0.000000 30795.000000 29094.000000 2696.000000 23284.000000 
27
0.000000 92160.000000 30720.000000 2246.000000 19782.000000 15840.000000 72192.000000 7104.000000 10424.000000 0.000000 0.000000 129024.000000 67584.000000 10032.000000 0.000000 11542.000000 35057.000000 51136.000000 25216.000000 2592.000000 0.000000 129024.000000 67584.000000 10032.000000 0.000000 17934.000000 23980.000000 59200.000000 39168.000000 12990.000000 0.000000 135168.000000 73728.000000 12408.000000 0.000000 9638.000000 35648.000000 57262.000000 39833.000000 10948.000000 0.000000 0.000000 38682.000000 151776.000000 86400.000000 24576.000000 0.000000 8464.000000 0.000000 6824.000000 0.000000 46016.000000 25217.000000 0.000000 98560.000000 37120.000000 0.000000 33332.000000 28997.000000 2696.000000 21114.000000 
28
0.000000 98304.000000 36864.000000 4300.000000 15404.000000 17376.000000 72832.000000 7104.000000 11004.000000 0.000000 0.000000 135168.000000 73728.000000 7008.000000 0.000000 11056.000000 33133.000000 52160.000000 31744.000000 1872.000000 0.000000 135168.000000 73728.000000 7008.000000 0.000000 21248.000000 24680.000000 59200.000000 42432.000000 13092.000000 0.000000 141312.000000 79872.000000 13152.000000 0.000000 10324.000000 28960.000000 57262.000000 36938.000000 11520.000000 0.000000 0.000000 39367.000000 238304.000000 176480.000000 111456.000000 46080.000000 8248.000000 0.000000 6920.000000 0.000000 47360.000000 21952.000000 1384.000000 98304.000000 36864.000000 0.000000 29640.000000 31830.000000 1348.000000 28218.000000 
29
0.000000 92416.000000 30720.000000 4300.000000 19099.000000 12464.000000 70464.000000 8000.000000 10518.000000 0.000000 0.000000 129280.000000 67840.000000 10032.000000 0.000000 13800.000000 32727.000000 51136.000000 28480.000000 1872.000000 0.000000 129280.000000 67840.000000 10032.000000 0.000000 21968.000000 24040.000000 61568.000000 35904.000000 13092.000000 0.000000 135424.000000 73984.000000 13704.000000 0.000000 8952.000000 37700.000000 58606.000000 36938.000000 10368.000000 0.000000 0.000000 46765.000000 238272.000000 179040.000000 111456.000000 46080.000000 8464.000000 0.000000 6920.000000 0.000000 47360.000000 25217.000000 1384.000000 104448.000000 43008.000000 0.000000 30795.000000 31742.000000 1708.000000 25652.000000 
30
0.000000 98304.000000 36864.000000 2294.000000 19099.000000 20080.000000 71168.000000 4736.000000 11004.000000 0.000000 0.000000 135168.000000 73728.000000 7008.000000 0.000000 13800.000000 32939.000000 51136.000000 25216.000000 2592.000000 0.000000 135168.000000 73728.000000 7008.000000 0.000000 21968.000000 25328.000000 59200.000000 39168.000000 13812.000000 0.000000 141312.000000 79872.000000 13152.000000 0.000000 8952.000000 37848.000000 58408.000000 39833.000000 10368.000000 0.000000 0.000000 45521.000000 237760.000000 175712.000000 108128.000000 46080.000000 8464.000000 0.000000 7400.000000 0.000000 47360.000000 25216.000000 692.000000 104448.000000 43008.000000 0.000000 30795.000000 31646.000000 2696.000000 25652.000000 
31
0.000000 92160.000000 30720.000000 2246.000000 19782.000000 28966.000000 71168.000000 4736.000000 11004.000000 0.000000 0.000000 129024.000000 67584.000000 10032.000000 0.000000 11584.000000 32938.000000 51136.000000 25216.000000 2592.000000 0.000000 129024.000000 67584.000000 10032.000000 0.000000 19176.000000 23980.000000 59200.000000 39168.000000 12990.000000 0.000000 135168.000000 73728.000000 13272.000000 0.000000 9638.000000 35648.000000 58408.000000 39833.000000 11520.000000 0.000000 0.000000 38681.000000 242112.000000 181472.000000 113888.000000 52224.000000 8464.000000 0.000000 4704.000000 0.000000 46016.000000 25216.000000 692.000000 98560.000000 37120.000000 0.000000 31478.000000 32078.000000 1348.000000 25652.000000 
32
0.000000 98304.000000 36864.000000 5765.000000 20950.000000 17952.000000 72512.000000 7104.000000 10424.000000 0.000000 0.000000 135168.000000 73728.000000 7008.000000 0.000000 10000.000000 37083.000000 52160.000000 31744.000000 3024.000000 0.000000 135168.000000 73728.000000 7008.000000 0.000000 21824.000000 24680.000000 61568.000000 41536.000000 14244.000000 0.000000 141312.000000 79872.000000 13152.000000 0.000000 8266.000000 37700.000000 59630.000000 41167.000000 10368.000000 0.000000 0.000000 38432.000000 238304.000000 176480.000000 111456.000000 46080.000000 8248.000000 0.000000 8648.000000 2244.000000 48384.000000 27584.000000 0.000000 104448.000000 43008.000000 0.000000 32866.000000 19916.000000 2696.000000 25652.000000 
33
0.000000 92416.000000 30720.000000 5470.000000 17486.000000 17942.000000 71488.000000 4736.000000 10424.000000 0.000000 0.000000 129280.000000 67840.000000 10032.000000 0.000000 10000.000000 37423.000000 51136.000000 28480.000000 3024.000000 0.000000 129280.000000 67840.000000 10032.000000 0.000000 21776.000000 24040.000000 63936.000000 41536.000000 12990.000000 0.000000 135424.000000 73984.000000 12624.000000 0.000000 3430.000000 37848.000000 57262.000000 40202.000000 9216.000000 0.000000 0.000000 46765.000000 238272.000000 179040.000000 111456.000000 46080.000000 7952.000000 0.000000 8648.000000 8036.000000 47360.000000 25217.000000 0.000000 104448.000000 43008.000000 0.000000 32649.000000 23229.000000 1708.000000 28218.000000 
34
0.000000 98304.000000 36864.000000 5469.000000 19782.000000 17942.000000 71488.000000 4736.000000 10424.000000 0.000000 0.000000 135168.000000 73728.000000 7008.000000 0.000000 7160.000000 36386.000000 51136.000000 28480.000000 2832.000000 0.000000 135168.000000 73728.000000 7008.000000 0.000000 21776.000000 25328.000000 63936.000000 41536.000000 14152.000000 0.000000 141312.000000 79872.000000 13152.000000 0.000000 9638.000000 35648.000000 58408.000000 35077.000000 10368.000000 0.000000 0.000000 45521.000000 237760.000000 175712.000000 108128.000000 46080.000000 7952.000000 0.000000 5808.000000 5044.000000 46016.000000 25216.000000 0.000000 98304.000000 36864.000000 0.000000 30795.000000 19616.000000 2696.000000 28020.000000 
35
0.000000 92160.000000 30720.000000 6760.000000 15889.000000 15168.000000 73536.000000 7104.000000 10518.000000 0.000000 0.000000 129024.000000 67584.000000 10032.000000 0.000000 9904.000000 31018.000000 51136.000000 25216.000000 2832.000000 0.000000 129024.000000 67584.000000 10032.000000 0.000000 18984.000000 23980.000000 63936.000000 38272.000000 14244.000000 0.000000 135168.000000 73728.000000 12192.000000 0.000000 8266.000000 28960.000000 56040.000000 36569.000000 10368.000000 0.000000 0.000000 37746.000000 245696.000000 178912.000000 113888.000000 52224.000000 7952.000000 0.000000 10624.000000 2244.000000 47360.000000 21952.000000 0.000000 98560.000000 37120.000000 0.000000 33332.000000 18752.000000 2696.000000 25652.000000 
36
0.000000 98304.000000 36864.000000 6462.000000 20950.000000 22304.000000 72832.000000 7104.000000 11004.000000 0.000000 0.000000 135168.000000 73728.000000 7008.000000 0.000000 13896.000000 36775.000000 52160.000000 27584.000000 3024.000000 0.000000 135168.000000 73728.000000 7008.000000 0.000000 21248.000000 32924.000000 61568.000000 41536.000000 13230.000000 0.000000 141312.000000 79872.000000 13152.000000 0.000000 8266.000000 38448.000000 57262.000000 41167.000000 10368.000000 0.000000 12288.000000 38432.000000 244320.000000 180160.000000 116160.000000 52224.000000 9676.000000 0.000000 7304.000000 0.000000 47360.000000 21952.000000 0.000000 104448.000000 43008.000000 0.000000 33332.000000 31494.000000 2696.000000 23284.000000 
37
0.000000 92416.000000 30720.000000 6508.000000 17486.000000 15259.000000 70464.000000 8000.000000 10518.000000 0.000000 0.000000 129280.000000 67840.000000 10032.000000 0.000000 11056.000000 37801.000000 51136.000000 31744.000000 3120.000000 0.000000 129280.000000 67840.000000 10032.000000 0.000000 21968.000000 28820.000000 64901.000000 41536.000000 12990.000000 0.000000 135424.000000 73984.000000 12624.000000 0.000000 4116.000000 31308.000000 57064.000000 35973.000000 9216.000000 0.000000 9216.000000 46765.000000 247904.000000 183808.000000 116224.000000 52224.000000 9135.000000 0.000000 7304.000000 0.000000 47360.000000 25216.000000 0.000000 104448.000000 43008.000000 0.000000 29868.000000 28710.000000 1708.000000 23284.000000 
38
0.000000 98304.000000 36864.000000 7516.000000 19782.000000 22304.000000 71168.000000 4736.000000 11004.000000 0.000000 0.000000 135168.000000 73728.000000 7008.000000 0.000000 13800.000000 32126.000000 51136.000000 31744.000000 3024.000000 0.000000 135168.000000 73728.000000 7008.000000 0.000000 21968.000000 30104.000000 63936.000000 38272.000000 12990.000000 0.000000 141312.000000 79872.000000 13152.000000 0.000000 9638.000000 38448.000000 57262.000000 36042.000000 10368.000000 0.000000 9216.000000 45521.000000 244352.000000 179712.000000 113152.000000 52224.000000 8870.000000 0.000000 7592.000000 0.000000 47360.000000 25216.000000 0.000000 98304.000000 36864.000000 0.000000 32164.000000 28614.000000 1348.000000 23284.000000 
39
0.000000 92160.000000 30720.000000 7557.000000 15889.000000 18449.000000 71168.000000 4736.000000 11004.000000 0.000000 0.000000 129024.000000 67584.000000 10032.000000 0.000000 13800.000000 37226.000000 51136.000000 25216.000000 3024.000000 0.000000 129024.000000 67584.000000 10032.000000 0.000000 19176.000000 20056.000000 63936.000000 38272.000000 13912.000000 0.000000 135168.000000 73728.000000 12408.000000 0.000000 8266.000000 39048.000000 59630.000000 36042.000000 9216.000000 0.000000 9216.000000 37746.000000 249056.000000 184896.000000 120896.000000 58368.000000 9544.000000 0.000000 4992.000000 0.000000 46016.000000 25216.000000 0.000000 98560.000000 37120.000000 0.000000 30125.000000 28614.000000 1348.000000 23284.000000 
