0
0.000000 0.000000 0.000000 216102.000000 6384.000000 11233.000000 5920.000000 0.000000 8260.000000 25807.000000 0.000000 0.000000 0.000000 20480.000000 196246.000000 9617.000000 13104.000000 768.000000 1536.000000 8164.000000 22695.000000 0.000000 0.000000 12288.000000 204438.000000 7825.000000 11696.000000 2624.000000 1536.000000 9700.000000 22387.000000 0.000000 0.000000 12288.000000 204438.000000 5760.000000 14113.000000 3392.000000 2176.000000 6624.000000 25007.000000 103505.000000 38624.000000 20646.000000 0.000000 0.000000 56.000000 22913.000000 185380.000000 3728.000000 8608.000000 4288.000000 35328.000000 7912.000000 27347.000000 0.000000 30465.000000 191990.000000 11601.000000 0.000000 0.000000 
1
0.000000 0.000000 0.000000 216102.000000 6384.000000 11233.000000 5920.000000 0.000000 8260.000000 25807.000000 0.000000 0.000000 0.000000 20480.000000 196246.000000 9617.000000 13104.000000 768.000000 1536.000000 8164.000000 22695.000000 0.000000 0.000000 12288.000000 204438.000000 7825.000000 11696.000000 2624.000000 1536.000000 9700.000000 22387.000000 0.000000 0.000000 12288.000000 204438.000000 5760.000000 14113.000000 3392.000000 2176.000000 6624.000000 25007.000000 103505.000000 38624.000000 20646.000000 0.000000 0.000000 56.000000 22913.000000 185380.000000 3728.000000 8608.000000 4288.000000 35328.000000 7912.000000 27347.000000 0.000000 30465.000000 191990.000000 11601.000000 0.000000 0.000000 
2
0.000000 0.000000 0.000000 216102.000000 6384.000000 11233.000000 5920.000000 0.000000 8260.000000 25807.000000 0.000000 0.000000 0.000000 20480.000000 196246.000000 9617.000000 13104.000000 768.000000 1536.000000 8164.000000 22695.000000 0.000000 0.000000 12288.000000 204438.000000 7825.000000 11696.000000 2624.000000 1536.000000 9700.000000 22387.000000 0.000000 0.000000 12288.000000 204438.000000 5760.000000 14113.000000 3392.000000 2176.000000 6624.000000 25007.000000 103505.000000 38624.000000 20646.000000 0.000000 0.000000 56.000000 22913.000000 185380.000000 3728.000000 8608.000000 4288.000000 35328.000000 7912.000000 27347.000000 0.000000 30465.000000 191990.000000 11601.000000 0.000000 0.000000 
3
0.000000 0.000000 0.000000 216102.000000 6384.000000 11233.000000 5920.000000 0.000000 8260.000000 25807.000000 0.000000 0.000000 0.000000 20480.000000 196246.000000 9617.000000 13104.000000 768.000000 1536.000000 8164.000000 22695.000000 0.000000 0.000000 12288.000000 204438.000000 7825.000000 11696.000000 2624.000000 1536.000000 9700.000000 22387.000000 0.000000 0.000000 12288.000000 204438.000000 5760.000000 14113.000000 3392.000000 2176.000000 6624.000000 25007.000000 103505.000000 38624.000000 20646.000000 0.000000 0.000000 56.000000 22913.000000 185380.000000 3728.000000 8608.000000 4288.000000 35328.000000 7912.000000 27347.000000 0.000000 30465.000000 191990.000000 11601.000000 0.000000 0.000000 
4
0.000000 42048.000000 0.000000 247031.000000 11136.000000 12257.000000 5376.000000 0.000000 8196.000000 30523.000000 0.000000 42048.000000 0.000000 16384.000000 236719.000000 9232.000000 13552.000000 768.000000 1536.000000 8188.000000 27087.000000 42048.000000 0.000000 8192.000000 236719.000000 9232.000000 10160.000000 3168.000000 1536.000000 3576.000000 29607.000000 42048.000000 0.000000 12288.000000 242679.000000 11136.000000 11569.000000 4032.000000 640.000000 8164.000000 31147.000000 109777.000000 44768.000000 20326.000000 0.000000 0.000000 0.000000 22969.000000 230446.000000 9232.000000 8624.000000 4800.000000 35328.000000 10992.000000 33499.000000 0.000000 23136.000000 237814.000000 12113.000000 0.000000 0.000000 
5
0.000000 42048.000000 0.000000 247031.000000 11136.000000 12257.000000 5376.000000 0.000000 8196.000000 30523.000000 0.000000 42048.000000 0.000000 16384.000000 236719.000000 9232.000000 13552.000000 768.000000 1536.000000 8188.000000 27087.000000 42048.000000 0.000000 8192.000000 236719.000000 9232.000000 10160.000000 3168.000000 1536.000000 3576.000000 29607.000000 42048.000000 0.000000 12288.000000 242679.000000 11136.000000 11569.000000 4032.000000 640.000000 8164.000000 31147.000000 109777.000000 44768.000000 20326.000000 0.000000 0.000000 0.000000 22969.000000 230446.000000 9232.000000 8624.000000 4800.000000 35328.000000 10992.000000 33499.000000 0.000000 23136.000000 237814.000000 12113.000000 0.000000 0.000000 
6
0.000000 42048.000000 0.000000 247031.000000 11136.000000 12257.000000 5376.000000 0.000000 8196.000000 30523.000000 0.000000 42048.000000 0.000000 16384.000000 236719.000000 9232.000000 13552.000000 768.000000 1536.000000 8188.000000 27087.000000 42048.000000 0.000000 8192.000000 236719.000000 9232.000000 10160.000000 3168.000000 1536.000000 3576.000000 29607.000000 42048.000000 0.000000 12288.000000 242679.000000 11136.000000 11569.000000 4032.000000 640.000000 8164.000000 31147.000000 109777.000000 44768.000000 20326.000000 0.000000 0.000000 0.000000 22969.000000 230446.000000 9232.000000 8624.000000 4800.000000 35328.000000 10992.000000 33499.000000 0.000000 23136.000000 237814.000000 12113.000000 0.000000 0.000000 
7
0.000000 42048.000000 0.000000 247031.000000 11136.000000 12257.000000 5376.000000 0.000000 8196.000000 30523.000000 0.000000 42048.000000 0.000000 16384.000000 236719.000000 9232.000000 13552.000000 768.000000 1536.000000 8188.000000 27087.000000 42048.000000 0.000000 8192.000000 236719.000000 9232.000000 10160.000000 3168.000000 1536.000000 3576.000000 29607.000000 42048.000000 0.000000 12288.000000 242679.000000 11136.000000 11569.000000 4032.000000 640.000000 8164.000000 31147.000000 109777.000000 44768.000000 20326.000000 0.000000 0.000000 0.000000 22969.000000 230446.000000 9232.000000 8624.000000 4800.000000 35328.000000 10992.000000 33499.000000 0.000000 23136.000000 237814.000000 12113.000000 0.000000 0.000000 
8
0.000000 42048.000000 0.000000 219559.000000 11760.000000 12769.000000 5184.000000 0.000000 8260.000000 32719.000000 0.000000 42048.000000 0.000000 16384.000000 195407.000000 9232.000000 13680.000000 1280.000000 0.000000 6456.000000 28143.000000 42048.000000 0.000000 8192.000000 197071.000000 9232.000000 11216.000000 2144.000000 1536.000000 8188.000000 26291.000000 42048.000000 0.000000 12288.000000 207895.000000 11136.000000 14113.000000 2432.000000 2176.000000 8228.000000 29679.000000 109777.000000 44768.000000 20262.000000 0.000000 0.000000 56.000000 22913.000000 188846.000000 9232.000000 10160.000000 3936.000000 35328.000000 12528.000000 27019.000000 0.000000 35041.000000 196246.000000 12113.000000 0.000000 0.000000 
9
0.000000 42048.000000 0.000000 219559.000000 11760.000000 12769.000000 5184.000000 0.000000 8260.000000 32719.000000 0.000000 42048.000000 0.000000 16384.000000 195407.000000 9232.000000 13680.000000 1280.000000 0.000000 6456.000000 28143.000000 42048.000000 0.000000 8192.000000 197071.000000 9232.000000 11216.000000 2144.000000 1536.000000 8188.000000 26291.000000 42048.000000 0.000000 12288.000000 207895.000000 11136.000000 14113.000000 2432.000000 2176.000000 8228.000000 29679.000000 109777.000000 44768.000000 20262.000000 0.000000 0.000000 56.000000 22913.000000 188846.000000 9232.000000 10160.000000 3936.000000 35328.000000 12528.000000 27019.000000 0.000000 35041.000000 196246.000000 12113.000000 0.000000 0.000000 
10
0.000000 42048.000000 0.000000 219559.000000 11760.000000 12769.000000 5184.000000 0.000000 8260.000000 32719.000000 0.000000 42048.000000 0.000000 16384.000000 195407.000000 9232.000000 13680.000000 1280.000000 0.000000 6456.000000 28143.000000 42048.000000 0.000000 8192.000000 197071.000000 9232.000000 11216.000000 2144.000000 1536.000000 8188.000000 26291.000000 42048.000000 0.000000 12288.000000 207895.000000 11136.000000 14113.000000 2432.000000 2176.000000 8228.000000 29679.000000 109777.000000 44768.000000 20262.000000 0.000000 0.000000 56.000000 22913.000000 188846.000000 9232.000000 10160.000000 3936.000000 35328.000000 12528.000000 27019.000000 0.000000 35041.000000 196246.000000 12113.000000 0.000000 0.000000 
11
0.000000 42048.000000 0.000000 219559.000000 11760.000000 12769.000000 5184.000000 0.000000 8260.000000 32719.000000 0.000000 42048.000000 0.000000 16384.000000 195407.000000 9232.000000 13680.000000 1280.000000 0.000000 6456.000000 28143.000000 42048.000000 0.000000 8192.000000 197071.000000 9232.000000 11216.000000 2144.000000 1536.000000 8188.000000 26291.000000 42048.000000 0.000000 12288.000000 207895.000000 11136.000000 14113.000000 2432.000000 2176.000000 8228.000000 29679.000000 109777.000000 44768.000000 20262.000000 0.000000 0.000000 56.000000 22913.000000 188846.000000 9232.000000 10160.000000 3936.000000 35328.000000 12528.000000 27019.000000 0.000000 35041.000000 196246.000000 12113.000000 0.000000 0.000000 
12
0.000000 42048.000000 0.000000 257767.000000 11760.000000 10976.000000 6048.000000 0.000000 6592.000000 30103.000000 0.000000 42048.000000 0.000000 16384.000000 227087.000000 7440.000000 13584.000000 1280.000000 1536.000000 6620.000000 27083.000000 42048.000000 0.000000 8192.000000 241807.000000 9232.000000 11696.000000 3264.000000 1536.000000 8444.000000 29611.000000 42048.000000 0.000000 12288.000000 249559.000000 11136.000000 12416.000000 3456.000000 2176.000000 6756.000000 31143.000000 69841.000000 7648.000000 20334.000000 0.000000 0.000000 0.000000 8249.000000 230514.000000 9233.000000 10160.000000 4000.000000 35328.000000 28803.000000 15936.000000 0.000000 30465.000000 242454.000000 9024.000000 0.000000 0.000000 
13
0.000000 42048.000000 0.000000 257767.000000 11760.000000 10976.000000 6048.000000 0.000000 6592.000000 30103.000000 0.000000 42048.000000 0.000000 16384.000000 227087.000000 7440.000000 13584.000000 1280.000000 1536.000000 6620.000000 27083.000000 42048.000000 0.000000 8192.000000 241807.000000 9232.000000 11696.000000 3264.000000 1536.000000 8444.000000 29611.000000 42048.000000 0.000000 12288.000000 249559.000000 11136.000000 12416.000000 3456.000000 2176.000000 6756.000000 31143.000000 69841.000000 7648.000000 20334.000000 0.000000 0.000000 0.000000 8249.000000 230514.000000 9233.000000 10160.000000 4000.000000 35328.000000 28803.000000 15936.000000 0.000000 30465.000000 242454.000000 9024.000000 0.000000 0.000000 
14
0.000000 42048.000000 0.000000 257767.000000 11760.000000 10976.000000 6048.000000 0.000000 6592.000000 30103.000000 0.000000 42048.000000 0.000000 16384.000000 227087.000000 7440.000000 13584.000000 1280.000000 1536.000000 6620.000000 27083.000000 42048.000000 0.000000 8192.000000 241807.000000 9232.000000 11696.000000 3264.000000 1536.000000 8444.000000 29611.000000 42048.000000 0.000000 12288.000000 249559.000000 11136.000000 12416.000000 3456.000000 2176.000000 6756.000000 31143.000000 69841.000000 7648.000000 20334.000000 0.000000 0.000000 0.000000 8249.000000 230514.000000 9233.000000 10160.000000 4000.000000 35328.000000 28803.000000 15936.000000 0.000000 30465.000000 242454.000000 9024.000000 0.000000 0.000000 
15
0.000000 42048.000000 0.000000 257767.000000 11760.000000 10976.000000 6048.000000 0.000000 6592.000000 30103.000000 0.000000 42048.000000 0.000000 16384.000000 227087.000000 7440.000000 13584.000000 1280.000000 1536.000000 6620.000000 27083.000000 42048.000000 0.000000 8192.000000 241807.000000 9232.000000 11696.000000 3264.000000 1536.000000 8444.000000 29611.000000 42048.000000 0.000000 12288.000000 249559.000000 11136.000000 12416.000000 3456.000000 2176.000000 6756.000000 31143.000000 69841.000000 7648.000000 20334.000000 0.000000 0.000000 0.000000 8249.000000 230514.000000 9233.000000 10160.000000 4000.000000 35328.000000 28803.000000 15936.000000 0.000000 30465.000000 242454.000000 9024.000000 0.000000 0.000000 
16
0.000000 42048.000000 0.000000 207933.000000 9840.000000 11089.000000 5856.000000 0.000000 8260.000000 31979.000000 0.000000 42048.000000 0.000000 0.000000 191967.000000 7232.000000 11536.000000 1152.000000 1536.000000 8316.000000 29647.000000 42048.000000 0.000000 4096.000000 203879.000000 13697.000000 11696.000000 3168.000000 1536.000000 9700.000000 26715.000000 42048.000000 0.000000 0.000000 200159.000000 5424.000000 12064.000000 3840.000000 2048.000000 5340.000000 30407.000000 108881.000000 44704.000000 12558.000000 0.000000 0.000000 0.000000 18872.000000 189158.000000 13697.000000 9680.000000 4768.000000 35328.000000 14072.000000 32763.000000 0.000000 19033.000000 186550.000000 10192.000000 0.000000 0.000000 
17
0.000000 42048.000000 0.000000 207933.000000 9840.000000 11089.000000 5856.000000 0.000000 8260.000000 31979.000000 0.000000 42048.000000 0.000000 0.000000 191967.000000 7232.000000 11536.000000 1152.000000 1536.000000 8316.000000 29647.000000 42048.000000 0.000000 4096.000000 203879.000000 13697.000000 11696.000000 3168.000000 1536.000000 9700.000000 26715.000000 42048.000000 0.000000 0.000000 200159.000000 5424.000000 12064.000000 3840.000000 2048.000000 5340.000000 30407.000000 108881.000000 44704.000000 12558.000000 0.000000 0.000000 0.000000 18872.000000 189158.000000 13697.000000 9680.000000 4768.000000 35328.000000 14072.000000 32763.000000 0.000000 19033.000000 186550.000000 10192.000000 0.000000 0.000000 
18
0.000000 42048.000000 0.000000 207933.000000 9840.000000 11089.000000 5856.000000 0.000000 8260.000000 31979.000000 0.000000 42048.000000 0.000000 0.000000 191967.000000 7232.000000 11536.000000 1152.000000 1536.000000 8316.000000 29647.000000 42048.000000 0.000000 4096.000000 203879.000000 13697.000000 11696.000000 3168.000000 1536.000000 9700.000000 26715.000000 42048.000000 0.000000 0.000000 200159.000000 5424.000000 12064.000000 3840.000000 2048.000000 5340.000000 30407.000000 108881.000000 44704.000000 12558.000000 0.000000 0.000000 0.000000 18872.000000 189158.000000 13697.000000 9680.000000 4768.000000 35328.000000 14072.000000 32763.000000 0.000000 19033.000000 186550.000000 10192.000000 0.000000 0.000000 
19
0.000000 42048.000000 0.000000 207933.000000 9840.000000 11089.000000 5856.000000 0.000000 8260.000000 31979.000000 0.000000 42048.000000 0.000000 0.000000 191967.000000 7232.000000 11536.000000 1152.000000 1536.000000 8316.000000 29647.000000 42048.000000 0.000000 4096.000000 203879.000000 13697.000000 11696.000000 3168.000000 1536.000000 9700.000000 26715.000000 42048.000000 0.000000 0.000000 200159.000000 5424.000000 12064.000000 3840.000000 2048.000000 5340.000000 30407.000000 108881.000000 44704.000000 12558.000000 0.000000 0.000000 0.000000 18872.000000 189158.000000 13697.000000 9680.000000 4768.000000 35328.000000 14072.000000 32763.000000 0.000000 19033.000000 186550.000000 10192.000000 0.000000 0.000000 
20
0.000000 42048.000000 0.000000 261287.000000 11760.000000 12769.000000 4000.000000 0.000000 8388.000000 31635.000000 0.000000 42048.000000 0.000000 8192.000000 245285.000000 9232.000000 12048.000000 1152.000000 1536.000000 8316.000000 22419.000000 42048.000000 0.000000 8192.000000 245285.000000 9216.000000 11792.000000 3040.000000 1536.000000 8188.000000 28567.000000 42048.000000 0.000000 12288.000000 249581.000000 11136.000000 14209.000000 3968.000000 2176.000000 8164.000000 30415.000000 109905.000000 44864.000000 20262.000000 0.000000 0.000000 56.000000 22913.000000 230606.000000 7440.000000 9072.000000 5280.000000 35328.000000 28611.000000 7680.000000 0.000000 30465.000000 242582.000000 10465.000000 2944.000000 1216.000000 
21
0.000000 42048.000000 0.000000 261287.000000 11760.000000 12769.000000 4000.000000 0.000000 8388.000000 31635.000000 0.000000 42048.000000 0.000000 8192.000000 245285.000000 9232.000000 12048.000000 1152.000000 1536.000000 8316.000000 22419.000000 42048.000000 0.000000 8192.000000 245285.000000 9216.000000 11792.000000 3040.000000 1536.000000 8188.000000 28567.000000 42048.000000 0.000000 12288.000000 249581.000000 11136.000000 14209.000000 3968.000000 2176.000000 8164.000000 30415.000000 109905.000000 44864.000000 20262.000000 0.000000 0.000000 56.000000 22913.000000 230606.000000 7440.000000 9072.000000 5280.000000 35328.000000 28611.000000 7680.000000 0.000000 30465.000000 242582.000000 10465.000000 2944.000000 1216.000000 
22
0.000000 42048.000000 0.000000 261287.000000 11760.000000 12769.000000 4000.000000 0.000000 8388.000000 31635.000000 0.000000 42048.000000 0.000000 8192.000000 245285.000000 9232.000000 12048.000000 1152.000000 1536.000000 8316.000000 22419.000000 42048.000000 0.000000 8192.000000 245285.000000 9216.000000 11792.000000 3040.000000 1536.000000 8188.000000 28567.000000 42048.000000 0.000000 12288.000000 249581.000000 11136.000000 14209.000000 3968.000000 2176.000000 8164.000000 30415.000000 109905.000000 44864.000000 20262.000000 0.000000 0.000000 56.000000 22913.000000 230606.000000 7440.000000 9072.000000 5280.000000 35328.000000 28611.000000 7680.000000 0.000000 30465.000000 242582.000000 10465.000000 2944.000000 1216.000000 
23
0.000000 42048.000000 0.000000 261287.000000 11760.000000 12769.000000 4000.000000 0.000000 8388.000000 31635.000000 0.000000 42048.000000 0.000000 8192.000000 245285.000000 9232.000000 12048.000000 1152.000000 1536.000000 8316.000000 22419.000000 42048.000000 0.000000 8192.000000 245285.000000 9216.000000 11792.000000 3040.000000 1536.000000 8188.000000 28567.000000 42048.000000 0.000000 12288.000000 249581.000000 11136.000000 14209.000000 3968.000000 2176.000000 8164.000000 30415.000000 109905.000000 44864.000000 20262.000000 0.000000 0.000000 56.000000 22913.000000 230606.000000 7440.000000 9072.000000 5280.000000 35328.000000 28611.000000 7680.000000 0.000000 30465.000000 242582.000000 10465.000000 2944.000000 1216.000000 
24
0.000000 42048.000000 0.000000 216167.000000 11760.000000 12257.000000 5952.000000 0.000000 8100.000000 32747.000000 0.000000 42048.000000 0.000000 8192.000000 200207.000000 9232.000000 13584.000000 1280.000000 1536.000000 8316.000000 29615.000000 42048.000000 0.000000 12288.000000 204503.000000 14993.000000 10144.000000 3168.000000 0.000000 8188.000000 29611.000000 42048.000000 0.000000 8192.000000 192015.000000 7296.000000 12288.000000 3968.000000 2176.000000 8164.000000 31147.000000 109696.000000 44864.000000 20262.000000 0.000000 0.000000 56.000000 27009.000000 189782.000000 14993.000000 10160.000000 3168.000000 0.000000 11248.000000 32759.000000 0.000000 26369.000000 189298.000000 10192.000000 0.000000 0.000000 
25
0.000000 42048.000000 0.000000 216167.000000 11760.000000 12257.000000 5952.000000 0.000000 8100.000000 32747.000000 0.000000 42048.000000 0.000000 8192.000000 200207.000000 9232.000000 13584.000000 1280.000000 1536.000000 8316.000000 29615.000000 42048.000000 0.000000 12288.000000 204503.000000 14993.000000 10144.000000 3168.000000 0.000000 8188.000000 29611.000000 42048.000000 0.000000 8192.000000 192015.000000 7296.000000 12288.000000 3968.000000 2176.000000 8164.000000 31147.000000 109696.000000 44864.000000 20262.000000 0.000000 0.000000 56.000000 27009.000000 189782.000000 14993.000000 10160.000000 3168.000000 0.000000 11248.000000 32759.000000 0.000000 26369.000000 189298.000000 10192.000000 0.000000 0.000000 
26
0.000000 42048.000000 0.000000 216167.000000 11760.000000 12257.000000 5952.000000 0.000000 8100.000000 32747.000000 0.000000 42048.000000 0.000000 8192.000000 200207.000000 9232.000000 13584.000000 1280.000000 1536.000000 8316.000000 29615.000000 42048.000000 0.000000 12288.000000 204503.000000 14993.000000 10144.000000 3168.000000 0.000000 8188.000000 29611.000000 42048.000000 0.000000 8192.000000 192015.000000 7296.000000 12288.000000 3968.000000 2176.000000 8164.000000 31147.000000 109696.000000 44864.000000 20262.000000 0.000000 0.000000 56.000000 27009.000000 189782.000000 14993.000000 10160.000000 3168.000000 0.000000 11248.000000 32759.000000 0.000000 26369.000000 189298.000000 10192.000000 0.000000 0.000000 
27
0.000000 42048.000000 0.000000 216167.000000 11760.000000 12257.000000 5952.000000 0.000000 8100.000000 32747.000000 0.000000 42048.000000 0.000000 8192.000000 200207.000000 9232.000000 13584.000000 1280.000000 1536.000000 8316.000000 29615.000000 42048.000000 0.000000 12288.000000 204503.000000 14993.000000 10144.000000 3168.000000 0.000000 8188.000000 29611.000000 42048.000000 0.000000 8192.000000 192015.000000 7296.000000 12288.000000 3968.000000 2176.000000 8164.000000 31147.000000 109696.000000 44864.000000 20262.000000 0.000000 0.000000 56.000000 27009.000000 189782.000000 14993.000000 10160.000000 3168.000000 0.000000 11248.000000 32759.000000 0.000000 26369.000000 189298.000000 10192.000000 0.000000 0.000000 
28
0.000000 42048.000000 0.000000 261287.000000 11728.000000 12769.000000 6048.000000 0.000000 6468.000000 27231.000000 0.000000 42048.000000 0.000000 8192.000000 245327.000000 9232.000000 13584.000000 1280.000000 1536.000000 6748.000000 27795.000000 42048.000000 0.000000 12288.000000 249623.000000 14865.000000 11184.000000 3040.000000 1536.000000 8228.000000 28199.000000 42048.000000 0.000000 8192.000000 245327.000000 7296.000000 10656.000000 3456.000000 2176.000000 6620.000000 31183.000000 76113.000000 44864.000000 20614.000000 0.000000 0.000000 0.000000 27009.000000 234902.000000 14993.000000 10160.000000 4704.000000 35328.000000 31791.000000 15936.000000 0.000000 19841.000000 234404.000000 10192.000000 0.000000 0.000000 
29
0.000000 42048.000000 0.000000 261287.000000 11728.000000 12769.000000 6048.000000 0.000000 6468.000000 27231.000000 0.000000 42048.000000 0.000000 8192.000000 245327.000000 9232.000000 13584.000000 1280.000000 1536.000000 6748.000000 27795.000000 42048.000000 0.000000 12288.000000 249623.000000 14865.000000 11184.000000 3040.000000 1536.000000 8228.000000 28199.000000 42048.000000 0.000000 8192.000000 245327.000000 7296.000000 10656.000000 3456.000000 2176.000000 6620.000000 31183.000000 76113.000000 44864.000000 20614.000000 0.000000 0.000000 0.000000 27009.000000 234902.000000 14993.000000 10160.000000 4704.000000 35328.000000 31791.000000 15936.000000 0.000000 19841.000000 234404.000000 10192.000000 0.000000 0.000000 
30
0.000000 42048.000000 0.000000 261287.000000 11728.000000 12769.000000 6048.000000 0.000000 6468.000000 27231.000000 0.000000 42048.000000 0.000000 8192.000000 245327.000000 9232.000000 13584.000000 1280.000000 1536.000000 6748.000000 27795.000000 42048.000000 0.000000 12288.000000 249623.000000 14865.000000 11184.000000 3040.000000 1536.000000 8228.000000 28199.000000 42048.000000 0.000000 8192.000000 245327.000000 7296.000000 10656.000000 3456.000000 2176.000000 6620.000000 31183.000000 76113.000000 44864.000000 20614.000000 0.000000 0.000000 0.000000 27009.000000 234902.000000 14993.000000 10160.000000 4704.000000 35328.000000 31791.000000 15936.000000 0.000000 19841.000000 234404.000000 10192.000000 0.000000 0.000000 
31
0.000000 42048.000000 0.000000 261287.000000 11728.000000 12769.000000 6048.000000 0.000000 6468.000000 27231.000000 0.000000 42048.000000 0.000000 8192.000000 245327.000000 9232.000000 13584.000000 1280.000000 1536.000000 6748.000000 27795.000000 42048.000000 0.000000 12288.000000 249623.000000 14865.000000 11184.000000 3040.000000 1536.000000 8228.000000 28199.000000 42048.000000 0.000000 8192.000000 245327.000000 7296.000000 10656.000000 3456.000000 2176.000000 6620.000000 31183.000000 76113.000000 44864.000000 20614.000000 0.000000 0.000000 0.000000 27009.000000 234902.000000 14993.000000 10160.000000 4704.000000 35328.000000 31791.000000 15936.000000 0.000000 19841.000000 234404.000000 10192.000000 0.000000 0.000000 
32
0.000000 42048.000000 0.000000 216247.000000 11712.000000 11217.000000 5440.000000 0.000000 6692.000000 20220.000000 0.000000 42048.000000 0.000000 8192.000000 200207.000000 9088.000000 9600.000000 1280.000000 1536.000000 8316.000000 17476.000000 42048.000000 0.000000 12288.000000 204503.000000 14993.000000 10160.000000 3168.000000 1536.000000 9764.000000 17476.000000 42048.000000 0.000000 8192.000000 196751.000000 7296.000000 10640.000000 3840.000000 2176.000000 6652.000000 20080.000000 103537.000000 44768.000000 20710.000000 0.000000 0.000000 0.000000 27065.000000 189558.000000 14993.000000 7632.000000 5280.000000 35328.000000 14200.000000 22436.000000 0.000000 26369.000000 189326.000000 8656.000000 0.000000 0.000000 
33
0.000000 42048.000000 0.000000 216247.000000 11712.000000 11217.000000 5440.000000 0.000000 6692.000000 20220.000000 0.000000 42048.000000 0.000000 8192.000000 200207.000000 9088.000000 9600.000000 1280.000000 1536.000000 8316.000000 17476.000000 42048.000000 0.000000 12288.000000 204503.000000 14993.000000 10160.000000 3168.000000 1536.000000 9764.000000 17476.000000 42048.000000 0.000000 8192.000000 196751.000000 7296.000000 10640.000000 3840.000000 2176.000000 6652.000000 20080.000000 103537.000000 44768.000000 20710.000000 0.000000 0.000000 0.000000 27065.000000 189558.000000 14993.000000 7632.000000 5280.000000 35328.000000 14200.000000 22436.000000 0.000000 26369.000000 189326.000000 8656.000000 0.000000 0.000000 
34
0.000000 42048.000000 0.000000 216247.000000 11712.000000 11217.000000 5440.000000 0.000000 6692.000000 20220.000000 0.000000 42048.000000 0.000000 8192.000000 200207.000000 9088.000000 9600.000000 1280.000000 1536.000000 8316.000000 17476.000000 42048.000000 0.000000 12288.000000 204503.000000 14993.000000 10160.000000 3168.000000 1536.000000 9764.000000 17476.000000 42048.000000 0.000000 8192.000000 196751.000000 7296.000000 10640.000000 3840.000000 2176.000000 6652.000000 20080.000000 103537.000000 44768.000000 20710.000000 0.000000 0.000000 0.000000 27065.000000 189558.000000 14993.000000 7632.000000 5280.000000 35328.000000 14200.000000 22436.000000 0.000000 26369.000000 189326.000000 8656.000000 0.000000 0.000000 
35
0.000000 42048.000000 0.000000 216247.000000 11712.000000 11217.000000 5440.000000 0.000000 6692.000000 20220.000000 0.000000 42048.000000 0.000000 8192.000000 200207.000000 9088.000000 9600.000000 1280.000000 1536.000000 8316.000000 17476.000000 42048.000000 0.000000 12288.000000 204503.000000 14993.000000 10160.000000 3168.000000 1536.000000 9764.000000 17476.000000 42048.000000 0.000000 8192.000000 196751.000000 7296.000000 10640.000000 3840.000000 2176.000000 6652.000000 20080.000000 103537.000000 44768.000000 20710.000000 0.000000 0.000000 0.000000 27065.000000 189558.000000 14993.000000 7632.000000 5280.000000 35328.000000 14200.000000 22436.000000 0.000000 26369.000000 189326.000000 8656.000000 0.000000 0.000000 
36
0.000000 42048.000000 0.000000 261271.000000 11728.000000 12769.000000 6048.000000 1536.000000 6468.000000 31603.000000 0.000000 42048.000000 0.000000 8192.000000 245279.000000 9232.000000 13680.000000 1280.000000 1536.000000 8316.000000 28527.000000 42048.000000 0.000000 12288.000000 249575.000000 14993.000000 9648.000000 3168.000000 1536.000000 9828.000000 28167.000000 42048.000000 0.000000 8192.000000 245279.000000 7296.000000 12192.000000 3968.000000 1664.000000 6780.000000 20247.000000 146897.000000 7744.000000 20648.000000 0.000000 0.000000 0.000000 27065.000000 231398.000000 14977.000000 10160.000000 4704.000000 35328.000000 14168.000000 33495.000000 0.000000 27225.000000 233510.000000 10192.000000 0.000000 0.000000 
37
0.000000 42048.000000 0.000000 261271.000000 11728.000000 12769.000000 6048.000000 1536.000000 6468.000000 31603.000000 0.000000 42048.000000 0.000000 8192.000000 245279.000000 9232.000000 13680.000000 1280.000000 1536.000000 8316.000000 28527.000000 42048.000000 0.000000 12288.000000 249575.000000 14993.000000 9648.000000 3168.000000 1536.000000 9828.000000 28167.000000 42048.000000 0.000000 8192.000000 245279.000000 7296.000000 12192.000000 3968.000000 1664.000000 6780.000000 20247.000000 146897.000000 7744.000000 20648.000000 0.000000 0.000000 0.000000 27065.000000 231398.000000 14977.000000 10160.000000 4704.000000 35328.000000 14168.000000 33495.000000 0.000000 27225.000000 233510.000000 10192.000000 0.000000 0.000000 
38
0.000000 42048.000000 0.000000 261271.000000 11728.000000 12769.000000 6048.000000 1536.000000 6468.000000 31603.000000 0.000000 42048.000000 0.000000 8192.000000 245279.000000 9232.000000 13680.000000 1280.000000 1536.000000 8316.000000 28527.000000 42048.000000 0.000000 12288.000000 249575.000000 14993.000000 9648.000000 3168.000000 1536.000000 9828.000000 28167.000000 42048.000000 0.000000 8192.000000 245279.000000 7296.000000 12192.000000 3968.000000 1664.000000 6780.000000 20247.000000 146897.000000 7744.000000 20648.000000 0.000000 0.000000 0.000000 27065.000000 231398.000000 14977.000000 10160.000000 4704.000000 35328.000000 14168.000000 33495.000000 0.000000 27225.000000 233510.000000 10192.000000 0.000000 0.000000 
39
0.000000 42048.000000 0.000000 261271.000000 11728.000000 12769.000000 6048.000000 1536.000000 6468.000000 31603.000000 0.000000 42048.000000 0.000000 8192.000000 245279.000000 9232.000000 13680.000000 1280.000000 1536.000000 8316.000000 28527.000000 42048.000000 0.000000 12288.000000 249575.000000 14993.000000 9648.000000 3168.000000 1536.000000 9828.000000 28167.000000 42048.000000 0.000000 8192.000000 245279.000000 7296.000000 12192.000000 3968.000000 1664.000000 6780.000000 20247.000000 146897.000000 7744.000000 20648.000000 0.000000 0.000000 0.000000 27065.000000 231398.000000 14977.000000 10160.000000 4704.000000 35328.000000 14168.000000 33495.000000 0.000000 27225.000000 233510.000000 10192.000000 0.000000 0.000000 
