0
0.000000 0.567169 1.039754 0.916588 0.513774 1.035478 0.986579 1.008494 1.001389 0.656603 0.000000 0.776949 0.952263 1.052186 0.578676 0.818063 1.024627 0.986803 1.009109 0.990313 0.450619 0.799775 0.952488 1.052192 0.580698 0.748708 0.940304 0.934096 0.996758 1.001082 0.514067 0.682334 0.953614 1.047616 0.670895 0.562801 1.047997 1.017356 1.009925 0.966572 0.517099 0.717148 0.902991 0.997802 1.034097 0.960497 0.381048 0.258586 0.276698 0.943546 0.914166 0.936094 0.976333 0.967612 0.877107 0.952679 0.931301 0.433305 1.014282 0.816340 0.963129 
1
0.000000 0.567169 1.043692 0.850737 0.490437 1.078697 0.977559 1.013417 1.005236 0.689636 0.000000 0.095247 0.952783 1.017175 0.549043 0.808340 1.028687 0.986266 1.021542 0.999792 0.350281 0.095247 0.952610 1.017540 0.541816 0.750770 0.911242 0.935757 1.001111 0.986440 0.512558 0.000031 0.952610 0.956867 0.705818 0.636554 0.971010 1.007880 1.015357 0.976035 0.511926 0.661230 0.974915 1.001079 0.938835 1.034836 0.289586 0.238649 0.284477 0.935157 0.973931 0.934478 0.998777 0.957029 0.876970 0.952654 0.913550 0.375143 0.885330 1.026534 0.972037 
2
0.000000 0.567154 1.043692 0.846567 0.495959 1.061745 0.979204 1.011450 1.002006 0.690562 0.000000 0.095970 0.952921 1.017564 0.542742 0.813418 1.031019 0.975481 1.012066 0.995820 0.434835 0.095970 0.952471 1.017301 0.550244 0.749247 0.853614 0.940108 0.994218 0.988251 0.539679 0.000015 0.952956 0.956505 0.712003 0.551508 1.076657 1.000589 0.982372 1.003312 0.523789 0.589985 0.868037 1.021511 1.012436 1.054530 0.285786 0.235326 0.253308 0.934173 0.977551 0.934329 1.011973 0.957406 0.876970 0.952761 0.940806 0.366712 0.958100 0.862788 0.976135 
3
0.000000 0.567154 1.039754 0.841486 0.501373 1.044728 0.999791 1.009972 1.003757 0.781358 0.000000 0.098361 0.952644 1.013398 0.565449 0.837880 0.987410 0.995986 1.005788 0.981974 0.438479 0.098187 0.952973 1.013291 0.558973 0.749247 0.924699 0.906602 0.978787 1.001943 0.593373 0.002972 0.951605 1.047491 0.614953 0.555293 1.037930 1.034097 0.961357 1.029652 0.600945 0.674668 0.885654 1.092173 0.941052 1.011697 0.381048 0.233848 0.278971 0.935317 0.951469 0.936296 1.011399 0.940324 0.961204 0.956619 0.940609 0.358492 0.929895 0.973238 0.979320 
4
0.000000 0.661677 0.945231 0.851062 0.433492 1.057985 0.990892 1.011200 1.003692 0.672538 0.000000 0.094538 0.945231 1.043077 0.441323 0.815631 1.022200 0.965892 1.001354 1.005785 0.344646 0.094538 0.945231 1.043077 0.456165 0.747970 0.926651 0.936813 0.994529 1.014345 0.510489 0.000015 0.951882 1.051969 0.665512 0.562399 1.049131 0.995002 1.019563 0.990671 0.590138 0.704228 0.905708 1.036003 1.012850 1.002669 1.012889 0.949798 0.291007 0.939708 0.957120 0.933738 0.976619 0.987247 0.876961 0.952987 0.938229 0.442874 0.918450 1.013686 0.992125 
5
0.000000 0.661677 0.949169 0.856692 0.419154 1.051892 0.980477 1.006277 1.012615 0.676723 0.000000 0.094538 0.945231 0.999015 0.491108 0.817200 0.919862 0.948938 1.001354 0.995815 0.333969 0.094538 0.945231 0.999015 0.515539 0.747077 0.893155 0.935151 0.965401 1.003705 0.509591 0.000041 0.952532 1.055666 0.608542 0.636770 0.982587 0.978885 0.992012 0.994208 0.509584 0.671274 0.990026 0.989824 0.939366 1.042711 0.954312 1.048940 0.290240 0.929533 0.939364 0.937129 0.998186 0.983948 0.876970 0.953024 0.949160 0.346324 1.027206 0.812837 1.002616 
6
0.000000 0.661662 0.949169 0.850523 0.423492 1.102846 0.934015 1.006277 1.017292 0.666415 0.000000 0.094523 0.945231 0.999015 0.464492 0.816785 1.006954 0.925831 0.980677 1.040338 0.422246 0.094523 0.945231 0.999015 0.489666 0.746293 0.903282 0.939345 0.980566 0.978272 0.540257 0.000000 0.951882 1.060152 0.609823 0.553666 1.015261 0.998645 1.019810 0.999682 0.488289 0.589131 0.886234 1.059603 0.972748 1.042802 1.012743 0.957025 0.261438 0.928404 0.923424 0.931974 0.995538 0.988900 0.876833 0.952139 0.949464 0.368220 0.981812 0.840348 0.981509 
7
0.000000 0.661662 0.945231 0.849538 0.423492 1.074969 0.983862 1.006277 0.998000 0.765908 0.000000 0.094523 0.945231 0.995077 0.487015 0.816785 1.014723 0.938662 1.017108 0.994985 0.418554 0.094523 0.945231 0.995077 0.508078 0.746293 0.868049 0.906151 0.979364 0.985146 0.516931 0.000000 0.951882 1.060289 0.592831 0.553709 1.052426 0.989385 1.032226 0.991744 0.479090 0.670850 0.873825 1.081486 1.016262 0.987638 1.016465 0.950261 0.284514 0.932335 0.932568 0.936296 0.999946 0.987477 0.866187 0.952477 0.945059 0.368844 0.941279 0.952069 1.008893 
8
0.000000 0.661677 0.945231 0.851062 0.433492 1.057985 0.985354 1.011200 1.006923 0.675923 0.000000 0.094631 0.945231 1.043077 0.441308 0.815631 1.022200 0.965892 0.985600 1.005569 0.351723 0.094538 0.945231 1.043077 0.418738 0.703538 0.958865 0.996800 0.965419 1.017174 0.618654 0.000015 0.951882 1.052667 0.646904 0.562399 1.042859 1.021861 0.997853 1.005880 0.498147 0.716451 0.906289 0.990863 1.012933 1.012536 0.289595 0.256839 0.280067 0.931819 0.930759 0.937872 0.978116 0.997058 0.876215 0.952540 0.961487 0.391629 0.930221 0.983153 0.991196 
9
0.000000 0.661662 0.949169 0.852877 0.447754 1.051892 0.981215 1.006277 1.014062 0.672246 0.000000 0.094538 0.945231 0.999015 0.491092 0.817200 0.910185 0.923277 1.015138 0.978585 0.345046 0.094538 0.945231 0.999015 0.491138 0.700431 0.899098 0.955432 1.000372 1.005085 0.512790 0.000015 0.951882 1.051810 0.607058 0.636779 0.958399 1.027597 0.979059 1.013995 0.523751 0.585578 0.975951 0.944089 1.035030 0.939009 0.381046 0.235459 0.283155 0.932649 0.898929 0.925646 0.995244 0.996449 0.876199 0.952099 0.946299 0.374312 0.908355 0.980109 0.999878 
10
0.000000 0.661662 0.949169 0.854923 0.511462 0.989200 0.915446 1.006277 1.012615 0.672231 0.000000 0.094523 0.945231 0.999015 0.464492 0.816785 1.006954 0.910077 1.001354 0.993631 0.428892 0.094523 0.945231 0.999015 0.490185 0.710938 0.955081 0.966311 0.964680 0.991173 0.530817 0.000000 0.951882 1.051810 0.603814 0.553692 1.045970 1.030565 0.997859 1.003092 0.497437 0.566586 0.885731 1.014795 1.055978 0.961284 0.381037 0.231347 0.337558 0.932190 0.963701 0.919765 0.997010 0.990768 0.875610 0.952070 0.982546 0.338828 1.035496 0.803727 1.010672 
11
0.000000 0.661662 0.945231 0.848800 0.540108 0.958354 0.980108 1.006277 1.005477 0.663738 0.000000 0.094523 0.945231 0.995077 0.487015 0.816785 1.035462 0.912385 1.001354 0.972338 0.425200 0.094523 0.945231 0.995077 0.488492 0.700385 0.954588 0.966479 0.964680 0.994743 0.504032 0.000000 0.952471 1.050750 0.589857 0.553675 1.074528 0.999131 0.994111 0.991457 0.580573 0.677661 0.899004 0.978157 1.012809 0.958144 0.381046 0.230944 0.255973 0.932883 0.962299 0.928093 0.973978 1.006036 0.963005 0.957275 0.888972 0.329256 0.997885 0.852999 1.003733 
12
0.000000 0.661677 0.945231 0.852292 0.532754 0.871723 1.073169 1.026954 0.974462 0.666446 0.000000 0.094538 0.945231 1.043077 0.442554 0.821815 0.944092 0.976077 0.985600 1.026585 0.344646 0.094538 0.945231 1.043077 0.447471 0.705017 0.966948 1.003108 1.001850 1.001237 0.512907 0.000015 0.951414 1.052500 0.662259 0.544708 1.086246 1.004009 0.994791 0.993114 0.513809 0.757144 0.906493 1.020959 0.988928 1.012663 1.006251 0.633855 0.273683 0.920580 0.974166 0.935845 0.977044 1.004797 0.971284 0.956349 0.896793 0.403462 0.919138 0.990874 0.996527 
13
0.000000 0.661662 0.949169 0.854538 0.472892 1.050969 0.886415 1.011200 0.985723 0.672508 0.000000 0.094523 0.945231 0.999015 0.492754 0.818846 1.003262 0.903615 1.015138 0.997108 0.338400 0.094523 0.945231 0.999015 0.503516 0.747816 0.866446 0.985293 0.996019 1.008002 0.522305 0.000000 0.951414 1.058878 0.604160 0.565063 1.077089 0.965580 1.031369 0.987227 0.524629 0.738059 0.989275 0.919720 1.083819 0.917577 1.083890 0.564620 0.283150 0.922883 0.940816 0.927751 0.997703 0.977758 0.877250 0.952454 0.951710 0.374610 0.911126 0.978620 0.994770 
14
0.000000 0.661662 0.949169 0.864446 0.444246 1.044754 0.968877 1.022031 0.987169 0.685631 0.000000 0.094523 0.945231 0.999015 0.472369 0.818846 0.966908 0.897646 1.001354 1.008985 0.417815 0.094523 0.945231 0.999015 0.483310 0.747031 0.913775 0.947601 0.965021 1.033633 0.513465 0.000000 0.951709 1.055555 0.614027 0.563585 1.077847 0.991700 0.997967 0.986210 0.513941 0.762941 0.886177 1.004447 1.017522 1.012674 0.980590 0.663921 0.253614 0.921828 0.939935 0.922060 0.997842 0.986605 0.876482 0.952722 0.947730 0.329797 1.041097 0.805477 0.994064 
15
0.000000 0.661662 0.945231 0.850462 0.472892 1.046292 0.965200 1.022031 0.956892 0.671385 0.000000 0.094523 0.945231 0.995077 0.487015 0.853723 0.996185 0.905031 1.001354 0.987108 0.418623 0.094523 0.945231 0.995077 0.490571 0.747031 0.917871 0.949986 0.965748 1.038746 0.517839 0.000000 0.953476 1.056706 0.596089 0.562800 1.067972 1.005346 0.997975 0.970539 0.595981 0.691999 0.873779 1.066434 0.980462 1.012821 1.017725 0.563838 0.277333 0.921948 0.903605 0.926656 0.976758 1.000072 0.865813 0.952791 0.972297 0.328725 0.996607 0.854419 0.977940 
16
0.000000 0.661677 0.945231 0.885923 0.956277 1.026385 0.983031 1.011200 1.005477 0.670846 0.000000 0.094538 0.945231 1.053046 0.763692 1.019354 0.989554 0.979003 0.969848 0.995022 0.355018 0.094538 0.952621 1.064409 0.795412 0.965565 0.945232 1.073304 0.978787 0.999175 0.511850 0.001493 0.945231 1.055552 0.674252 0.949230 1.028494 1.008623 1.016929 1.005092 0.494327 0.819280 0.939394 0.972810 1.007953 1.005454 0.988123 0.755457 0.774085 0.999263 0.994845 0.991161 0.977234 1.005844 0.874309 1.039754 0.845580 0.821723 0.959654 1.058073 0.985170 
17
0.000000 0.661662 0.949169 0.873692 0.931508 1.072677 0.967954 1.006277 1.014062 0.675923 0.000000 0.094523 0.945231 1.012308 0.810646 1.028215 0.841600 0.935370 1.003571 0.998958 0.358359 0.094523 0.952621 1.033682 0.774344 0.976436 1.016005 1.002058 0.962463 1.014067 0.511080 0.000000 0.945231 1.051811 0.687612 1.002519 0.968355 1.012821 1.008260 0.994276 0.504136 0.732219 0.916055 1.034798 1.005907 1.005681 1.003449 0.656667 0.699650 0.994292 0.964067 1.019752 0.977973 1.017262 0.874294 1.039754 0.832350 0.821723 0.956712 1.051389 0.978925 
18
0.000000 0.661662 0.945231 0.880677 0.904631 1.075646 0.968969 1.006277 1.016554 0.753815 0.000000 0.094523 0.945231 1.053046 0.785477 0.969677 0.951969 0.950280 1.005788 0.999173 0.432587 0.094523 0.952621 1.064409 0.704024 0.978429 1.018459 0.963602 0.963202 1.008283 0.605726 0.000000 0.945231 1.051934 0.690278 0.930606 1.065848 0.992338 1.011297 0.990329 0.577977 0.766846 0.950290 1.008215 1.002815 0.987603 1.007050 0.691868 0.683011 0.969389 1.041341 0.977713 0.975017 1.018265 0.958156 0.945231 0.961418 0.839108 0.946137 1.047013 0.986834 
19
0.000000 0.661662 0.945231 0.879200 0.941815 1.050985 0.946800 1.006277 1.006923 0.666000 0.000000 0.094523 0.945231 1.008369 0.811185 1.024215 0.971092 0.950008 1.007266 0.994931 0.437758 0.094523 0.952621 1.025242 0.780272 0.973656 1.022492 1.004608 0.962463 1.022807 0.496648 0.000000 0.945231 1.054813 0.685414 0.934950 1.072267 0.978684 1.013822 0.994970 0.482756 0.843025 0.990105 0.990198 0.974130 1.044198 0.974440 0.650549 0.690065 0.971460 1.032929 0.990426 0.998650 0.982606 0.862909 1.039754 0.863813 0.831692 0.918905 1.068102 1.015849 
20
0.000000 0.661677 0.945231 0.885062 0.532754 1.004892 0.957646 1.011200 1.003692 0.672523 0.000000 0.094538 0.945231 1.053046 0.457923 0.821815 0.942985 0.984077 0.966892 1.040400 0.072815 0.094538 0.945231 1.053046 0.486685 0.735578 0.900274 0.987565 1.015178 0.988346 0.510195 0.000137 0.951882 1.059810 0.685842 0.545063 1.085451 0.995878 1.008032 0.990848 0.514142 0.797348 0.906372 0.992769 1.012904 1.012869 0.289578 0.255852 0.295780 0.936364 0.988807 0.971762 1.012582 1.000685 0.972335 0.952765 1.004658 0.412133 1.010512 1.001080 0.975387 
21
0.000000 0.661662 0.949169 0.872831 0.472892 0.930754 1.077231 1.006277 1.016554 0.666415 0.000000 0.094523 0.945231 1.012308 0.497738 0.818846 0.992862 0.925031 1.001354 1.000246 0.039723 0.094523 0.945231 1.012308 0.512795 0.733877 0.841164 0.984549 0.995707 0.989261 0.510474 0.000000 0.951882 1.055719 0.624153 0.563608 1.065218 1.002070 1.008743 0.986575 0.513488 0.727708 0.975912 0.943696 1.034522 0.939366 0.381046 0.234439 0.292775 0.936008 0.987269 0.982444 0.960935 1.043613 0.943571 0.985788 1.022497 0.345144 0.975163 1.039332 0.976524 
22
0.000000 0.661662 0.945231 0.879815 0.442031 1.043908 0.966277 1.006277 0.996554 0.769577 0.000000 0.094523 0.945231 1.053046 0.425892 0.818846 0.964692 0.928292 1.001354 0.991323 0.039692 0.094523 0.945231 1.053046 0.469471 0.727600 0.918677 0.930250 0.980566 0.982394 0.622057 0.000000 0.952540 1.056221 0.606568 0.563608 1.066288 1.004686 0.996405 0.990283 0.599161 0.778638 0.886702 1.014013 1.056175 0.961115 0.381063 0.231524 0.266331 0.936593 0.993702 0.984386 0.977018 1.013870 0.977111 0.952471 1.033843 0.329874 0.972540 1.044659 0.979233 
23
0.000000 0.661662 0.945231 0.878338 0.441292 1.052308 0.966123 1.006277 0.998000 0.671400 0.000000 0.094523 0.945231 1.005046 0.482431 0.853723 0.979877 0.922738 1.001354 0.995231 0.039677 0.094523 0.945231 1.008369 0.535775 0.737424 0.896297 0.949087 0.979070 0.965067 0.517830 0.000000 0.951882 1.056169 0.620322 0.563571 1.067619 1.006675 0.996035 0.982118 0.514379 0.805143 0.898087 0.977322 1.013163 0.957703 0.381054 0.231041 0.258941 0.935321 0.940910 1.015663 0.998881 0.990385 0.878593 1.047548 0.969328 0.329372 1.003590 1.006820 0.980896 
24
0.000000 0.661677 0.945231 0.885062 0.532754 0.997508 0.951677 1.026954 0.994646 0.670846 0.000000 0.094538 0.945231 1.053046 0.455815 0.864031 0.918969 0.975308 0.980677 0.996215 0.355418 0.094538 0.952621 1.064132 0.592247 0.733252 0.901460 0.983699 0.977009 0.999690 0.508379 0.000015 0.945231 1.055211 0.574376 0.545002 1.087967 1.002010 0.960355 1.044365 0.491972 0.809258 0.906176 0.990863 1.012436 1.012436 0.289586 0.258726 0.372269 0.941866 0.932362 0.939295 0.986687 0.992913 0.879038 0.952619 0.943805 0.346429 0.965400 1.040641 0.978472 
25
0.000000 0.661662 0.949169 0.872831 0.472892 1.066138 0.948185 1.026954 0.994646 0.675923 0.000000 0.094523 0.945231 1.012308 0.502723 0.861062 0.914308 0.933892 1.001354 0.993439 0.350958 0.095262 0.952621 1.033740 0.545695 0.732764 0.897494 0.970660 0.999632 1.000866 0.508223 0.000000 0.945231 1.071945 0.585224 0.563730 1.059994 1.012203 0.993744 0.996049 0.510257 0.710165 0.976742 0.944158 1.034467 0.939574 0.381048 0.231801 0.290394 0.942304 0.949589 0.932279 1.012990 0.969375 0.878963 0.952575 0.934288 0.361323 0.940138 1.032011 0.966649 
26
0.000000 0.661662 0.945231 0.879815 0.442031 1.051292 0.967385 1.026954 0.985108 0.744877 0.000000 0.094523 0.945231 1.053046 0.433754 0.865492 0.892877 0.948708 1.001354 0.975084 0.431109 0.094523 0.952621 1.064501 0.504061 0.733742 0.840155 0.966991 0.962936 1.022679 0.602967 0.000000 0.945231 1.056000 0.541062 0.563730 1.066165 1.004650 0.997967 0.996718 0.584490 0.691871 0.884958 1.014463 1.057976 0.961236 0.381048 0.233107 0.303350 0.943199 0.921076 0.936835 0.998319 0.989573 0.961852 0.952619 0.964650 0.335448 0.979051 0.985757 1.002616 
27
0.000000 0.661662 0.945231 0.878338 0.441292 1.052308 0.954246 1.001354 0.994369 0.666000 0.000000 0.094523 0.945231 1.008369 0.471662 0.862492 0.965569 0.944262 1.001354 0.967169 0.431109 0.094523 0.952621 1.025739 0.545676 0.732994 0.897596 0.963669 0.963052 1.001250 0.495937 0.000000 0.945231 1.071691 0.542272 0.563389 1.070263 1.006562 0.997958 0.979921 0.508306 0.778550 0.899368 0.978373 1.012436 0.957790 0.381048 0.229285 0.287523 0.940837 0.980159 0.921710 0.976010 1.010386 0.866968 0.952679 0.962760 0.303467 1.008451 0.982048 1.004096 
28
0.000000 0.661677 0.945231 0.877200 0.532754 0.982646 0.974415 1.011200 0.999477 0.677615 0.000000 0.094538 0.945231 1.053046 0.457923 0.821815 0.942985 0.984077 0.966892 1.031937 0.435128 0.095277 0.952621 1.064132 0.586324 0.700192 0.896711 0.983703 0.963293 1.018112 0.513446 0.000015 0.945231 1.055263 0.597561 0.544866 1.089613 0.996194 0.997027 0.989357 0.511187 0.851394 0.974880 0.991615 0.957322 1.002430 1.012852 0.973882 0.377810 0.936074 0.964251 0.933301 1.001133 0.974809 0.973513 0.952559 0.971600 0.382160 0.927490 1.057092 0.955579 
29
0.000000 0.661662 0.949169 0.872815 0.472892 1.051815 0.898846 1.011200 0.988031 0.670123 0.000000 0.094523 0.945231 1.012308 0.503954 0.818846 0.959477 0.925031 1.001354 1.000370 0.431418 0.094523 0.952621 1.033740 0.566659 0.697611 0.903736 0.955038 0.999500 0.994272 0.512122 0.000000 0.945231 1.051817 0.620705 0.563461 1.043001 1.001254 1.018009 1.005177 0.512649 0.859111 0.870845 1.105431 0.916562 1.042110 1.014324 0.969816 0.301415 0.935125 0.920401 0.932417 0.997010 0.980503 0.879187 0.952783 0.957293 0.361323 0.945620 1.047771 0.980311 
30
0.000000 0.661662 0.945231 0.886046 0.442031 1.046138 0.965200 1.022031 0.966031 0.765892 0.000000 0.094523 0.945231 1.053046 0.427554 0.818846 0.964692 0.928292 1.001354 0.983480 0.349542 0.094523 0.952621 1.064132 0.491758 0.689525 0.959943 0.966680 0.962925 1.037452 0.604427 0.000000 0.945231 1.055263 0.566251 0.563758 1.030856 1.006204 1.014483 0.976574 0.501248 0.861939 0.884131 1.088648 0.962096 1.042110 0.960768 0.959564 0.295644 0.935270 0.987318 0.935340 0.995244 0.979532 0.867424 0.952569 0.947038 0.332677 0.945886 1.041147 1.000895 
31
0.000000 0.661662 0.945231 0.876677 0.441292 0.933138 1.055200 1.022031 0.961600 0.667677 0.000000 0.094523 0.945231 1.005046 0.474554 0.853723 0.979877 0.922738 1.001354 0.981295 0.434066 0.094523 0.952252 1.029801 0.553819 0.692477 0.910969 0.963327 0.962844 1.007289 0.499306 0.000000 0.945231 1.056002 0.582522 0.563623 1.035590 1.014277 0.971967 1.019064 0.501249 0.795403 0.871673 1.077844 0.939990 1.044171 0.953388 0.990403 0.272901 0.933985 0.936924 0.927531 0.973389 1.004911 0.867433 0.952572 0.980447 0.331990 0.951355 1.044314 0.974159 
32
0.000000 0.661677 0.945231 0.895523 0.456400 1.058354 0.988723 1.006277 1.000523 0.675923 0.000000 0.094538 0.945231 1.053046 0.498031 0.843815 0.985004 0.988602 0.967631 0.992805 0.354648 0.094538 0.952621 1.063814 0.643632 0.700350 0.905902 0.983878 0.963941 1.025112 0.532947 0.000015 0.945231 1.055107 0.645766 0.563331 1.031937 1.005634 0.984341 1.046883 0.589519 0.836216 0.990004 0.977231 0.957183 1.002656 1.012886 0.973354 0.417549 0.920268 1.001523 0.987241 0.975571 1.006128 0.878776 0.952575 0.948381 0.377359 1.035093 0.859940 0.990928 
33
0.000000 0.661662 0.949169 0.897062 0.504585 1.033969 0.943554 1.026954 0.978215 0.672246 0.000000 0.094523 0.945231 1.012308 0.543569 0.844769 0.990234 0.976601 1.005049 0.996285 0.354648 0.094523 0.952621 1.034998 0.606683 0.697515 0.900465 0.970928 1.000372 1.018283 0.509655 0.000000 0.945231 1.072254 0.638861 0.637682 0.956078 1.010218 0.998125 0.991510 0.494202 0.747936 0.870845 1.105431 0.919065 1.042750 1.012860 0.971680 0.340526 0.922721 1.001164 0.985683 0.996647 0.986535 0.879005 0.952540 0.936949 0.374477 0.984218 0.913659 0.964573 
34
0.000000 0.661662 0.945231 0.906662 0.472908 1.068554 0.960631 1.026954 0.964369 0.756077 0.000000 0.094523 0.945231 1.053046 0.503231 0.846954 0.963635 0.959908 1.005788 0.995480 0.436264 0.095262 0.952621 1.066020 0.593854 0.689554 0.955986 0.966309 0.998893 1.003606 0.608440 0.000000 0.945231 1.057169 0.637233 0.545599 1.057249 1.024005 1.009757 0.984176 0.503481 0.714365 0.884570 1.089237 0.960621 1.042785 0.961115 0.967404 0.361778 0.923310 0.964067 1.008793 0.976126 1.016137 0.961600 0.952672 0.953923 0.402846 0.970233 0.839405 0.968417 
35
0.000000 0.661662 0.945231 0.878815 0.549492 0.986369 0.943385 1.022031 0.995385 0.663754 0.000000 0.094523 0.945231 1.008369 0.543292 0.843785 0.998402 0.954862 1.008005 0.999449 0.434835 0.094523 0.952621 1.022731 0.604686 0.692451 0.908068 0.964095 0.999632 0.989883 0.517397 0.000000 0.945231 1.074667 0.640816 0.563185 1.062123 0.991141 0.995650 0.994573 0.485019 0.825576 0.885030 1.008321 1.033612 1.002656 0.954402 0.998609 0.361612 0.886133 1.031055 0.997035 0.996092 0.988422 0.867277 0.952696 0.951968 0.374375 1.012377 0.825515 1.002536 
36
0.000000 0.661769 0.945231 0.884738 0.467123 1.076169 0.979154 1.011200 0.999477 0.677615 0.000000 0.094538 0.945231 1.053046 0.500169 0.816369 1.030526 0.983864 0.985111 0.984713 0.452174 0.094538 0.952621 1.063352 0.622810 0.700109 0.923171 1.097064 0.963202 1.039011 0.511947 0.000015 0.945231 1.054813 0.639601 0.563552 0.972153 1.019324 0.998864 0.994055 0.500990 0.806428 0.988676 0.977820 0.993607 0.987612 0.989243 1.051263 0.434082 0.916248 0.964858 0.937956 0.997866 0.988037 0.879286 0.952674 0.946724 0.353319 0.995717 1.039574 0.989270 
37
0.000000 0.661662 0.949169 0.880431 0.520554 0.997954 0.931769 1.011200 0.988031 0.670123 0.000000 0.094523 0.945231 1.012308 0.545523 0.815846 1.017068 0.980573 0.954095 1.050404 0.352233 0.095262 0.952471 1.032481 0.642080 0.697597 1.024972 0.976447 1.015218 1.003547 0.509727 0.000000 0.945231 1.072254 0.639159 0.626875 1.005525 0.974006 1.024772 0.994573 0.499511 0.802039 0.872468 1.050292 0.992813 1.042837 0.991059 1.016527 0.398596 0.917879 0.955416 0.933889 0.997695 0.982434 0.879070 0.952669 0.936951 0.406760 0.974553 0.999029 0.986673 
38
0.000000 0.661662 0.945231 0.875123 0.504400 1.062615 0.961938 1.022031 0.966031 0.765892 0.000000 0.094523 0.945231 1.053046 0.496969 0.819508 1.031754 0.980403 0.957051 1.021544 0.356203 0.094523 0.952621 1.064824 0.564603 0.689810 1.024940 1.010990 0.999632 0.999670 0.592984 0.000000 0.945231 1.057757 0.639708 0.545617 1.063406 1.023512 0.992865 0.996004 0.485158 0.757141 0.884276 1.033510 1.000498 1.027698 0.942438 1.077457 0.384849 0.917505 0.992922 0.935929 0.997426 0.980187 0.961969 0.952796 0.950420 0.373775 1.012719 0.998752 0.989633 
39
0.000000 0.661662 0.945231 0.867323 0.561754 0.998185 0.978646 1.022031 0.961600 0.667677 0.000000 0.094523 0.945231 1.005046 0.545492 0.816338 1.027309 0.980587 1.003571 0.977822 0.442267 0.094523 0.952621 1.031631 0.620900 0.692373 1.016984 0.950941 0.999632 1.004429 0.511173 0.000000 0.945231 1.070461 0.645125 0.563012 1.012369 0.995573 1.028557 0.996373 0.485142 0.760085 0.884736 1.063459 0.992498 0.987629 0.967486 1.060279 0.351515 0.918101 0.905290 0.921993 0.977174 1.018530 0.867298 0.952376 0.957776 0.402492 0.986141 1.000918 0.982617 
