task94
0.012000 0.012000 1.001156 1.001226 2.001654 2.001658 3.011583 3.011723 4.015730 4.035985 5.011683 5.098329 
task19
0.022000 0.026188 1.010233 1.016080 2.010335 2.016306 3.020348 3.026278 4.042678 4.065562 5.100223 5.132254 
task16
0.023626 0.025855 1.012002 1.014303 2.012495 2.014706 3.021974 3.024218 4.055112 4.065232 5.112196 5.127792 
task13
0.023626 0.025857 1.012002 1.014305 2.012495 2.014708 3.021974 3.024220 4.053272 4.059008 5.112196 5.127794 
task10
0.023626 0.025857 1.012002 1.014245 2.012495 2.014740 3.021974 3.024289 4.053272 4.058709 5.112196 5.127795 
task0
0.023626 0.025857 1.012002 1.014008 2.012495 2.014505 3.021974 3.024005 4.053272 4.058629 5.112196 5.127797 
task15
0.023626 0.025857 1.012002 1.014306 2.012495 2.014709 3.021974 3.024222 4.053272 4.058775 5.112196 5.127798 
task20
0.027626 0.028051 1.016344 1.018082 2.016495 2.018085 3.026420 3.028123 4.069378 4.211883 5.128952 5.131065 
task17
0.027626 0.141478 1.014429 1.197615 2.014832 2.206732 3.024520 3.226277 4.069506 4.350288 5.128196 5.397020 
task2
0.030915 0.131765 1.016319 1.016511 2.016203 2.016635 3.024215 3.024568 4.069378 4.210698 5.156414 5.167494 
task9
0.030915 0.131765 1.016002 1.016071 2.016347 2.016740 3.025974 3.026006 4.069378 4.210563 5.153846 5.165357 
task6
0.030915 0.131765 1.016201 1.016265 2.016303 2.016383 3.026420 3.026580 4.069378 4.210566 5.156414 5.167495 
task3
0.030915 0.131765 1.016319 1.016355 2.016357 2.016502 3.024520 3.024623 4.069378 4.210700 5.153846 5.165358 
task4
0.030915 0.131765 1.016002 1.016108 2.016508 2.016677 3.024315 3.024817 4.069378 4.210565 5.156414 5.167497 
task7
0.030915 0.131765 1.016039 1.016415 2.016652 2.016838 3.025974 3.026112 4.069378 4.210568 5.156414 5.167498 
task5
0.030915 0.131765 1.014212 1.014637 2.016303 2.016455 3.026420 3.026597 4.069378 4.210702 5.153846 5.165360 
task8
0.030915 0.131765 1.016201 1.016338 2.016508 2.016628 3.024620 3.024797 4.069378 4.210566 5.156414 5.167500 
task18
0.030915 0.133923 1.015622 1.039785 2.016323 2.050523 3.026118 3.050954 4.079460 4.133689 5.136304 5.168860 
task1
0.031173 0.141478 1.015896 1.016337 2.015998 2.016474 3.025974 3.026111 4.069073 4.210563 5.156110 5.167491 
task14
0.031173 0.141478 1.016201 1.016240 2.016052 2.016520 3.025974 3.026023 4.069378 4.210697 5.153541 5.165354 
task11
0.031173 0.141478 1.016201 1.016283 2.016357 2.016546 3.026115 3.026548 4.069378 4.210565 5.153846 5.165355 
task12
0.031173 0.141480 1.016014 1.016454 2.016303 2.016309 3.025974 3.026091 4.069378 4.210562 5.156414 5.167492 
task21
0.134176 0.145886 1.039983 1.090888 2.051617 2.095926 3.052308 3.104154 4.132585 4.243043 5.173241 5.216675 
task22
0.146434 0.150709 1.078609 1.095342 2.083427 2.098151 3.094321 3.106888 4.236596 4.325206 5.216974 5.223940 
task23
0.150452 0.213545 1.096774 1.237343 2.097804 2.218905 3.107975 3.214492 4.326783 4.544931 5.225822 5.339462 
task24
0.214014 0.214235 0.214490 0.214785 1.194863 1.195097 1.195374 1.195575 1.195616 1.195778 1.195788 1.196212 1.196446 1.196702 1.196972 1.197297 1.197482 1.197778 1.197896 1.198091 1.198096 1.198212 1.198554 1.198702 1.199080 1.199297 1.199591 1.199775 2.219846 2.220091 2.220127 2.220509 2.220547 2.221315 3.214866 3.215086 3.215144 3.215255 3.215517 3.215906 3.215915 3.216043 3.216165 3.216646 3.216975 3.217086 3.217252 3.217906 3.218023 3.218243 3.218273 3.218646 3.219083 3.219286 3.219360 3.219455 3.219525 3.219717 4.536092 4.536263 4.536352 4.536505 4.536591 4.536822 4.536898 4.537271 4.538201 4.538822 4.538991 4.539271 4.540309 4.540463 4.540555 4.540705 4.540801 4.541022 5.339788 5.340235 5.340551 5.340662 5.341050 5.341260 5.341896 5.342157 5.342184 5.342235 
task83
0.220586 0.228911 1.240575 1.248746 2.240234 2.248709 3.240314 3.248882 4.560398 4.574908 5.400026 5.408558 
task84
0.220592 0.236726 1.240581 1.256562 2.240241 2.256525 3.240320 3.256663 4.560411 4.590538 5.400032 5.416374 
task86
0.220647 0.259988 1.240636 1.280003 2.240296 2.279842 3.240376 3.276112 4.560522 4.637185 5.400087 5.439829 
task25
0.222320 0.247202 1.241479 1.268582 2.242209 2.275395 3.241657 3.267502 4.562249 4.570894 5.402176 5.427662 
task90
0.222351 0.279665 1.241029 1.302878 2.242237 2.299229 3.241380 3.299343 4.561249 4.580789 5.402045 5.459214 
task30
0.224904 0.251652 1.243682 1.276051 2.242739 2.268232 3.243275 3.268546 4.564685 4.566546 5.403954 5.427872 
task31
0.224913 0.252223 1.243691 1.277225 2.242740 2.271528 3.243277 3.275517 4.564694 4.567688 4.567729 4.572011 5.403955 5.431482 
task33
0.226944 0.256380 1.246274 1.268882 2.242645 2.271722 3.244729 3.274918 4.570711 4.572066 4.573072 4.573154 4.573758 4.575615 5.403962 5.434352 
task54
0.228881 0.256445 1.250256 1.268902 2.242959 2.271003 3.246374 3.274942 4.574518 4.574572 4.575111 4.575240 4.575446 4.575626 5.405794 5.434252 
task28
0.229231 0.259557 1.250260 1.284734 2.244823 2.279375 3.246388 3.285777 4.574519 4.574909 4.576519 4.604872 5.405803 5.445772 
task27
0.253238 0.266346 1.281523 1.287328 2.267719 2.278975 3.279224 3.285212 4.600561 4.607420 5.436700 5.444997 
task26
0.259234 0.292715 1.283576 1.293342 2.273625 2.310168 3.283287 3.304749 4.604419 4.631925 5.442181 5.464066 
task85
0.266887 0.274372 1.287524 1.297117 2.281016 2.297777 3.284390 3.310345 4.623838 4.640385 5.444703 5.471898 
task32
0.266899 0.269646 1.290760 1.298218 2.283186 2.288889 3.284407 3.292054 4.609120 4.619405 5.445270 5.450909 
task87
0.267238 0.326446 1.290275 1.326755 2.288225 2.321975 3.294107 3.332408 4.641888 4.713100 5.446803 5.545095 
task34
0.267385 0.276614 1.287534 1.297309 2.285900 2.286217 2.286342 2.291482 3.289425 3.293446 3.293543 3.294562 4.616312 4.621377 4.621387 4.623885 5.452868 5.458634 
task55
0.274288 0.284863 1.288527 1.296282 2.288742 2.295740 3.292810 3.298758 4.620939 4.628200 5.449210 5.459498 
task45
0.277895 0.303289 1.300040 1.317540 2.290929 2.342605 3.306421 3.360505 4.633741 4.687131 5.456362 5.510120 
task29
0.279616 0.307226 1.309198 1.333245 2.294300 2.309532 3.311523 3.334389 4.637217 4.648315 5.460208 5.471543 
task35
0.280798 0.395422 1.294212 1.484714 2.301637 2.384269 3.294283 3.459940 4.624299 4.802774 5.464193 5.623654 
task56
0.289217 0.490172 1.313576 1.545052 2.309720 2.490238 3.299315 3.545343 4.630078 4.839829 5.468190 5.687132 
task36
0.291855 0.483382 1.334966 1.358742 2.310700 2.315440 2.315725 2.319674 3.333442 3.381038 4.644980 4.658917 5.472623 5.487454 
task37
0.311623 0.322608 1.353011 1.364502 2.320815 2.379803 3.339385 3.393632 4.661273 4.709363 5.488215 5.544495 
task47
0.311695 0.504742 1.359712 1.522245 2.326348 2.562805 3.340483 3.561998 4.665545 4.903192 5.492416 5.727038 
task39
0.350260 0.488766 1.403310 1.536203 2.367180 2.526723 3.374843 3.533320 4.714014 4.868243 5.525301 5.692314 
task88
0.358416 0.503208 1.327224 1.387398 2.319289 2.671440 3.332846 3.684894 4.654600 5.010728 5.482682 5.676546 
task38
0.360720 0.506875 1.410423 1.536403 2.376880 2.533777 3.387494 3.531529 4.723382 4.874723 5.531722 5.698763 
task40
0.489982 0.541788 1.526644 1.548572 2.515712 2.565451 3.533601 3.575740 4.856322 4.874237 5.683786 5.739691 
task57
0.498398 0.519385 1.417751 1.535849 2.491268 2.522048 3.385051 3.509266 4.840156 4.864045 5.691867 5.702175 
task89
0.504343 0.616371 1.418781 1.608648 2.471069 2.631071 3.398107 3.585078 4.809293 4.911880 5.677817 5.725851 
task48
0.506287 0.526635 1.522585 1.544580 2.594562 2.758114 3.588742 3.753962 4.935505 5.088474 5.673709 5.703417 
task49
0.517907 0.536188 1.535828 1.565103 2.755618 2.787768 3.753159 3.791342 5.082952 5.117614 5.756963 5.921157 
task46
0.522620 0.698912 1.549986 1.748000 2.530921 2.697598 3.539771 3.747795 4.875627 5.037838 5.704311 5.861832 
task43
0.563164 0.775435 1.588785 1.737912 2.572942 2.786677 3.570870 3.796680 4.916189 5.128511 5.742319 5.901971 
task41
0.568775 0.801349 1.597971 1.826926 2.579742 2.808391 3.578047 3.816766 4.922197 5.136678 5.747390 5.937532 
task42
0.576587 0.810345 1.603609 1.836348 2.586278 2.803212 3.582463 3.819045 4.928285 5.106189 5.750930 5.986595 
task50
0.585393 0.752315 1.609646 1.775071 2.776144 2.819091 3.791782 3.804305 5.118587 5.164706 5.922781 5.967492 
task93
0.589831 0.765105 1.615369 1.789085 2.599145 2.765077 3.595280 3.781243 4.937461 5.122454 5.762864 5.957762 
task91
0.591061 0.888862 1.617406 1.804325 2.601043 2.802195 3.597523 3.804200 4.940045 5.218723 5.764174 5.764401 5.764405 5.764410 5.764415 5.765793 5.926108 5.765797 5.925020 5.765802 5.925498 5.765802 5.930460 5.765806 5.931142 5.765811 5.930054 5.765811 5.930532 5.765816 5.935494 5.765820 5.936175 5.765820 5.935088 5.765825 5.935566 5.765830 5.940528 5.765830 5.941209 5.765834 5.940122 5.765839 5.940600 5.765839 5.945562 5.765843 5.946243 5.765848 5.945155 5.765848 5.945634 5.765853 5.950595 5.765857 5.951277 5.765857 5.950189 5.765862 5.950668 5.765867 5.955629 5.765867 5.956311 5.765871 5.955223 5.765876 5.955702 5.765876 5.960663 5.765880 5.961345 5.765885 5.960257 5.765885 5.960735 5.765890 5.965697 5.765894 5.966378 5.765894 5.965291 5.765899 5.965769 5.765903 5.970731 5.765903 5.971412 5.765908 5.970325 5.765913 5.970803 5.765913 5.975765 5.765917 5.976446 5.765922 5.975358 5.765922 5.975837 5.765927 5.980798 5.765931 5.981480 5.765931 5.980392 5.765936 5.980871 5.765940 5.985832 5.765940 5.986514 5.765945 5.985426 5.765950 5.985905 5.765950 5.990866 5.765954 5.991548 5.765959 5.990460 5.765959 5.990938 5.765964 5.995900 5.765968 5.996582 5.765968 5.995494 5.765973 5.995972 5.765982 5.765987 5.765987 5.765991 5.766000 5.766005 5.766005 5.766010 5.766019 5.766024 5.766024 5.766028 5.766037 5.766042 5.766042 5.766047 5.766056 5.766061 5.766061 5.766065 5.766070 5.766419 5.766070 
task44
0.718828 0.764594 1.738305 1.791938 2.727599 2.759169 3.740930 3.772691 5.100205 5.118511 5.902401 5.930526 
task51
0.752634 0.779731 1.776211 1.797874 2.819270 2.825492 3.804849 3.826071 5.165987 5.180100 5.967864 5.973783 
task52
0.780033 0.781745 0.781776 0.782349 1.798324 1.799505 1.799611 1.800148 2.825445 2.825826 2.825868 2.826152 2.826218 2.826732 2.826763 2.827554 3.825514 3.825735 3.825899 3.827343 5.188967 5.216575 5.973894 5.975414 5.975545 5.975886 
task53
0.782307 0.782412 0.782571 0.782685 0.783097 0.783251 1.800478 1.800563 1.800623 1.800711 1.800763 1.800965 1.800974 1.801118 1.801269 1.801306 1.801312 1.801448 1.801806 1.801966 2.827601 2.827843 2.828011 2.828291 2.828347 2.828523 2.828551 2.828623 2.828659 2.828760 2.828893 2.829062 2.829120 2.829563 2.829582 2.829697 3.826622 3.826757 3.826913 3.826966 3.827079 3.827292 3.827618 3.827722 3.828107 3.828218 3.828297 3.828392 5.203085 5.203309 5.205088 5.205148 5.207092 5.207186 5.207979 5.208180 5.209096 5.209197 5.976096 5.976348 5.976427 5.976762 
task92
0.806967 0.818829 1.804480 1.819478 2.802406 2.824075 3.804766 3.823092 5.153846 5.178577 
task72
4.010298 4.027382 
task73
4.010298 4.027932 
task74
4.010539 4.028263 
task69
4.010539 4.025886 
task62
4.014548 4.046877 
task64
4.014552 4.047542 
task61
4.014651 4.026826 
task59
4.015228 4.031686 
task58
4.015234 4.036394 
task75
4.026681 4.034058 4.034709 4.034869 4.034878 4.035051 4.035492 4.035675 4.035697 4.035837 4.036723 4.036745 4.036878 4.036885 
task71
4.035493 4.057178 
task63
4.037545 4.061888 
task76
4.037562 4.065920 
task60
4.039525 4.059006 
task77
4.053272 4.091297 
task80
4.060017 4.099020 
task65
4.065438 4.217722 
task78
4.098136 4.234291 
task81
4.101766 4.181118 
task67
4.110322 4.301942 
task70
4.197512 4.327468 
task68
4.199783 4.234477 
task82
4.218835 4.482503 
task66
4.221217 4.484863 
task79
4.292721 4.351345 
