5
0.000000 0.012000 1.000000 1.001226 2.000000 2.001658 3.000000 3.011723 4.000000 4.035985 5.000000 5.098329 
0
0.000000 0.141480 1.000000 1.016511 2.000000 2.016838 3.000000 3.026597 4.000000 4.210702 5.000000 5.167500 
4
0.000000 0.214858 1.000000 1.237343 2.000000 2.233063 3.000000 3.238312 4.000000 4.558477 5.000000 5.397020 
2
0.000000 0.812008 1.000000 1.836348 2.000000 2.829723 3.000000 3.838178 4.000000 5.216575 5.000000 5.989397 
1
0.000000 0.888862 1.000000 1.901091 2.000000 2.888026 3.000000 3.882626 4.000000 5.218975 
3
4.000000 4.622305 
