0
0.000000 99328.000000 99936.000000 99984.000000 100000.000000 99968.000000 100000.000000 99840.000000 100000.000000 99616.000000 0.000000 100000.000000 100000.000000 99999.000000 99987.000000 99987.000000 100000.000000 99968.000000 99840.000000 99840.000000 0.000000 99968.000000 79056.000000 100000.000000 99980.000000 99052.000000 100000.000000 99968.000000 99840.000000 99944.000000 0.000000 99952.000000 100000.000000 99984.000000 100000.000000 98478.000000 100000.000000 99840.000000 100000.000000 100000.000000 0.000000 100000.000000 98372.000000 99920.000000 99920.000000 99968.000000 100000.000000 99995.000000 100000.000000 100000.000000 99968.000000 99840.000000 99968.000000 99682.000000 99984.000000 100000.000000 100000.000000 99968.000000 99968.000000 99968.000000 99984.000000 
1
0.000000 99328.000000 99936.000000 100000.000000 99360.000000 99776.000000 99968.000000 99968.000000 99840.000000 99840.000000 0.000000 99840.000000 99968.000000 99999.000000 99552.000000 99936.000000 100000.000000 100000.000000 99840.000000 99840.000000 0.000000 99840.000000 87552.000000 100000.000000 99936.000000 47520.000000 100000.000000 99968.000000 99840.000000 99992.000000 0.000000 99832.000000 98304.000000 99997.000000 99973.000000 98067.000000 100000.000000 99968.000000 99840.000000 99840.000000 0.000000 100000.000000 98358.000000 99984.000000 100000.000000 95656.000000 99984.000000 100000.000000 100000.000000 100000.000000 100000.000000 99840.000000 99840.000000 98304.000000 99984.000000 100000.000000 99920.000000 98768.000000 100000.000000 99840.000000 99964.000000 
2
0.000000 99328.000000 99936.000000 100000.000000 99968.000000 99968.000000 99968.000000 99840.000000 99840.000000 99840.000000 0.000000 99936.000000 99552.000000 100000.000000 99997.000000 99985.000000 99985.000000 100000.000000 99840.000000 99840.000000 99840.000000 99936.000000 99456.000000 99984.000000 100000.000000 99936.000000 100000.000000 100000.000000 99840.000000 99840.000000 0.000000 99904.000000 98304.000000 99997.000000 99986.000000 99341.000000 100000.000000 100000.000000 99968.000000 99840.000000 0.000000 99994.000000 99936.000000 99984.000000 99648.000000 99648.000000 99648.000000 99936.000000 99936.000000 100000.000000 100000.000000 99840.000000 99968.000000 98304.000000 100000.000000 100000.000000 99936.000000 100000.000000 100000.000000 99840.000000 99840.000000 
3
0.000000 99328.000000 99872.000000 100000.000000 100000.000000 96676.000000 99968.000000 99840.000000 99936.000000 82496.000000 0.000000 99936.000000 100000.000000 99946.000000 100000.000000 99982.000000 100000.000000 100000.000000 99936.000000 99964.000000 0.000000 99932.000000 99840.000000 99992.000000 100000.000000 99936.000000 100000.000000 99968.000000 100000.000000 99992.000000 0.000000 99608.000000 100000.000000 99984.000000 99936.000000 99936.000000 99936.000000 100000.000000 99968.000000 99840.000000 0.000000 100000.000000 99456.000000 99936.000000 99712.000000 99728.000000 99760.000000 99993.000000 99936.000000 100000.000000 100000.000000 99840.000000 99840.000000 100000.000000 100000.000000 100000.000000 99840.000000 99968.000000 99968.000000 99968.000000 99968.000000 
4
0.000000 99328.000000 99936.000000 99984.000000 100000.000000 99968.000000 99968.000000 99968.000000 100000.000000 100000.000000 0.000000 100000.000000 99840.000000 100000.000000 99988.000000 99988.000000 100000.000000 100000.000000 99840.000000 99840.000000 0.000000 99936.000000 99984.000000 99984.000000 100000.000000 99936.000000 100000.000000 99968.000000 99840.000000 100000.000000 0.000000 99904.000000 98304.000000 99984.000000 100000.000000 100000.000000 100000.000000 99968.000000 99840.000000 99840.000000 0.000000 99990.000000 99744.000000 99984.000000 100000.000000 97256.000000 100000.000000 100000.000000 100000.000000 99968.000000 100000.000000 99840.000000 99840.000000 98304.000000 98304.000000 100000.000000 99936.000000 100000.000000 100000.000000 99840.000000 100000.000000 
5
0.000000 99328.000000 99936.000000 100000.000000 99972.000000 99140.000000 100000.000000 99968.000000 99840.000000 99840.000000 0.000000 99904.000000 99960.000000 99936.000000 99936.000000 99968.000000 100000.000000 99968.000000 99840.000000 99840.000000 0.000000 100000.000000 81256.000000 99993.000000 100000.000000 99584.000000 100000.000000 100000.000000 100000.000000 99932.000000 0.000000 100000.000000 99936.000000 100000.000000 100000.000000 100000.000000 100000.000000 99904.000000 99264.000000 99952.000000 0.000000 99998.000000 99968.000000 100000.000000 99816.000000 99720.000000 99976.000000 99956.000000 99936.000000 100000.000000 100000.000000 100000.000000 100000.000000 99992.000000 99984.000000 100000.000000 99994.000000 99994.000000 100000.000000 100000.000000 99264.000000 
6
0.000000 99328.000000 99936.000000 100000.000000 99988.000000 99252.000000 99968.000000 99968.000000 99840.000000 99840.000000 0.000000 99840.000000 87360.000000 99993.000000 100000.000000 100000.000000 100000.000000 99968.000000 99840.000000 99840.000000 0.000000 99840.000000 99840.000000 99968.000000 100000.000000 99968.000000 99968.000000 99968.000000 99840.000000 99924.000000 0.000000 99908.000000 99744.000000 100000.000000 99997.000000 97100.000000 100000.000000 99904.000000 99264.000000 99976.000000 0.000000 100000.000000 100000.000000 100000.000000 28756.000000 27548.000000 99996.000000 100000.000000 99992.000000 100000.000000 100000.000000 99776.000000 99777.888889 97728.000000 99976.000000 100000.000000 99968.000000 100000.000000 99904.000000 99904.000000 99264.000000 
7
0.000000 99328.000000 99936.000000 100000.000000 100000.000000 99104.000000 99968.000000 99840.000000 100000.000000 99840.000000 0.000000 100000.000000 100000.000000 99991.000000 99936.000000 97440.000000 99968.000000 99968.000000 99840.000000 100000.000000 0.000000 99868.000000 100000.000000 100000.000000 99944.000000 99752.000000 100000.000000 99968.000000 99840.000000 99984.000000 0.000000 99840.000000 99168.000000 100000.000000 99936.000000 99936.000000 100000.000000 99968.000000 99840.000000 99840.000000 0.000000 99988.000000 99976.000000 99976.000000 99920.000000 99994.000000 99992.000000 100000.000000 78080.000000 81632.000000 100000.000000 99840.000000 99968.000000 99968.000000 99984.000000 100000.000000 99972.000000 100000.000000 100000.000000 99968.000000 99968.000000 
8
0.000000 98304.000000 99840.000000 100000.000000 100000.000000 100000.000000 100000.000000 99904.000000 98496.000000 99520.000000 0.000000 99584.000000 99984.000000 99989.000000 100000.000000 98976.000000 100000.000000 100000.000000 99920.000000 99980.000000 0.000000 99992.000000 98496.000000 100000.000000 100000.000000 100000.000000 100000.000000 99904.000000 99520.000000 99520.000000 0.000000 99904.000000 99168.000000 100000.000000 99936.000000 99936.000000 99968.000000 100000.000000 99520.000000 99968.000000 0.000000 100000.000000 97034.000000 96960.000000 99936.000000 100000.000000 99984.000000 99976.000000 99944.000000 100000.000000 99904.000000 99520.000000 99520.000000 96960.000000 96960.000000 100000.000000 100000.000000 99968.000000 100000.000000 99904.000000 99956.000000 
9
0.000000 98304.000000 99840.000000 100000.000000 99968.000000 99968.000000 99968.000000 99968.000000 100000.000000 99872.000000 0.000000 99960.000000 99992.000000 99988.000000 100000.000000 99984.000000 100000.000000 99904.000000 100000.000000 99616.000000 0.000000 100000.000000 100000.000000 100000.000000 99940.000000 99972.000000 100000.000000 99904.000000 99520.000000 99596.000000 0.000000 99904.000000 99984.000000 99984.000000 99648.000000 99264.000000 100000.000000 99968.000000 99712.000000 99960.000000 0.000000 100000.000000 100000.000000 100000.000000 100000.000000 100000.000000 100000.000000 99976.000000 99688.000000 100000.000000 100000.000000 99520.000000 99936.000000 99888.000000 99984.000000 100000.000000 99980.000000 99532.000000 100000.000000 99904.000000 98496.000000 
10
0.000000 98304.000000 99840.000000 100000.000000 100000.000000 100000.000000 100000.000000 99520.000000 99520.000000 99520.000000 0.000000 99936.000000 83040.000000 100000.000000 98912.000000 100000.000000 99998.000000 99968.000000 99936.000000 100000.000000 0.000000 99968.000000 99200.000000 100000.000000 100000.000000 97184.000000 100000.000000 100000.000000 99584.000000 99784.000000 0.000000 99936.000000 99936.000000 100000.000000 100000.000000 100000.000000 100000.000000 99968.000000 98688.000000 99948.000000 0.000000 99996.000000 97472.000000 95616.000000 99936.000000 99544.000000 99984.000000 99976.000000 99912.000000 99944.000000 100000.000000 99712.000000 99712.000000 95616.000000 95616.000000 99988.000000 99924.000000 98960.000000 100000.000000 98688.000000 99960.000000 
11
0.000000 98304.000000 99840.000000 100000.000000 100000.000000 100000.000000 99904.000000 99520.000000 100000.000000 82080.000000 0.000000 100000.000000 88896.000000 100000.000000 99936.000000 99840.000000 99968.000000 99904.000000 98496.000000 98496.000000 0.000000 99520.000000 98496.000000 100000.000000 100000.000000 100000.000000 100000.000000 99904.000000 98496.000000 99936.000000 0.000000 99908.000000 96960.000000 100000.000000 99994.000000 98650.000000 100000.000000 99904.000000 99520.000000 98496.000000 0.000000 100000.000000 97416.000000 96960.000000 100000.000000 99992.000000 99984.000000 99824.000000 91856.000000 100000.000000 100000.000000 98496.000000 99520.000000 96960.000000 96960.000000 99988.000000 100000.000000 98848.000000 100000.000000 98496.000000 99944.000000 
12
0.000000 98304.000000 99936.000000 100000.000000 100000.000000 100000.000000 100000.000000 99968.000000 99840.000000 99840.000000 0.000000 99968.000000 80352.000000 100000.000000 99936.000000 99968.000000 100000.000000 99988.000000 99940.000000 99996.000000 0.000000 99928.000000 99200.000000 100000.000000 100000.000000 99936.000000 100000.000000 100000.000000 99680.000000 99880.000000 0.000000 99912.000000 96000.000000 99984.000000 99936.000000 99936.000000 100000.000000 100000.000000 99584.000000 99984.000000 0.000000 99996.000000 97302.000000 99968.000000 99904.000000 99776.000000 99984.000000 99988.000000 99988.000000 100000.000000 100000.000000 99968.000000 99712.000000 99996.000000 99984.000000 100000.000000 99956.000000 99956.000000 100000.000000 99968.000000 100000.000000 
13
0.000000 98304.000000 99936.000000 100000.000000 100000.000000 99488.000000 100000.000000 100000.000000 99840.000000 99840.000000 0.000000 99936.000000 99616.000000 100000.000000 100000.000000 100000.000000 100000.000000 99968.000000 100000.000000 86524.000000 0.000000 99968.000000 85968.000000 100000.000000 100000.000000 99936.000000 100000.000000 100000.000000 99840.000000 99840.000000 0.000000 99840.000000 99936.000000 100000.000000 99936.000000 99936.000000 100000.000000 100000.000000 99840.000000 99840.000000 0.000000 99998.000000 99968.000000 99968.000000 99624.000000 99960.000000 99968.000000 99997.000000 99921.000000 99985.000000 100000.000000 99840.000000 99840.000000 96768.000000 96768.000000 100000.000000 99936.000000 100000.000000 99968.000000 99840.000000 100000.000000 
14
0.000000 98304.000000 99936.000000 99997.000000 99840.000000 99840.000000 99968.000000 99968.000000 99972.000000 81024.000000 0.000000 99968.000000 81984.000000 100000.000000 100000.000000 99872.000000 100000.000000 100000.000000 98880.000000 98880.000000 0.000000 99904.000000 99936.000000 100000.000000 99940.000000 99972.000000 100000.000000 99904.000000 99904.000000 99992.000000 0.000000 99936.000000 99936.000000 100000.000000 100000.000000 98764.000000 100000.000000 99904.000000 99648.000000 100000.000000 0.000000 99990.000000 99672.000000 99984.000000 99840.000000 99840.000000 100000.000000 100000.000000 100000.000000 83008.000000 100000.000000 99648.000000 99936.000000 100000.000000 99984.000000 100000.000000 99976.000000 100000.000000 99904.000000 99904.000000 99648.000000 
15
0.000000 98304.000000 99936.000000 100000.000000 99968.000000 100000.000000 99968.000000 99968.000000 99992.000000 99968.000000 0.000000 99992.000000 100000.000000 100000.000000 99648.000000 100000.000000 100000.000000 99968.000000 99968.000000 100000.000000 0.000000 99984.000000 99968.000000 100000.000000 100000.000000 98848.000000 100000.000000 99968.000000 99840.000000 99924.000000 0.000000 99908.000000 96768.000000 100000.000000 100000.000000 100000.000000 100000.000000 100000.000000 99840.000000 99996.000000 0.000000 100000.000000 99968.000000 99984.000000 99840.000000 99840.000000 99840.000000 99936.000000 99936.000000 99968.000000 100000.000000 100000.000000 100000.000000 99908.000000 99984.000000 100000.000000 99916.000000 99340.000000 100000.000000 99968.000000 99840.000000 
16
0.000000 99393.888889 99936.000000 100000.000000 100000.000000 98912.000000 99968.000000 99840.000000 100000.000000 99840.000000 0.000000 100000.000000 99976.000000 99989.000000 99945.000000 99945.000000 100000.000000 99968.000000 99968.000000 99936.000000 0.000000 99868.000000 98304.000000 100000.000000 100000.000000 100000.000000 100000.000000 99968.000000 99840.000000 99924.000000 0.000000 99908.000000 98304.000000 99984.000000 99936.000000 99936.000000 100000.000000 100000.000000 99840.000000 99976.000000 0.000000 99990.000000 99999.888889 99983.888889 99951.888889 99995.888889 99997.888889 100000.000000 99936.000000 100000.000000 99980.000000 99840.000000 98304.000000 98304.000000 99984.000000 99968.000000 100000.000000 100000.000000 100000.000000 99968.000000 99840.000000 
17
0.000000 99328.000000 99936.000000 100000.000000 100000.000000 98816.000000 100000.000000 99968.000000 99840.000000 99840.000000 0.000000 99840.000000 99984.000000 100000.000000 100000.000000 99988.000000 100000.000000 100000.000000 99936.000000 99964.000000 0.000000 99932.000000 76040.000000 99991.000000 100000.000000 100000.000000 100000.000000 99968.000000 99456.000000 100000.000000 0.000000 99972.000000 97920.000000 99984.000000 99968.000000 99680.000000 100000.000000 100000.000000 99456.000000 99456.000000 0.000000 99992.000000 99968.000000 99976.000000 99848.000000 99704.000000 99996.000000 100000.000000 99872.000000 99872.000000 100000.000000 100000.000000 99968.000000 97920.000000 99984.000000 100000.000000 99976.000000 98696.000000 100000.000000 99456.000000 99964.000000 
18
0.000000 99328.000000 99968.000000 100000.000000 100000.000000 98720.000000 100000.000000 99968.000000 99840.000000 99840.000000 0.000000 99904.000000 99960.000000 99972.000000 100000.000000 99696.000000 99984.000000 100000.000000 99936.000000 98336.000000 0.000000 99968.000000 81136.000000 100000.000000 100000.000000 100000.000000 100000.000000 100000.000000 99968.000000 99964.000000 0.000000 99972.000000 97728.000000 99984.000000 99992.000000 99944.000000 100000.000000 99904.000000 99264.000000 99964.000000 0.000000 100000.000000 98184.000000 99968.000000 100000.000000 94584.000000 100000.000000 100000.000000 100000.000000 99936.000000 100000.000000 99264.000000 99980.000000 99936.000000 99984.000000 100000.000000 99992.000000 100000.000000 100000.000000 99904.000000 99904.000000 
19
0.000000 99328.000000 99936.000000 100000.000000 99968.000000 100000.000000 100000.000000 99968.000000 99840.000000 99840.000000 0.000000 99904.000000 99984.000000 99993.000000 99968.000000 99776.000000 100000.000000 100000.000000 99840.000000 99840.000000 0.000000 99840.000000 99840.000000 100000.000000 99952.000000 99376.000000 100000.000000 100000.000000 99840.000000 99920.000000 0.000000 99908.000000 98304.000000 100000.000000 99984.000000 96992.000000 100000.000000 100000.000000 99840.000000 99856.000000 0.000000 100000.000000 99972.000000 99984.000000 98112.000000 99948.000000 99997.000000 100000.000000 99968.000000 99968.000000 99968.000000 99840.000000 99936.000000 99744.000000 99984.000000 100000.000000 100000.000000 100000.000000 99904.000000 99904.000000 99904.000000 
