0
0.000000 25765.000000 9216.000000 28998.000000 63619.000000 24576.000000 119233.000000 52929.000000 0.000000 0.000000 0.000000 86016.000000 24576.000000 9604.000000 72969.000000 26184.000000 89984.000000 85248.000000 18944.000000 0.000000 0.000000 61440.000000 0.000000 20161.000000 89808.000000 26194.000000 139712.000000 75776.000000 9472.000000 0.000000 0.000000 12288.000000 21504.000000 6440.000000 106647.000000 41162.000000 122555.000000 58619.000000 3456.000000 0.000000 0.000000 104448.000000 36864.000000 177210.000000 112770.000000 48330.000000 0.000000 87937.000000 47964.000000 47360.000000 101824.000000 35520.000000 13020.000000 27648.000000 0.000000 106326.000000 67789.000000 25600.000000 95424.000000 28416.000000 0.000000 
1
0.000000 25764.000000 9216.000000 24165.000000 63619.000000 24576.000000 119233.000000 52929.000000 0.000000 0.000000 0.000000 82944.000000 21504.000000 8918.000000 71098.000000 24313.000000 89984.000000 85248.000000 18944.000000 0.000000 0.000000 58368.000000 0.000000 20161.000000 91679.000000 26194.000000 142080.000000 75776.000000 11840.000000 0.000000 0.000000 6144.000000 21504.000000 6104.000000 107020.000000 41535.000000 125389.000000 61453.000000 3456.000000 0.000000 0.000000 98304.000000 30720.000000 177210.000000 112770.000000 48330.000000 0.000000 86066.000000 48253.000000 44992.000000 101824.000000 35520.000000 13020.000000 27648.000000 0.000000 101493.000000 67832.000000 24576.000000 93056.000000 29312.000000 0.000000 
2
0.000000 25764.000000 6144.000000 24165.000000 63908.000000 23552.000000 118864.000000 52560.000000 0.000000 0.000000 0.000000 82944.000000 21504.000000 8918.000000 71098.000000 23565.000000 87616.000000 85248.000000 18944.000000 0.000000 0.000000 61440.000000 0.000000 20161.000000 91679.000000 26194.000000 139712.000000 73408.000000 9472.000000 0.000000 0.000000 6144.000000 18432.000000 6282.000000 106272.000000 40787.000000 122555.000000 56251.000000 3456.000000 0.000000 0.000000 98304.000000 30720.000000 169155.000000 104715.000000 40275.000000 0.000000 84195.000000 47906.000000 44992.000000 101824.000000 35520.000000 13020.000000 27648.000000 0.000000 101493.000000 67804.000000 24576.000000 90688.000000 26048.000000 0.000000 
3
0.000000 25764.000000 6144.000000 28998.000000 63548.000000 23552.000000 118795.000000 54859.000000 0.000000 0.000000 0.000000 82944.000000 21504.000000 8918.000000 69227.000000 23938.000000 87616.000000 82880.000000 16576.000000 0.000000 0.000000 58368.000000 0.000000 20065.000000 87937.000000 24323.000000 139712.000000 75776.000000 9472.000000 0.000000 0.000000 6144.000000 18432.000000 6282.000000 106272.000000 40787.000000 122117.000000 55813.000000 3456.000000 0.000000 0.000000 104448.000000 36864.000000 177210.000000 112770.000000 48330.000000 0.000000 84195.000000 48238.000000 44992.000000 99456.000000 33152.000000 8680.000000 24576.000000 0.000000 101493.000000 67972.000000 24576.000000 90688.000000 26048.000000 0.000000 
4
0.000000 25765.000000 9216.000000 129045.000000 61450.000000 21504.000000 137344.000000 73408.000000 7104.000000 0.000000 0.000000 61440.000000 0.000000 120825.000000 57996.000000 24692.000000 116736.000000 67616.000000 3272.000000 0.000000 0.000000 76800.000000 15360.000000 6174.000000 95953.000000 28065.000000 144448.000000 78144.000000 14208.000000 0.000000 0.000000 86016.000000 18432.000000 7126.000000 88675.000000 23190.000000 142080.000000 78144.000000 11840.000000 0.000000 0.000000 153600.000000 86016.000000 32480.000000 43008.000000 0.000000 42920.000000 102463.000000 46780.000000 44992.000000 99456.000000 35520.000000 55296.000000 0.000000 0.000000 53479.000000 78582.000000 13097.000000 84332.000000 18028.000000 0.000000 
5
0.000000 25764.000000 9216.000000 129045.000000 61450.000000 20480.000000 137344.000000 73408.000000 7104.000000 0.000000 0.000000 56052.000000 0.000000 125658.000000 62829.000000 23944.000000 118208.000000 70888.000000 3272.000000 0.000000 0.000000 76800.000000 12288.000000 6174.000000 95421.000000 29936.000000 144448.000000 80512.000000 14208.000000 0.000000 0.000000 86016.000000 18432.000000 6790.000000 87179.000000 21694.000000 142080.000000 78144.000000 11840.000000 0.000000 0.000000 153600.000000 86016.000000 32233.000000 39936.000000 0.000000 42020.000000 102986.000000 46420.000000 44992.000000 99456.000000 35520.000000 49152.000000 0.000000 0.000000 51608.000000 78582.000000 13097.000000 81432.000000 17496.000000 0.000000 
6
0.000000 25764.000000 6144.000000 129045.000000 61450.000000 20480.000000 137344.000000 71040.000000 7104.000000 0.000000 0.000000 56052.000000 0.000000 120825.000000 57996.000000 24692.000000 116736.000000 68520.000000 3272.000000 0.000000 0.000000 76800.000000 12288.000000 6860.000000 93550.000000 28065.000000 144448.000000 78144.000000 14208.000000 0.000000 0.000000 86016.000000 18432.000000 6968.000000 87179.000000 21694.000000 142080.000000 78144.000000 11840.000000 0.000000 0.000000 159744.000000 92160.000000 32449.000000 39936.000000 0.000000 42020.000000 102986.000000 46420.000000 44992.000000 97088.000000 33152.000000 49152.000000 0.000000 0.000000 51608.000000 78582.000000 13097.000000 81384.000000 17448.000000 0.000000 
7
0.000000 25764.000000 6144.000000 124628.000000 57033.000000 20480.000000 134976.000000 68672.000000 4736.000000 0.000000 0.000000 56052.000000 0.000000 120825.000000 57996.000000 24692.000000 116736.000000 68520.000000 3272.000000 0.000000 0.000000 76800.000000 12288.000000 6174.000000 93550.000000 28065.000000 142080.000000 75776.000000 11840.000000 0.000000 0.000000 80088.000000 12504.000000 6968.000000 87552.000000 22067.000000 139712.000000 75776.000000 9472.000000 0.000000 0.000000 153600.000000 86016.000000 32233.000000 43008.000000 0.000000 42020.000000 102986.000000 46420.000000 44992.000000 97088.000000 33152.000000 49152.000000 0.000000 0.000000 51608.000000 76711.000000 11226.000000 83752.000000 17448.000000 0.000000 
8
0.000000 25765.000000 9216.000000 115992.000000 78323.000000 16360.000000 135552.000000 69248.000000 6544.000000 0.000000 0.000000 79872.000000 15360.000000 8918.000000 184800.000000 123200.000000 113696.000000 130064.000000 65440.000000 0.000000 0.000000 76800.000000 12288.000000 6174.000000 110096.000000 41162.000000 109632.000000 45696.000000 0.000000 0.000000 0.000000 79872.000000 12288.000000 6440.000000 108518.000000 43033.000000 111104.000000 44800.000000 25344.000000 0.000000 0.000000 55296.000000 60928.000000 201375.000000 136935.000000 72495.000000 8055.000000 77328.000000 57532.000000 52096.000000 75840.000000 9536.000000 49152.000000 0.000000 0.000000 101493.000000 63384.000000 25200.000000 154864.000000 88560.000000 26176.000000 
9
0.000000 25764.000000 9216.000000 120825.000000 78316.000000 9720.000000 136640.000000 70336.000000 6544.000000 0.000000 0.000000 76800.000000 12288.000000 8918.000000 176000.000000 114400.000000 114368.000000 130968.000000 68712.000000 3272.000000 0.000000 76800.000000 12288.000000 6174.000000 108225.000000 39291.000000 109632.000000 42432.000000 0.000000 0.000000 0.000000 74484.000000 6900.000000 6008.000000 108518.000000 43033.000000 108736.000000 42432.000000 24192.000000 0.000000 0.000000 61440.000000 59392.000000 201375.000000 136935.000000 72495.000000 8055.000000 72495.000000 58312.000000 49728.000000 73504.000000 9568.000000 49152.000000 0.000000 0.000000 101493.000000 59644.000000 28000.000000 155768.000000 89464.000000 26176.000000 
10
0.000000 25764.000000 6144.000000 115992.000000 78323.000000 16360.000000 136640.000000 70336.000000 6544.000000 0.000000 0.000000 76800.000000 12288.000000 8918.000000 176000.000000 114400.000000 114368.000000 130968.000000 68712.000000 3272.000000 0.000000 76800.000000 12288.000000 6860.000000 108225.000000 41162.000000 107264.000000 42432.000000 0.000000 0.000000 0.000000 74376.000000 6792.000000 6282.000000 108518.000000 43033.000000 108736.000000 42432.000000 24192.000000 0.000000 0.000000 55296.000000 58336.000000 209430.000000 144990.000000 80550.000000 8055.000000 72495.000000 58312.000000 49728.000000 73504.000000 9568.000000 49152.000000 0.000000 0.000000 101493.000000 58896.000000 25200.000000 153400.000000 89464.000000 26176.000000 
11
0.000000 25764.000000 6144.000000 115992.000000 77963.000000 16000.000000 133368.000000 67064.000000 3272.000000 0.000000 0.000000 76800.000000 12288.000000 9604.000000 176000.000000 114400.000000 114368.000000 130968.000000 68712.000000 3272.000000 0.000000 76800.000000 12288.000000 6174.000000 108225.000000 41162.000000 107264.000000 42432.000000 0.000000 0.000000 0.000000 74376.000000 6792.000000 6282.000000 106647.000000 41162.000000 108736.000000 44800.000000 24192.000000 0.000000 0.000000 61440.000000 58880.000000 201375.000000 136935.000000 72495.000000 0.000000 72495.000000 58312.000000 49728.000000 73104.000000 9168.000000 49152.000000 0.000000 0.000000 101493.000000 59269.000000 25200.000000 152496.000000 86192.000000 22904.000000 
12
0.000000 25657.000000 9216.000000 13794.000000 77455.000000 11970.000000 109312.000000 45376.000000 0.000000 0.000000 0.000000 49152.000000 0.000000 8232.000000 54340.000000 39291.000000 94720.000000 58432.000000 0.000000 0.000000 0.000000 30720.000000 0.000000 6860.000000 108225.000000 41162.000000 109475.000000 43171.000000 17280.000000 0.000000 0.000000 18432.000000 27648.000000 17040.000000 193600.000000 123200.000000 116064.000000 44992.000000 5760.000000 0.000000 0.000000 61440.000000 70656.000000 204447.000000 144990.000000 80550.000000 16110.000000 82161.000000 57532.000000 54464.000000 140728.000000 75256.000000 9816.000000 27648.000000 0.000000 122900.000000 69010.000000 25600.000000 82880.000000 16576.000000 0.000000 
13
0.000000 25656.000000 9216.000000 12540.000000 76707.000000 11222.000000 109312.000000 45376.000000 0.000000 0.000000 0.000000 49152.000000 0.000000 7546.000000 56734.000000 39291.000000 94720.000000 58432.000000 0.000000 0.000000 0.000000 24792.000000 0.000000 6174.000000 108225.000000 39291.000000 108510.000000 43171.000000 14976.000000 0.000000 0.000000 12288.000000 24576.000000 17040.000000 184800.000000 114400.000000 114368.000000 44992.000000 5760.000000 0.000000 0.000000 61440.000000 70656.000000 204447.000000 144990.000000 80550.000000 16110.000000 77328.000000 58312.000000 52096.000000 140328.000000 75256.000000 9816.000000 27648.000000 0.000000 122900.000000 69010.000000 26624.000000 82880.000000 16576.000000 0.000000 
14
0.000000 25656.000000 6144.000000 12540.000000 77080.000000 11595.000000 110400.000000 46464.000000 0.000000 0.000000 0.000000 43440.000000 0.000000 7546.000000 56211.000000 37420.000000 92352.000000 59520.000000 0.000000 0.000000 0.000000 24792.000000 0.000000 6174.000000 106354.000000 39291.000000 107075.000000 43139.000000 14976.000000 0.000000 0.000000 12288.000000 24576.000000 17040.000000 184800.000000 114400.000000 114368.000000 44992.000000 5760.000000 0.000000 0.000000 55296.000000 67584.000000 204447.000000 144990.000000 80550.000000 8055.000000 77328.000000 58312.000000 52096.000000 143632.000000 78528.000000 13088.000000 27648.000000 0.000000 122900.000000 69010.000000 25600.000000 80512.000000 14208.000000 0.000000 
15
0.000000 25656.000000 6144.000000 12540.000000 76332.000000 10847.000000 110400.000000 46464.000000 0.000000 0.000000 0.000000 43440.000000 0.000000 7546.000000 56734.000000 39291.000000 92352.000000 58368.000000 0.000000 0.000000 0.000000 24792.000000 0.000000 6174.000000 105822.000000 39291.000000 108510.000000 44574.000000 14976.000000 0.000000 0.000000 12288.000000 24576.000000 17040.000000 184800.000000 114400.000000 114368.000000 44992.000000 5760.000000 0.000000 0.000000 55296.000000 64512.000000 209430.000000 144990.000000 80550.000000 16110.000000 77328.000000 58312.000000 52096.000000 140360.000000 75256.000000 9816.000000 27648.000000 0.000000 116755.000000 68985.000000 25600.000000 80512.000000 14208.000000 0.000000 
16
0.000000 25765.000000 9216.000000 115992.000000 158191.000000 96800.000000 108000.000000 42432.000000 0.000000 0.000000 0.000000 67584.000000 0.000000 1800.000000 103509.000000 37420.000000 94720.000000 79104.000000 12800.000000 0.000000 0.000000 70656.000000 6144.000000 2892.000000 107326.000000 37793.000000 103920.000000 66160.000000 0.000000 0.000000 0.000000 43008.000000 0.000000 1800.000000 92480.000000 26995.000000 142080.000000 78144.000000 11840.000000 0.000000 0.000000 153600.000000 86016.000000 35444.000000 49152.000000 0.000000 42920.000000 61600.000000 48646.000000 49728.000000 101824.000000 37888.000000 129024.000000 61440.000000 0.000000 101493.000000 62636.000000 28000.000000 133663.000000 67359.000000 3272.000000 
17
0.000000 25764.000000 9216.000000 111159.000000 157846.000000 96800.000000 108000.000000 42432.000000 0.000000 0.000000 0.000000 67584.000000 0.000000 1800.000000 103509.000000 37420.000000 92352.000000 79104.000000 12800.000000 0.000000 0.000000 70656.000000 6144.000000 2892.000000 107358.000000 38916.000000 103552.000000 65792.000000 0.000000 0.000000 0.000000 43008.000000 0.000000 1800.000000 92797.000000 27312.000000 142080.000000 78144.000000 11840.000000 0.000000 0.000000 153600.000000 86016.000000 35444.000000 46080.000000 0.000000 42020.000000 70400.000000 51833.000000 44992.000000 99456.000000 35520.000000 129024.000000 67584.000000 0.000000 101493.000000 62636.000000 25200.000000 137373.000000 71069.000000 6544.000000 
18
0.000000 25764.000000 6144.000000 111159.000000 152610.000000 88000.000000 114528.000000 45696.000000 0.000000 0.000000 0.000000 62196.000000 0.000000 2700.000000 101638.000000 37420.000000 92352.000000 79104.000000 12800.000000 0.000000 0.000000 70656.000000 6144.000000 2700.000000 107731.000000 39289.000000 103552.000000 65792.000000 0.000000 0.000000 0.000000 43008.000000 0.000000 2700.000000 92551.000000 27066.000000 139712.000000 75776.000000 9472.000000 0.000000 0.000000 153600.000000 92160.000000 35444.000000 46080.000000 0.000000 42020.000000 61600.000000 48646.000000 44992.000000 99456.000000 35520.000000 122880.000000 61440.000000 0.000000 101493.000000 62233.000000 25200.000000 134190.000000 67886.000000 3272.000000 
19
0.000000 25764.000000 6144.000000 111159.000000 157846.000000 96800.000000 104736.000000 39168.000000 0.000000 0.000000 0.000000 62088.000000 0.000000 1800.000000 100290.000000 35549.000000 92352.000000 80192.000000 13888.000000 0.000000 0.000000 67584.000000 3072.000000 3276.000000 106983.000000 38541.000000 103520.000000 66664.000000 3272.000000 0.000000 0.000000 36864.000000 0.000000 1800.000000 90574.000000 26960.000000 139712.000000 75776.000000 9472.000000 0.000000 0.000000 147456.000000 86016.000000 35475.000000 46080.000000 0.000000 42020.000000 70400.000000 51833.000000 44992.000000 99456.000000 35520.000000 122880.000000 61440.000000 0.000000 101493.000000 62606.000000 25200.000000 136497.000000 72561.000000 6544.000000 
20
0.000000 25765.000000 9216.000000 5306.000000 74840.000000 9355.000000 132608.000000 68672.000000 2368.000000 0.000000 0.000000 43872.000000 0.000000 48330.000000 78582.000000 21377.000000 92352.000000 89984.000000 23680.000000 0.000000 0.000000 61440.000000 0.000000 17040.000000 80453.000000 45768.000000 99456.000000 67531.000000 3272.000000 0.000000 0.000000 24576.000000 12288.000000 19880.000000 91271.000000 25788.000000 144448.000000 78144.000000 14208.000000 0.000000 0.000000 94972.000000 28672.000000 169155.000000 104715.000000 40275.000000 2208.000000 82161.000000 57532.000000 54464.000000 64908.000000 21460.000000 0.000000 27648.000000 0.000000 202400.000000 132000.000000 70400.000000 118400.000000 54464.000000 0.000000 
21
0.000000 25764.000000 9216.000000 5403.000000 74840.000000 9355.000000 132608.000000 68672.000000 2368.000000 0.000000 0.000000 43872.000000 0.000000 48330.000000 78582.000000 21017.000000 92352.000000 87616.000000 21312.000000 0.000000 0.000000 61440.000000 0.000000 17040.000000 80453.000000 45768.000000 99456.000000 64259.000000 0.000000 0.000000 0.000000 24576.000000 12288.000000 19880.000000 89443.000000 24708.000000 144448.000000 78144.000000 14208.000000 0.000000 0.000000 95008.000000 28672.000000 169155.000000 104715.000000 40275.000000 2208.000000 77328.000000 63145.000000 54464.000000 64940.000000 21460.000000 0.000000 27648.000000 0.000000 202400.000000 132000.000000 70400.000000 118400.000000 54464.000000 0.000000 
22
0.000000 25764.000000 6144.000000 5210.000000 74840.000000 9355.000000 132608.000000 68672.000000 2368.000000 0.000000 0.000000 43764.000000 0.000000 48330.000000 76711.000000 21306.000000 92352.000000 87616.000000 21312.000000 0.000000 0.000000 58368.000000 0.000000 17040.000000 80453.000000 42968.000000 99456.000000 64259.000000 0.000000 0.000000 0.000000 18432.000000 9216.000000 17040.000000 89083.000000 24348.000000 144448.000000 78144.000000 14208.000000 0.000000 0.000000 98484.000000 32256.000000 169155.000000 104715.000000 40275.000000 2208.000000 77328.000000 58312.000000 54464.000000 64940.000000 20880.000000 6144.000000 27648.000000 0.000000 202400.000000 132000.000000 70400.000000 116032.000000 52096.000000 0.000000 
23
0.000000 25764.000000 6144.000000 5403.000000 72969.000000 9355.000000 130240.000000 66304.000000 0.000000 0.000000 0.000000 43764.000000 0.000000 48330.000000 76711.000000 21306.000000 92352.000000 87616.000000 21312.000000 0.000000 0.000000 58368.000000 0.000000 14200.000000 78582.000000 43897.000000 99456.000000 66566.000000 3272.000000 0.000000 0.000000 18432.000000 9216.000000 19880.000000 90954.000000 24348.000000 142080.000000 75776.000000 11840.000000 0.000000 0.000000 94972.000000 28672.000000 177210.000000 112770.000000 48330.000000 2208.000000 77328.000000 63145.000000 54464.000000 64540.000000 20880.000000 6144.000000 27648.000000 0.000000 193600.000000 123200.000000 61600.000000 118400.000000 52096.000000 0.000000 
24
0.000000 25765.000000 9216.000000 5306.000000 74840.000000 9355.000000 137344.000000 73408.000000 9472.000000 0.000000 0.000000 76800.000000 12288.000000 20168.000000 72969.000000 20780.000000 92352.000000 85248.000000 21312.000000 0.000000 0.000000 49152.000000 0.000000 4632.000000 84118.000000 21289.000000 137344.000000 71040.000000 7104.000000 0.000000 0.000000 0.000000 21504.000000 19332.000000 89808.000000 26194.000000 142080.000000 78144.000000 11840.000000 0.000000 0.000000 27776.000000 25088.000000 83330.000000 101799.000000 30720.000000 30320.000000 62870.000000 44904.000000 64320.000000 84864.000000 19584.000000 92160.000000 24576.000000 0.000000 112886.000000 61137.000000 2800.000000 120768.000000 54464.000000 0.000000 
25
0.000000 25764.000000 9216.000000 5403.000000 74840.000000 9355.000000 139712.000000 73408.000000 9472.000000 0.000000 0.000000 76800.000000 12288.000000 20208.000000 71098.000000 22664.000000 89984.000000 85248.000000 21312.000000 0.000000 0.000000 49152.000000 0.000000 4439.000000 84521.000000 17952.000000 137344.000000 71040.000000 7104.000000 0.000000 0.000000 2.000000 18432.000000 19332.000000 91679.000000 26194.000000 142080.000000 78144.000000 11840.000000 0.000000 0.000000 27776.000000 25088.000000 83330.000000 104871.000000 33792.000000 30320.000000 62870.000000 44904.000000 64320.000000 81600.000000 16320.000000 92160.000000 24576.000000 0.000000 106741.000000 61336.000000 2400.000000 120768.000000 54464.000000 0.000000 
26
0.000000 25764.000000 6144.000000 5210.000000 74840.000000 11226.000000 137344.000000 73408.000000 7104.000000 0.000000 0.000000 76800.000000 12288.000000 18000.000000 71098.000000 22664.000000 89984.000000 82880.000000 18944.000000 0.000000 0.000000 43440.000000 0.000000 4439.000000 84521.000000 17952.000000 137344.000000 71040.000000 7104.000000 0.000000 0.000000 2.000000 18432.000000 19332.000000 89808.000000 24323.000000 139712.000000 75776.000000 9472.000000 0.000000 0.000000 29760.000000 22823.000000 91663.000000 107060.000000 36864.000000 30320.000000 60999.000000 44904.000000 64320.000000 81600.000000 16320.000000 86016.000000 18432.000000 0.000000 108053.000000 61180.000000 2400.000000 120768.000000 54464.000000 0.000000 
27
0.000000 25764.000000 6144.000000 5210.000000 72969.000000 9355.000000 134976.000000 71040.000000 4736.000000 0.000000 0.000000 76800.000000 12288.000000 18000.000000 71098.000000 22304.000000 89984.000000 82880.000000 18944.000000 0.000000 0.000000 43332.000000 0.000000 4632.000000 84521.000000 17952.000000 134976.000000 68672.000000 4736.000000 0.000000 0.000000 1.000000 18432.000000 19332.000000 89808.000000 24323.000000 139712.000000 75776.000000 9472.000000 0.000000 0.000000 27776.000000 24704.000000 83330.000000 104871.000000 33792.000000 30320.000000 60999.000000 43033.000000 63296.000000 81600.000000 16320.000000 86016.000000 18432.000000 0.000000 108053.000000 61180.000000 2400.000000 118400.000000 52096.000000 0.000000 
28
0.000000 25765.000000 9216.000000 7417.000000 74840.000000 9355.000000 119040.000000 52736.000000 0.000000 0.000000 0.000000 49152.000000 0.000000 62829.000000 93550.000000 28065.000000 97088.000000 64256.000000 0.000000 0.000000 0.000000 18648.000000 15360.000000 33600.000000 83437.000000 17204.000000 108736.000000 44736.000000 14976.000000 0.000000 0.000000 0.000000 18432.000000 106326.000000 87310.000000 22452.000000 142080.000000 78144.000000 11840.000000 0.000000 0.000000 29760.000000 35104.000000 177210.000000 112770.000000 48330.000000 1632.000000 71366.000000 54259.000000 49728.000000 104192.000000 40256.000000 13020.000000 27648.000000 0.000000 60255.000000 60610.000000 25200.000000 102912.000000 39168.000000 0.000000 
29
0.000000 25764.000000 9216.000000 7417.000000 74840.000000 9355.000000 117888.000000 51584.000000 0.000000 0.000000 0.000000 43548.000000 0.000000 62829.000000 93550.000000 28065.000000 97088.000000 64256.000000 0.000000 0.000000 0.000000 18648.000000 12288.000000 33600.000000 83810.000000 17204.000000 110208.000000 47104.000000 13824.000000 0.000000 0.000000 2.000000 18432.000000 106326.000000 85439.000000 20581.000000 139712.000000 75776.000000 9472.000000 0.000000 0.000000 27776.000000 35456.000000 169155.000000 104715.000000 40275.000000 1536.000000 72335.000000 52388.000000 47360.000000 104192.000000 40256.000000 13020.000000 27648.000000 0.000000 60255.000000 62481.000000 25200.000000 100544.000000 35904.000000 0.000000 
30
0.000000 25764.000000 6144.000000 7417.000000 72969.000000 9355.000000 119040.000000 52736.000000 0.000000 0.000000 0.000000 43440.000000 0.000000 62829.000000 91679.000000 26194.000000 94720.000000 64192.000000 0.000000 0.000000 0.000000 18648.000000 15360.000000 33600.000000 83062.000000 16456.000000 112000.000000 48000.000000 13824.000000 0.000000 0.000000 2.000000 18432.000000 106326.000000 85439.000000 20581.000000 139712.000000 75776.000000 9472.000000 0.000000 0.000000 27776.000000 34474.000000 177210.000000 112770.000000 48330.000000 1536.000000 72335.000000 52388.000000 47360.000000 104192.000000 40256.000000 10850.000000 27648.000000 0.000000 58907.000000 61733.000000 25200.000000 103808.000000 39168.000000 0.000000 
31
0.000000 25764.000000 6144.000000 7321.000000 72969.000000 9355.000000 117888.000000 51584.000000 0.000000 0.000000 0.000000 43440.000000 0.000000 62829.000000 91679.000000 26194.000000 94720.000000 64192.000000 0.000000 0.000000 0.000000 18540.000000 15360.000000 33268.000000 81566.000000 16456.000000 109632.000000 45632.000000 13824.000000 0.000000 0.000000 1.000000 18432.000000 106326.000000 85439.000000 20581.000000 139712.000000 75776.000000 9472.000000 0.000000 0.000000 27776.000000 34474.000000 169155.000000 104715.000000 40275.000000 1536.000000 72335.000000 52388.000000 47360.000000 101824.000000 37888.000000 13020.000000 24576.000000 0.000000 58907.000000 60985.000000 28000.000000 100544.000000 35904.000000 0.000000 
32
0.000000 25980.000000 3072.000000 28998.000000 70028.000000 4680.000000 132608.000000 66304.000000 2368.000000 0.000000 0.000000 36864.000000 0.000000 19880.000000 87937.000000 22452.000000 126592.000000 62016.000000 0.000000 0.000000 0.000000 67800.000000 0.000000 27588.000000 80387.000000 14902.000000 119488.000000 55488.000000 18432.000000 0.000000 0.000000 1.000000 18432.000000 106326.000000 85439.000000 20581.000000 129856.000000 65280.000000 0.000000 0.000000 0.000000 157120.000000 92160.000000 30720.000000 43008.000000 0.000000 30320.000000 91679.000000 45642.000000 66688.000000 78592.000000 14208.000000 116736.000000 55296.000000 0.000000 28308.000000 64121.000000 23552.000000 102912.000000 39168.000000 0.000000 
33
0.000000 25872.000000 0.000000 24165.000000 71899.000000 5400.000000 132608.000000 66304.000000 2368.000000 0.000000 0.000000 36864.000000 0.000000 19536.000000 86066.000000 20581.000000 127488.000000 62016.000000 0.000000 0.000000 0.000000 67800.000000 0.000000 27588.000000 80387.000000 14902.000000 120384.000000 55488.000000 16128.000000 0.000000 0.000000 1.000000 18432.000000 106326.000000 85439.000000 20581.000000 126592.000000 62016.000000 0.000000 0.000000 0.000000 156904.000000 92160.000000 30720.000000 43008.000000 0.000000 30320.000000 91679.000000 44894.000000 65344.000000 79488.000000 14208.000000 116736.000000 55296.000000 0.000000 26960.000000 63761.000000 23552.000000 100544.000000 35904.000000 0.000000 
34
0.000000 25872.000000 3072.000000 28998.000000 70317.000000 4680.000000 132608.000000 66304.000000 2368.000000 0.000000 0.000000 36864.000000 0.000000 19536.000000 87937.000000 22452.000000 124224.000000 58752.000000 0.000000 0.000000 0.000000 67692.000000 0.000000 27588.000000 80316.000000 14895.000000 117120.000000 52224.000000 17280.000000 0.000000 0.000000 1.000000 18432.000000 106326.000000 85439.000000 20581.000000 124224.000000 62016.000000 0.000000 0.000000 0.000000 162832.000000 98304.000000 36864.000000 43008.000000 0.000000 30320.000000 91679.000000 44894.000000 64320.000000 77120.000000 11840.000000 110592.000000 49152.000000 0.000000 26960.000000 63401.000000 24576.000000 100544.000000 35904.000000 0.000000 
35
0.000000 25872.000000 3072.000000 24165.000000 70028.000000 5040.000000 130240.000000 63936.000000 0.000000 0.000000 0.000000 36864.000000 0.000000 17328.000000 86066.000000 22452.000000 124224.000000 58752.000000 0.000000 0.000000 0.000000 67692.000000 0.000000 28842.000000 80676.000000 15191.000000 117120.000000 52224.000000 17280.000000 0.000000 0.000000 1.000000 18432.000000 106326.000000 85439.000000 20581.000000 124224.000000 62016.000000 0.000000 0.000000 0.000000 158448.000000 98304.000000 30720.000000 39936.000000 0.000000 30320.000000 91679.000000 44894.000000 64320.000000 77120.000000 11840.000000 110592.000000 49152.000000 0.000000 26960.000000 63690.000000 23552.000000 100544.000000 35904.000000 0.000000 
36
0.000000 25980.000000 0.000000 115992.000000 156695.000000 96800.000000 104672.000000 39104.000000 0.000000 0.000000 0.000000 55296.000000 0.000000 19880.000000 84195.000000 18710.000000 105728.000000 76487.000000 9816.000000 0.000000 0.000000 18648.000000 15360.000000 33600.000000 83062.000000 16456.000000 121856.000000 55488.000000 0.000000 0.000000 0.000000 3072.000000 18432.000000 18435.000000 98320.000000 30725.000000 109260.000000 45324.000000 3456.000000 0.000000 0.000000 32590.000000 81184.000000 27139.000000 89088.000000 24576.000000 30320.000000 109645.000000 44904.000000 64320.000000 81600.000000 16320.000000 9728.000000 27648.000000 0.000000 37803.000000 67356.000000 1871.000000 118400.000000 54464.000000 0.000000 
37
0.000000 25872.000000 3072.000000 111159.000000 165150.000000 105600.000000 106048.000000 41472.000000 0.000000 0.000000 0.000000 50124.000000 0.000000 19536.000000 86066.000000 20581.000000 105728.000000 70847.000000 6544.000000 0.000000 0.000000 18648.000000 12288.000000 33600.000000 82314.000000 15708.000000 122752.000000 58752.000000 0.000000 0.000000 0.000000 3072.000000 18432.000000 18435.000000 92175.000000 24580.000000 111628.000000 45324.000000 3456.000000 0.000000 0.000000 37799.000000 81696.000000 29972.000000 86016.000000 21504.000000 30320.000000 107774.000000 44904.000000 65664.000000 83968.000000 19584.000000 9219.000000 27648.000000 0.000000 35932.000000 67356.000000 1871.000000 118400.000000 54464.000000 0.000000 
38
0.000000 25872.000000 3072.000000 115992.000000 165150.000000 105600.000000 106048.000000 41472.000000 0.000000 0.000000 0.000000 50016.000000 0.000000 19536.000000 84195.000000 18710.000000 102464.000000 71443.000000 6544.000000 0.000000 0.000000 18648.000000 12288.000000 32346.000000 82314.000000 16456.000000 119488.000000 55488.000000 0.000000 0.000000 0.000000 3072.000000 18432.000000 18435.000000 92175.000000 24580.000000 111628.000000 45324.000000 3456.000000 0.000000 0.000000 37799.000000 81696.000000 29967.000000 86016.000000 21504.000000 30320.000000 107774.000000 43033.000000 63296.000000 84864.000000 19584.000000 9223.000000 27648.000000 0.000000 35932.000000 67356.000000 1871.000000 116032.000000 52096.000000 0.000000 
39
0.000000 25872.000000 3072.000000 115992.000000 165150.000000 105600.000000 103680.000000 39104.000000 0.000000 0.000000 0.000000 50016.000000 0.000000 20168.000000 86066.000000 20581.000000 103360.000000 74646.000000 9816.000000 0.000000 0.000000 18540.000000 15360.000000 33268.000000 82314.000000 17204.000000 119488.000000 55488.000000 0.000000 0.000000 0.000000 3072.000000 18432.000000 18435.000000 92175.000000 24580.000000 111660.000000 45356.000000 2304.000000 0.000000 0.000000 37799.000000 81696.000000 29726.000000 89088.000000 24576.000000 30320.000000 107774.000000 43033.000000 63296.000000 81600.000000 16320.000000 9218.000000 24576.000000 0.000000 36455.000000 65485.000000 0.000000 116032.000000 52096.000000 0.000000 
40
0.000000 25980.000000 0.000000 8808.000000 64410.000000 27648.000000 189448.000000 124232.000000 58896.000000 0.000000 0.000000 76800.000000 12288.000000 115992.000000 57996.000000 68016.000000 67168.000000 59200.000000 0.000000 0.000000 0.000000 61656.000000 0.000000 14200.000000 81102.000000 17488.000000 119488.000000 55488.000000 0.000000 0.000000 0.000000 2.000000 18432.000000 19332.000000 90954.000000 24348.000000 142080.000000 78144.000000 11840.000000 0.000000 0.000000 161728.000000 98304.000000 36864.000000 39936.000000 0.000000 30320.000000 109645.000000 44904.000000 69968.000000 92480.000000 28544.000000 122880.000000 61440.000000 0.000000 48646.000000 78582.000000 13097.000000 96316.000000 32380.000000 0.000000 
41
0.000000 25872.000000 3072.000000 8736.000000 64050.000000 27648.000000 187976.000000 124232.000000 58896.000000 0.000000 0.000000 76800.000000 12288.000000 115992.000000 57996.000000 70802.000000 67600.000000 59200.000000 0.000000 0.000000 0.000000 61656.000000 0.000000 14200.000000 82973.000000 17488.000000 119488.000000 55488.000000 0.000000 0.000000 0.000000 2.000000 18432.000000 19332.000000 90954.000000 24348.000000 139712.000000 75776.000000 9472.000000 0.000000 0.000000 155584.000000 92160.000000 30720.000000 39936.000000 0.000000 30320.000000 107774.000000 43033.000000 67600.000000 94288.000000 29448.000000 122880.000000 55296.000000 0.000000 51608.000000 76711.000000 11226.000000 98684.000000 32380.000000 0.000000 
42
0.000000 25872.000000 3072.000000 7984.000000 64339.000000 26624.000000 187984.000000 124240.000000 58896.000000 0.000000 0.000000 76800.000000 12288.000000 115992.000000 57996.000000 70801.000000 62432.000000 59200.000000 0.000000 0.000000 0.000000 61656.000000 0.000000 11360.000000 82973.000000 17488.000000 121856.000000 55488.000000 0.000000 0.000000 0.000000 2.000000 18432.000000 19332.000000 91286.000000 24680.000000 139712.000000 75776.000000 9472.000000 0.000000 0.000000 155584.000000 92160.000000 30720.000000 39936.000000 0.000000 30320.000000 107774.000000 43033.000000 67600.000000 94288.000000 29448.000000 122880.000000 55296.000000 0.000000 51608.000000 76711.000000 11226.000000 98684.000000 32380.000000 0.000000 
43
0.000000 25872.000000 3072.000000 8736.000000 64339.000000 26624.000000 184712.000000 120968.000000 55624.000000 0.000000 0.000000 76800.000000 12288.000000 115992.000000 55671.000000 68376.000000 67168.000000 59200.000000 0.000000 0.000000 0.000000 61548.000000 0.000000 11360.000000 82902.000000 17417.000000 119488.000000 55488.000000 0.000000 0.000000 0.000000 1.000000 18432.000000 19332.000000 91299.000000 25068.000000 139712.000000 75776.000000 9472.000000 0.000000 0.000000 157568.000000 92160.000000 30720.000000 39936.000000 0.000000 30320.000000 107774.000000 43033.000000 65232.000000 94288.000000 29448.000000 122880.000000 55296.000000 0.000000 49737.000000 76711.000000 11226.000000 99216.000000 32912.000000 0.000000 
44
0.000000 25980.000000 0.000000 15136.000000 62856.000000 24576.000000 112252.000000 45948.000000 0.000000 0.000000 0.000000 76800.000000 12288.000000 19332.000000 98320.000000 30725.000000 89984.000000 82880.000000 18944.000000 0.000000 0.000000 55512.000000 0.000000 6174.000000 85144.000000 83324.000000 140368.000000 75776.000000 9472.000000 0.000000 0.000000 79872.000000 12288.000000 6694.000000 86804.000000 23190.000000 119104.000000 52160.000000 24192.000000 0.000000 0.000000 159744.000000 98304.000000 30720.000000 104448.000000 39936.000000 30320.000000 105861.000000 47571.000000 104192.000000 99456.000000 35520.000000 122880.000000 61440.000000 0.000000 53479.000000 78582.000000 13097.000000 95736.000000 31800.000000 0.000000 
45
0.000000 25872.000000 3072.000000 15136.000000 62856.000000 23552.000000 114187.000000 47883.000000 0.000000 0.000000 0.000000 76800.000000 12288.000000 19332.000000 98320.000000 30725.000000 89984.000000 82880.000000 18944.000000 0.000000 0.000000 55512.000000 0.000000 6174.000000 85144.000000 83324.000000 140368.000000 75776.000000 9472.000000 0.000000 0.000000 79872.000000 12288.000000 6694.000000 87179.000000 21694.000000 119104.000000 54528.000000 24192.000000 0.000000 0.000000 154535.000000 92160.000000 24576.000000 98304.000000 33792.000000 30320.000000 104910.000000 47500.000000 104192.000000 97088.000000 33152.000000 129024.000000 67584.000000 0.000000 51608.000000 78582.000000 13097.000000 95736.000000 31800.000000 0.000000 
46
0.000000 25872.000000 3072.000000 14488.000000 63229.000000 24576.000000 112257.000000 45953.000000 0.000000 0.000000 0.000000 76800.000000 12288.000000 19332.000000 98320.000000 30725.000000 87616.000000 82880.000000 18944.000000 0.000000 0.000000 55512.000000 0.000000 10976.000000 85144.000000 83324.000000 140368.000000 73408.000000 9472.000000 0.000000 0.000000 73728.000000 6144.000000 6968.000000 87179.000000 21694.000000 116736.000000 52160.000000 24192.000000 0.000000 0.000000 153600.000000 92160.000000 24576.000000 104448.000000 39936.000000 30320.000000 102070.000000 47500.000000 104192.000000 97088.000000 33152.000000 122880.000000 61440.000000 0.000000 51608.000000 76711.000000 11226.000000 96268.000000 32332.000000 0.000000 
47
0.000000 25872.000000 3072.000000 15064.000000 62481.000000 22528.000000 115083.000000 51147.000000 0.000000 0.000000 0.000000 76800.000000 12288.000000 14499.000000 92175.000000 24580.000000 87616.000000 80512.000000 16576.000000 0.000000 0.000000 55404.000000 0.000000 5488.000000 84792.000000 85736.000000 138432.000000 73408.000000 7104.000000 0.000000 0.000000 73728.000000 6144.000000 6968.000000 87552.000000 22067.000000 116736.000000 52160.000000 24192.000000 0.000000 0.000000 154535.000000 92160.000000 24576.000000 104448.000000 39936.000000 30320.000000 106149.000000 47211.000000 104192.000000 97088.000000 33152.000000 122880.000000 61440.000000 0.000000 51608.000000 76711.000000 11226.000000 95688.000000 31752.000000 0.000000 
48
0.000000 25872.000000 6144.000000 20024.000000 66598.000000 14060.000000 130240.000000 66304.000000 2368.000000 0.000000 0.000000 76800.000000 12288.000000 53163.000000 82324.000000 25190.000000 129856.000000 65280.000000 0.000000 0.000000 0.000000 49152.000000 0.000000 4246.000000 107326.000000 39664.000000 109443.000000 43139.000000 0.000000 0.000000 0.000000 30720.000000 0.000000 125658.000000 101029.000000 35549.000000 103152.000000 66296.000000 3272.000000 0.000000 0.000000 141312.000000 73728.000000 125058.000000 56385.000000 0.000000 30320.000000 87937.000000 41484.000000 47600.000000 104192.000000 37888.000000 4096.000000 27648.000000 0.000000 54299.000000 82324.000000 18710.000000 85952.000000 22848.000000 0.000000 
49
0.000000 25872.000000 3072.000000 20024.000000 66598.000000 14060.000000 130240.000000 66304.000000 2368.000000 0.000000 0.000000 76800.000000 12288.000000 57996.000000 84195.000000 23030.000000 126592.000000 62016.000000 0.000000 0.000000 0.000000 49152.000000 0.000000 3860.000000 107358.000000 40787.000000 109475.000000 43171.000000 0.000000 0.000000 0.000000 30720.000000 0.000000 120825.000000 101809.000000 37420.000000 100752.000000 69536.000000 3272.000000 0.000000 0.000000 141312.000000 79872.000000 117019.000000 56401.000000 0.000000 30320.000000 86066.000000 41484.000000 47600.000000 101824.000000 37888.000000 2048.000000 27648.000000 0.000000 54916.000000 84195.000000 18710.000000 85952.000000 22848.000000 0.000000 
50
0.000000 25872.000000 3072.000000 20024.000000 66971.000000 13784.000000 127872.000000 63936.000000 0.000000 0.000000 0.000000 76800.000000 12288.000000 53163.000000 82324.000000 24849.000000 126592.000000 62016.000000 0.000000 0.000000 0.000000 45276.000000 0.000000 4439.000000 106983.000000 40412.000000 108510.000000 42206.000000 0.000000 0.000000 0.000000 24576.000000 0.000000 120825.000000 101809.000000 37420.000000 100784.000000 66296.000000 0.000000 0.000000 0.000000 141312.000000 79872.000000 117019.000000 56401.000000 0.000000 30320.000000 84195.000000 41497.000000 47600.000000 101824.000000 37888.000000 1536.000000 27648.000000 0.000000 53045.000000 84195.000000 18710.000000 82688.000000 19584.000000 0.000000 
51
0.000000 25872.000000 3072.000000 20064.000000 66223.000000 13068.000000 127872.000000 63936.000000 0.000000 0.000000 0.000000 76800.000000 12288.000000 53163.000000 82324.000000 24848.000000 126592.000000 62016.000000 0.000000 0.000000 0.000000 45168.000000 0.000000 3860.000000 106983.000000 40412.000000 106142.000000 42206.000000 0.000000 0.000000 0.000000 24576.000000 0.000000 120825.000000 101809.000000 37420.000000 100384.000000 69168.000000 3272.000000 0.000000 0.000000 141312.000000 79872.000000 117019.000000 56401.000000 0.000000 30320.000000 84195.000000 41469.000000 50400.000000 99456.000000 35520.000000 3072.000000 24576.000000 0.000000 53045.000000 84195.000000 18710.000000 82688.000000 19584.000000 0.000000 
52
0.000000 25872.000000 6144.000000 7417.000000 69227.000000 3742.000000 127232.000000 63936.000000 0.000000 0.000000 0.000000 92160.000000 21504.000000 20168.000000 76711.000000 20586.000000 105728.000000 63115.000000 2.000000 0.000000 0.000000 58368.000000 0.000000 3168.000000 107326.000000 39664.000000 103120.000000 120984.000000 55624.000000 0.000000 0.000000 24576.000000 12288.000000 120825.000000 101809.000000 37420.000000 182984.000000 119048.000000 52352.000000 0.000000 0.000000 108192.000000 46592.000000 185265.000000 120825.000000 56385.000000 0.000000 86066.000000 67356.000000 62942.000000 68480.000000 17184.000000 116736.000000 55296.000000 0.000000 106741.000000 63360.000000 17200.000000 102948.000000 39012.000000 0.000000 
53
0.000000 25872.000000 3072.000000 7417.000000 69227.000000 3742.000000 129168.000000 63936.000000 0.000000 0.000000 0.000000 92160.000000 21504.000000 20112.000000 76711.000000 20226.000000 102464.000000 65675.000000 2.000000 0.000000 0.000000 58368.000000 0.000000 3696.000000 107358.000000 38916.000000 103152.000000 121016.000000 55624.000000 0.000000 0.000000 24576.000000 9216.000000 120825.000000 99938.000000 35549.000000 180984.000000 117048.000000 52352.000000 0.000000 0.000000 108192.000000 43008.000000 193320.000000 128880.000000 64440.000000 0.000000 84195.000000 66233.000000 59200.000000 68480.000000 17184.000000 116736.000000 55296.000000 0.000000 106741.000000 63360.000000 17200.000000 102900.000000 38964.000000 0.000000 
54
0.000000 25872.000000 3072.000000 7417.000000 69227.000000 3742.000000 129168.000000 63936.000000 0.000000 0.000000 0.000000 92160.000000 21504.000000 18000.000000 74840.000000 20226.000000 102464.000000 63307.000000 1.000000 0.000000 0.000000 61440.000000 0.000000 3696.000000 106983.000000 40412.000000 102752.000000 121016.000000 55624.000000 0.000000 0.000000 18432.000000 9216.000000 120825.000000 99938.000000 35549.000000 183856.000000 119920.000000 55624.000000 0.000000 0.000000 111708.000000 46592.000000 185265.000000 120825.000000 56385.000000 0.000000 82324.000000 66233.000000 59200.000000 68480.000000 17184.000000 116736.000000 55296.000000 0.000000 108053.000000 63924.000000 16800.000000 102948.000000 39012.000000 0.000000 
55
0.000000 25872.000000 3072.000000 7321.000000 67356.000000 1871.000000 129168.000000 63936.000000 0.000000 0.000000 0.000000 92160.000000 21504.000000 18000.000000 74840.000000 20226.000000 103360.000000 64016.000000 0.000000 0.000000 0.000000 61440.000000 0.000000 3696.000000 106983.000000 38541.000000 102752.000000 123888.000000 58896.000000 0.000000 0.000000 18432.000000 9216.000000 120825.000000 99938.000000 35549.000000 180616.000000 116680.000000 52352.000000 0.000000 0.000000 111668.000000 46592.000000 185265.000000 120825.000000 56385.000000 0.000000 82324.000000 65485.000000 61568.000000 66112.000000 16240.000000 116736.000000 55296.000000 0.000000 108053.000000 63176.000000 16400.000000 103865.000000 37561.000000 0.000000 
56
0.000000 25872.000000 6144.000000 136569.000000 73740.000000 6145.000000 115648.000000 52224.000000 0.000000 0.000000 0.000000 76800.000000 12288.000000 24165.000000 98419.000000 33678.000000 92352.000000 87616.000000 21312.000000 0.000000 0.000000 12504.000000 18432.000000 33600.000000 83062.000000 16456.000000 122752.000000 58752.000000 0.000000 0.000000 0.000000 2.000000 18432.000000 6598.000000 87179.000000 21694.000000 126592.000000 62016.000000 0.000000 0.000000 0.000000 47300.000000 28160.000000 169155.000000 104715.000000 40275.000000 0.000000 73758.000000 56130.000000 54464.000000 73472.000000 13596.000000 1571.000000 27648.000000 0.000000 29656.000000 58001.000000 2000.000000 118400.000000 54464.000000 0.000000 
57
0.000000 25872.000000 3072.000000 130424.000000 67595.000000 0.000000 110016.000000 45696.000000 0.000000 0.000000 0.000000 76800.000000 12288.000000 28998.000000 99465.000000 33678.000000 92352.000000 87616.000000 21312.000000 0.000000 0.000000 12504.000000 21504.000000 33600.000000 83062.000000 16456.000000 119488.000000 55488.000000 0.000000 0.000000 0.000000 1.000000 18432.000000 6968.000000 87179.000000 21694.000000 127488.000000 62016.000000 0.000000 0.000000 0.000000 50812.000000 27648.000000 177210.000000 112770.000000 48330.000000 0.000000 73226.000000 58001.000000 52096.000000 73504.000000 13628.000000 1536.000000 27648.000000 0.000000 28308.000000 58001.000000 2400.000000 116032.000000 52096.000000 0.000000 
58
0.000000 25872.000000 3072.000000 130424.000000 67595.000000 0.000000 110016.000000 45696.000000 0.000000 0.000000 0.000000 76800.000000 12288.000000 28998.000000 99465.000000 33678.000000 89984.000000 87616.000000 21312.000000 0.000000 0.000000 12396.000000 21504.000000 32346.000000 80818.000000 14960.000000 121856.000000 55488.000000 0.000000 0.000000 0.000000 2.000000 18432.000000 6968.000000 87552.000000 22067.000000 124224.000000 58752.000000 0.000000 0.000000 0.000000 50812.000000 27648.000000 169155.000000 104715.000000 40275.000000 0.000000 73226.000000 56130.000000 49728.000000 73504.000000 13628.000000 1536.000000 27648.000000 0.000000 28308.000000 56130.000000 2400.000000 116032.000000 52096.000000 0.000000 
59
0.000000 25872.000000 3072.000000 130424.000000 67595.000000 0.000000 110016.000000 45696.000000 0.000000 0.000000 0.000000 76800.000000 12288.000000 28998.000000 99465.000000 33678.000000 89984.000000 85248.000000 18944.000000 0.000000 0.000000 12396.000000 21504.000000 33268.000000 81191.000000 16456.000000 119488.000000 55488.000000 0.000000 0.000000 0.000000 0.000000 18432.000000 6632.000000 86804.000000 21319.000000 124224.000000 58752.000000 0.000000 0.000000 0.000000 51748.000000 30720.000000 169155.000000 104715.000000 40275.000000 0.000000 73226.000000 56130.000000 49728.000000 73104.000000 13228.000000 1152.000000 24576.000000 0.000000 28308.000000 56130.000000 2000.000000 116032.000000 52096.000000 0.000000 
60
0.000000 25872.000000 6144.000000 120825.000000 156695.000000 96800.000000 123328.000000 52224.000000 0.000000 0.000000 0.000000 79872.000000 12288.000000 125658.000000 62829.000000 19084.000000 121856.000000 58752.000000 0.000000 0.000000 0.000000 67800.000000 0.000000 2702.000000 86066.000000 22452.000000 137344.000000 73408.000000 9472.000000 0.000000 0.000000 49152.000000 0.000000 19880.000000 150471.000000 84986.000000 129792.000000 62400.000000 0.000000 0.000000 0.000000 56246.000000 67680.000000 203967.000000 144990.000000 80550.000000 16110.000000 82161.000000 57532.000000 54464.000000 88232.000000 21984.000000 10759.000000 27648.000000 0.000000 44904.000000 74840.000000 9355.000000 123136.000000 59200.000000 0.000000 
61
0.000000 25872.000000 3072.000000 115992.000000 169983.000000 105600.000000 122336.000000 48960.000000 0.000000 0.000000 0.000000 79872.000000 15360.000000 120825.000000 57996.000000 18724.000000 122752.000000 58752.000000 0.000000 0.000000 0.000000 67800.000000 0.000000 2702.000000 87937.000000 22452.000000 137344.000000 73408.000000 9472.000000 0.000000 0.000000 49152.000000 0.000000 22720.000000 150471.000000 84986.000000 129792.000000 62400.000000 0.000000 0.000000 0.000000 57073.000000 67680.000000 206559.000000 144990.000000 80550.000000 16110.000000 77328.000000 58312.000000 52096.000000 84960.000000 18712.000000 11267.000000 27648.000000 0.000000 43033.000000 74840.000000 9355.000000 123136.000000 59200.000000 0.000000 
62
0.000000 25872.000000 3072.000000 115992.000000 165150.000000 105600.000000 113536.000000 48960.000000 0.000000 0.000000 0.000000 76800.000000 12288.000000 120825.000000 57996.000000 18724.000000 119488.000000 55488.000000 0.000000 0.000000 0.000000 67800.000000 0.000000 2509.000000 86066.000000 20581.000000 137344.000000 73408.000000 7104.000000 0.000000 0.000000 49152.000000 0.000000 22720.000000 153200.000000 87715.000000 129424.000000 63968.000000 0.000000 0.000000 0.000000 58502.000000 65088.000000 212022.000000 144990.000000 80550.000000 16110.000000 77328.000000 58312.000000 52096.000000 84992.000000 18712.000000 11264.000000 27648.000000 0.000000 43033.000000 74840.000000 9355.000000 123136.000000 56832.000000 0.000000 
63
0.000000 25872.000000 3072.000000 115992.000000 156350.000000 96800.000000 111264.000000 45696.000000 0.000000 0.000000 0.000000 76800.000000 12288.000000 120825.000000 57996.000000 18724.000000 119488.000000 55488.000000 0.000000 0.000000 0.000000 67692.000000 0.000000 2509.000000 86066.000000 20581.000000 134976.000000 71040.000000 4736.000000 0.000000 0.000000 43008.000000 0.000000 22720.000000 152911.000000 87426.000000 126624.000000 61600.000000 0.000000 0.000000 0.000000 57567.000000 66656.000000 203967.000000 144990.000000 80550.000000 8055.000000 77328.000000 56441.000000 52096.000000 84992.000000 18712.000000 10759.000000 24576.000000 0.000000 43033.000000 72969.000000 7484.000000 123136.000000 56832.000000 0.000000 
64
0.000000 31801.000000 9216.000000 7417.000000 74840.000000 9355.000000 119040.000000 52736.000000 0.000000 0.000000 0.000000 61440.000000 0.000000 8232.000000 69227.000000 22442.000000 126592.000000 62016.000000 0.000000 0.000000 0.000000 73944.000000 6360.000000 2702.000000 85716.000000 20231.000000 137344.000000 71040.000000 7104.000000 0.000000 0.000000 73728.000000 6144.000000 106326.000000 90272.000000 22452.000000 129856.000000 65280.000000 0.000000 0.000000 0.000000 23808.000000 46592.000000 193320.000000 128880.000000 64440.000000 960.000000 92175.000000 47020.000000 65664.000000 81600.000000 16320.000000 67584.000000 6144.000000 0.000000 75083.000000 66641.000000 2408.000000 118400.000000 54464.000000 0.000000 
65
0.000000 31800.000000 9216.000000 7417.000000 72969.000000 7484.000000 119040.000000 52736.000000 0.000000 0.000000 0.000000 61440.000000 0.000000 8232.000000 69227.000000 22442.000000 127488.000000 62016.000000 0.000000 0.000000 0.000000 73944.000000 6360.000000 2895.000000 87587.000000 22102.000000 137344.000000 71040.000000 7104.000000 0.000000 0.000000 73728.000000 6144.000000 106326.000000 90272.000000 22452.000000 126592.000000 62016.000000 0.000000 0.000000 0.000000 21824.000000 50176.000000 193320.000000 120825.000000 56385.000000 960.000000 92175.000000 46433.000000 63296.000000 84864.000000 19584.000000 61440.000000 0.000000 0.000000 73735.000000 65921.000000 2408.000000 118400.000000 54464.000000 0.000000 
66
0.000000 31800.000000 6144.000000 7417.000000 72969.000000 9355.000000 116736.000000 50432.000000 0.000000 0.000000 0.000000 55944.000000 0.000000 8232.000000 69227.000000 21694.000000 124224.000000 62016.000000 0.000000 0.000000 0.000000 73944.000000 6360.000000 2509.000000 87227.000000 21742.000000 137344.000000 71040.000000 7104.000000 0.000000 0.000000 73728.000000 6144.000000 106326.000000 88401.000000 20581.000000 126592.000000 62016.000000 0.000000 0.000000 0.000000 21824.000000 50176.000000 193320.000000 120825.000000 56385.000000 960.000000 92175.000000 46433.000000 63296.000000 81600.000000 16320.000000 61440.000000 0.000000 0.000000 73735.000000 66210.000000 1448.000000 116032.000000 52096.000000 0.000000 
67
0.000000 31800.000000 6144.000000 7321.000000 72969.000000 9355.000000 117888.000000 51584.000000 0.000000 0.000000 0.000000 55836.000000 0.000000 8232.000000 67356.000000 22067.000000 124224.000000 58752.000000 0.000000 0.000000 0.000000 73836.000000 6252.000000 2702.000000 85356.000000 19871.000000 134976.000000 68672.000000 4736.000000 0.000000 0.000000 67584.000000 0.000000 101493.000000 89181.000000 20581.000000 126592.000000 62016.000000 0.000000 0.000000 0.000000 21824.000000 46592.000000 185265.000000 120825.000000 56385.000000 864.000000 92175.000000 46272.000000 63296.000000 81600.000000 16320.000000 61440.000000 0.000000 0.000000 73735.000000 65850.000000 2048.000000 116032.000000 52096.000000 0.000000 
68
0.000000 31801.000000 9216.000000 7417.000000 72969.000000 7484.000000 134976.000000 71040.000000 4736.000000 0.000000 0.000000 55296.000000 0.000000 9666.000000 101638.000000 37420.000000 94720.000000 58432.000000 0.000000 0.000000 0.000000 58368.000000 0.000000 11360.000000 87151.000000 21666.000000 139712.000000 73408.000000 9472.000000 0.000000 0.000000 79872.000000 12288.000000 19880.000000 86995.000000 56981.000000 108928.000000 44992.000000 24192.000000 0.000000 0.000000 111020.000000 46592.000000 185265.000000 120825.000000 56385.000000 1536.000000 193600.000000 132000.000000 70400.000000 63936.000000 12180.000000 79872.000000 18432.000000 0.000000 28308.000000 78582.000000 13097.000000 82012.000000 18076.000000 0.000000 
69
0.000000 31800.000000 9216.000000 7417.000000 72969.000000 7484.000000 134976.000000 71040.000000 4736.000000 0.000000 0.000000 49152.000000 0.000000 9666.000000 101638.000000 37420.000000 94720.000000 58432.000000 0.000000 0.000000 0.000000 61440.000000 0.000000 11360.000000 87222.000000 23608.000000 139712.000000 73408.000000 9472.000000 0.000000 0.000000 79872.000000 12288.000000 22720.000000 86995.000000 56981.000000 108928.000000 44992.000000 24192.000000 0.000000 0.000000 111088.000000 46592.000000 185265.000000 120825.000000 56385.000000 1440.000000 202400.000000 140800.000000 79200.000000 65632.000000 13340.000000 79872.000000 18432.000000 0.000000 28308.000000 78582.000000 13097.000000 82012.000000 18076.000000 0.000000 
70
0.000000 31800.000000 6144.000000 7417.000000 72969.000000 9355.000000 134976.000000 71040.000000 7104.000000 0.000000 0.000000 49152.000000 0.000000 9666.000000 102161.000000 37420.000000 92352.000000 58368.000000 0.000000 0.000000 0.000000 61440.000000 0.000000 14200.000000 87222.000000 21737.000000 139712.000000 73408.000000 9472.000000 0.000000 0.000000 73728.000000 6144.000000 22720.000000 88866.000000 54181.000000 111296.000000 44992.000000 24192.000000 0.000000 0.000000 111088.000000 46592.000000 185265.000000 120825.000000 56385.000000 1440.000000 202400.000000 140800.000000 79200.000000 63264.000000 13920.000000 79872.000000 18432.000000 0.000000 28308.000000 78582.000000 13097.000000 82544.000000 18608.000000 0.000000 
71
0.000000 31800.000000 6144.000000 7321.000000 72969.000000 9355.000000 132608.000000 68672.000000 2368.000000 0.000000 0.000000 49152.000000 0.000000 4833.000000 100290.000000 37420.000000 92352.000000 58368.000000 0.000000 0.000000 0.000000 61440.000000 0.000000 11360.000000 87222.000000 23608.000000 137344.000000 71040.000000 7104.000000 0.000000 0.000000 73728.000000 6144.000000 22720.000000 86066.000000 54181.000000 111296.000000 44992.000000 24192.000000 0.000000 0.000000 110980.000000 50176.000000 185265.000000 120825.000000 56385.000000 1440.000000 193600.000000 132000.000000 70400.000000 63936.000000 11600.000000 73728.000000 12288.000000 0.000000 28308.000000 78582.000000 13097.000000 81964.000000 18028.000000 0.000000 
72
0.000000 31801.000000 9216.000000 7417.000000 72969.000000 7484.000000 134976.000000 68672.000000 4736.000000 0.000000 0.000000 49908.000000 0.000000 19880.000000 84195.000000 69110.000000 64800.000000 59200.000000 2.000000 0.000000 0.000000 61440.000000 0.000000 11360.000000 184800.000000 114400.000000 107264.000000 37888.000000 12672.000000 0.000000 0.000000 73728.000000 6144.000000 19332.000000 91679.000000 26194.000000 142080.000000 78144.000000 11840.000000 0.000000 0.000000 154535.000000 92160.000000 25811.000000 43008.000000 0.000000 30320.000000 105682.000000 51242.000000 49728.000000 104192.000000 37888.000000 11264.000000 27648.000000 0.000000 33316.000000 61743.000000 22528.000000 101440.000000 35904.000000 0.000000 
73
0.000000 31800.000000 9216.000000 7417.000000 72969.000000 7484.000000 134976.000000 68672.000000 4736.000000 0.000000 0.000000 49908.000000 0.000000 19536.000000 86066.000000 68181.000000 64368.000000 59200.000000 0.000000 0.000000 0.000000 61440.000000 0.000000 11360.000000 176000.000000 105600.000000 105568.000000 35520.000000 12672.000000 0.000000 0.000000 67584.000000 0.000000 19332.000000 89808.000000 24323.000000 139712.000000 75776.000000 9472.000000 0.000000 0.000000 159744.000000 98304.000000 31955.000000 43008.000000 0.000000 30320.000000 106205.000000 49442.000000 47360.000000 104192.000000 37888.000000 11264.000000 27648.000000 0.000000 32624.000000 61743.000000 22528.000000 98176.000000 32640.000000 0.000000 
74
0.000000 31800.000000 6144.000000 7321.000000 72969.000000 9355.000000 134976.000000 68672.000000 4736.000000 0.000000 0.000000 49800.000000 0.000000 19536.000000 84195.000000 69110.000000 62432.000000 56832.000000 0.000000 0.000000 0.000000 58368.000000 0.000000 8520.000000 176000.000000 105600.000000 105568.000000 35520.000000 11520.000000 0.000000 0.000000 67584.000000 0.000000 19332.000000 89808.000000 24323.000000 139712.000000 75776.000000 9472.000000 0.000000 0.000000 153600.000000 92160.000000 31986.000000 43008.000000 0.000000 30320.000000 106205.000000 49082.000000 47360.000000 101824.000000 35520.000000 11264.000000 27648.000000 0.000000 32624.000000 61743.000000 21504.000000 100544.000000 35904.000000 0.000000 
75
0.000000 31800.000000 6144.000000 7321.000000 72969.000000 9355.000000 132608.000000 66304.000000 2368.000000 0.000000 0.000000 49800.000000 0.000000 17328.000000 84195.000000 66310.000000 64368.000000 59200.000000 1.000000 0.000000 0.000000 58368.000000 0.000000 8520.000000 176000.000000 105600.000000 105568.000000 35520.000000 11520.000000 0.000000 0.000000 67584.000000 0.000000 19332.000000 89808.000000 24323.000000 139712.000000 75776.000000 9472.000000 0.000000 0.000000 153600.000000 92160.000000 31986.000000 43008.000000 0.000000 30320.000000 104334.000000 49371.000000 47360.000000 101824.000000 35520.000000 10752.000000 24576.000000 0.000000 33244.000000 59872.000000 21504.000000 98176.000000 32640.000000 0.000000 
76
0.000000 31801.000000 9216.000000 17556.000000 67346.000000 13787.000000 130240.000000 66304.000000 0.000000 0.000000 0.000000 24576.000000 0.000000 38664.000000 99465.000000 35549.000000 92352.000000 87616.000000 23680.000000 0.000000 0.000000 55512.000000 0.000000 26334.000000 104776.000000 39291.000000 135408.000000 71472.000000 5168.000000 0.000000 0.000000 30720.000000 0.000000 19880.000000 86066.000000 20581.000000 127488.000000 65280.000000 0.000000 0.000000 0.000000 78336.000000 27648.000000 181380.000000 114716.000000 48330.000000 672.000000 81264.000000 47659.000000 67712.000000 78592.000000 14208.000000 6656.000000 27648.000000 0.000000 114400.000000 55520.000000 24576.000000 99648.000000 35904.000000 0.000000 
77
0.000000 31800.000000 9216.000000 18810.000000 67346.000000 13063.000000 127872.000000 63936.000000 0.000000 0.000000 0.000000 24576.000000 0.000000 33831.000000 100813.000000 35549.000000 92352.000000 87616.000000 23680.000000 0.000000 0.000000 55512.000000 0.000000 26334.000000 104776.000000 39291.000000 135408.000000 71472.000000 5168.000000 0.000000 0.000000 30720.000000 0.000000 22720.000000 86066.000000 20581.000000 124224.000000 62016.000000 0.000000 0.000000 0.000000 74500.000000 27908.000000 173325.000000 106661.000000 40275.000000 672.000000 79952.000000 47815.000000 65344.000000 77120.000000 11840.000000 6656.000000 27648.000000 0.000000 114400.000000 55160.000000 23552.000000 103808.000000 39168.000000 0.000000 
78
0.000000 31800.000000 6144.000000 17556.000000 66598.000000 14060.000000 127872.000000 63936.000000 0.000000 0.000000 0.000000 30720.000000 0.000000 33831.000000 98942.000000 35549.000000 89984.000000 85248.000000 21312.000000 0.000000 0.000000 55512.000000 0.000000 26334.000000 104776.000000 39291.000000 135408.000000 71472.000000 5168.000000 0.000000 0.000000 24576.000000 0.000000 22720.000000 86066.000000 20581.000000 124224.000000 62016.000000 0.000000 0.000000 0.000000 74500.000000 27908.000000 173047.000000 106383.000000 40275.000000 576.000000 81264.000000 47659.000000 66368.000000 79488.000000 15104.000000 6656.000000 27648.000000 0.000000 114400.000000 55160.000000 23552.000000 100544.000000 35904.000000 0.000000 
79
0.000000 31800.000000 6144.000000 17556.000000 66971.000000 13786.000000 127872.000000 63936.000000 0.000000 0.000000 0.000000 24576.000000 0.000000 33831.000000 98942.000000 33678.000000 89984.000000 85248.000000 21312.000000 0.000000 0.000000 55404.000000 0.000000 26334.000000 102905.000000 37420.000000 135440.000000 71504.000000 7568.000000 0.000000 0.000000 24576.000000 0.000000 22720.000000 86066.000000 20581.000000 124224.000000 62016.000000 0.000000 0.000000 0.000000 74244.000000 27652.000000 173325.000000 106661.000000 40275.000000 672.000000 86097.000000 47976.000000 65344.000000 78592.000000 14208.000000 6144.000000 24576.000000 0.000000 123200.000000 55320.000000 24576.000000 100544.000000 35904.000000 0.000000 
