0
0.000000 939008.000000 618048.000000 136200.000000 78272.000000 51712.000000 74112.000000 0.000000 256.000000 4096.000000 0.000000 537024.000000 1056.000000 97839.000000 21008.000000 9696.000000 40704.000000 12928.000000 0.000000 0.000000 0.000000 944192.000000 0.000000 236426.000000 29088.000000 0.000000 38784.000000 0.000000 0.000000 73816.000000 0.000000 454656.000000 9696.000000 88892.000000 30192.000000 0.000000 77568.000000 0.000000 36864.000000 82588.000000 0.000000 577842.000000 0.000000 14544.000000 0.000000 0.000000 164788.000000 20640.000000 60832.000000 12928.000000 25856.000000 0.000000 1728512.000000 420384.000000 14760.000000 236163.000000 61408.000000 51712.000000 25856.000000 0.000000 89432.000000 
1
0.000000 939008.000000 618048.000000 136200.000000 78272.000000 51712.000000 74112.000000 0.000000 256.000000 4096.000000 0.000000 537024.000000 1056.000000 97839.000000 21008.000000 9696.000000 40704.000000 12928.000000 0.000000 0.000000 0.000000 944192.000000 0.000000 236426.000000 29088.000000 0.000000 38784.000000 0.000000 0.000000 73816.000000 0.000000 454656.000000 9696.000000 88892.000000 30192.000000 0.000000 77568.000000 0.000000 36864.000000 82588.000000 0.000000 577842.000000 0.000000 14544.000000 0.000000 0.000000 164788.000000 20640.000000 60832.000000 12928.000000 25856.000000 0.000000 1728512.000000 420384.000000 14760.000000 236163.000000 61408.000000 51712.000000 25856.000000 0.000000 89432.000000 
2
0.000000 939008.000000 618048.000000 136200.000000 78272.000000 51712.000000 74112.000000 0.000000 256.000000 4096.000000 0.000000 537024.000000 1056.000000 97839.000000 21008.000000 9696.000000 40704.000000 12928.000000 0.000000 0.000000 0.000000 944192.000000 0.000000 236426.000000 29088.000000 0.000000 38784.000000 0.000000 0.000000 73816.000000 0.000000 454656.000000 9696.000000 88892.000000 30192.000000 0.000000 77568.000000 0.000000 36864.000000 82588.000000 0.000000 577842.000000 0.000000 14544.000000 0.000000 0.000000 164788.000000 20640.000000 60832.000000 12928.000000 25856.000000 0.000000 1728512.000000 420384.000000 14760.000000 236163.000000 61408.000000 51712.000000 25856.000000 0.000000 89432.000000 
3
0.000000 939008.000000 618048.000000 136200.000000 78272.000000 51712.000000 74112.000000 0.000000 256.000000 4096.000000 0.000000 537024.000000 1056.000000 97839.000000 21008.000000 9696.000000 40704.000000 12928.000000 0.000000 0.000000 0.000000 944192.000000 0.000000 236426.000000 29088.000000 0.000000 38784.000000 0.000000 0.000000 73816.000000 0.000000 454656.000000 9696.000000 88892.000000 30192.000000 0.000000 77568.000000 0.000000 36864.000000 82588.000000 0.000000 577842.000000 0.000000 14544.000000 0.000000 0.000000 164788.000000 20640.000000 60832.000000 12928.000000 25856.000000 0.000000 1728512.000000 420384.000000 14760.000000 236163.000000 61408.000000 51712.000000 25856.000000 0.000000 89432.000000 
4
0.000000 939008.000000 618048.000000 639911.000000 0.000000 51712.000000 38784.000000 0.000000 0.000000 0.000000 0.000000 921600.000000 26400.000000 230376.000000 0.000000 9696.000000 74112.000000 9856.000000 0.000000 6144.000000 0.000000 4767872.000000 96.000000 59808.000000 246720.000000 0.000000 38784.000000 0.000000 0.000000 17368.000000 0.000000 914446.000000 0.000000 102074.000000 30384.000000 0.000000 38784.000000 0.000000 0.000000 23040.000000 0.000000 865986.000000 0.000000 4040.000000 9696.000000 0.000000 95136.000000 25808.000000 49152.000000 16384.000000 25856.000000 0.000000 417792.000000 0.000000 14760.000000 108393.000000 19392.000000 0.000000 180992.000000 0.000000 182668.000000 
5
0.000000 939008.000000 618048.000000 639911.000000 0.000000 51712.000000 38784.000000 0.000000 0.000000 0.000000 0.000000 921600.000000 26400.000000 230376.000000 0.000000 9696.000000 74112.000000 9856.000000 0.000000 6144.000000 0.000000 4767872.000000 96.000000 59808.000000 246720.000000 0.000000 38784.000000 0.000000 0.000000 17368.000000 0.000000 914446.000000 0.000000 102074.000000 30384.000000 0.000000 38784.000000 0.000000 0.000000 23040.000000 0.000000 865986.000000 0.000000 4040.000000 9696.000000 0.000000 95136.000000 25808.000000 49152.000000 16384.000000 25856.000000 0.000000 417792.000000 0.000000 14760.000000 108393.000000 19392.000000 0.000000 180992.000000 0.000000 182668.000000 
6
0.000000 939008.000000 618048.000000 639911.000000 0.000000 51712.000000 38784.000000 0.000000 0.000000 0.000000 0.000000 921600.000000 26400.000000 230376.000000 0.000000 9696.000000 74112.000000 9856.000000 0.000000 6144.000000 0.000000 4767872.000000 96.000000 59808.000000 246720.000000 0.000000 38784.000000 0.000000 0.000000 17368.000000 0.000000 914446.000000 0.000000 102074.000000 30384.000000 0.000000 38784.000000 0.000000 0.000000 23040.000000 0.000000 865986.000000 0.000000 4040.000000 9696.000000 0.000000 95136.000000 25808.000000 49152.000000 16384.000000 25856.000000 0.000000 417792.000000 0.000000 14760.000000 108393.000000 19392.000000 0.000000 180992.000000 0.000000 182668.000000 
7
0.000000 939008.000000 618048.000000 639911.000000 0.000000 51712.000000 38784.000000 0.000000 0.000000 0.000000 0.000000 921600.000000 26400.000000 230376.000000 0.000000 9696.000000 74112.000000 9856.000000 0.000000 6144.000000 0.000000 4767872.000000 96.000000 59808.000000 246720.000000 0.000000 38784.000000 0.000000 0.000000 17368.000000 0.000000 914446.000000 0.000000 102074.000000 30384.000000 0.000000 38784.000000 0.000000 0.000000 23040.000000 0.000000 865986.000000 0.000000 4040.000000 9696.000000 0.000000 95136.000000 25808.000000 49152.000000 16384.000000 25856.000000 0.000000 417792.000000 0.000000 14760.000000 108393.000000 19392.000000 0.000000 180992.000000 0.000000 182668.000000 
8
0.000000 939008.000000 618048.000000 294502.000000 49920.000000 0.000000 307328.000000 0.000000 0.000000 3584.000000 0.000000 4533984.000000 0.000000 37245.000000 28848.000000 0.000000 12800.000000 54912.000000 0.000000 0.000000 0.000000 4751232.000000 0.000000 71548.000000 354336.000000 0.000000 25856.000000 0.000000 155136.000000 28120.000000 0.000000 970752.000000 0.000000 111273.000000 30608.000000 0.000000 25856.000000 0.000000 281600.000000 0.000000 0.000000 345218.000000 1514016.000000 14544.000000 0.000000 0.000000 0.000000 378144.000000 9696.000000 12928.000000 23776.000000 0.000000 1202176.000000 0.000000 12000.000000 234946.000000 9696.000000 21504.000000 56576.000000 0.000000 0.000000 
9
0.000000 939008.000000 618048.000000 294502.000000 49920.000000 0.000000 307328.000000 0.000000 0.000000 3584.000000 0.000000 4533984.000000 0.000000 37245.000000 28848.000000 0.000000 12800.000000 54912.000000 0.000000 0.000000 0.000000 4751232.000000 0.000000 71548.000000 354336.000000 0.000000 25856.000000 0.000000 155136.000000 28120.000000 0.000000 970752.000000 0.000000 111273.000000 30608.000000 0.000000 25856.000000 0.000000 281600.000000 0.000000 0.000000 345218.000000 1514016.000000 14544.000000 0.000000 0.000000 0.000000 378144.000000 9696.000000 12928.000000 23776.000000 0.000000 1202176.000000 0.000000 12000.000000 234946.000000 9696.000000 21504.000000 56576.000000 0.000000 0.000000 
10
0.000000 939008.000000 618048.000000 294502.000000 49920.000000 0.000000 307328.000000 0.000000 0.000000 3584.000000 0.000000 4533984.000000 0.000000 37245.000000 28848.000000 0.000000 12800.000000 54912.000000 0.000000 0.000000 0.000000 4751232.000000 0.000000 71548.000000 354336.000000 0.000000 25856.000000 0.000000 155136.000000 28120.000000 0.000000 970752.000000 0.000000 111273.000000 30608.000000 0.000000 25856.000000 0.000000 281600.000000 0.000000 0.000000 345218.000000 1514016.000000 14544.000000 0.000000 0.000000 0.000000 378144.000000 9696.000000 12928.000000 23776.000000 0.000000 1202176.000000 0.000000 12000.000000 234946.000000 9696.000000 21504.000000 56576.000000 0.000000 0.000000 
11
0.000000 939008.000000 618048.000000 294502.000000 49920.000000 0.000000 307328.000000 0.000000 0.000000 3584.000000 0.000000 4533984.000000 0.000000 37245.000000 28848.000000 0.000000 12800.000000 54912.000000 0.000000 0.000000 0.000000 4751232.000000 0.000000 71548.000000 354336.000000 0.000000 25856.000000 0.000000 155136.000000 28120.000000 0.000000 970752.000000 0.000000 111273.000000 30608.000000 0.000000 25856.000000 0.000000 281600.000000 0.000000 0.000000 345218.000000 1514016.000000 14544.000000 0.000000 0.000000 0.000000 378144.000000 9696.000000 12928.000000 23776.000000 0.000000 1202176.000000 0.000000 12000.000000 234946.000000 9696.000000 21504.000000 56576.000000 0.000000 0.000000 
12
0.000000 906240.000000 649152.000000 444068.000000 29088.000000 0.000000 299264.000000 0.000000 132096.000000 4608.000000 0.000000 791552.000000 26400.000000 81711.000000 21008.000000 9696.000000 25856.000000 155136.000000 111936.000000 6848.000000 0.000000 634880.000000 0.000000 71800.000000 348192.000000 0.000000 46272.000000 512.000000 241152.000000 17368.000000 0.000000 487424.000000 9888.000000 525588.000000 23648.000000 0.000000 12928.000000 0.000000 210432.000000 23040.000000 0.000000 345170.000000 202.000000 14544.000000 0.000000 0.000000 0.000000 422185.000000 9696.000000 12928.000000 74336.000000 0.000000 0.000000 523872.000000 14760.000000 1017491.000000 51712.000000 51712.000000 25856.000000 0.000000 157184.000000 
13
0.000000 906240.000000 649152.000000 444068.000000 29088.000000 0.000000 299264.000000 0.000000 132096.000000 4608.000000 0.000000 791552.000000 26400.000000 81711.000000 21008.000000 9696.000000 25856.000000 155136.000000 111936.000000 6848.000000 0.000000 634880.000000 0.000000 71800.000000 348192.000000 0.000000 46272.000000 512.000000 241152.000000 17368.000000 0.000000 487424.000000 9888.000000 525588.000000 23648.000000 0.000000 12928.000000 0.000000 210432.000000 23040.000000 0.000000 345170.000000 202.000000 14544.000000 0.000000 0.000000 0.000000 422185.000000 9696.000000 12928.000000 74336.000000 0.000000 0.000000 523872.000000 14760.000000 1017491.000000 51712.000000 51712.000000 25856.000000 0.000000 157184.000000 
14
0.000000 906240.000000 649152.000000 444068.000000 29088.000000 0.000000 299264.000000 0.000000 132096.000000 4608.000000 0.000000 791552.000000 26400.000000 81711.000000 21008.000000 9696.000000 25856.000000 155136.000000 111936.000000 6848.000000 0.000000 634880.000000 0.000000 71800.000000 348192.000000 0.000000 46272.000000 512.000000 241152.000000 17368.000000 0.000000 487424.000000 9888.000000 525588.000000 23648.000000 0.000000 12928.000000 0.000000 210432.000000 23040.000000 0.000000 345170.000000 202.000000 14544.000000 0.000000 0.000000 0.000000 422185.000000 9696.000000 12928.000000 74336.000000 0.000000 0.000000 523872.000000 14760.000000 1017491.000000 51712.000000 51712.000000 25856.000000 0.000000 157184.000000 
15
0.000000 906240.000000 649152.000000 444068.000000 29088.000000 0.000000 299264.000000 0.000000 132096.000000 4608.000000 0.000000 791552.000000 26400.000000 81711.000000 21008.000000 9696.000000 25856.000000 155136.000000 111936.000000 6848.000000 0.000000 634880.000000 0.000000 71800.000000 348192.000000 0.000000 46272.000000 512.000000 241152.000000 17368.000000 0.000000 487424.000000 9888.000000 525588.000000 23648.000000 0.000000 12928.000000 0.000000 210432.000000 23040.000000 0.000000 345170.000000 202.000000 14544.000000 0.000000 0.000000 0.000000 422185.000000 9696.000000 12928.000000 74336.000000 0.000000 0.000000 523872.000000 14760.000000 1017491.000000 51712.000000 51712.000000 25856.000000 0.000000 157184.000000 
16
0.000000 939008.000000 618048.000000 257304.000000 16544.000000 0.000000 12928.000000 0.000000 188512.000000 4608.000000 0.000000 930830.000000 0.000000 28320.000000 33728.000000 0.000000 25728.000000 56576.000000 0.000000 0.000000 0.000000 1752224.000000 0.000000 108360.000000 174528.000000 0.000000 35552.000000 16896.000000 0.000000 25560.000000 0.000000 634880.000000 0.000000 56880.000000 337856.000000 0.000000 38656.000000 0.000000 0.000000 23040.000000 0.000000 875276.000000 0.000000 8040.000000 9696.000000 0.000000 84816.000000 12368.000000 9696.000000 12928.000000 22656.000000 0.000000 827392.000000 0.000000 0.000000 191520.000000 9600.000000 20992.000000 69888.000000 0.000000 0.000000 
17
0.000000 939008.000000 618048.000000 257304.000000 16544.000000 0.000000 12928.000000 0.000000 188512.000000 4608.000000 0.000000 930830.000000 0.000000 28320.000000 33728.000000 0.000000 25728.000000 56576.000000 0.000000 0.000000 0.000000 1752224.000000 0.000000 108360.000000 174528.000000 0.000000 35552.000000 16896.000000 0.000000 25560.000000 0.000000 634880.000000 0.000000 56880.000000 337856.000000 0.000000 38656.000000 0.000000 0.000000 23040.000000 0.000000 875276.000000 0.000000 8040.000000 9696.000000 0.000000 84816.000000 12368.000000 9696.000000 12928.000000 22656.000000 0.000000 827392.000000 0.000000 0.000000 191520.000000 9600.000000 20992.000000 69888.000000 0.000000 0.000000 
18
0.000000 939008.000000 618048.000000 257304.000000 16544.000000 0.000000 12928.000000 0.000000 188512.000000 4608.000000 0.000000 930830.000000 0.000000 28320.000000 33728.000000 0.000000 25728.000000 56576.000000 0.000000 0.000000 0.000000 1752224.000000 0.000000 108360.000000 174528.000000 0.000000 35552.000000 16896.000000 0.000000 25560.000000 0.000000 634880.000000 0.000000 56880.000000 337856.000000 0.000000 38656.000000 0.000000 0.000000 23040.000000 0.000000 875276.000000 0.000000 8040.000000 9696.000000 0.000000 84816.000000 12368.000000 9696.000000 12928.000000 22656.000000 0.000000 827392.000000 0.000000 0.000000 191520.000000 9600.000000 20992.000000 69888.000000 0.000000 0.000000 
19
0.000000 939008.000000 618048.000000 257304.000000 16544.000000 0.000000 12928.000000 0.000000 188512.000000 4608.000000 0.000000 930830.000000 0.000000 28320.000000 33728.000000 0.000000 25728.000000 56576.000000 0.000000 0.000000 0.000000 1752224.000000 0.000000 108360.000000 174528.000000 0.000000 35552.000000 16896.000000 0.000000 25560.000000 0.000000 634880.000000 0.000000 56880.000000 337856.000000 0.000000 38656.000000 0.000000 0.000000 23040.000000 0.000000 875276.000000 0.000000 8040.000000 9696.000000 0.000000 84816.000000 12368.000000 9696.000000 12928.000000 22656.000000 0.000000 827392.000000 0.000000 0.000000 191520.000000 9600.000000 20992.000000 69888.000000 0.000000 0.000000 
20
0.000000 939008.000000 618048.000000 174738.000000 28800.000000 0.000000 82944.000000 0.000000 0.000000 4608.000000 0.000000 921600.000000 26280.000000 141984.000000 19392.000000 51712.000000 52352.000000 12928.000000 0.000000 0.000000 0.000000 2263584.000000 96.000000 418114.000000 29088.000000 22016.000000 25856.000000 51712.000000 0.000000 27096.000000 0.000000 528384.000000 7104.000000 354640.000000 70480.000000 0.000000 38784.000000 0.000000 0.000000 23040.000000 0.000000 3036556.000000 0.000000 14544.000000 0.000000 0.000000 162835.000000 614556.000000 9696.000000 12800.000000 42592.000000 230400.000000 245760.000000 658576.000000 14760.000000 93068.000000 0.000000 0.000000 25856.000000 0.000000 0.000000 
21
0.000000 939008.000000 618048.000000 174738.000000 28800.000000 0.000000 82944.000000 0.000000 0.000000 4608.000000 0.000000 921600.000000 26280.000000 141984.000000 19392.000000 51712.000000 52352.000000 12928.000000 0.000000 0.000000 0.000000 2263584.000000 96.000000 418114.000000 29088.000000 22016.000000 25856.000000 51712.000000 0.000000 27096.000000 0.000000 528384.000000 7104.000000 354640.000000 70480.000000 0.000000 38784.000000 0.000000 0.000000 23040.000000 0.000000 3036556.000000 0.000000 14544.000000 0.000000 0.000000 162835.000000 614556.000000 9696.000000 12800.000000 42592.000000 230400.000000 245760.000000 658576.000000 14760.000000 93068.000000 0.000000 0.000000 25856.000000 0.000000 0.000000 
22
0.000000 939008.000000 618048.000000 174738.000000 28800.000000 0.000000 82944.000000 0.000000 0.000000 4608.000000 0.000000 921600.000000 26280.000000 141984.000000 19392.000000 51712.000000 52352.000000 12928.000000 0.000000 0.000000 0.000000 2263584.000000 96.000000 418114.000000 29088.000000 22016.000000 25856.000000 51712.000000 0.000000 27096.000000 0.000000 528384.000000 7104.000000 354640.000000 70480.000000 0.000000 38784.000000 0.000000 0.000000 23040.000000 0.000000 3036556.000000 0.000000 14544.000000 0.000000 0.000000 162835.000000 614556.000000 9696.000000 12800.000000 42592.000000 230400.000000 245760.000000 658576.000000 14760.000000 93068.000000 0.000000 0.000000 25856.000000 0.000000 0.000000 
23
0.000000 939008.000000 618048.000000 174738.000000 28800.000000 0.000000 82944.000000 0.000000 0.000000 4608.000000 0.000000 921600.000000 26280.000000 141984.000000 19392.000000 51712.000000 52352.000000 12928.000000 0.000000 0.000000 0.000000 2263584.000000 96.000000 418114.000000 29088.000000 22016.000000 25856.000000 51712.000000 0.000000 27096.000000 0.000000 528384.000000 7104.000000 354640.000000 70480.000000 0.000000 38784.000000 0.000000 0.000000 23040.000000 0.000000 3036556.000000 0.000000 14544.000000 0.000000 0.000000 162835.000000 614556.000000 9696.000000 12800.000000 42592.000000 230400.000000 245760.000000 658576.000000 14760.000000 93068.000000 0.000000 0.000000 25856.000000 0.000000 0.000000 
24
0.000000 939008.000000 614592.000000 205486.000000 28896.000000 0.000000 147840.000000 0.000000 0.000000 0.000000 0.000000 1980160.000000 0.000000 447808.000000 111552.000000 28000.000000 47200.000000 12928.000000 0.000000 0.000000 0.000000 749568.000000 0.000000 152512.000000 175312.000000 0.000000 42368.000000 0.000000 0.000000 88212.000000 0.000000 3541504.000000 762528.000000 70170.000000 27600.000000 0.000000 38144.000000 0.000000 0.000000 23196.000000 0.000000 841932.000000 8288.000000 98400.000000 9696.000000 0.000000 62976.000000 21008.000000 9696.000000 64512.000000 6272.000000 0.000000 897024.000000 0.000000 12000.000000 333555.000000 25920.000000 9696.000000 38784.000000 0.000000 0.000000 
25
0.000000 939008.000000 614592.000000 205486.000000 28896.000000 0.000000 147840.000000 0.000000 0.000000 0.000000 0.000000 1980160.000000 0.000000 447808.000000 111552.000000 28000.000000 47200.000000 12928.000000 0.000000 0.000000 0.000000 749568.000000 0.000000 152512.000000 175312.000000 0.000000 42368.000000 0.000000 0.000000 88212.000000 0.000000 3541504.000000 762528.000000 70170.000000 27600.000000 0.000000 38144.000000 0.000000 0.000000 23196.000000 0.000000 841932.000000 8288.000000 98400.000000 9696.000000 0.000000 62976.000000 21008.000000 9696.000000 64512.000000 6272.000000 0.000000 897024.000000 0.000000 12000.000000 333555.000000 25920.000000 9696.000000 38784.000000 0.000000 0.000000 
26
0.000000 939008.000000 614592.000000 205486.000000 28896.000000 0.000000 147840.000000 0.000000 0.000000 0.000000 0.000000 1980160.000000 0.000000 447808.000000 111552.000000 28000.000000 47200.000000 12928.000000 0.000000 0.000000 0.000000 749568.000000 0.000000 152512.000000 175312.000000 0.000000 42368.000000 0.000000 0.000000 88212.000000 0.000000 3541504.000000 762528.000000 70170.000000 27600.000000 0.000000 38144.000000 0.000000 0.000000 23196.000000 0.000000 841932.000000 8288.000000 98400.000000 9696.000000 0.000000 62976.000000 21008.000000 9696.000000 64512.000000 6272.000000 0.000000 897024.000000 0.000000 12000.000000 333555.000000 25920.000000 9696.000000 38784.000000 0.000000 0.000000 
27
0.000000 939008.000000 614592.000000 205486.000000 28896.000000 0.000000 147840.000000 0.000000 0.000000 0.000000 0.000000 1980160.000000 0.000000 447808.000000 111552.000000 28000.000000 47200.000000 12928.000000 0.000000 0.000000 0.000000 749568.000000 0.000000 152512.000000 175312.000000 0.000000 42368.000000 0.000000 0.000000 88212.000000 0.000000 3541504.000000 762528.000000 70170.000000 27600.000000 0.000000 38144.000000 0.000000 0.000000 23196.000000 0.000000 841932.000000 8288.000000 98400.000000 9696.000000 0.000000 62976.000000 21008.000000 9696.000000 64512.000000 6272.000000 0.000000 897024.000000 0.000000 12000.000000 333555.000000 25920.000000 9696.000000 38784.000000 0.000000 0.000000 
28
0.000000 939008.000000 614592.000000 205533.000000 26976.000000 0.000000 243232.000000 0.000000 256.000000 4608.000000 0.000000 824320.000000 14280.000000 414187.000000 19392.000000 0.000000 180992.000000 172032.000000 33120.000000 6848.000000 0.000000 602112.000000 8064.000000 228713.000000 29088.000000 0.000000 65792.000000 0.000000 193536.000000 15924.000000 0.000000 1365504.000000 765312.000000 187657.000000 9696.000000 0.000000 40832.000000 0.000000 0.000000 23040.000000 0.000000 52620.000000 12736.000000 14544.000000 0.000000 0.000000 281151.000000 531400.000000 9696.000000 12928.000000 25856.000000 0.000000 1955328.000000 499200.000000 14760.000000 257290.000000 19488.000000 20992.000000 25728.000000 0.000000 91968.000000 
29
0.000000 939008.000000 614592.000000 205533.000000 26976.000000 0.000000 243232.000000 0.000000 256.000000 4608.000000 0.000000 824320.000000 14280.000000 414187.000000 19392.000000 0.000000 180992.000000 172032.000000 33120.000000 6848.000000 0.000000 602112.000000 8064.000000 228713.000000 29088.000000 0.000000 65792.000000 0.000000 193536.000000 15924.000000 0.000000 1365504.000000 765312.000000 187657.000000 9696.000000 0.000000 40832.000000 0.000000 0.000000 23040.000000 0.000000 52620.000000 12736.000000 14544.000000 0.000000 0.000000 281151.000000 531400.000000 9696.000000 12928.000000 25856.000000 0.000000 1955328.000000 499200.000000 14760.000000 257290.000000 19488.000000 20992.000000 25728.000000 0.000000 91968.000000 
30
0.000000 939008.000000 614592.000000 205533.000000 26976.000000 0.000000 243232.000000 0.000000 256.000000 4608.000000 0.000000 824320.000000 14280.000000 414187.000000 19392.000000 0.000000 180992.000000 172032.000000 33120.000000 6848.000000 0.000000 602112.000000 8064.000000 228713.000000 29088.000000 0.000000 65792.000000 0.000000 193536.000000 15924.000000 0.000000 1365504.000000 765312.000000 187657.000000 9696.000000 0.000000 40832.000000 0.000000 0.000000 23040.000000 0.000000 52620.000000 12736.000000 14544.000000 0.000000 0.000000 281151.000000 531400.000000 9696.000000 12928.000000 25856.000000 0.000000 1955328.000000 499200.000000 14760.000000 257290.000000 19488.000000 20992.000000 25728.000000 0.000000 91968.000000 
31
0.000000 939008.000000 614592.000000 205533.000000 26976.000000 0.000000 243232.000000 0.000000 256.000000 4608.000000 0.000000 824320.000000 14280.000000 414187.000000 19392.000000 0.000000 180992.000000 172032.000000 33120.000000 6848.000000 0.000000 602112.000000 8064.000000 228713.000000 29088.000000 0.000000 65792.000000 0.000000 193536.000000 15924.000000 0.000000 1365504.000000 765312.000000 187657.000000 9696.000000 0.000000 40832.000000 0.000000 0.000000 23040.000000 0.000000 52620.000000 12736.000000 14544.000000 0.000000 0.000000 281151.000000 531400.000000 9696.000000 12928.000000 25856.000000 0.000000 1955328.000000 499200.000000 14760.000000 257290.000000 19488.000000 20992.000000 25728.000000 0.000000 91968.000000 
32
0.000000 946176.000000 674976.000000 283257.000000 122720.000000 0.000000 48480.000000 0.000000 0.000000 4608.000000 0.000000 675840.000000 26280.000000 268383.000000 30208.000000 0.000000 74240.000000 0.000000 33120.000000 6848.000000 0.000000 856064.000000 0.000000 210904.000000 90720.000000 49152.000000 71808.000000 0.000000 155136.000000 0.000000 0.000000 1357312.000000 765696.000000 187656.000000 9600.000000 0.000000 75008.000000 0.000000 0.000000 106140.000000 0.000000 882878.000000 0.000000 0.000000 9696.000000 0.000000 95136.000000 26560.000000 5184.000000 64640.000000 12928.000000 0.000000 1359886.000000 0.000000 0.000000 251802.000000 54720.000000 51712.000000 21504.000000 0.000000 91968.000000 
33
0.000000 946176.000000 674976.000000 283257.000000 122720.000000 0.000000 48480.000000 0.000000 0.000000 4608.000000 0.000000 675840.000000 26280.000000 268383.000000 30208.000000 0.000000 74240.000000 0.000000 33120.000000 6848.000000 0.000000 856064.000000 0.000000 210904.000000 90720.000000 49152.000000 71808.000000 0.000000 155136.000000 0.000000 0.000000 1357312.000000 765696.000000 187656.000000 9600.000000 0.000000 75008.000000 0.000000 0.000000 106140.000000 0.000000 882878.000000 0.000000 0.000000 9696.000000 0.000000 95136.000000 26560.000000 5184.000000 64640.000000 12928.000000 0.000000 1359886.000000 0.000000 0.000000 251802.000000 54720.000000 51712.000000 21504.000000 0.000000 91968.000000 
34
0.000000 946176.000000 674976.000000 283257.000000 122720.000000 0.000000 48480.000000 0.000000 0.000000 4608.000000 0.000000 675840.000000 26280.000000 268383.000000 30208.000000 0.000000 74240.000000 0.000000 33120.000000 6848.000000 0.000000 856064.000000 0.000000 210904.000000 90720.000000 49152.000000 71808.000000 0.000000 155136.000000 0.000000 0.000000 1357312.000000 765696.000000 187656.000000 9600.000000 0.000000 75008.000000 0.000000 0.000000 106140.000000 0.000000 882878.000000 0.000000 0.000000 9696.000000 0.000000 95136.000000 26560.000000 5184.000000 64640.000000 12928.000000 0.000000 1359886.000000 0.000000 0.000000 251802.000000 54720.000000 51712.000000 21504.000000 0.000000 91968.000000 
35
0.000000 946176.000000 674976.000000 283257.000000 122720.000000 0.000000 48480.000000 0.000000 0.000000 4608.000000 0.000000 675840.000000 26280.000000 268383.000000 30208.000000 0.000000 74240.000000 0.000000 33120.000000 6848.000000 0.000000 856064.000000 0.000000 210904.000000 90720.000000 49152.000000 71808.000000 0.000000 155136.000000 0.000000 0.000000 1357312.000000 765696.000000 187656.000000 9600.000000 0.000000 75008.000000 0.000000 0.000000 106140.000000 0.000000 882878.000000 0.000000 0.000000 9696.000000 0.000000 95136.000000 26560.000000 5184.000000 64640.000000 12928.000000 0.000000 1359886.000000 0.000000 0.000000 251802.000000 54720.000000 51712.000000 21504.000000 0.000000 91968.000000 
36
0.000000 946176.000000 671520.000000 660902.000000 17216.000000 0.000000 12928.000000 0.000000 193440.000000 4608.000000 0.000000 921600.000000 26280.000000 268366.000000 29936.000000 0.000000 129248.000000 51712.000000 0.000000 0.000000 0.000000 602112.000000 7968.000000 227808.000000 29088.000000 0.000000 65920.000000 0.000000 0.000000 26676.000000 0.000000 3528192.000000 9600.000000 218784.000000 540672.000000 0.000000 65216.000000 0.000000 190464.000000 98460.000000 0.000000 243004.000000 670180.000000 6034240.000000 12768.000000 0.000000 85296.000000 30496.000000 96.000000 64640.000000 6656.000000 0.000000 1479936.000000 660768.000000 14760.000000 269064.000000 19392.000000 0.000000 38656.000000 0.000000 0.000000 
37
0.000000 946176.000000 671520.000000 660902.000000 17216.000000 0.000000 12928.000000 0.000000 193440.000000 4608.000000 0.000000 921600.000000 26280.000000 268366.000000 29936.000000 0.000000 129248.000000 51712.000000 0.000000 0.000000 0.000000 602112.000000 7968.000000 227808.000000 29088.000000 0.000000 65920.000000 0.000000 0.000000 26676.000000 0.000000 3528192.000000 9600.000000 218784.000000 540672.000000 0.000000 65216.000000 0.000000 190464.000000 98460.000000 0.000000 243004.000000 670180.000000 6034240.000000 12768.000000 0.000000 85296.000000 30496.000000 96.000000 64640.000000 6656.000000 0.000000 1479936.000000 660768.000000 14760.000000 269064.000000 19392.000000 0.000000 38656.000000 0.000000 0.000000 
38
0.000000 946176.000000 671520.000000 660902.000000 17216.000000 0.000000 12928.000000 0.000000 193440.000000 4608.000000 0.000000 921600.000000 26280.000000 268366.000000 29936.000000 0.000000 129248.000000 51712.000000 0.000000 0.000000 0.000000 602112.000000 7968.000000 227808.000000 29088.000000 0.000000 65920.000000 0.000000 0.000000 26676.000000 0.000000 3528192.000000 9600.000000 218784.000000 540672.000000 0.000000 65216.000000 0.000000 190464.000000 98460.000000 0.000000 243004.000000 670180.000000 6034240.000000 12768.000000 0.000000 85296.000000 30496.000000 96.000000 64640.000000 6656.000000 0.000000 1479936.000000 660768.000000 14760.000000 269064.000000 19392.000000 0.000000 38656.000000 0.000000 0.000000 
39
0.000000 946176.000000 671520.000000 660902.000000 17216.000000 0.000000 12928.000000 0.000000 193440.000000 4608.000000 0.000000 921600.000000 26280.000000 268366.000000 29936.000000 0.000000 129248.000000 51712.000000 0.000000 0.000000 0.000000 602112.000000 7968.000000 227808.000000 29088.000000 0.000000 65920.000000 0.000000 0.000000 26676.000000 0.000000 3528192.000000 9600.000000 218784.000000 540672.000000 0.000000 65216.000000 0.000000 190464.000000 98460.000000 0.000000 243004.000000 670180.000000 6034240.000000 12768.000000 0.000000 85296.000000 30496.000000 96.000000 64640.000000 6656.000000 0.000000 1479936.000000 660768.000000 14760.000000 269064.000000 19392.000000 0.000000 38656.000000 0.000000 0.000000 
40
0.000000 946176.000000 671520.000000 165529.000000 74560.000000 56320.000000 77568.000000 0.000000 0.000000 0.000000 0.000000 5686720.000000 0.000000 303785.000000 3296.000000 120032.000000 12928.000000 12928.000000 124416.000000 6848.000000 0.000000 865280.000000 0.000000 481913.000000 45984.000000 0.000000 73984.000000 0.000000 0.000000 26164.000000 0.000000 3770496.000000 762816.000000 70152.000000 70112.000000 0.000000 37888.000000 0.000000 0.000000 23040.000000 0.000000 1749116.000000 0.000000 0.000000 9696.000000 0.000000 96096.000000 30496.000000 0.000000 34816.000000 13056.000000 0.000000 827392.000000 0.000000 0.000000 119528.000000 19392.000000 0.000000 130304.000000 0.000000 91968.000000 
41
0.000000 946176.000000 671520.000000 165529.000000 74560.000000 56320.000000 77568.000000 0.000000 0.000000 0.000000 0.000000 5686720.000000 0.000000 303785.000000 3296.000000 120032.000000 12928.000000 12928.000000 124416.000000 6848.000000 0.000000 865280.000000 0.000000 481913.000000 45984.000000 0.000000 73984.000000 0.000000 0.000000 26164.000000 0.000000 3770496.000000 762816.000000 70152.000000 70112.000000 0.000000 37888.000000 0.000000 0.000000 23040.000000 0.000000 1749116.000000 0.000000 0.000000 9696.000000 0.000000 96096.000000 30496.000000 0.000000 34816.000000 13056.000000 0.000000 827392.000000 0.000000 0.000000 119528.000000 19392.000000 0.000000 130304.000000 0.000000 91968.000000 
42
0.000000 946176.000000 671520.000000 165529.000000 74560.000000 56320.000000 77568.000000 0.000000 0.000000 0.000000 0.000000 5686720.000000 0.000000 303785.000000 3296.000000 120032.000000 12928.000000 12928.000000 124416.000000 6848.000000 0.000000 865280.000000 0.000000 481913.000000 45984.000000 0.000000 73984.000000 0.000000 0.000000 26164.000000 0.000000 3770496.000000 762816.000000 70152.000000 70112.000000 0.000000 37888.000000 0.000000 0.000000 23040.000000 0.000000 1749116.000000 0.000000 0.000000 9696.000000 0.000000 96096.000000 30496.000000 0.000000 34816.000000 13056.000000 0.000000 827392.000000 0.000000 0.000000 119528.000000 19392.000000 0.000000 130304.000000 0.000000 91968.000000 
43
0.000000 946176.000000 671520.000000 165529.000000 74560.000000 56320.000000 77568.000000 0.000000 0.000000 0.000000 0.000000 5686720.000000 0.000000 303785.000000 3296.000000 120032.000000 12928.000000 12928.000000 124416.000000 6848.000000 0.000000 865280.000000 0.000000 481913.000000 45984.000000 0.000000 73984.000000 0.000000 0.000000 26164.000000 0.000000 3770496.000000 762816.000000 70152.000000 70112.000000 0.000000 37888.000000 0.000000 0.000000 23040.000000 0.000000 1749116.000000 0.000000 0.000000 9696.000000 0.000000 96096.000000 30496.000000 0.000000 34816.000000 13056.000000 0.000000 827392.000000 0.000000 0.000000 119528.000000 19392.000000 0.000000 130304.000000 0.000000 91968.000000 
44
0.000000 946176.000000 671520.000000 181656.000000 29088.000000 51712.000000 124544.000000 0.000000 170496.000000 4608.000000 0.000000 2839296.000000 0.000000 178155.000000 565248.000000 0.000000 25856.000000 12928.000000 0.000000 0.000000 0.000000 832512.000000 0.000000 94647.000000 40976.000000 51712.000000 25856.000000 0.000000 0.000000 86772.000000 0.000000 857088.000000 0.000000 109168.000000 26352.000000 0.000000 64512.000000 0.000000 153600.000000 0.000000 0.000000 878220.000000 0.000000 0.000000 17664.000000 0.000000 62976.000000 114880.000000 51712.000000 25600.000000 10624.000000 0.000000 827392.000000 0.000000 0.000000 121705.000000 19296.000000 0.000000 130048.000000 0.000000 91968.000000 
45
0.000000 946176.000000 671520.000000 181656.000000 29088.000000 51712.000000 124544.000000 0.000000 170496.000000 4608.000000 0.000000 2839296.000000 0.000000 178155.000000 565248.000000 0.000000 25856.000000 12928.000000 0.000000 0.000000 0.000000 832512.000000 0.000000 94647.000000 40976.000000 51712.000000 25856.000000 0.000000 0.000000 86772.000000 0.000000 857088.000000 0.000000 109168.000000 26352.000000 0.000000 64512.000000 0.000000 153600.000000 0.000000 0.000000 878220.000000 0.000000 0.000000 17664.000000 0.000000 62976.000000 114880.000000 51712.000000 25600.000000 10624.000000 0.000000 827392.000000 0.000000 0.000000 121705.000000 19296.000000 0.000000 130048.000000 0.000000 91968.000000 
46
0.000000 946176.000000 671520.000000 181656.000000 29088.000000 51712.000000 124544.000000 0.000000 170496.000000 4608.000000 0.000000 2839296.000000 0.000000 178155.000000 565248.000000 0.000000 25856.000000 12928.000000 0.000000 0.000000 0.000000 832512.000000 0.000000 94647.000000 40976.000000 51712.000000 25856.000000 0.000000 0.000000 86772.000000 0.000000 857088.000000 0.000000 109168.000000 26352.000000 0.000000 64512.000000 0.000000 153600.000000 0.000000 0.000000 878220.000000 0.000000 0.000000 17664.000000 0.000000 62976.000000 114880.000000 51712.000000 25600.000000 10624.000000 0.000000 827392.000000 0.000000 0.000000 121705.000000 19296.000000 0.000000 130048.000000 0.000000 91968.000000 
47
0.000000 946176.000000 671520.000000 181656.000000 29088.000000 51712.000000 124544.000000 0.000000 170496.000000 4608.000000 0.000000 2839296.000000 0.000000 178155.000000 565248.000000 0.000000 25856.000000 12928.000000 0.000000 0.000000 0.000000 832512.000000 0.000000 94647.000000 40976.000000 51712.000000 25856.000000 0.000000 0.000000 86772.000000 0.000000 857088.000000 0.000000 109168.000000 26352.000000 0.000000 64512.000000 0.000000 153600.000000 0.000000 0.000000 878220.000000 0.000000 0.000000 17664.000000 0.000000 62976.000000 114880.000000 51712.000000 25600.000000 10624.000000 0.000000 827392.000000 0.000000 0.000000 121705.000000 19296.000000 0.000000 130048.000000 0.000000 91968.000000 
48
0.000000 937984.000000 668160.000000 201682.000000 29088.000000 50176.000000 38656.000000 0.000000 0.000000 4608.000000 0.000000 2418336.000000 0.000000 227114.000000 19392.000000 61184.000000 74112.000000 0.000000 33120.000000 6848.000000 0.000000 1028096.000000 0.000000 144800.000000 174432.000000 0.000000 46144.000000 0.000000 155136.000000 26164.000000 0.000000 561152.000000 0.000000 384073.000000 9696.000000 0.000000 35552.000000 19456.000000 0.000000 80536.000000 0.000000 825458.000000 0.000000 173520.000000 0.000000 0.000000 96816.000000 21008.000000 15264.000000 51712.000000 25856.000000 0.000000 1552000.000000 653968.000000 14640.000000 215833.000000 19392.000000 0.000000 25856.000000 0.000000 190420.000000 
49
0.000000 937984.000000 668160.000000 201682.000000 29088.000000 50176.000000 38656.000000 0.000000 0.000000 4608.000000 0.000000 2418336.000000 0.000000 227114.000000 19392.000000 61184.000000 74112.000000 0.000000 33120.000000 6848.000000 0.000000 1028096.000000 0.000000 144800.000000 174432.000000 0.000000 46144.000000 0.000000 155136.000000 26164.000000 0.000000 561152.000000 0.000000 384073.000000 9696.000000 0.000000 35552.000000 19456.000000 0.000000 80536.000000 0.000000 825458.000000 0.000000 173520.000000 0.000000 0.000000 96816.000000 21008.000000 15264.000000 51712.000000 25856.000000 0.000000 1552000.000000 653968.000000 14640.000000 215833.000000 19392.000000 0.000000 25856.000000 0.000000 190420.000000 
50
0.000000 937984.000000 668160.000000 201682.000000 29088.000000 50176.000000 38656.000000 0.000000 0.000000 4608.000000 0.000000 2418336.000000 0.000000 227114.000000 19392.000000 61184.000000 74112.000000 0.000000 33120.000000 6848.000000 0.000000 1028096.000000 0.000000 144800.000000 174432.000000 0.000000 46144.000000 0.000000 155136.000000 26164.000000 0.000000 561152.000000 0.000000 384073.000000 9696.000000 0.000000 35552.000000 19456.000000 0.000000 80536.000000 0.000000 825458.000000 0.000000 173520.000000 0.000000 0.000000 96816.000000 21008.000000 15264.000000 51712.000000 25856.000000 0.000000 1552000.000000 653968.000000 14640.000000 215833.000000 19392.000000 0.000000 25856.000000 0.000000 190420.000000 
51
0.000000 937984.000000 668160.000000 201682.000000 29088.000000 50176.000000 38656.000000 0.000000 0.000000 4608.000000 0.000000 2418336.000000 0.000000 227114.000000 19392.000000 61184.000000 74112.000000 0.000000 33120.000000 6848.000000 0.000000 1028096.000000 0.000000 144800.000000 174432.000000 0.000000 46144.000000 0.000000 155136.000000 26164.000000 0.000000 561152.000000 0.000000 384073.000000 9696.000000 0.000000 35552.000000 19456.000000 0.000000 80536.000000 0.000000 825458.000000 0.000000 173520.000000 0.000000 0.000000 96816.000000 21008.000000 15264.000000 51712.000000 25856.000000 0.000000 1552000.000000 653968.000000 14640.000000 215833.000000 19392.000000 0.000000 25856.000000 0.000000 190420.000000 
52
0.000000 937984.000000 668160.000000 180812.000000 24672.000000 0.000000 77568.000000 0.000000 0.000000 4608.000000 0.000000 537984.000000 0.000000 405374.000000 129984.000000 51712.000000 175200.000000 92672.000000 33120.000000 6656.000000 0.000000 2235456.000000 0.000000 97641.000000 174432.000000 0.000000 35328.000000 51808.000000 0.000000 0.000000 0.000000 528384.000000 7008.000000 397226.000000 9696.000000 0.000000 87264.000000 0.000000 0.000000 0.000000 0.000000 2095100.000000 64.000000 14544.000000 0.000000 0.000000 200.000000 20901.000000 9696.000000 12928.000000 12928.000000 155136.000000 1204224.000000 0.000000 0.000000 348925.000000 9696.000000 18016.000000 155392.000000 0.000000 87892.000000 
53
0.000000 937984.000000 668160.000000 180812.000000 24672.000000 0.000000 77568.000000 0.000000 0.000000 4608.000000 0.000000 537984.000000 0.000000 405374.000000 129984.000000 51712.000000 175200.000000 92672.000000 33120.000000 6656.000000 0.000000 2235456.000000 0.000000 97641.000000 174432.000000 0.000000 35328.000000 51808.000000 0.000000 0.000000 0.000000 528384.000000 7008.000000 397226.000000 9696.000000 0.000000 87264.000000 0.000000 0.000000 0.000000 0.000000 2095100.000000 64.000000 14544.000000 0.000000 0.000000 200.000000 20901.000000 9696.000000 12928.000000 12928.000000 155136.000000 1204224.000000 0.000000 0.000000 348925.000000 9696.000000 18016.000000 155392.000000 0.000000 87892.000000 
54
0.000000 937984.000000 668160.000000 180812.000000 24672.000000 0.000000 77568.000000 0.000000 0.000000 4608.000000 0.000000 537984.000000 0.000000 405374.000000 129984.000000 51712.000000 175200.000000 92672.000000 33120.000000 6656.000000 0.000000 2235456.000000 0.000000 97641.000000 174432.000000 0.000000 35328.000000 51808.000000 0.000000 0.000000 0.000000 528384.000000 7008.000000 397226.000000 9696.000000 0.000000 87264.000000 0.000000 0.000000 0.000000 0.000000 2095100.000000 64.000000 14544.000000 0.000000 0.000000 200.000000 20901.000000 9696.000000 12928.000000 12928.000000 155136.000000 1204224.000000 0.000000 0.000000 348925.000000 9696.000000 18016.000000 155392.000000 0.000000 87892.000000 
55
0.000000 937984.000000 668160.000000 180812.000000 24672.000000 0.000000 77568.000000 0.000000 0.000000 4608.000000 0.000000 537984.000000 0.000000 405374.000000 129984.000000 51712.000000 175200.000000 92672.000000 33120.000000 6656.000000 0.000000 2235456.000000 0.000000 97641.000000 174432.000000 0.000000 35328.000000 51808.000000 0.000000 0.000000 0.000000 528384.000000 7008.000000 397226.000000 9696.000000 0.000000 87264.000000 0.000000 0.000000 0.000000 0.000000 2095100.000000 64.000000 14544.000000 0.000000 0.000000 200.000000 20901.000000 9696.000000 12928.000000 12928.000000 155136.000000 1204224.000000 0.000000 0.000000 348925.000000 9696.000000 18016.000000 155392.000000 0.000000 87892.000000 
56
0.000000 937984.000000 668160.000000 439861.000000 0.000000 0.000000 47872.000000 0.000000 46080.000000 4608.000000 0.000000 2426976.000000 0.000000 191209.000000 24368.000000 0.000000 25856.000000 12928.000000 0.000000 0.000000 0.000000 561152.000000 9696.000000 256248.000000 28992.000000 0.000000 64640.000000 0.000000 0.000000 26164.000000 0.000000 3541376.000000 758496.000000 50724.000000 30368.000000 0.000000 64256.000000 0.000000 0.000000 83096.000000 0.000000 1961324.000000 1495746.000000 14544.000000 0.000000 0.000000 256226.000000 286339.000000 9696.000000 12928.000000 23648.000000 43008.000000 1677792.000000 755392.000000 14640.000000 269609.000000 19296.000000 9696.000000 38528.000000 0.000000 0.000000 
57
0.000000 937984.000000 668160.000000 439861.000000 0.000000 0.000000 47872.000000 0.000000 46080.000000 4608.000000 0.000000 2426976.000000 0.000000 191209.000000 24368.000000 0.000000 25856.000000 12928.000000 0.000000 0.000000 0.000000 561152.000000 9696.000000 256248.000000 28992.000000 0.000000 64640.000000 0.000000 0.000000 26164.000000 0.000000 3541376.000000 758496.000000 50724.000000 30368.000000 0.000000 64256.000000 0.000000 0.000000 83096.000000 0.000000 1961324.000000 1495746.000000 14544.000000 0.000000 0.000000 256226.000000 286339.000000 9696.000000 12928.000000 23648.000000 43008.000000 1677792.000000 755392.000000 14640.000000 269609.000000 19296.000000 9696.000000 38528.000000 0.000000 0.000000 
58
0.000000 937984.000000 668160.000000 439861.000000 0.000000 0.000000 47872.000000 0.000000 46080.000000 4608.000000 0.000000 2426976.000000 0.000000 191209.000000 24368.000000 0.000000 25856.000000 12928.000000 0.000000 0.000000 0.000000 561152.000000 9696.000000 256248.000000 28992.000000 0.000000 64640.000000 0.000000 0.000000 26164.000000 0.000000 3541376.000000 758496.000000 50724.000000 30368.000000 0.000000 64256.000000 0.000000 0.000000 83096.000000 0.000000 1961324.000000 1495746.000000 14544.000000 0.000000 0.000000 256226.000000 286339.000000 9696.000000 12928.000000 23648.000000 43008.000000 1677792.000000 755392.000000 14640.000000 269609.000000 19296.000000 9696.000000 38528.000000 0.000000 0.000000 
59
0.000000 937984.000000 668160.000000 439861.000000 0.000000 0.000000 47872.000000 0.000000 46080.000000 4608.000000 0.000000 2426976.000000 0.000000 191209.000000 24368.000000 0.000000 25856.000000 12928.000000 0.000000 0.000000 0.000000 561152.000000 9696.000000 256248.000000 28992.000000 0.000000 64640.000000 0.000000 0.000000 26164.000000 0.000000 3541376.000000 758496.000000 50724.000000 30368.000000 0.000000 64256.000000 0.000000 0.000000 83096.000000 0.000000 1961324.000000 1495746.000000 14544.000000 0.000000 0.000000 256226.000000 286339.000000 9696.000000 12928.000000 23648.000000 43008.000000 1677792.000000 755392.000000 14640.000000 269609.000000 19296.000000 9696.000000 38528.000000 0.000000 0.000000 
60
0.000000 937984.000000 668160.000000 213042.000000 16960.000000 0.000000 12928.000000 0.000000 46336.000000 4608.000000 0.000000 464256.000000 96.000000 299433.000000 0.000000 61408.000000 190688.000000 0.000000 35168.000000 6848.000000 0.000000 898048.000000 0.000000 94274.000000 37520.000000 0.000000 38784.000000 0.000000 0.000000 88212.000000 0.000000 667648.000000 0.000000 473361.000000 124912.000000 0.000000 24960.000000 0.000000 0.000000 94616.000000 0.000000 879788.000000 1332384.000000 14544.000000 0.000000 0.000000 0.000000 164832.000000 9600.000000 12928.000000 74240.000000 0.000000 2229280.000000 636672.000000 14640.000000 193209.000000 19392.000000 0.000000 38784.000000 0.000000 0.000000 
61
0.000000 937984.000000 668160.000000 213042.000000 16960.000000 0.000000 12928.000000 0.000000 46336.000000 4608.000000 0.000000 464256.000000 96.000000 299433.000000 0.000000 61408.000000 190688.000000 0.000000 35168.000000 6848.000000 0.000000 898048.000000 0.000000 94274.000000 37520.000000 0.000000 38784.000000 0.000000 0.000000 88212.000000 0.000000 667648.000000 0.000000 473361.000000 124912.000000 0.000000 24960.000000 0.000000 0.000000 94616.000000 0.000000 879788.000000 1332384.000000 14544.000000 0.000000 0.000000 0.000000 164832.000000 9600.000000 12928.000000 74240.000000 0.000000 2229280.000000 636672.000000 14640.000000 193209.000000 19392.000000 0.000000 38784.000000 0.000000 0.000000 
62
0.000000 937984.000000 668160.000000 213042.000000 16960.000000 0.000000 12928.000000 0.000000 46336.000000 4608.000000 0.000000 464256.000000 96.000000 299433.000000 0.000000 61408.000000 190688.000000 0.000000 35168.000000 6848.000000 0.000000 898048.000000 0.000000 94274.000000 37520.000000 0.000000 38784.000000 0.000000 0.000000 88212.000000 0.000000 667648.000000 0.000000 473361.000000 124912.000000 0.000000 24960.000000 0.000000 0.000000 94616.000000 0.000000 879788.000000 1332384.000000 14544.000000 0.000000 0.000000 0.000000 164832.000000 9600.000000 12928.000000 74240.000000 0.000000 2229280.000000 636672.000000 14640.000000 193209.000000 19392.000000 0.000000 38784.000000 0.000000 0.000000 
63
0.000000 937984.000000 668160.000000 213042.000000 16960.000000 0.000000 12928.000000 0.000000 46336.000000 4608.000000 0.000000 464256.000000 96.000000 299433.000000 0.000000 61408.000000 190688.000000 0.000000 35168.000000 6848.000000 0.000000 898048.000000 0.000000 94274.000000 37520.000000 0.000000 38784.000000 0.000000 0.000000 88212.000000 0.000000 667648.000000 0.000000 473361.000000 124912.000000 0.000000 24960.000000 0.000000 0.000000 94616.000000 0.000000 879788.000000 1332384.000000 14544.000000 0.000000 0.000000 0.000000 164832.000000 9600.000000 12928.000000 74240.000000 0.000000 2229280.000000 636672.000000 14640.000000 193209.000000 19392.000000 0.000000 38784.000000 0.000000 0.000000 
64
0.000000 934916.000000 396768.000000 210209.000000 26784.000000 0.000000 241696.000000 0.000000 256.000000 4608.000000 0.000000 843776.000000 14280.000000 175033.000000 20464.000000 9696.000000 59904.000000 0.000000 33120.000000 6848.000000 0.000000 884750.000000 0.000000 94272.000000 166448.000000 0.000000 38784.000000 0.000000 0.000000 88212.000000 0.000000 794624.000000 0.000000 431121.000000 9696.000000 0.000000 74368.000000 0.000000 0.000000 83096.000000 0.000000 52126.000000 6464.000000 14544.000000 0.000000 0.000000 202.000000 498041.000000 9696.000000 83072.000000 6656.000000 0.000000 978944.000000 0.000000 14640.000000 152912.000000 58336.000000 52736.000000 38656.000000 0.000000 0.000000 
65
0.000000 934916.000000 396768.000000 210209.000000 26784.000000 0.000000 241696.000000 0.000000 256.000000 4608.000000 0.000000 843776.000000 14280.000000 175033.000000 20464.000000 9696.000000 59904.000000 0.000000 33120.000000 6848.000000 0.000000 884750.000000 0.000000 94272.000000 166448.000000 0.000000 38784.000000 0.000000 0.000000 88212.000000 0.000000 794624.000000 0.000000 431121.000000 9696.000000 0.000000 74368.000000 0.000000 0.000000 83096.000000 0.000000 52126.000000 6464.000000 14544.000000 0.000000 0.000000 202.000000 498041.000000 9696.000000 83072.000000 6656.000000 0.000000 978944.000000 0.000000 14640.000000 152912.000000 58336.000000 52736.000000 38656.000000 0.000000 0.000000 
66
0.000000 934916.000000 396768.000000 210209.000000 26784.000000 0.000000 241696.000000 0.000000 256.000000 4608.000000 0.000000 843776.000000 14280.000000 175033.000000 20464.000000 9696.000000 59904.000000 0.000000 33120.000000 6848.000000 0.000000 884750.000000 0.000000 94272.000000 166448.000000 0.000000 38784.000000 0.000000 0.000000 88212.000000 0.000000 794624.000000 0.000000 431121.000000 9696.000000 0.000000 74368.000000 0.000000 0.000000 83096.000000 0.000000 52126.000000 6464.000000 14544.000000 0.000000 0.000000 202.000000 498041.000000 9696.000000 83072.000000 6656.000000 0.000000 978944.000000 0.000000 14640.000000 152912.000000 58336.000000 52736.000000 38656.000000 0.000000 0.000000 
67
0.000000 934916.000000 396768.000000 210209.000000 26784.000000 0.000000 241696.000000 0.000000 256.000000 4608.000000 0.000000 843776.000000 14280.000000 175033.000000 20464.000000 9696.000000 59904.000000 0.000000 33120.000000 6848.000000 0.000000 884750.000000 0.000000 94272.000000 166448.000000 0.000000 38784.000000 0.000000 0.000000 88212.000000 0.000000 794624.000000 0.000000 431121.000000 9696.000000 0.000000 74368.000000 0.000000 0.000000 83096.000000 0.000000 52126.000000 6464.000000 14544.000000 0.000000 0.000000 202.000000 498041.000000 9696.000000 83072.000000 6656.000000 0.000000 978944.000000 0.000000 14640.000000 152912.000000 58336.000000 52736.000000 38656.000000 0.000000 0.000000 
68
0.000000 934916.000000 396768.000000 210208.000000 26688.000000 0.000000 48288.000000 0.000000 0.000000 0.000000 0.000000 779264.000000 14280.000000 284898.000000 30608.000000 96.000000 25856.000000 153600.000000 176736.000000 6848.000000 0.000000 2245760.000000 0.000000 296143.000000 82544.000000 0.000000 38784.000000 0.000000 0.000000 88212.000000 0.000000 852992.000000 0.000000 375240.000000 25648.000000 16384.000000 25856.000000 0.000000 308736.000000 0.000000 0.000000 1887132.000000 64.000000 14400.000000 0.000000 0.000000 10668.000000 489626.000000 0.000000 0.000000 12928.000000 161280.000000 1261568.000000 0.000000 14640.000000 334346.000000 23424.000000 0.000000 180992.000000 0.000000 182836.000000 
69
0.000000 934916.000000 396768.000000 210208.000000 26688.000000 0.000000 48288.000000 0.000000 0.000000 0.000000 0.000000 779264.000000 14280.000000 284898.000000 30608.000000 96.000000 25856.000000 153600.000000 176736.000000 6848.000000 0.000000 2245760.000000 0.000000 296143.000000 82544.000000 0.000000 38784.000000 0.000000 0.000000 88212.000000 0.000000 852992.000000 0.000000 375240.000000 25648.000000 16384.000000 25856.000000 0.000000 308736.000000 0.000000 0.000000 1887132.000000 64.000000 14400.000000 0.000000 0.000000 10668.000000 489626.000000 0.000000 0.000000 12928.000000 161280.000000 1261568.000000 0.000000 14640.000000 334346.000000 23424.000000 0.000000 180992.000000 0.000000 182836.000000 
70
0.000000 934916.000000 396768.000000 210208.000000 26688.000000 0.000000 48288.000000 0.000000 0.000000 0.000000 0.000000 779264.000000 14280.000000 284898.000000 30608.000000 96.000000 25856.000000 153600.000000 176736.000000 6848.000000 0.000000 2245760.000000 0.000000 296143.000000 82544.000000 0.000000 38784.000000 0.000000 0.000000 88212.000000 0.000000 852992.000000 0.000000 375240.000000 25648.000000 16384.000000 25856.000000 0.000000 308736.000000 0.000000 0.000000 1887132.000000 64.000000 14400.000000 0.000000 0.000000 10668.000000 489626.000000 0.000000 0.000000 12928.000000 161280.000000 1261568.000000 0.000000 14640.000000 334346.000000 23424.000000 0.000000 180992.000000 0.000000 182836.000000 
71
0.000000 934916.000000 396768.000000 210208.000000 26688.000000 0.000000 48288.000000 0.000000 0.000000 0.000000 0.000000 779264.000000 14280.000000 284898.000000 30608.000000 96.000000 25856.000000 153600.000000 176736.000000 6848.000000 0.000000 2245760.000000 0.000000 296143.000000 82544.000000 0.000000 38784.000000 0.000000 0.000000 88212.000000 0.000000 852992.000000 0.000000 375240.000000 25648.000000 16384.000000 25856.000000 0.000000 308736.000000 0.000000 0.000000 1887132.000000 64.000000 14400.000000 0.000000 0.000000 10668.000000 489626.000000 0.000000 0.000000 12928.000000 161280.000000 1261568.000000 0.000000 14640.000000 334346.000000 23424.000000 0.000000 180992.000000 0.000000 182836.000000 
72
0.000000 934915.000000 396768.000000 210192.000000 26688.000000 0.000000 48192.000000 0.000000 0.000000 4608.000000 0.000000 917504.000000 26280.000000 268365.000000 29840.000000 28672.000000 12928.000000 12928.000000 166656.000000 6656.000000 0.000000 2246240.000000 0.000000 346197.000000 23120.000000 0.000000 12928.000000 0.000000 281600.000000 83604.000000 0.000000 778240.000000 0.000000 178209.000000 27584.000000 0.000000 35200.000000 0.000000 0.000000 23192.000000 0.000000 880282.000000 0.000000 2800.000000 9696.000000 0.000000 95256.000000 30688.000000 51712.000000 12928.000000 25728.000000 0.000000 3508992.000000 661632.000000 14640.000000 393586.000000 19392.000000 51712.000000 19840.000000 0.000000 88992.000000 
73
0.000000 934915.000000 396768.000000 210192.000000 26688.000000 0.000000 48192.000000 0.000000 0.000000 4608.000000 0.000000 917504.000000 26280.000000 268365.000000 29840.000000 28672.000000 12928.000000 12928.000000 166656.000000 6656.000000 0.000000 2246240.000000 0.000000 346197.000000 23120.000000 0.000000 12928.000000 0.000000 281600.000000 83604.000000 0.000000 778240.000000 0.000000 178209.000000 27584.000000 0.000000 35200.000000 0.000000 0.000000 23192.000000 0.000000 880282.000000 0.000000 2800.000000 9696.000000 0.000000 95256.000000 30688.000000 51712.000000 12928.000000 25728.000000 0.000000 3508992.000000 661632.000000 14640.000000 393586.000000 19392.000000 51712.000000 19840.000000 0.000000 88992.000000 
74
0.000000 934915.000000 396768.000000 210192.000000 26688.000000 0.000000 48192.000000 0.000000 0.000000 4608.000000 0.000000 917504.000000 26280.000000 268365.000000 29840.000000 28672.000000 12928.000000 12928.000000 166656.000000 6656.000000 0.000000 2246240.000000 0.000000 346197.000000 23120.000000 0.000000 12928.000000 0.000000 281600.000000 83604.000000 0.000000 778240.000000 0.000000 178209.000000 27584.000000 0.000000 35200.000000 0.000000 0.000000 23192.000000 0.000000 880282.000000 0.000000 2800.000000 9696.000000 0.000000 95256.000000 30688.000000 51712.000000 12928.000000 25728.000000 0.000000 3508992.000000 661632.000000 14640.000000 393586.000000 19392.000000 51712.000000 19840.000000 0.000000 88992.000000 
75
0.000000 934915.000000 396768.000000 210192.000000 26688.000000 0.000000 48192.000000 0.000000 0.000000 4608.000000 0.000000 917504.000000 26280.000000 268365.000000 29840.000000 28672.000000 12928.000000 12928.000000 166656.000000 6656.000000 0.000000 2246240.000000 0.000000 346197.000000 23120.000000 0.000000 12928.000000 0.000000 281600.000000 83604.000000 0.000000 778240.000000 0.000000 178209.000000 27584.000000 0.000000 35200.000000 0.000000 0.000000 23192.000000 0.000000 880282.000000 0.000000 2800.000000 9696.000000 0.000000 95256.000000 30688.000000 51712.000000 12928.000000 25728.000000 0.000000 3508992.000000 661632.000000 14640.000000 393586.000000 19392.000000 51712.000000 19840.000000 0.000000 88992.000000 
76
0.000000 934915.000000 396768.000000 210112.000000 29088.000000 49664.000000 38528.000000 0.000000 0.000000 4608.000000 0.000000 598016.000000 18984.000000 137486.000000 29088.000000 0.000000 25856.000000 12800.000000 0.000000 0.000000 0.000000 828416.000000 0.000000 231698.000000 29088.000000 0.000000 37568.000000 0.000000 0.000000 88212.000000 0.000000 557056.000000 0.000000 465097.000000 23584.000000 0.000000 74368.000000 0.000000 0.000000 94616.000000 0.000000 114466.000000 861696.000000 10944.000000 0.000000 0.000000 207074.000000 240759.000000 59328.000000 64640.000000 6400.000000 0.000000 1608064.000000 768864.000000 14640.000000 354755.000000 51712.000000 61408.000000 23808.000000 0.000000 88992.000000 
77
0.000000 934915.000000 396768.000000 210112.000000 29088.000000 49664.000000 38528.000000 0.000000 0.000000 4608.000000 0.000000 598016.000000 18984.000000 137486.000000 29088.000000 0.000000 25856.000000 12800.000000 0.000000 0.000000 0.000000 828416.000000 0.000000 231698.000000 29088.000000 0.000000 37568.000000 0.000000 0.000000 88212.000000 0.000000 557056.000000 0.000000 465097.000000 23584.000000 0.000000 74368.000000 0.000000 0.000000 94616.000000 0.000000 114466.000000 861696.000000 10944.000000 0.000000 0.000000 207074.000000 240759.000000 59328.000000 64640.000000 6400.000000 0.000000 1608064.000000 768864.000000 14640.000000 354755.000000 51712.000000 61408.000000 23808.000000 0.000000 88992.000000 
78
0.000000 934915.000000 396768.000000 210112.000000 29088.000000 49664.000000 38528.000000 0.000000 0.000000 4608.000000 0.000000 598016.000000 18984.000000 137486.000000 29088.000000 0.000000 25856.000000 12800.000000 0.000000 0.000000 0.000000 828416.000000 0.000000 231698.000000 29088.000000 0.000000 37568.000000 0.000000 0.000000 88212.000000 0.000000 557056.000000 0.000000 465097.000000 23584.000000 0.000000 74368.000000 0.000000 0.000000 94616.000000 0.000000 114466.000000 861696.000000 10944.000000 0.000000 0.000000 207074.000000 240759.000000 59328.000000 64640.000000 6400.000000 0.000000 1608064.000000 768864.000000 14640.000000 354755.000000 51712.000000 61408.000000 23808.000000 0.000000 88992.000000 
79
0.000000 934915.000000 396768.000000 210112.000000 29088.000000 49664.000000 38528.000000 0.000000 0.000000 4608.000000 0.000000 598016.000000 18984.000000 137486.000000 29088.000000 0.000000 25856.000000 12800.000000 0.000000 0.000000 0.000000 828416.000000 0.000000 231698.000000 29088.000000 0.000000 37568.000000 0.000000 0.000000 88212.000000 0.000000 557056.000000 0.000000 465097.000000 23584.000000 0.000000 74368.000000 0.000000 0.000000 94616.000000 0.000000 114466.000000 861696.000000 10944.000000 0.000000 0.000000 207074.000000 240759.000000 59328.000000 64640.000000 6400.000000 0.000000 1608064.000000 768864.000000 14640.000000 354755.000000 51712.000000 61408.000000 23808.000000 0.000000 88992.000000 
