0
0.100000 0.076200 0.093400 0.089800 0.100000 0.100000 0.098000 0.100000 0.080200 0.010000 -0.000000 0.088800 0.100000 0.092000 0.100000 0.100000 0.096400 0.100000 0.100000 0.028200 -0.000000 0.081600 0.092600 0.057200 0.100000 0.100000 0.100000 0.100000 0.100000 0.018800 -0.000000 0.078400 0.100000 0.086000 0.100000 0.100000 0.100000 0.100000 0.093400 0.023400 -0.000000 0.086800 0.100000 0.100000 0.100000 0.100000 0.083000 0.095800 0.100000 0.095400 0.100000 0.100000 0.100000 0.092800 0.039400 0.094800 0.100000 0.100000 0.100000 0.100000 0.047600 
1
0.100000 0.075800 0.093400 0.089000 0.100000 0.100000 0.097800 0.100000 0.080200 0.006600 -0.000000 0.088600 0.100000 0.087200 0.100000 0.100000 0.097400 0.100000 0.100000 0.028200 -0.000000 0.081200 0.088000 0.057000 0.100000 0.100000 0.100000 0.100000 0.100000 0.019600 -0.000000 0.078400 0.091200 0.089600 0.100000 0.100000 0.100000 0.100000 0.098000 0.023400 -0.000000 0.086600 0.100000 0.100000 0.100000 0.100000 0.085400 0.094600 0.100000 0.097000 0.100000 0.100000 0.100000 0.093000 0.039400 0.094000 0.100000 0.100000 0.100000 0.100000 0.046000 
2
0.100000 0.075600 0.093600 0.084200 0.100000 0.100000 0.096600 0.100000 0.079600 0.006800 -0.000000 0.088600 0.100000 0.087200 0.100000 0.100000 0.097200 0.100000 0.100000 0.028200 -0.000000 0.081200 0.092600 0.056800 0.100000 0.100000 0.100000 0.100000 0.100000 0.016000 -0.000000 0.078200 0.091400 0.084800 0.100000 0.100000 0.100000 0.100000 0.092600 0.023800 -0.000000 0.086400 0.100000 0.100000 0.100000 0.100000 0.074400 0.094600 0.100000 0.096200 0.100000 0.100000 0.100000 0.092800 0.039400 0.094800 0.100000 0.100000 0.100000 0.100000 0.042400 
3
0.100000 0.075600 0.092800 0.084200 0.100000 0.100000 0.097400 0.100000 0.079600 0.006600 -0.000000 0.088600 0.100000 0.087400 0.100000 0.100000 0.096200 0.100000 0.100000 0.024600 -0.000000 0.072600 0.088000 0.057000 0.100000 0.100000 0.098000 0.100000 0.100000 0.017800 -0.000000 0.078200 0.091400 0.084800 0.100000 0.100000 0.100000 0.100000 0.092000 0.023800 -0.000000 0.086400 0.100000 0.100000 0.100000 0.100000 0.081000 0.094800 0.100000 0.096800 0.100000 0.100000 0.100000 0.085800 0.034600 0.094800 0.100000 0.100000 0.100000 0.100000 0.042200 
4
0.100000 0.076200 0.093400 0.090000 0.100000 0.099400 0.100000 0.100000 0.100000 0.009600 -0.000000 0.087600 0.086600 0.055800 0.100000 0.100000 0.100000 0.100000 0.100000 0.015000 -0.000000 0.083000 0.100000 0.080800 0.099200 0.100000 0.100000 0.100000 0.100000 0.019400 -0.000000 0.077600 0.100000 0.083000 0.100000 0.100000 0.097600 0.100000 0.100000 0.016600 -0.000000 0.087200 0.100000 0.100000 0.100000 0.061600 0.039400 0.099400 0.100000 0.097800 0.100000 0.100000 0.100000 0.075800 -0.000000 0.095600 0.100000 0.100000 0.100000 0.100000 0.072400 
5
0.100000 0.075800 0.093400 0.090000 0.100000 0.098400 0.098800 0.100000 0.100000 0.009200 -0.000000 0.087200 0.078400 0.055600 0.100000 0.100000 0.100000 0.100000 0.100000 0.017600 -0.000000 0.083000 0.100000 0.076000 0.099400 0.100000 0.100000 0.100000 0.100000 0.021400 -0.000000 0.077200 0.100000 0.082400 0.100000 0.100000 0.095800 0.100000 0.100000 0.016600 -0.000000 0.086800 0.100000 0.100000 0.100000 0.061200 0.039400 0.099400 0.100000 0.098000 0.100000 0.100000 0.100000 0.066200 -0.000000 0.095800 0.100000 0.100000 0.100000 0.100000 0.069400 
6
0.100000 0.075600 0.093600 0.085200 0.100000 0.098200 0.099000 0.100000 0.100000 0.009200 -0.000000 0.087000 0.078400 0.055800 0.100000 0.100000 0.100000 0.100000 0.100000 0.011400 -0.000000 0.082800 0.100000 0.076200 0.100000 0.100000 0.100000 0.100000 0.100000 0.018800 -0.000000 0.077200 0.100000 0.082400 0.100000 0.100000 0.094200 0.100000 0.100000 0.016800 -0.000000 0.086600 0.100000 0.100000 0.100000 0.059200 0.039200 0.099400 0.100000 0.098200 0.100000 0.100000 0.100000 0.072000 -0.000000 0.096800 0.100000 0.100000 0.100000 0.100000 0.069200 
7
0.100000 0.075600 0.092800 0.085200 0.100000 0.091400 0.099000 0.100000 0.100000 0.005400 -0.000000 0.087200 0.078400 0.055800 0.100000 0.100000 0.100000 0.100000 0.100000 0.011400 -0.000000 0.082000 0.100000 0.076200 0.099000 0.100000 0.100000 0.100000 0.100000 0.015000 -0.000000 0.077200 0.100000 0.073800 0.100000 0.100000 0.094800 0.100000 0.100000 0.013200 -0.000000 0.086600 0.100000 0.100000 0.100000 0.063600 0.039200 0.099400 0.100000 0.096600 0.100000 0.100000 0.100000 0.072000 -0.000000 0.096600 0.100000 0.100000 0.100000 0.100000 0.070000 
8
0.100000 0.076200 0.093400 0.091200 0.100000 0.100000 0.093800 0.100000 0.100000 0.015000 -0.000000 0.078200 0.100000 0.075800 0.100000 0.100000 0.100000 0.100000 0.100000 0.098600 -0.000000 0.082800 0.100000 0.076000 0.099400 0.100000 0.100000 0.100000 0.086600 0.020000 -0.000000 0.077600 0.100000 0.073000 0.100000 0.100000 0.100000 0.100000 0.096800 0.038000 -0.000000 0.088200 0.100000 0.100000 0.100000 0.100000 0.100000 0.085200 0.100000 0.100000 0.100000 0.100000 0.100000 0.074400 -0.000000 0.094200 0.100000 0.100000 0.100000 0.100000 0.100000 
9
0.100000 0.075800 0.093400 0.091400 0.100000 0.100000 0.092800 0.100000 0.100000 0.013200 -0.000000 0.071600 0.100000 0.071000 0.100000 0.100000 0.100000 0.100000 0.100000 0.100000 0.000800 0.082800 0.100000 0.076000 0.099400 0.100000 0.100000 0.100000 0.089200 0.016600 -0.000000 0.077200 0.100000 0.064800 0.100000 0.100000 0.100000 0.100000 0.097800 0.036400 -0.000000 0.087400 0.100000 0.100000 0.100000 0.100000 0.100000 0.082800 0.100000 0.100000 0.100000 0.100000 0.100000 0.074200 -0.000000 0.093200 0.100000 0.100000 0.100000 0.100000 0.100000 
10
0.100000 0.075600 0.093600 0.086600 0.100000 0.100000 0.093600 0.100000 0.100000 0.013200 -0.000000 0.069000 0.100000 0.071000 0.100000 0.100000 0.100000 0.100000 0.100000 0.100000 0.000800 0.082600 0.100000 0.076000 0.100000 0.100000 0.100000 0.100000 0.087600 0.016800 -0.000000 0.077000 0.100000 0.064600 0.100000 0.100000 0.100000 0.100000 0.098400 0.036400 -0.000000 0.087400 0.100000 0.100000 0.100000 0.100000 0.100000 0.093600 0.100000 0.100000 0.100000 0.100000 0.100000 0.073600 -0.000000 0.094000 0.100000 0.100000 0.100000 0.100000 0.100000 
11
0.100000 0.075600 0.092800 0.086600 0.100000 0.100000 0.091200 0.100000 0.100000 0.008400 -0.000000 0.068800 0.100000 0.071000 0.100000 0.100000 0.100000 0.100000 0.100000 0.100000 0.001000 0.082400 0.100000 0.075800 0.099200 0.100000 0.100000 0.100000 0.086600 0.016800 -0.000000 0.077000 0.100000 0.064800 0.100000 0.100000 0.100000 0.100000 0.099200 0.036400 -0.000000 0.087400 0.100000 0.100000 0.100000 0.100000 0.099800 0.082200 0.100000 0.100000 0.100000 0.100000 0.100000 0.073800 -0.000000 0.094200 0.100000 0.100000 0.100000 0.100000 0.100000 
12
0.100000 0.076200 0.094000 0.089800 0.100000 0.100000 0.095800 0.100000 0.077800 0.010000 -0.000000 0.087600 0.067600 0.057400 0.100000 0.100000 0.099200 0.100000 0.097000 0.013400 -0.000000 0.088600 0.038200 0.058800 0.100000 0.100000 0.100000 0.100000 0.100000 0.024800 -0.000000 0.078400 0.100000 0.091200 0.100000 0.100000 0.100000 0.100000 0.099200 0.008600 -0.000000 0.088200 0.100000 0.100000 0.100000 0.100000 0.100000 0.093200 0.100000 0.099200 0.100000 0.100000 0.100000 0.088400 0.039400 0.097600 0.100000 0.100000 0.100000 0.100000 0.072600 
13
0.100000 0.075800 0.093200 0.089600 0.100000 0.100000 0.094000 0.100000 0.077400 0.006600 -0.000000 0.087400 0.067600 0.057200 0.100000 0.100000 0.099000 0.100000 0.096600 0.010000 -0.000000 0.088600 0.028800 0.058800 0.099200 0.100000 0.100000 0.100000 0.099400 0.022400 -0.000000 0.078200 0.098600 0.088000 0.099800 0.100000 0.100000 0.100000 0.095800 0.008600 -0.000000 0.087600 0.100000 0.100000 0.100000 0.100000 0.100000 0.093400 0.100000 0.100000 0.100000 0.100000 0.100000 0.088200 0.039200 0.098000 0.100000 0.100000 0.100000 0.100000 0.073800 
14
0.100000 0.075600 0.092600 0.085600 0.100000 0.100000 0.095600 0.100000 0.077600 0.006800 -0.000000 0.087200 0.058800 0.057200 0.100000 0.100000 0.098000 0.100000 0.096800 0.010000 -0.000000 0.088400 0.029000 0.058800 0.099200 0.100000 0.100000 0.100000 0.098400 0.022400 -0.000000 0.078200 0.098600 0.087600 0.098400 0.100000 0.100000 0.100000 0.095800 0.008600 -0.000000 0.087600 0.100000 0.100000 0.100000 0.100000 0.100000 0.091200 0.100000 0.099400 0.100000 0.100000 0.100000 0.092800 0.039400 0.096800 0.100000 0.100000 0.100000 0.100000 0.074800 
15
0.100000 0.075600 0.092600 0.084400 0.100000 0.100000 0.094600 0.100000 0.077600 0.006800 -0.000000 0.087000 0.059000 0.057200 0.100000 0.100000 0.099000 0.100000 0.096400 0.010000 -0.000000 0.088400 0.029000 0.058800 0.099200 0.100000 0.100000 0.100000 0.099000 0.022400 -0.000000 0.078000 0.098600 0.087600 0.098400 0.100000 0.100000 0.100000 0.095800 0.008600 -0.000000 0.087600 0.100000 0.100000 0.100000 0.100000 0.100000 0.098800 0.100000 0.100000 0.100000 0.100000 0.100000 0.088200 0.039200 0.097000 0.100000 0.100000 0.100000 0.100000 0.073000 
16
0.100000 0.076200 0.093400 0.091200 0.100000 0.100000 0.100000 0.100000 0.069800 0.010000 -0.000000 0.087600 0.097000 0.059400 0.100000 0.100000 0.098000 0.100000 0.100000 0.019400 -0.000000 0.085800 0.100000 0.064400 0.100000 0.100000 0.100000 0.100000 0.098200 0.020000 -0.000000 0.078800 0.057600 0.058800 0.100000 0.100000 0.099200 0.100000 0.100000 0.017400 -0.000000 0.084600 0.100000 0.100000 0.100000 0.071600 0.038800 0.100000 0.100000 0.096600 0.100000 0.100000 0.100000 0.100000 0.091200 0.095400 0.100000 0.100000 0.100000 0.100000 0.100000 
17
0.100000 0.075800 0.093400 0.091400 0.100000 0.100000 0.100000 0.100000 0.074200 0.006600 -0.000000 0.087400 0.097600 0.059200 0.100000 0.100000 0.098000 0.100000 0.100000 0.019400 -0.000000 0.077200 0.100000 0.064400 0.100000 0.100000 0.100000 0.100000 0.097600 0.016800 -0.000000 0.078800 0.057200 0.058800 0.100000 0.100000 0.099800 0.100000 0.100000 0.017200 -0.000000 0.084800 0.100000 0.100000 0.100000 0.067000 0.038800 0.100000 0.100000 0.096000 0.100000 0.100000 0.100000 0.100000 0.097000 0.095200 0.100000 0.100000 0.100000 0.100000 0.100000 
18
0.100000 0.075600 0.093600 0.086600 0.100000 0.100000 0.100000 0.100000 0.071600 0.006800 -0.000000 0.087200 0.089200 0.059400 0.100000 0.100000 0.095800 0.100000 0.100000 0.019600 -0.000000 0.077000 0.100000 0.064600 0.100000 0.100000 0.100000 0.100000 0.098600 0.016800 -0.000000 0.078600 0.057400 0.058800 0.100000 0.100000 0.099400 0.100000 0.100000 0.013600 -0.000000 0.083400 0.100000 0.100000 0.100000 0.069200 0.038800 0.100000 0.100000 0.094000 0.100000 0.100000 0.100000 0.100000 0.087400 0.096000 0.100000 0.100000 0.100000 0.100000 0.100000 
19
0.100000 0.075600 0.092800 0.086600 0.100000 0.100000 0.100000 0.100000 0.074200 0.006600 -0.000000 0.087400 0.088600 0.059200 0.100000 0.100000 0.094600 0.100000 0.100000 0.021200 -0.000000 0.077000 0.100000 0.059800 0.100000 0.100000 0.100000 0.100000 0.100000 0.018800 -0.000000 0.078600 0.048000 0.058800 0.100000 0.100000 0.098600 0.100000 0.100000 0.013800 -0.000000 0.083400 0.100000 0.100000 0.100000 0.069400 0.038800 0.100000 0.100000 0.095800 0.100000 0.100000 0.100000 0.100000 0.087600 0.094600 0.100000 0.100000 0.100000 0.100000 0.100000 
20
0.100000 0.076200 0.093400 0.083600 0.095400 0.100000 0.097200 0.100000 0.100000 0.013000 -0.000000 0.087600 0.059600 0.058800 0.100000 0.100000 0.098800 0.100000 0.100000 0.036200 -0.000000 0.073200 0.092600 0.055200 0.097800 0.100000 0.100000 0.100000 0.100000 0.021600 -0.000000 0.078600 0.100000 0.068800 0.097200 0.100000 0.097600 0.100000 0.100000 0.018800 -0.000000 0.087800 0.100000 0.100000 0.100000 0.100000 0.082200 0.093800 0.100000 0.098400 0.100000 0.100000 0.098400 0.074200 0.039400 0.097000 0.100000 0.100000 0.100000 0.100000 0.081400 
21
0.100000 0.075800 0.093400 0.085600 0.095600 0.100000 0.097200 0.100000 0.100000 0.009800 -0.000000 0.087200 0.059600 0.058600 0.100000 0.100000 0.097600 0.100000 0.100000 0.032600 -0.000000 0.072800 0.092600 0.055200 0.098000 0.100000 0.100000 0.100000 0.095400 0.016800 -0.000000 0.078400 0.100000 0.068800 0.097400 0.100000 0.095400 0.100000 0.100000 0.019000 -0.000000 0.088000 0.100000 0.100000 0.100000 0.100000 0.082000 0.094400 0.100000 0.100000 0.100000 0.100000 0.099000 0.074200 0.039400 0.096200 0.100000 0.100000 0.100000 0.100000 0.081400 
22
0.100000 0.075600 0.093600 0.081400 0.095400 0.100000 0.097200 0.100000 0.100000 0.009800 -0.000000 0.087000 0.059600 0.058600 0.100000 0.100000 0.097400 0.100000 0.100000 0.032600 -0.000000 0.072600 0.092600 0.056800 0.098000 0.100000 0.100000 0.100000 0.095600 0.016800 -0.000000 0.078400 0.100000 0.066200 0.097400 0.100000 0.094800 0.100000 0.100000 0.019000 -0.000000 0.087800 0.100000 0.100000 0.100000 0.100000 0.087400 0.094400 0.100000 0.099400 0.100000 0.100000 0.100000 0.081400 0.039200 0.096000 0.100000 0.100000 0.100000 0.100000 0.077600 
23
0.100000 0.075600 0.092800 0.077400 0.095400 0.100000 0.096800 0.100000 0.099400 0.006800 -0.000000 0.087000 0.059600 0.058600 0.100000 0.100000 0.097400 0.100000 0.100000 0.032600 -0.000000 0.073200 0.087800 0.051400 0.093600 0.100000 0.100000 0.100000 0.100000 0.017400 -0.000000 0.078200 0.100000 0.063400 0.096000 0.100000 0.095000 0.100000 0.100000 0.015200 -0.000000 0.087800 0.100000 0.100000 0.100000 0.100000 0.082400 0.094200 0.100000 0.100000 0.100000 0.100000 0.100000 0.081000 0.039400 0.093000 0.100000 0.100000 0.100000 0.100000 0.078800 
24
0.100000 0.076200 0.093400 0.086000 0.095400 0.100000 0.095600 0.100000 0.100000 0.011200 -0.000000 0.082000 0.100000 0.066000 0.100000 0.100000 0.096800 0.100000 0.100000 0.029800 -0.000000 0.088800 0.066400 0.057800 0.099800 0.100000 0.098200 0.100000 0.100000 0.012200 -0.000000 0.072400 0.091400 0.089000 0.096800 0.100000 0.097600 0.100000 0.100000 0.016800 -0.000000 0.089600 0.100000 0.100000 0.100000 0.100000 0.083800 0.095800 0.100000 0.100000 0.100000 0.100000 0.100000 0.100000 0.036400 0.095000 0.100000 0.100000 0.098000 0.100000 0.082800 
25
0.100000 0.075800 0.093400 0.086000 0.095600 0.100000 0.095600 0.100000 0.100000 0.012000 -0.000000 0.080800 0.100000 0.065800 0.100000 0.100000 0.098000 0.100000 0.100000 0.029600 -0.000000 0.088800 0.066200 0.057800 0.099400 0.100000 0.098800 0.100000 0.100000 0.012200 -0.000000 0.067800 0.091200 0.083400 0.096600 0.100000 0.098600 0.100000 0.100000 0.016600 -0.000000 0.089600 0.100000 0.100000 0.100000 0.100000 0.088400 0.095600 0.100000 0.100000 0.100000 0.100000 0.100000 0.100000 0.036200 0.095200 0.100000 0.100000 0.097600 0.100000 0.082800 
26
0.100000 0.075600 0.093600 0.081200 0.095200 0.100000 0.096400 0.100000 0.100000 0.010200 -0.000000 0.081000 0.100000 0.072400 0.100000 0.100000 0.098000 0.100000 0.100000 0.026000 -0.000000 0.088600 0.057600 0.057800 0.099400 0.100000 0.098800 0.100000 0.100000 0.012200 -0.000000 0.067000 0.091200 0.083200 0.096800 0.100000 0.095600 0.100000 0.100000 0.013000 -0.000000 0.089600 0.100000 0.100000 0.100000 0.100000 0.091800 0.095600 0.100000 0.100000 0.100000 0.100000 0.100000 0.100000 0.027000 0.094800 0.100000 0.100000 0.097400 0.100000 0.082800 
27
0.100000 0.075600 0.092800 0.077800 0.095200 0.100000 0.093600 0.100000 0.100000 0.006600 -0.000000 0.080800 0.100000 0.062400 0.093200 0.100000 0.096200 0.100000 0.100000 0.026000 -0.000000 0.088600 0.057400 0.057800 0.099400 0.100000 0.097200 0.100000 0.100000 0.008600 -0.000000 0.071800 0.091200 0.080200 0.096400 0.100000 0.095600 0.100000 0.100000 0.013000 -0.000000 0.089800 0.100000 0.100000 0.100000 0.100000 0.088200 0.095600 0.100000 0.100000 0.100000 0.100000 0.099400 0.100000 0.026800 0.091800 0.100000 0.100000 0.097400 0.100000 0.079200 
28
0.100000 0.076200 0.093400 0.086000 0.098600 0.100000 0.097800 0.100000 0.080200 0.010000 -0.000000 0.087400 0.067800 0.051400 0.100000 0.100000 0.100000 0.100000 0.096600 0.013400 -0.000000 0.088600 0.100000 0.074800 0.100000 0.100000 0.100000 0.100000 0.098400 0.022400 -0.000000 0.062800 0.091400 0.083200 0.100000 0.100000 0.096200 0.100000 0.100000 0.017600 -0.000000 0.087800 0.100000 0.100000 0.100000 0.100000 0.080400 0.094400 0.100000 0.099400 0.100000 0.100000 0.100000 0.091400 0.039200 0.087400 0.100000 0.100000 0.100000 0.100000 0.060400 
29
0.100000 0.075800 0.093400 0.085800 0.098600 0.100000 0.097200 0.100000 0.078400 0.006800 -0.000000 0.087000 0.059200 0.050400 0.100000 0.100000 0.100000 0.100000 0.095800 0.010000 -0.000000 0.088600 0.100000 0.074600 0.100000 0.100000 0.100000 0.100000 0.095200 0.020400 -0.000000 0.063000 0.091200 0.083400 0.100000 0.100000 0.091600 0.100000 0.100000 0.014000 -0.000000 0.088000 0.100000 0.100000 0.100000 0.100000 0.077400 0.094400 0.100000 0.097800 0.100000 0.100000 0.100000 0.091400 0.039200 0.087200 0.100000 0.100000 0.100000 0.100000 0.057000 
30
0.100000 0.075600 0.093600 0.081200 0.098600 0.100000 0.097400 0.100000 0.080200 0.006600 -0.000000 0.087200 0.059000 0.049000 0.100000 0.100000 0.100000 0.100000 0.096200 0.010000 -0.000000 0.088400 0.100000 0.074800 0.100000 0.100000 0.100000 0.100000 0.096800 0.020600 -0.000000 0.062600 0.091200 0.083400 0.100000 0.100000 0.091600 0.100000 0.100000 0.014000 -0.000000 0.086800 0.100000 0.100000 0.100000 0.100000 0.087200 0.093600 0.100000 0.098000 0.100000 0.100000 0.100000 0.088000 0.039200 0.092600 0.100000 0.100000 0.100000 0.100000 0.061600 
31
0.100000 0.075600 0.092800 0.077800 0.098600 0.100000 0.098000 0.100000 0.078400 0.006800 -0.000000 0.087000 0.059000 0.050800 0.100000 0.100000 0.100000 0.100000 0.096200 0.010000 -0.000000 0.088200 0.100000 0.071200 0.100000 0.100000 0.100000 0.100000 0.096800 0.020600 -0.000000 0.062000 0.091200 0.080000 0.100000 0.100000 0.091600 0.100000 0.100000 0.014000 -0.000000 0.087000 0.100000 0.100000 0.100000 0.100000 0.075600 0.093600 0.100000 0.098000 0.100000 0.100000 0.100000 0.091400 0.034600 0.096800 0.100000 0.100000 0.100000 0.100000 0.055800 
32
0.100000 0.076200 0.094400 0.071200 0.100000 0.100000 0.098200 0.100000 0.100000 0.011400 -0.000000 0.089200 0.056600 0.056000 0.100000 0.100000 0.100000 0.100000 0.092000 0.013400 -0.000000 0.087400 0.096600 0.055000 0.100000 0.100000 0.100000 0.100000 0.100000 0.027600 -0.000000 0.063000 0.091200 0.083400 0.100000 0.100000 0.096200 0.100000 0.097200 0.019400 -0.000000 0.089600 0.100000 0.100000 0.100000 0.063400 0.039400 0.097400 0.100000 0.100000 0.100000 0.100000 0.100000 0.100000 0.076600 0.089800 0.100000 0.100000 0.100000 0.100000 0.059600 
33
0.100000 0.075800 0.091200 0.067600 0.100000 0.100000 0.098200 0.100000 0.100000 0.008000 -0.000000 0.089000 0.056400 0.054800 0.100000 0.100000 0.100000 0.100000 0.093800 0.010000 -0.000000 0.087400 0.096600 0.055000 0.100000 0.100000 0.100000 0.100000 0.100000 0.023800 -0.000000 0.062600 0.091200 0.083400 0.100000 0.100000 0.096200 0.100000 0.094200 0.019400 -0.000000 0.089600 0.100000 0.100000 0.100000 0.063400 0.039200 0.097400 0.100000 0.100000 0.100000 0.100000 0.100000 0.100000 0.076800 0.089600 0.100000 0.100000 0.100000 0.100000 0.056400 
34
0.100000 0.075600 0.093600 0.077000 0.100000 0.100000 0.098400 0.100000 0.100000 0.008000 -0.000000 0.089000 0.056400 0.054800 0.100000 0.100000 0.100000 0.100000 0.090200 0.010000 -0.000000 0.087000 0.096600 0.054800 0.100000 0.100000 0.100000 0.100000 0.097600 0.026400 -0.000000 0.062400 0.091200 0.083200 0.100000 0.100000 0.096200 0.100000 0.090800 0.019600 -0.000000 0.089800 0.100000 0.100000 0.100000 0.063600 0.039400 0.097600 0.100000 0.100000 0.100000 0.100000 0.099600 0.100000 0.067200 0.094200 0.100000 0.100000 0.100000 0.100000 0.057400 
35
0.100000 0.075600 0.093600 0.067000 0.100000 0.100000 0.098600 0.100000 0.097600 0.006800 -0.000000 0.088800 0.056600 0.052200 0.100000 0.100000 0.100000 0.100000 0.087800 0.010000 -0.000000 0.086600 0.096600 0.052200 0.100000 0.100000 0.100000 0.100000 0.098600 0.026400 -0.000000 0.062400 0.091200 0.079800 0.100000 0.100000 0.096200 0.100000 0.090800 0.019600 -0.000000 0.089800 0.100000 0.100000 0.100000 0.060800 0.039200 0.097600 0.100000 0.100000 0.100000 0.100000 0.099600 0.100000 0.067200 0.086600 0.100000 0.100000 0.100000 0.100000 0.055600 
36
0.100000 0.076200 0.092200 0.069400 0.100000 0.100000 0.100000 0.100000 0.074400 0.010000 -0.000000 0.087600 0.077200 0.054800 0.100000 0.100000 0.100000 0.100000 0.100000 0.014400 -0.000000 0.088400 0.100000 0.074800 0.100000 0.100000 0.100000 0.100000 0.084800 0.020000 -0.000000 0.075800 0.096000 0.083800 0.100000 0.100000 0.100000 0.100000 0.098200 0.023000 -0.000000 0.085600 0.100000 0.100000 0.100000 0.100000 0.073800 0.095400 0.100000 0.100000 0.100000 0.100000 0.100000 0.088600 0.039200 0.089200 0.100000 0.100000 0.096000 0.100000 0.081600 
37
0.100000 0.075800 0.093400 0.072000 0.100000 0.100000 0.100000 0.100000 0.075800 0.006800 -0.000000 0.087400 0.069200 0.055000 0.100000 0.100000 0.100000 0.100000 0.100000 0.008800 -0.000000 0.088400 0.100000 0.074600 0.100000 0.100000 0.100000 0.100000 0.086600 0.016600 -0.000000 0.070800 0.096000 0.083800 0.100000 0.100000 0.093000 0.100000 0.098600 0.022800 -0.000000 0.086000 0.100000 0.100000 0.100000 0.100000 0.070600 0.095400 0.100000 0.100000 0.100000 0.100000 0.100000 0.087800 0.039200 0.089200 0.100000 0.100000 0.096000 0.100000 0.081600 
38
0.100000 0.075600 0.093600 0.078600 0.100000 0.100000 0.100000 0.100000 0.073400 0.006600 -0.000000 0.087200 0.069000 0.054800 0.100000 0.100000 0.100000 0.100000 0.100000 0.009200 -0.000000 0.088200 0.100000 0.069800 0.100000 0.100000 0.100000 0.100000 0.082600 0.016600 -0.000000 0.070800 0.096000 0.083800 0.100000 0.100000 0.092800 0.100000 0.098600 0.023400 -0.000000 0.085800 0.100000 0.100000 0.100000 0.100000 0.070800 0.095400 0.100000 0.100000 0.100000 0.100000 0.100000 0.087600 0.039200 0.094600 0.100000 0.100000 0.096000 0.100000 0.077800 
39
0.100000 0.075600 0.093600 0.067200 0.100000 0.100000 0.100000 0.100000 0.072600 0.006600 -0.000000 0.086800 0.069200 0.052000 0.100000 0.100000 0.100000 0.100000 0.100000 0.014200 -0.000000 0.088200 0.100000 0.071200 0.100000 0.100000 0.100000 0.100000 0.080800 0.016600 -0.000000 0.075600 0.096000 0.083800 0.100000 0.100000 0.093000 0.100000 0.098600 0.021600 -0.000000 0.086000 0.100000 0.100000 0.100000 0.100000 0.074600 0.095600 0.100000 0.100000 0.100000 0.100000 0.100000 0.088000 0.034400 0.093000 0.100000 0.098600 0.095400 0.100000 0.077800 
40
0.100000 0.076200 0.092200 0.074800 0.099200 0.100000 0.100000 0.100000 0.100000 0.087800 -0.000000 0.065000 0.100000 0.068000 0.100000 0.100000 0.100000 0.100000 0.097800 0.013400 -0.000000 0.087200 0.087200 0.058200 0.098000 0.100000 0.100000 0.100000 0.082000 0.016600 -0.000000 0.069600 0.091200 0.083400 0.096600 0.100000 0.097000 0.100000 0.100000 0.017000 -0.000000 0.089400 0.100000 0.100000 0.100000 0.061000 0.039000 0.095400 0.100000 0.100000 0.100000 0.100000 0.100000 0.100000 0.086000 0.093000 0.100000 0.100000 0.100000 0.100000 0.051600 
41
0.100000 0.075800 0.093400 0.077400 0.099200 0.100000 0.099800 0.100000 0.100000 0.088800 -0.000000 0.056400 0.100000 0.069000 0.100000 0.100000 0.100000 0.100000 0.098000 0.010200 -0.000000 0.086800 0.087200 0.058200 0.098000 0.100000 0.100000 0.100000 0.081200 0.016800 -0.000000 0.063800 0.091200 0.083400 0.096800 0.100000 0.096800 0.100000 0.100000 0.013400 -0.000000 0.089400 0.100000 0.100000 0.100000 0.060800 0.039200 0.095400 0.100000 0.100000 0.100000 0.100000 0.100000 0.100000 0.080600 0.094600 0.100000 0.100000 0.100000 0.100000 0.052200 
42
0.100000 0.075600 0.093600 0.081800 0.100000 0.100000 0.098600 0.100000 0.100000 0.088800 -0.000000 0.055200 0.100000 0.070800 0.100000 0.100000 0.100000 0.100000 0.098000 0.010000 -0.000000 0.087000 0.087200 0.058200 0.093600 0.100000 0.100000 0.100000 0.084800 0.016800 -0.000000 0.063800 0.091200 0.083200 0.096400 0.100000 0.097400 0.100000 0.100000 0.013400 -0.000000 0.089400 0.100000 0.100000 0.100000 0.061000 0.039000 0.095600 0.100000 0.100000 0.100000 0.100000 0.100000 0.100000 0.080600 0.095400 0.100000 0.100000 0.100000 0.100000 0.052400 
43
0.100000 0.075600 0.093600 0.074000 0.099200 0.100000 0.098800 0.100000 0.100000 0.083600 -0.000000 0.054400 0.100000 0.064800 0.100000 0.100000 0.100000 0.100000 0.097800 0.010000 -0.000000 0.087200 0.086800 0.055400 0.093400 0.100000 0.100000 0.100000 0.081200 0.016800 -0.000000 0.067400 0.091200 0.080800 0.096600 0.100000 0.097400 0.100000 0.100000 0.013400 -0.000000 0.089200 0.100000 0.100000 0.100000 0.058800 0.039200 0.095600 0.100000 0.100000 0.100000 0.100000 0.100000 0.100000 0.080600 0.092000 0.100000 0.100000 0.100000 0.100000 0.052800 
44
0.100000 0.076200 0.092200 0.074800 0.100000 0.100000 0.097400 0.100000 0.079600 0.010000 -0.000000 0.076200 0.100000 0.070400 0.100000 0.100000 0.095200 0.100000 0.100000 0.026800 -0.000000 0.087400 0.077600 0.058000 0.097200 0.100000 0.100000 0.100000 0.100000 0.017400 -0.000000 0.079200 0.100000 0.071400 0.100000 0.100000 0.097800 0.100000 0.087800 0.036400 -0.000000 0.087600 0.100000 0.100000 0.100000 0.100000 0.096600 0.097000 0.100000 0.096000 0.100000 0.100000 0.100000 0.100000 0.088800 0.093800 0.100000 0.100000 0.100000 0.100000 0.050400 
45
0.100000 0.075800 0.093400 0.077400 0.100000 0.100000 0.096000 0.100000 0.079200 0.006600 -0.000000 0.074400 0.100000 0.070400 0.100000 0.100000 0.094800 0.100000 0.100000 0.027000 -0.000000 0.087200 0.077400 0.058000 0.097000 0.100000 0.100000 0.100000 0.100000 0.017400 -0.000000 0.079000 0.100000 0.071200 0.100000 0.100000 0.096400 0.100000 0.088000 0.036400 -0.000000 0.086600 0.100000 0.100000 0.100000 0.100000 0.088600 0.097000 0.100000 0.096800 0.100000 0.100000 0.100000 0.100000 0.094600 0.093800 0.100000 0.100000 0.100000 0.100000 0.050400 
46
0.100000 0.075600 0.093600 0.081800 0.100000 0.100000 0.097200 0.100000 0.079200 0.006800 -0.000000 0.070400 0.100000 0.070400 0.100000 0.100000 0.095000 0.100000 0.100000 0.026800 -0.000000 0.087200 0.077600 0.058000 0.098400 0.100000 0.100000 0.100000 0.100000 0.017200 -0.000000 0.079000 0.100000 0.061800 0.100000 0.100000 0.096800 0.100000 0.084200 0.036400 -0.000000 0.086600 0.100000 0.100000 0.100000 0.100000 0.096800 0.097000 0.100000 0.096800 0.100000 0.100000 0.100000 0.100000 0.085200 0.094600 0.100000 0.100000 0.100000 0.100000 0.052000 
47
0.100000 0.075600 0.093600 0.074000 0.100000 0.100000 0.095400 0.100000 0.079000 0.006800 -0.000000 0.069400 0.100000 0.067000 0.100000 0.100000 0.087600 0.100000 0.100000 0.023200 -0.000000 0.087200 0.077400 0.058000 0.095600 0.100000 0.100000 0.100000 0.100000 0.014000 -0.000000 0.078800 0.100000 0.059400 0.100000 0.100000 0.097400 0.100000 0.084200 0.036400 -0.000000 0.086600 0.100000 0.100000 0.100000 0.100000 0.096800 0.097000 0.100000 0.095400 0.100000 0.100000 0.100000 0.100000 0.085200 0.095200 0.100000 0.100000 0.100000 0.100000 0.050800 
48
0.100000 0.076200 0.094200 0.080200 0.100000 0.100000 0.098200 0.100000 0.100000 0.010000 -0.000000 0.070000 0.100000 0.070600 0.100000 0.100000 0.100000 0.100000 0.097400 0.013400 -0.000000 0.087200 0.068000 0.059600 0.100000 0.100000 0.100000 0.100000 0.087000 0.016600 -0.000000 0.078800 0.038600 0.052000 0.100000 0.100000 0.100000 0.100000 0.100000 0.020800 -0.000000 0.085600 0.100000 0.100000 0.100000 0.084800 0.039600 0.099000 0.100000 0.100000 0.100000 0.100000 0.100000 0.080000 0.039200 0.089200 0.100000 0.100000 0.100000 0.100000 0.069200 
49
0.100000 0.075800 0.093600 0.075200 0.100000 0.100000 0.098400 0.100000 0.100000 0.006600 -0.000000 0.069800 0.100000 0.070400 0.100000 0.100000 0.100000 0.100000 0.092200 0.010000 -0.000000 0.086800 0.068200 0.059600 0.100000 0.100000 0.100000 0.100000 0.086400 0.016800 -0.000000 0.078600 0.038400 0.051600 0.100000 0.100000 0.100000 0.100000 0.100000 0.023400 -0.000000 0.084800 0.100000 0.100000 0.100000 0.075600 0.039600 0.099000 0.100000 0.100000 0.100000 0.100000 0.100000 0.077000 0.039200 0.089000 0.100000 0.100000 0.100000 0.100000 0.069800 
50
0.100000 0.075600 0.093800 0.081400 0.100000 0.100000 0.097400 0.100000 0.096200 0.006800 -0.000000 0.069600 0.100000 0.070400 0.100000 0.100000 0.100000 0.100000 0.091800 0.010000 -0.000000 0.086800 0.062200 0.059400 0.100000 0.100000 0.100000 0.100000 0.086800 0.016800 -0.000000 0.078400 0.029200 0.056200 0.100000 0.100000 0.100000 0.100000 0.099200 0.019600 -0.000000 0.084800 0.100000 0.100000 0.100000 0.075600 0.039600 0.098800 0.100000 0.100000 0.100000 0.100000 0.100000 0.076400 0.039200 0.096600 0.100000 0.100000 0.100000 0.100000 0.069800 
51
0.100000 0.075600 0.093800 0.072000 0.100000 0.100000 0.096200 0.100000 0.096400 0.006600 -0.000000 0.069600 0.100000 0.067200 0.100000 0.100000 0.100000 0.100000 0.091800 0.010000 -0.000000 0.086600 0.062200 0.057000 0.100000 0.100000 0.100000 0.100000 0.087000 0.016600 -0.000000 0.078600 0.029200 0.048000 0.100000 0.100000 0.100000 0.100000 0.100000 0.023200 -0.000000 0.084800 0.100000 0.100000 0.100000 0.075600 0.039600 0.098800 0.100000 0.100000 0.100000 0.100000 0.100000 0.078600 0.034600 0.096400 0.100000 0.100000 0.100000 0.100000 0.068000 
52
0.100000 0.076200 0.094200 0.080000 0.098600 0.100000 0.099600 0.100000 0.094800 0.010000 -0.000000 0.088800 0.100000 0.082400 0.100000 0.100000 0.100000 0.100000 0.097000 0.013400 -0.000000 0.078400 0.088000 0.059600 0.099600 0.100000 0.100000 0.100000 0.100000 0.084000 -0.000000 0.078600 0.100000 0.063000 0.100000 0.100000 0.100000 0.100000 0.100000 0.080400 -0.000000 0.089200 0.100000 0.100000 0.100000 0.100000 0.088200 0.096000 0.100000 0.100000 0.100000 0.100000 0.100000 0.100000 0.077600 0.095200 0.100000 0.100000 0.100000 0.100000 0.061200 
53
0.100000 0.075800 0.093600 0.075000 0.098600 0.100000 0.099600 0.100000 0.097800 0.006600 -0.000000 0.088800 0.100000 0.082000 0.100000 0.100000 0.100000 0.100000 0.097400 0.010000 -0.000000 0.077000 0.088000 0.059600 0.100000 0.100000 0.100000 0.100000 0.100000 0.084200 -0.000000 0.078400 0.100000 0.058000 0.100000 0.100000 0.100000 0.100000 0.100000 0.078200 -0.000000 0.089200 0.100000 0.100000 0.100000 0.100000 0.095000 0.096000 0.100000 0.100000 0.100000 0.100000 0.100000 0.100000 0.077200 0.095200 0.100000 0.100000 0.100000 0.100000 0.061000 
54
0.100000 0.075600 0.093800 0.077400 0.098600 0.100000 0.099400 0.100000 0.098000 0.006600 -0.000000 0.088800 0.100000 0.088400 0.100000 0.100000 0.100000 0.100000 0.097200 0.010000 -0.000000 0.077000 0.092600 0.059600 0.100000 0.100000 0.100000 0.100000 0.100000 0.083800 -0.000000 0.078400 0.100000 0.065600 0.100000 0.100000 0.100000 0.100000 0.100000 0.082600 -0.000000 0.089200 0.100000 0.100000 0.100000 0.100000 0.087800 0.096000 0.100000 0.100000 0.100000 0.100000 0.100000 0.100000 0.077200 0.095000 0.100000 0.100000 0.100000 0.100000 0.060800 
55
0.100000 0.075600 0.093800 0.071600 0.098400 0.100000 0.097400 0.100000 0.098000 0.006600 -0.000000 0.088600 0.100000 0.079800 0.100000 0.100000 0.099800 0.100000 0.097800 0.010000 -0.000000 0.077000 0.092600 0.059000 0.099800 0.100000 0.100000 0.100000 0.100000 0.088000 -0.000000 0.078200 0.100000 0.065600 0.100000 0.100000 0.100000 0.100000 0.100000 0.077400 -0.000000 0.089400 0.100000 0.100000 0.100000 0.100000 0.087800 0.096000 0.100000 0.100000 0.100000 0.100000 0.100000 0.100000 0.077200 0.094800 0.100000 0.100000 0.100000 0.100000 0.061000 
56
0.100000 0.076200 0.094200 0.086600 0.100000 0.100000 0.100000 0.100000 0.075400 0.010000 -0.000000 0.070000 0.100000 0.070400 0.100000 0.100000 0.094600 0.100000 0.100000 0.032000 -0.000000 0.088400 0.100000 0.080600 0.100000 0.100000 0.100000 0.100000 0.086000 0.016600 -0.000000 0.065800 0.091200 0.084000 0.100000 0.100000 0.098200 0.100000 0.093400 0.019200 -0.000000 0.083800 0.100000 0.100000 0.100000 0.100000 0.075000 0.097200 0.100000 0.099200 0.100000 0.100000 0.100000 0.076000 0.039400 0.092000 0.100000 0.100000 0.097800 0.100000 0.081600 
57
0.100000 0.075800 0.093600 0.081800 0.100000 0.099000 0.095600 0.100000 0.069200 0.006600 -0.000000 0.069800 0.100000 0.070400 0.098200 0.100000 0.096400 0.100000 0.100000 0.032200 -0.000000 0.088400 0.100000 0.089600 0.100000 0.100000 0.100000 0.100000 0.081000 0.016800 -0.000000 0.065200 0.091400 0.084000 0.100000 0.100000 0.098800 0.100000 0.094600 0.019200 -0.000000 0.083200 0.100000 0.100000 0.100000 0.100000 0.085400 0.097200 0.100000 0.100000 0.100000 0.100000 0.100000 0.076400 0.039200 0.094200 0.100000 0.100000 0.098400 0.100000 0.078000 
58
0.100000 0.075600 0.093800 0.081800 0.100000 0.099400 0.095400 0.100000 0.068600 0.006600 -0.000000 0.069600 0.100000 0.070400 0.098200 0.100000 0.096400 0.100000 0.100000 0.032200 -0.000000 0.088200 0.100000 0.089400 0.100000 0.100000 0.100000 0.100000 0.083800 0.016600 -0.000000 0.069400 0.091200 0.084200 0.100000 0.100000 0.099400 0.100000 0.089600 0.019600 -0.000000 0.083000 0.100000 0.100000 0.100000 0.100000 0.074000 0.097200 0.100000 0.098400 0.100000 0.100000 0.100000 0.076400 0.039200 0.097000 0.100000 0.100000 0.098600 0.100000 0.078000 
59
0.100000 0.075600 0.093800 0.078800 0.100000 0.098800 0.095400 0.100000 0.068600 0.006600 -0.000000 0.068800 0.100000 0.067000 0.098000 0.100000 0.096400 0.100000 0.100000 0.028400 -0.000000 0.088200 0.100000 0.082200 0.100000 0.100000 0.100000 0.100000 0.080600 0.016600 -0.000000 0.069000 0.091400 0.080600 0.100000 0.100000 0.097600 0.100000 0.089800 0.019600 -0.000000 0.083000 0.100000 0.100000 0.100000 0.100000 0.074000 0.097200 0.100000 0.098400 0.100000 0.100000 0.100000 0.075600 0.034400 0.088600 0.100000 0.100000 0.098000 0.100000 0.078000 
60
0.100000 0.076200 0.094200 0.086600 0.100000 0.100000 0.100000 0.100000 0.076400 0.010000 -0.000000 0.088800 0.100000 0.073400 0.100000 0.100000 0.100000 0.100000 0.091200 0.013400 -0.000000 0.087200 0.096800 0.055400 0.093200 0.100000 0.098200 0.100000 0.100000 0.015400 -0.000000 0.078800 0.067000 0.052200 0.095400 0.100000 0.100000 0.100000 0.095800 0.019200 -0.000000 0.087400 0.100000 0.100000 0.100000 0.100000 0.100000 0.088000 0.100000 0.098000 0.100000 0.100000 0.100000 0.090600 0.039200 0.090200 0.100000 0.100000 0.100000 0.100000 0.089200 
61
0.100000 0.075800 0.093600 0.081800 0.100000 0.100000 0.100000 0.100000 0.075200 0.006600 -0.000000 0.080200 0.100000 0.077000 0.100000 0.100000 0.100000 0.100000 0.091800 0.010000 -0.000000 0.086800 0.096800 0.055600 0.093000 0.100000 0.099000 0.100000 0.100000 0.015400 -0.000000 0.078800 0.066600 0.052200 0.098800 0.100000 0.100000 0.100000 0.095800 0.019200 -0.000000 0.086400 0.100000 0.100000 0.100000 0.100000 0.100000 0.088000 0.100000 0.099200 0.100000 0.100000 0.100000 0.090800 0.039200 0.090000 0.100000 0.100000 0.100000 0.100000 0.089200 
62
0.100000 0.075600 0.093800 0.081800 0.100000 0.100000 0.100000 0.100000 0.074200 0.006800 -0.000000 0.080000 0.100000 0.072200 0.100000 0.100000 0.100000 0.100000 0.091600 0.010000 -0.000000 0.086800 0.096800 0.059000 0.092800 0.100000 0.096200 0.100000 0.100000 0.015200 -0.000000 0.078800 0.066800 0.054400 0.098600 0.100000 0.100000 0.100000 0.095200 0.019600 -0.000000 0.086600 0.100000 0.100000 0.100000 0.100000 0.100000 0.096400 0.100000 0.099200 0.100000 0.100000 0.100000 0.090800 0.039200 0.092200 0.100000 0.100000 0.100000 0.100000 0.085800 
63
0.100000 0.075600 0.093800 0.079200 0.100000 0.100000 0.100000 0.100000 0.070000 0.006800 -0.000000 0.080000 0.100000 0.069000 0.100000 0.100000 0.100000 0.100000 0.092000 0.010000 -0.000000 0.086800 0.096600 0.053200 0.092800 0.100000 0.096200 0.100000 0.100000 0.011600 -0.000000 0.078600 0.057400 0.048800 0.098600 0.100000 0.100000 0.100000 0.094400 0.019800 -0.000000 0.086400 0.100000 0.100000 0.100000 0.100000 0.100000 0.086000 0.100000 0.096200 0.100000 0.100000 0.100000 0.090000 0.034600 0.086800 0.100000 0.100000 0.100000 0.100000 0.086400 
64
0.100000 0.076000 0.091200 0.085800 0.098600 0.100000 0.097600 0.100000 0.080200 0.010000 -0.000000 0.087800 0.086400 0.054800 0.100000 0.100000 0.100000 0.100000 0.093800 0.013400 -0.000000 0.087400 0.100000 0.063000 0.100000 0.100000 0.099600 0.100000 0.100000 0.012600 -0.000000 0.077800 0.100000 0.057200 0.100000 0.100000 0.096200 0.100000 0.096600 0.019200 -0.000000 0.085400 0.100000 0.100000 0.100000 0.100000 0.096000 0.095600 0.100000 0.100000 0.100000 0.100000 0.100000 0.100000 0.002400 0.095200 0.100000 0.100000 0.099200 0.100000 0.081200 
65
0.100000 0.076000 0.091200 0.085800 0.098600 0.100000 0.096800 0.100000 0.080200 0.006800 -0.000000 0.087400 0.086400 0.054800 0.100000 0.100000 0.100000 0.100000 0.095400 0.010000 -0.000000 0.087200 0.100000 0.062600 0.100000 0.100000 0.100000 0.100000 0.100000 0.013200 -0.000000 0.077600 0.100000 0.057200 0.100000 0.100000 0.096200 0.100000 0.091600 0.019200 -0.000000 0.084400 0.100000 0.100000 0.100000 0.100000 0.091200 0.095400 0.100000 0.100000 0.100000 0.100000 0.100000 0.092600 -0.000000 0.094800 0.100000 0.100000 0.098800 0.100000 0.081200 
66
0.100000 0.076000 0.091000 0.081000 0.098600 0.100000 0.096600 0.100000 0.076800 0.006600 -0.000000 0.087600 0.077800 0.056400 0.100000 0.100000 0.100000 0.100000 0.090800 0.010000 -0.000000 0.087200 0.100000 0.066000 0.100000 0.100000 0.100000 0.100000 0.100000 0.012800 -0.000000 0.077400 0.100000 0.059800 0.100000 0.100000 0.093400 0.100000 0.091600 0.019600 -0.000000 0.084400 0.100000 0.100000 0.100000 0.100000 0.091000 0.095400 0.100000 0.100000 0.100000 0.100000 0.100000 0.092800 -0.000000 0.095000 0.100000 0.100000 0.097800 0.100000 0.077600 
67
0.100000 0.076000 0.091000 0.077800 0.098600 0.100000 0.096600 0.100000 0.078600 0.006600 -0.000000 0.087000 0.077800 0.051600 0.100000 0.100000 0.100000 0.100000 0.089600 0.010000 -0.000000 0.087000 0.100000 0.058800 0.100000 0.100000 0.098800 0.100000 0.100000 0.008800 -0.000000 0.077000 0.096400 0.048000 0.100000 0.100000 0.094600 0.100000 0.091400 0.019800 -0.000000 0.085200 0.100000 0.100000 0.100000 0.100000 0.085800 0.095200 0.100000 0.100000 0.100000 0.100000 0.100000 0.092600 -0.000000 0.095000 0.100000 0.100000 0.098800 0.100000 0.077400 
68
0.100000 0.076000 0.091200 0.085800 0.098600 0.100000 0.097400 0.100000 0.100000 0.007000 -0.000000 0.089000 0.084800 0.050200 0.100000 0.100000 0.097000 0.100000 0.096600 0.013400 -0.000000 0.073000 0.087800 0.053000 0.099400 0.100000 0.097400 0.100000 0.100000 0.016800 -0.000000 0.078800 0.100000 0.064000 0.095400 0.100000 0.100000 0.100000 0.098600 0.036200 -0.000000 0.087000 0.100000 0.100000 0.100000 0.100000 0.088600 0.094000 0.100000 0.100000 0.100000 0.100000 0.100000 0.100000 0.020600 0.091600 0.100000 0.100000 0.100000 0.100000 0.070600 
69
0.100000 0.076000 0.091200 0.085800 0.098600 0.100000 0.097400 0.100000 0.100000 0.007000 -0.000000 0.089200 0.075200 0.050200 0.100000 0.100000 0.097000 0.100000 0.096200 0.010000 -0.000000 0.072800 0.092600 0.052400 0.098600 0.100000 0.098200 0.100000 0.100000 0.016800 -0.000000 0.078800 0.100000 0.063800 0.098800 0.100000 0.100000 0.100000 0.097600 0.036200 -0.000000 0.086000 0.100000 0.100000 0.100000 0.100000 0.088600 0.093600 0.100000 0.100000 0.100000 0.100000 0.100000 0.100000 0.021000 0.093600 0.100000 0.100000 0.100000 0.100000 0.068800 
70
0.100000 0.076000 0.091000 0.081000 0.098600 0.100000 0.096200 0.100000 0.100000 0.007200 -0.000000 0.089000 0.075400 0.053400 0.100000 0.100000 0.097800 0.100000 0.096000 0.010200 -0.000000 0.072400 0.092600 0.059000 0.098800 0.100000 0.097200 0.100000 0.100000 0.016800 -0.000000 0.079000 0.100000 0.060800 0.098600 0.100000 0.100000 0.100000 0.098600 0.036200 -0.000000 0.086000 0.100000 0.100000 0.100000 0.100000 0.088600 0.093200 0.100000 0.100000 0.100000 0.100000 0.100000 0.100000 0.020800 0.094600 0.100000 0.100000 0.100000 0.100000 0.069800 
71
0.100000 0.076000 0.091000 0.077800 0.098400 0.100000 0.095600 0.100000 0.100000 0.003600 -0.000000 0.088800 0.075400 0.047200 0.099800 0.100000 0.098200 0.100000 0.096000 0.010000 -0.000000 0.072800 0.092600 0.049400 0.097600 0.100000 0.098200 0.100000 0.100000 0.013200 -0.000000 0.078800 0.100000 0.051000 0.098600 0.100000 0.100000 0.100000 0.098400 0.036000 -0.000000 0.087200 0.100000 0.100000 0.100000 0.100000 0.093800 0.093200 0.100000 0.100000 0.100000 0.100000 0.100000 0.100000 0.011600 0.088000 0.100000 0.100000 0.100000 0.100000 0.069000 
72
0.100000 0.076000 0.091200 0.085800 0.098600 0.100000 0.099400 0.100000 0.100000 0.015000 -0.000000 0.087400 0.068800 0.055000 0.100000 0.100000 0.100000 0.100000 0.097200 0.013200 -0.000000 0.073200 0.092600 0.053200 0.095800 0.100000 0.100000 0.100000 0.100000 0.022200 -0.000000 0.079000 0.100000 0.059400 0.096200 0.100000 0.098400 0.100000 0.100000 0.016600 -0.000000 0.089800 0.100000 0.100000 0.100000 0.061400 0.039400 0.097200 0.100000 0.096600 0.100000 0.100000 0.100000 0.091200 0.039200 0.090000 0.100000 0.100000 0.100000 0.100000 0.058800 
73
0.100000 0.076000 0.091200 0.085800 0.098600 0.100000 0.099400 0.100000 0.100000 0.011800 -0.000000 0.087200 0.068800 0.054800 0.100000 0.100000 0.100000 0.100000 0.098000 0.010000 -0.000000 0.072800 0.092600 0.053200 0.099000 0.100000 0.100000 0.100000 0.100000 0.023400 -0.000000 0.079000 0.094800 0.054800 0.096200 0.100000 0.095400 0.100000 0.100000 0.013200 -0.000000 0.089600 0.100000 0.100000 0.100000 0.064800 0.039400 0.097200 0.100000 0.094600 0.100000 0.100000 0.099000 0.091000 0.039400 0.089800 0.100000 0.100000 0.100000 0.100000 0.054000 
74
0.100000 0.076000 0.091000 0.081000 0.098600 0.100000 0.097600 0.100000 0.100000 0.011800 -0.000000 0.087200 0.068600 0.055600 0.100000 0.100000 0.100000 0.100000 0.097200 0.010000 -0.000000 0.072600 0.087800 0.057800 0.099000 0.100000 0.100000 0.100000 0.100000 0.021800 -0.000000 0.078800 0.095000 0.054800 0.096200 0.100000 0.095600 0.100000 0.100000 0.013000 -0.000000 0.089800 0.100000 0.100000 0.100000 0.064800 0.039400 0.096800 0.100000 0.094200 0.100000 0.100000 0.100000 0.090600 0.039400 0.097600 0.100000 0.100000 0.100000 0.100000 0.055600 
75
0.100000 0.075800 0.090800 0.077800 0.098400 0.100000 0.097600 0.100000 0.100000 0.008200 -0.000000 0.087200 0.068600 0.052200 0.100000 0.100000 0.100000 0.100000 0.095600 0.010000 -0.000000 0.072000 0.087800 0.050400 0.099000 0.100000 0.100000 0.100000 0.100000 0.021800 -0.000000 0.078600 0.094800 0.052200 0.096200 0.100000 0.095600 0.100000 0.100000 0.013000 -0.000000 0.089800 0.100000 0.100000 0.100000 0.064800 0.039400 0.097000 0.100000 0.094400 0.100000 0.100000 0.100000 0.090400 0.034600 0.097600 0.100000 0.100000 0.100000 0.100000 0.053200 
76
0.100000 0.076000 0.091200 0.087600 0.100000 0.100000 0.098000 0.100000 0.099600 0.010000 -0.000000 0.088800 0.094400 0.054200 0.100000 0.100000 0.096200 0.100000 0.100000 0.033000 -0.000000 0.087400 0.077600 0.054000 0.100000 0.100000 0.100000 0.100000 0.100000 0.011800 -0.000000 0.078600 0.038600 0.054000 0.093400 0.100000 0.095000 0.100000 0.095800 0.019400 -0.000000 0.087400 0.100000 0.100000 0.100000 0.100000 0.085400 0.095400 0.100000 0.100000 0.100000 0.100000 0.100000 0.084000 0.039200 0.093200 0.100000 0.100000 0.100000 0.100000 0.055600 
77
0.100000 0.076000 0.091200 0.087600 0.100000 0.100000 0.097000 0.100000 0.095800 0.006800 -0.000000 0.088800 0.094400 0.054200 0.096600 0.100000 0.098400 0.100000 0.100000 0.033000 -0.000000 0.087000 0.077600 0.054200 0.100000 0.100000 0.100000 0.100000 0.100000 0.011800 -0.000000 0.078400 0.038600 0.054000 0.096800 0.100000 0.095000 0.100000 0.090800 0.019200 -0.000000 0.087600 0.100000 0.100000 0.100000 0.100000 0.076400 0.095400 0.100000 0.100000 0.100000 0.100000 0.100000 0.084200 0.039200 0.093000 0.100000 0.100000 0.100000 0.100000 0.060800 
78
0.100000 0.076000 0.091000 0.083000 0.100000 0.100000 0.098400 0.100000 0.095800 0.006600 -0.000000 0.088800 0.094400 0.056600 0.096600 0.100000 0.095600 0.100000 0.100000 0.029400 -0.000000 0.087000 0.077600 0.053800 0.100000 0.100000 0.100000 0.100000 0.100000 0.011800 -0.000000 0.078400 0.029200 0.054000 0.096600 0.100000 0.096400 0.100000 0.090800 0.019600 -0.000000 0.087600 0.100000 0.100000 0.100000 0.100000 0.076400 0.095400 0.100000 0.100000 0.100000 0.100000 0.100000 0.084000 0.039400 0.099400 0.100000 0.100000 0.100000 0.100000 0.055600 
79
0.100000 0.075800 0.090800 0.079600 0.100000 0.100000 0.097400 0.100000 0.095800 0.006600 -0.000000 0.088800 0.089800 0.050800 0.096600 0.100000 0.095600 0.100000 0.100000 0.029200 -0.000000 0.087000 0.077200 0.050600 0.100000 0.100000 0.100000 0.100000 0.100000 0.012600 -0.000000 0.078400 0.029400 0.050400 0.096600 0.100000 0.096400 0.100000 0.090800 0.019600 -0.000000 0.088800 0.100000 0.100000 0.100000 0.100000 0.075400 0.095400 0.100000 0.100000 0.100000 0.100000 0.100000 0.083400 0.034400 0.090000 0.100000 0.100000 0.100000 0.100000 0.056800 
