task94
0.012000 0.012000 1.001948 1.002014 2.001576 2.001582 3.010715 3.010720 4.014773 4.035969 5.010874 5.125414 
task19
0.022000 0.026188 1.010297 1.016234 2.010285 2.016151 3.020339 3.025823 4.040558 4.055218 5.130874 5.149757 
task16
0.023626 0.025855 1.012093 1.014212 2.011969 2.014140 3.022800 3.025065 4.046097 4.052035 5.141156 5.149198 
task13
0.023626 0.025857 1.012093 1.014214 2.011969 2.014142 3.022800 3.025066 4.046097 4.052037 5.141156 5.149200 
task10
0.023626 0.025857 1.012093 1.014386 2.011969 2.014200 3.022800 3.024958 4.046097 4.052038 5.141156 5.149202 
task0
0.023626 0.025857 1.012093 1.014251 2.011969 2.014220 3.022800 3.024978 4.046097 4.052040 5.141156 5.149203 
task15
0.023626 0.025857 1.012093 1.014286 2.011969 2.014240 3.022800 3.024980 4.046097 4.052042 5.141156 5.149205 
task17
0.027626 0.141483 1.014685 1.252522 2.014291 2.261863 3.025815 3.116809 4.056773 4.293195 5.149391 5.417160 
task2
0.030915 0.131765 1.023128 1.243129 2.020567 2.099302 3.026827 3.026846 4.066333 4.203342 5.161908 5.267383 
task9
0.030915 0.131765 1.023262 1.243308 2.020567 2.099303 3.025970 3.026352 4.066333 4.203343 5.161908 5.263951 
task6
0.030915 0.131765 1.016040 1.016386 2.020567 2.099305 3.026505 3.026829 4.066333 4.203345 5.161908 5.266708 
task3
0.030915 0.131765 1.016465 1.044315 2.020567 2.099306 3.025815 3.025989 4.066333 4.203346 5.161908 5.267385 
task4
0.030915 0.131765 1.016506 1.044343 2.020567 2.099308 3.027588 3.027934 4.066333 4.203057 5.161908 5.263952 
task7
0.030915 0.131765 1.016451 1.044442 2.020567 2.099309 3.027507 3.027878 4.066333 4.203348 5.161908 5.266709 
task5
0.030915 0.131765 1.016845 1.062995 2.020567 2.099311 3.027741 3.027829 4.066333 4.203058 5.161908 5.267386 
task8
0.030915 0.131765 1.016806 1.062703 2.020567 2.099312 3.027786 3.027960 4.066333 4.203349 5.161908 5.263954 
task18
0.030915 0.133923 1.016106 1.043954 2.020073 2.050983 3.024800 3.032868 4.052558 4.061658 5.160081 5.200745 
task20
0.031099 0.141877 1.018126 1.243635 2.020262 2.099294 3.032320 3.171808 4.066028 4.203055 5.161603 5.264292 
task12
0.031099 0.141480 1.019193 1.157178 2.020567 2.099298 3.027436 3.027909 4.066333 4.203338 5.161908 5.263949 
task1
0.031173 0.141485 1.022536 1.224283 2.020262 2.099295 3.026522 3.026968 4.066028 4.203335 5.161603 5.266705 
task14
0.031173 0.141485 1.022674 1.224369 2.020567 2.099297 3.025510 3.025932 4.066333 4.203337 5.161908 5.267382 
task11
0.031173 0.141678 1.018126 1.112040 2.020567 2.099300 3.027481 3.027969 4.066333 4.203340 5.161908 5.266706 
task21
0.134176 0.145886 1.045514 1.082592 2.052248 2.090151 3.033392 3.117772 4.070503 4.156509 5.201634 5.242337 
task22
0.146360 0.150709 1.081038 1.087809 2.076490 2.086431 3.104969 3.121560 4.158466 4.303089 5.238945 5.248791 
task23
0.150452 0.213545 1.089594 1.203071 2.088151 2.114478 3.121837 3.262489 4.304687 4.533572 5.250641 5.335678 
task24
0.214002 0.214234 0.214490 0.214785 1.203376 1.203665 1.203667 1.203969 1.205484 1.205665 1.205682 1.205969 2.116022 2.116148 2.118131 2.118348 2.120239 2.120475 2.122347 2.122475 2.124455 2.124675 2.126564 2.126875 2.128709 2.128875 2.130348 2.130555 2.130817 2.131075 2.132456 2.132555 2.132925 2.133075 3.178673 3.178994 3.179777 3.179902 3.180027 3.180389 3.180421 3.180994 3.181885 3.182102 3.182136 3.182875 3.182890 3.183194 3.183994 3.184102 3.184244 3.184294 3.184355 3.184571 4.519715 4.519891 4.519953 4.520117 4.520195 4.520743 4.520825 4.520954 4.521191 4.521365 4.521509 4.521694 4.521823 4.522592 4.522709 4.523154 4.523299 4.523365 4.523617 4.523694 4.523778 4.524091 4.524169 4.524317 4.524411 4.524792 5.336230 5.336375 5.337280 5.337517 5.338338 5.338575 5.339389 5.339517 5.340446 5.340575 5.341497 5.341717 5.342555 5.342775 5.343605 5.343717 5.344663 5.344775 5.345713 5.345917 5.346771 5.346975 5.347908 5.348117 5.348909 5.349175 5.350017 5.350317 5.351017 5.351175 5.352125 5.352317 5.353125 5.353175 5.354233 5.354317 
task86
0.220586 0.245538 1.261420 1.285432 2.270219 2.295628 3.270279 3.295506 4.610233 4.635629 5.420163 5.445417 
task84
0.220780 0.253372 1.261614 1.293108 2.270413 2.303451 3.270500 3.299414 4.610427 4.639537 5.420357 5.453175 
task83
0.220835 0.256680 1.261670 1.296415 2.270468 2.306758 3.270528 3.306029 4.610483 4.646152 5.420412 5.456483 
task90
0.222320 0.279618 1.261989 1.319342 2.271969 2.333432 3.270645 3.332282 4.610937 4.672478 5.421394 5.483031 
task26
0.222353 0.256286 1.263998 1.303225 2.272445 2.307097 3.271705 3.322400 4.611548 4.646474 5.422136 5.457002 
task30
0.226320 0.255992 1.265676 1.302514 2.275306 2.306872 3.274182 3.321929 4.615253 4.646294 5.425007 5.456720 
task28
0.226321 0.270175 1.265677 1.313266 2.275306 2.317008 3.274184 3.318982 4.615254 4.655911 5.425008 5.466545 
task27
0.242323 0.266860 1.282079 1.310462 2.288488 2.320848 3.290244 3.316763 4.628695 4.657374 5.439010 5.465018 
task31
0.250845 0.263828 1.285691 1.311735 2.288488 2.315057 3.295252 3.317342 4.635550 4.658328 5.441180 5.467455 
task25
0.254323 0.264788 1.285689 1.309068 2.294478 2.317952 3.299264 3.318840 4.639257 4.656558 5.448425 5.467723 
task33
0.254803 0.267317 1.286424 1.310765 2.295745 2.314586 3.300184 3.315462 4.640030 4.656249 5.449142 5.466557 
task54
0.257484 0.267308 1.286649 1.311649 2.298122 2.314609 3.305553 3.315420 4.645741 4.655022 5.452368 5.466605 
task87
0.259486 0.284755 1.286650 1.327322 2.299294 2.384752 3.307965 3.321982 4.647547 4.760357 5.453514 5.536280 
task85
0.261275 0.288349 1.294498 1.323689 2.303137 2.338386 3.309651 3.339722 4.647997 4.678302 5.453918 5.479698 
task32
0.261280 0.268840 1.302507 1.317342 2.307392 2.320129 3.325272 3.330722 4.650627 4.660245 5.457463 5.469691 
task45
0.263025 0.321760 1.308354 1.373705 2.313092 2.368612 3.328387 3.344431 4.654451 4.709652 5.462436 5.499840 
task29
0.269357 0.289869 1.313999 1.333292 2.320309 2.331306 3.331694 3.341780 4.660036 4.672608 5.470830 5.487202 
task34
0.276353 0.288020 1.316472 1.327246 2.325122 2.334202 3.318652 3.324762 4.668294 4.673098 5.479504 5.485077 
task55
0.285148 0.293548 1.316779 1.329375 2.329921 2.338255 3.315607 3.326817 4.665686 4.673960 5.476478 5.487438 
task35
0.288270 0.475151 1.331659 1.452617 2.334459 2.501880 3.334659 3.466606 4.673975 4.870128 5.483879 5.601395 
task88
0.288557 0.564014 1.326798 1.477951 2.391269 2.787072 3.324976 3.595965 4.760651 5.214840 5.558685 5.866755 
task36
0.290351 0.296775 1.329014 1.333651 2.332266 2.338463 3.343844 3.359614 4.672869 4.676354 5.489627 5.497171 
task56
0.294366 0.455417 1.332601 1.490432 2.388337 2.692158 3.322552 3.427597 4.677782 4.886663 5.494471 5.695606 
task47
0.296381 0.467617 1.334115 1.539389 2.338398 2.538715 3.358703 3.577609 4.678067 4.889817 5.501930 5.720751 
task37
0.337755 0.520163 1.375544 1.558682 2.376774 2.542960 3.392060 3.577288 4.730706 4.896917 5.543033 5.681225 
task39
0.344644 0.519286 1.382014 1.570380 2.382564 2.533297 3.399110 3.560472 4.738398 4.890303 5.550027 5.701248 
task89
0.351954 0.576128 1.478814 1.624480 2.812218 2.839615 3.624030 3.869329 4.973408 5.216795 5.867424 5.867738 5.867742 5.867747 5.867752 5.867756 5.867761 5.867766 5.867770 5.867775 5.867779 5.867784 5.867789 5.867793 5.867798 5.867802 5.867807 5.867812 5.867816 5.867821 5.867826 5.867830 5.867835 5.867839 5.867844 5.867849 5.867853 5.867858 5.867863 5.867867 5.867872 5.867876 5.867881 5.867886 5.869481 5.976935 
task57
0.456719 0.501489 1.491110 1.547995 2.620871 2.789103 3.405209 3.559055 4.754207 4.862694 5.760815 5.951337 
task48
0.469162 0.522292 1.539820 1.570489 2.537456 2.546145 3.617201 3.796871 4.890273 4.898229 5.667907 5.692237 
task38
0.479923 0.520102 1.521553 1.560334 2.543626 2.558162 3.533051 3.571480 4.898408 4.905775 5.688778 5.714685 
task40
0.504007 0.562977 1.552808 1.599738 2.538715 2.582515 3.561309 3.606020 4.890628 4.907962 5.680738 5.693694 
task49
0.524167 0.551523 1.568020 1.584125 2.546578 2.569877 3.788215 3.812457 4.898854 4.920052 5.696525 5.723149 
task43
0.529338 0.662629 1.575863 1.686706 2.556096 2.689400 3.569984 3.588923 4.908642 5.048071 5.702138 5.839185 
task46
0.533309 0.661092 1.575961 1.787248 2.559978 2.767683 3.573762 3.790186 4.914831 5.127575 5.710106 5.874205 
task41
0.572471 0.733122 1.608137 1.854745 2.603268 2.846022 3.607503 3.791977 4.952898 5.162508 5.748318 5.997609 
task42
0.580576 0.826745 1.616332 1.859237 2.607049 2.834015 3.614826 3.820632 4.960628 5.199134 5.756493 5.758239 5.910668 5.758241 5.911992 5.758242 5.914180 5.758243 5.912046 5.758244 5.914311 5.758245 5.915635 5.758246 5.917823 5.758247 5.915689 5.758249 5.917954 5.758250 5.919278 5.758251 5.921466 5.758252 5.919332 5.758253 5.921597 5.758254 5.922922 5.758256 5.925109 5.758257 5.922975 5.758258 5.925240 5.758259 5.926565 5.758260 5.928752 5.758261 5.926618 5.758262 5.928883 5.758264 5.930208 5.758265 5.932395 5.758266 5.930262 5.758267 5.932526 5.758268 5.933851 5.758269 5.936038 5.758271 5.933905 5.758272 5.936169 5.758273 5.937494 5.758274 5.939682 5.758275 5.937548 5.758276 5.939812 5.758277 5.941137 5.758279 5.943325 5.758280 5.941191 5.758281 5.943455 5.758282 5.944780 5.758283 5.946968 5.758284 5.944834 5.758286 5.947098 5.758287 5.948423 5.758288 5.950611 5.758289 5.948477 5.758290 5.950742 5.758291 5.952066 5.758292 5.954254 5.758294 5.952120 5.758295 5.954385 5.758296 5.955709 5.758297 5.957897 5.758298 5.955763 5.758299 5.958028 5.758301 5.959352 5.758302 5.961540 5.758303 5.959406 5.758304 5.961671 5.758305 5.962995 5.758306 5.965183 5.758308 5.963049 5.758309 5.965314 5.758310 5.966638 5.758311 5.968826 5.758312 5.966692 5.758313 5.968957 5.758314 5.970282 5.758316 5.972469 5.758317 5.970335 5.758318 5.972600 5.758319 5.973925 5.758320 5.976112 5.758321 5.973978 5.758323 5.976243 5.758324 5.977568 5.758325 5.979755 5.758326 5.977622 5.758327 5.979886 5.758328 5.981211 5.758329 5.983398 5.758331 5.981265 5.758332 5.983529 5.758333 5.984854 5.758334 5.987042 5.758335 5.984908 5.758336 5.987172 5.758338 5.988497 5.758339 5.990685 5.758340 5.988551 5.758341 5.990815 5.758342 5.992140 5.758343 5.994328 5.758344 5.992194 5.758346 5.994458 5.758347 5.995783 5.758348 5.997971 5.758349 5.995837 5.758350 5.998102 5.758351 5.999426 5.758353 5.758354 5.759366 5.759368 5.759512 5.999485 5.759515 5.911705 5.759516 5.910825 5.759518 5.915822 5.759519 5.915348 5.759520 5.914468 5.759521 5.916231 5.759522 5.919465 5.759523 5.918991 5.759524 5.918111 5.759526 5.919874 5.759527 5.923108 5.759528 5.922634 5.759529 5.921754 5.759530 5.923517 5.759531 5.926751 5.759533 5.926277 5.759534 5.925397 5.759535 5.927160 5.759536 5.930394 5.759537 5.929920 5.759538 5.929040 5.759539 5.930803 5.759541 5.934037 5.759542 5.933563 5.759543 5.932683 5.759544 5.934446 5.759545 5.937680 5.759546 5.937206 5.759548 5.936326 5.759549 5.938089 5.759550 5.941323 5.759551 5.940849 5.759552 5.939969 5.759553 5.941732 5.759554 5.944966 5.759556 5.944492 5.759557 5.943612 5.759558 5.945375 5.759559 5.948609 5.759560 5.948135 5.759561 5.947255 5.759563 5.949018 5.759564 5.952252 5.759565 5.951778 5.759566 5.950898 5.759567 5.952662 5.759568 5.955895 5.759569 5.955422 5.759571 5.954542 5.759572 5.956305 5.759573 5.959538 5.759574 5.959065 5.759575 5.958185 5.759576 5.959948 5.759578 5.963591 5.759579 5.963182 5.759580 5.962708 5.759581 5.961828 5.759582 5.967234 5.759583 5.966825 5.759585 5.966351 5.759586 5.965471 5.759587 5.970877 5.759588 5.970468 5.759589 5.969994 5.759590 5.969114 5.759591 5.974520 5.759593 5.974111 5.759594 5.973637 5.759595 5.972757 5.759596 5.978163 5.759597 5.977754 5.759598 5.977280 5.759600 5.976400 5.759601 5.981806 5.759602 5.981397 5.759603 5.980923 5.759604 5.980043 5.759605 5.985449 5.759606 5.985040 5.759608 5.984566 5.759609 5.983686 5.759610 5.989092 5.759611 5.988683 5.759612 5.988209 5.759613 5.987329 5.759615 5.992735 5.759616 5.992326 5.759617 5.991852 5.759618 5.990972 5.759619 5.996378 5.759620 5.995969 5.759621 5.995495 5.759623 5.994615 5.759624 5.759625 5.759630 5.759631 5.760355 5.760764 5.955048 
task50
0.587334 0.742812 1.618981 1.808946 2.612115 2.790108 3.813241 3.856423 4.966506 5.130534 5.761939 5.962000 
task91
0.591102 0.804034 1.626154 1.911382 2.839552 2.866449 3.790846 3.847903 5.193763 5.254938 5.977496 5.998772 
task93
0.593593 0.779048 1.628099 1.805820 2.839626 2.870903 3.792186 3.862252 5.195612 5.231971 5.977561 5.977612 5.977617 5.977621 5.977695 5.977744 5.997377 5.977746 5.977749 5.977753 5.998862 5.977755 5.977758 5.977763 5.999403 5.977767 5.999472 5.977772 5.977777 5.977777 5.978081 5.978131 5.978136 5.978141 5.978141 5.978145 5.996306 5.978150 5.997791 5.978154 5.994835 5.978155 5.999275 5.978158 5.994765 5.978159 5.999786 5.978163 5.996320 5.978164 5.999723 5.978167 5.996249 5.978168 5.999814 5.978172 5.997805 5.978173 5.978177 5.978180 5.994811 5.978181 5.999289 5.978182 5.978184 5.978189 5.997780 5.978191 5.999868 5.978192 5.978193 5.978198 5.999894 5.978200 5.978201 5.978203 5.999937 5.978204 5.978207 5.978212 5.978214 5.978217 5.978218 5.978221 5.978226 5.978230 5.978235 5.978240 5.978289 5.978330 5.999951 5.978335 5.978340 5.978344 5.978348 5.978352 5.996457 5.978357 5.997942 5.978362 5.999426 5.978366 5.999945 5.978371 5.978375 5.978380 5.978385 5.978389 5.978394 5.978398 5.978403 5.978408 5.978620 5.978643 5.978647 5.978652 5.978657 5.978661 5.978666 5.978671 5.978675 5.978680 
task44
0.645442 0.751946 1.688173 1.792992 2.621069 2.790895 3.624021 3.791791 4.989960 5.128997 5.816976 5.925243 
task51
0.743931 0.758115 1.810182 1.819538 2.790785 2.801240 3.856572 3.863437 5.139770 5.152035 5.962401 5.968168 
task52
0.759238 0.760372 1.819646 1.820132 1.821329 1.822055 2.800413 2.801225 2.801319 2.803128 3.862751 3.864051 5.169127 5.200614 5.967875 5.968085 5.968094 5.968709 5.969066 5.970400 
task53
0.761005 0.761238 0.761537 0.761766 0.761889 0.761948 0.763008 0.763043 0.763523 0.763571 0.763850 0.763952 0.764246 0.764426 1.822010 1.822163 1.823719 1.824174 2.803634 2.803769 2.804215 2.804438 2.804973 2.805134 2.805164 2.805315 3.864609 3.864749 3.864850 3.865051 3.865167 3.865232 3.865546 3.865737 3.865794 3.865898 3.866016 3.866065 3.866232 3.866449 5.198789 5.199474 5.200793 5.200878 5.201298 5.201369 5.201683 5.201755 5.202797 5.202900 5.970277 5.970386 5.970549 5.970614 5.971495 5.971534 5.971629 5.971677 5.972014 5.972060 5.972070 5.972225 
task92
0.804246 0.816135 1.790245 1.869777 2.865119 2.876857 3.848121 3.866202 5.255922 5.361037 5.998542 5.998546 5.998551 5.998555 5.998560 5.998565 5.998568 5.998569 5.998573 5.998574 5.998577 5.998579 5.998582 5.998583 5.998586 5.998588 5.998591 5.998592 5.998596 5.998597 5.998600 5.998602 5.998605 5.998606 5.998610 5.998611 5.998614 5.998616 5.998619 5.998620 5.998623 5.998625 5.998628 5.998629 5.998633 5.998634 5.998637 5.998639 5.998642 5.998643 5.998647 5.998648 5.998651 5.998652 5.998656 5.998657 5.998660 5.998662 5.998665 5.998666 5.998670 5.998671 5.998674 5.998679 5.998683 5.998688 5.998693 5.998697 5.998889 5.998893 5.998898 5.998902 5.998903 5.998907 5.998907 5.998911 5.998912 5.998916 5.998916 5.998921 5.998921 5.998925 5.998926 5.998930 5.998930 5.998934 5.998935 5.998939 5.998939 5.998944 5.998944 5.998948 5.998949 5.998953 5.998953 5.998958 5.998958 5.998962 5.998963 5.998967 5.998967 5.998971 5.998972 5.998976 5.998976 5.998981 5.998981 5.998985 5.998986 5.998990 5.998990 5.998995 5.998995 5.998999 5.999000 5.999004 5.999004 5.999008 5.999009 5.999013 5.999013 5.999018 5.999018 5.999022 5.999027 5.999770 5.999774 5.999779 5.999784 5.999788 5.999793 5.999798 5.999802 5.999807 5.999811 5.999816 5.999821 5.999825 5.999830 5.999834 5.999839 5.999844 5.999848 5.999853 5.999858 5.999862 5.999867 5.999871 5.999876 5.999881 5.999885 5.999890 5.999895 5.999899 
task62
4.010213 4.022108 
task72
4.010214 4.032965 
task58
4.010215 4.034762 
task59
4.010218 4.036754 
task74
4.010220 4.040822 
task64
4.010221 4.041729 
task73
4.010283 4.042560 
task61
4.010551 4.052666 
task69
4.012307 4.036145 
task60
4.034627 4.058248 
task71
4.038312 4.098371 
task63
4.038378 4.100734 
task75
4.045300 4.050794 4.051334 4.051460 4.052555 4.052682 4.053348 4.053449 4.053793 4.053866 
task65
4.056831 4.082669 
task76
4.063698 4.107449 
task67
4.070009 4.210098 
task66
4.085591 4.527682 
task77
4.102367 4.277251 
task80
4.110372 4.325143 
task82
4.185746 4.593611 
task70
4.188282 4.344182 
task68
4.192386 4.333320 
task78
4.279245 4.502974 
task81
4.333873 4.496895 
task79
4.442789 4.512491 
