5
0.000000 0.012000 1.000000 1.002014 2.000000 2.001582 3.000000 3.010720 4.000000 4.035969 5.000000 5.125414 
0
0.000000 0.141678 1.000000 1.243308 2.000000 2.099312 3.000000 3.027969 4.000000 4.203349 5.000000 5.267386 
4
0.000000 0.214858 1.000000 1.252522 2.000000 2.261863 3.000000 3.262489 4.000000 4.600446 5.000000 5.417160 
2
0.000000 0.828397 1.000000 1.860248 2.000000 2.854518 3.000000 3.866449 4.000000 5.202951 
1
0.000000 0.871008 1.000000 1.911382 2.000000 2.876878 3.000000 3.869449 4.000000 5.379078 
3
4.000000 4.593611 
